t,iq,iq_ref,id,vq,vd,ia,ib,va,vb,theta_e,omega,r,"T_ass:0.79,S_pct:5.39,kp:0.0729,ki:0.2965"
0,-0.0381195546432918,0,-0.0131481444157241,-0.54014904985726,0.521816126041569,0,0,0,0,0,0,0,0
0.01,-0.0050802039272965,1.66473273566226e-05,0.00732120537273455,-0.185225403964323,0.665347993856418,-0.000126461164671062,-0.000770114914775521,0.00663071358307507,0.0377296085412443,-2.79056154404111,-0.0020757356528017,0,0
0.02,-0.0920931562983996,1.6290938219754e-05,-0.0875353777499786,0.0240219040181576,-0.187213362171513,-0.000140699556346704,-0.000857043994237822,0.00733890899142369,0.0420934039284815,-2.79057688586681,-0.00215941653657583,0,0
0.03,0.0896707957975256,1.66886693477863e-05,-0.00383635237940981,0.23196934628785,0.0196039784349768,-0.000146611196875553,-0.000890930681650762,0.00764227530252162,0.0437692957977185,-2.79059210032906,-0.0020924203506971,0,0
0.04,0.0350784062431534,1.55318120960146e-05,0.0334466695643707,-0.0637621370091054,0.274115571851217,-0.000143928499329527,-0.000870145815299125,0.00748771302566862,0.0427842190445987,-2.79060579366244,-0.00188506327465749,0,0
0.05,-0.0815030850428068,1.55846973939333e-05,-0.0622340387861814,-0.341803449301869,-0.430295163715854,-0.000147540463336533,-0.000889485344480925,0.00766977801889666,0.0437488334005151,-2.79061886100619,-0.00179945605712077,0,0
0.06,0.0193510738937049,1.5103545592865e-05,-0.0827842751984747,-0.801335298656594,0.0577094157760096,-0.000148050714195428,-0.000889516244032684,0.00768704822436365,0.0437729505065532,-2.79063104303965,-0.00166809049233381,0,0
0.07,0.120520282675986,1.53241471707588e-05,-0.0510832952235826,-0.429553726482959,-0.745363371554903,-0.000152311255938686,-0.00091187420213612,0.0079045103244277,0.044880621236852,-2.79064213592243,-0.00161215730761843,0,0
0.08,-0.111964888471267,1.42345943459077e-05,0.0304111119926275,0.319233128043119,-0.8793458818016,-0.00014889156431723,-0.000888956141748861,0.00771419690856453,0.043785686138656,-2.79065266379102,-0.00143314323116683,0,0
0.09,0.0781685322003238,1.37981787702302e-05,0.0411001030882706,-0.307513382016145,0.0703890742306458,-0.000149036270443997,-0.000887017621002668,0.00771390788490067,0.0437092036049387,-2.79066223412024,-0.00132425629331556,0,0
0.1,-0.000309487219217042,1.3425384167931e-05,0.0398711066166167,-0.0237396922381823,-0.16250803212859,-0.000149305593895204,-0.000886219023584401,0.00772096317968984,0.0436867293667672,-2.7906710535283,-0.001226765610109,0,0
0.11,0.063994052517178,1.30831313072122e-05,-0.219862076303562,-0.0935550387695533,0.0922116846717528,-0.000149559331639883,-0.000885533460512823,0.00772777539016661,0.0436684725101102,-2.79067918726743,-0.00113700345693624,0,0
0.12,-0.0522718635597347,1.27675812109374e-05,-0.0104175986187764,-0.283493645035506,-0.437244188538595,-0.000149793616739942,-0.000884903578733656,0.00773408333204744,0.0436517454516064,-2.79068668897613,-0.00105422403220081,0,0
0.13,0.0449641509190227,1.37033566716127e-05,-0.0922155730919604,0.0481161667768712,-1.05171893595271,-0.000156960454886335,-0.000926541706896127,0.00810970199937852,0.0456899613488736,-2.79069403126764,-0.00109399723467038,0,0
0.14,-0.134579531384858,1.21326584121562e-05,0.000328559996522819,-0.345148320020565,0.387918955759379,-0.000164279043705942,-0.000965968410531845,0.00844978509161478,0.0477352817808828,-2.79070080686664,-0.00113296509177628,0,0
0.15,-0.0484396407630949,1.20329605124425e-05,0.146308704909987,0.0721800129449586,0.0970073805116718,-0.00015101047027538,-0.000887424338825961,0.00778246305142745,0.0438121360753759,-2.79070714928956,-0.000840696852317957,0,0
0.16,-0.0723248084610541,1.16883384180255e-05,-0.0407019438926355,-0.414260730660475,-0.247702246082579,-0.000150622388581421,-0.000882955314820594,0.00775705617924023,0.0436047805495252,-2.79071250546411,-0.000769986330607318,0,0
0.17,-0.0341045375067985,1.14755121103371e-05,0.076306532303382,0.0973661353451603,-0.944225107209245,-0.000150753926360892,-0.000882335637923021,0.00775999314989578,0.0435837254159716,-2.7907174196861,-0.000715153377833616,0,0
0.18,0.0325704941611533,1.12847319542198e-05,-0.00454452120898773,0.228947589553002,-0.271610186114544,-0.000150894594569357,-0.0008819446176615,0.00776376531498716,0.0435730648959467,-2.79072195071607,-0.000665123250422689,0,0
0.19,-0.0210814973215612,1.11090876089293e-05,0.0257153718788279,0.130817459550414,-0.0424085928766473,-0.00015102496164916,-0.000881593507001765,0.00776727871637217,0.0435636855522135,-2.79072612960404,-0.00061900889136627,0,0
0.2,-0.0779148304502322,1.09471338873846e-05,-0.0251345054884941,0.061954496700745,-0.920100074865074,-0.000151145293846581,-0.000881269953074335,0.00777053921541789,0.0435550441619745,-2.79072998377885,-0.000576479204018817,0,0
0.21,0.0247068776196155,1.07977903098799e-05,0.0594041410846165,0.128086616720087,-0.0346088694493163,-0.00015125625248844,-0.000880971622833554,0.00777354372897835,0.0435470685289562,-2.79073353847498,-0.000537254250025442,0,0
0.22,0.0794571763451358,1.06600782601163e-05,-0.0193606547832904,-0.460444851724798,0.0448926362212009,-0.000151358583387395,-0.000880696484823431,0.00777631343337464,0.0435397034321257,-2.7907368169628,-0.000501077170804986,0,0
0.23,-0.0794789565175766,1.05330946098547e-05,0.0650713729090266,0.0225627602160895,-0.194196755390981,-0.000151453012483021,-0.000880442584944647,0.0077788880854794,0.0435329006516698,-2.79073984070432,-0.000467711135603373,0,0
0.24,0.0501630836334318,1.04160044429591e-05,0.0100415047818315,-0.156660681673697,-0.472124831517247,-0.000151540006061501,-0.000880208677259082,0.00778123944930353,0.0435266236004058,-2.79074262949393,-0.000436937719568987,0,0
0.25,-0.0153093623906737,1.03080374174169e-05,-0.180914589050188,0.0808738688281143,-0.636176276645903,-0.000151620321412038,-0.00087999271847992,0.00778342841759938,0.0435208196713283,-2.79074520158797,-0.000408555470148723,0,0
0.26,-0.0380306581100192,1.0477583600732e-05,-0.0309942044162646,-0.340831376092835,0.0534837087070988,-0.000153175478724224,-0.000888866297693549,0.00786437887602881,0.043956524669721,-2.79074751919259,-0.000408911890046668,0,0
0.27,-0.00768998915506145,9.549977221468e-06,-0.086158046217549,0.178798288032205,0.56831003638534,-0.000148441985941055,-0.000860457926146366,0.00761099653951676,0.0425793789583664,-2.79074989967784,-0.00030219726017121,0,0
0.28,0.0886212714320879,1.17132012746879e-05,-0.212895981775888,-0.0650238233890252,-0.394628390452438,-0.000148021048141623,-0.000858141501896532,0.00762709673191079,0.0423618926273374,-2.79075192693751,-0.00027383837399162,0,0
0.29,0.0040859044384776,9.92146851785947e-06,0.0885996318735058,-0.105352210303159,-0.612780754870361,-0.000151725682579651,-0.000878187724833823,0.0077821362839985,0.0434483994172834,-2.79075364228707,-0.000312255566924504,0,0
0.3,0.0309951166302217,9.71184181253193e-06,-0.0720244907207649,0.0535472615386583,-0.580918418897032,-0.000150982444551182,-0.000872589165549867,0.00774125244779512,0.0431781966999831,-2.79075470286852,-0.000284658746995375,0,0
0.31,0.0115654388142345,9.83095833362313e-06,-0.0577484433655724,-0.186075633435054,-0.584995718212514,-0.000151929562016661,-0.000878721052121382,0.00779085748482295,0.0434791607195622,-2.79075629453777,-0.00028515330443634,0,0
0.32,-0.010283699991697,9.77750005404232e-06,-0.0365997818440139,0.0151460557503053,0.0694661491913213,-0.00015201229115566,-0.000878917464746108,0.00779411692251432,0.0434914131185795,-2.79075780261648,-0.000269455062289081,0,0
0.33,-0.0419917097207515,9.71969075180823e-06,-0.0277513519191653,-0.488666255526126,0.838755304879666,-0.000152057091633567,-0.000878817208824423,0.00779539715341075,0.0434890336954573,-2.79075919560694,-0.00025413308179721,0,0
0.34,-0.0176516765920635,9.66595416684868e-06,0.10585532279756,0.203938071254242,-0.302923888594468,-0.000152097240356077,-0.000878710218476363,0.00779651199652776,0.0434861246751549,-2.79076048046804,-0.000239957608906511,0,0
0.35,0.0976191193778073,9.61639852903318e-06,-0.0568163741142457,-0.631720196221042,0.686262772390185,-0.00015213420897398,-0.000878610851195677,0.00779753844624624,0.0434833994225774,-2.79076166549803,-0.00022688130364746,0,0
0.36,-0.101392519323646,9.57071642915253e-06,0.0767653312778468,0.0353972858159908,-0.52286483235192,-0.000152168348004508,-0.000878519045669176,0.00779848957528097,0.0434808696555606,-2.79076275844861,-0.000214820937972753,0,0
0.37,-0.0125393679970711,9.52861046243925e-06,0.0543992018367515,-0.0530062600345933,-0.230797780841862,-0.000152199795529098,-0.00087843447713976,0.00779936520672444,0.043478532423811,-2.79076376647429,-0.000203697684813544,0,0
0.38,-0.0359895529982868,9.4898032330093e-06,-0.137654210620258,-0.186769633960549,-0.261875488976372,-0.000152228796196297,-0.000878356488222518,0.00780017558681321,0.0434763689415991,-2.79076469617399,-0.000193438734269198,0,0
0.39,-0.0207145792637644,9.45403735386208e-06,0.0588809495689327,0.3303561148906,-0.110385843795623,-0.000152255533700306,-0.000878284585409747,0.00780092418307967,0.0434743661831566,-2.79076555363369,-0.000183976928304755,0,0
0.4,-0.0217003560540019,9.42107635637512e-06,0.0653808968407086,0.270305177133036,-0.322671556092277,-0.000152280264404046,-0.000878218075873387,0.00780163711225231,0.0434725069989529,-2.79076634446669,-0.000175250326928191,0,0
0.41,-0.0632831963383337,9.39070469030412e-06,0.124923542846433,0.120075555699899,-0.243924508560708,-0.000152302985444116,-0.000878156974511253,0.00780227463507086,0.0434707891517368,-2.79076707385003,-0.000167201803015239,0,0
0.42,-0.0882904951601909,9.36271953833057e-06,0.0275424113566896,0.174073037284557,-0.182404970049659,-0.000152323952675878,-0.00087810058871186,0.00780286614602908,0.0434691949149121,-2.79076774655852,-0.000159778668351892,0,0
0.43,-0.052600951931436,9.3369353635353e-06,-0.0561541577214833,-0.229210350768008,0.22496917914952,-0.000152343341717301,-0.000878048444600394,0.00780343321417571,0.0434677151806589,-2.79076836699591,-0.000152932328723349,0,0
0.44,-0.0155610499242853,9.3131820904091e-06,-0.135743416939009,-0.511417087973824,-0.0522955325952078,-0.00015236118904427,-0.000878000448035547,0.00780394021102812,0.0434663406161665,-2.79076893922373,-0.00014661796579696,0,0
0.45,0.178952444455773,9.29129964788444e-06,-0.0912041461928447,0.0453022099742489,-0.0831651535267737,-0.000152377682852038,-0.000877956089868128,0.00780442841881642,0.0434650659740297,-2.79076946698807,-0.000140794243731477,0,0
0.46,-0.108642170243675,9.27114342630375e-06,-0.118614809317904,-0.176655768804443,0.442731080347732,-0.000152392912234273,-0.00087791513134268,0.00780488256103759,0.0434638798165711,-2.79076995374381,-0.000135423038578041,0,0
0.47,-0.0629263534930711,9.25258063944057e-06,-0.0437819498268569,-0.238189892380867,-0.357252404382448,-0.000152406866105047,-0.00087787760708128,0.00780528118851093,0.0434627833178665,-2.79077040267738,-0.000130469188707016,0,0
0.48,0.00828378781731827,9.23548759601545e-06,-0.13984185382682,-0.329035498570787,-0.0853056860343694,-0.000152419832197228,-0.000877842734834651,0.00780567390418034,0.0434617568571909,-2.79077081672769,-0.000125900264631126,0,0
0.49,0.0212366291575612,9.21974879020127e-06,-0.109531124445403,0.0748910497091746,0.298026850722067,-0.000152431779136829,-0.000877810604008697,0.00780603853463387,0.043460803530954,-2.79077119860525,-0.000121686356709878,0,0
0.5,-0.0326431110537205,9.20525872061262e-06,0.0113845080384722,-0.347569895710331,0.507797517706524,-0.000152442715433489,-0.000877781194741413,0.0078063564402208,0.0434599210017613,-2.79077155080995,-0.000117799879353283,0,0
0.51,0.255845402365189,0.181472226977348,0.0900463509824139,1.32173761775519,-1.49344385516751,0.0372752901581646,0.162615370647205,-1.91242745261847,0.942743332594587,0.00510798881667203,1.60398399614364,24.3966247128988,0
0.52,0.237642793073508,0.175470858812332,0.194699687080007,-0.96335816231817,2.5033575293874,-0.0465861431503731,0.19289083971698,2.13011888017252,-0.873127444065613,0.0229992749879982,3.25602126536698,24.3966247128988,0
0.53,0.175916160502397,0.169177323579788,-0.0652812012269938,-0.849949827995905,-2.69293791392657,0.0323169268539476,0.182296752963982,-2.06604674718836,-0.667797643702559,0.0529461932336868,4.92057493772221,24.3966247128988,0
0.54,0.23063852539406,0.162659764289856,-0.00192422796130065,-2.85657850622868,-1.3378755063423,-0.00602216857283322,0.217664851940631,-0.471430308453475,-2.78685759440106,0.0950231488248505,6.54269578789037,24.3966247128988,0
0.55,0.179892367392553,0.156073004007339,-0.0169680839476977,-0.484020088148712,1.50877730726107,-0.0631272233674464,0.159507878158058,2.00261904337916,-0.257313758528697,0.148692920718713,8.09313181839392,24.3966247128988,0
0.56,0.130856076394018,0.149716317653656,0.046098404662226,-0.953826658208245,1.31586202522153,-0.0643819257469009,0.169380741155081,1.63508151834934,-1.1525022565432,0.213437792948396,9.56445571495035,24.3966247128988,0
0.57,0.213388955961636,0.143429145216942,0.0289489927474017,-1.247133034697,-1.35020521965462,-0.0360020089971248,0.168412858501523,-0.242551234926345,-1.54598097632512,0.288727426332453,10.9861562114972,24.3966247128988,0
0.58,0.252368637052562,0.136796891689301,0.0345032701282898,-1.22913877973058,0.533932410730284,-0.0748981846607992,0.137687713740178,1.24518542958574,-0.517398266027578,0.374316439967968,12.3597913725835,24.3966247128988,0
0.59,0.181833470116795,0.130467817187309,-0.030235645715623,-0.217596303838499,0.00762543558715184,-0.0643263576128582,0.11742583744431,0.264306452561131,-0.0537036081094314,0.469656864245122,13.654384209828,24.3966247128988,0
0.6,0.12440207536424,0.124273583292961,-0.0200199395821989,1.32116259523803,-2.449417122804,-0.0178237858158499,0.108268510413803,-2.48589623725388,-0.197130411496993,0.574188513931838,14.8835544918957,24.3966247128988,0
0.61,0.251612143505608,0.117866143584251,-0.0214082981805181,-1.50241156219986,-0.227928456546572,-0.0915892657302626,0.121830090877615,0.83831877306898,-1.53739666218182,0.687729943137124,16.0713713386493,24.3966247128988,0
0.62,0.00498879224856549,0.111265301704407,-0.041180259187459,-0.617957566615961,3.05648997514754,-0.128871239960336,0.0309659750605675,2.41722479693114,2.29138453344939,0.809945091395047,17.2714837465172,24.3966247128988,0
0.63,0.123528767979801,0.105038121342659,-0.0685849347968555,-2.05223540156642,-0.345559514192163,-0.119451986543061,0.0769268219014067,1.73014235930774,-0.749702137573919,0.940498699854059,18.3485673748961,24.3966247128988,0
0.64,0.0533007656397213,0.0987758785486221,0.101213970992192,2.66860040962952,0.284628747551313,-0.0432278727005989,0.0039240764537092,-2.19131200646275,2.13854610882665,1.07882258017619,19.3957301635674,24.3966247128988,0
0.65,0.0742353186616205,0.0925813615322113,0.0410518182181974,-0.00426240190214697,0.904767319293436,-0.0943704810428731,0.0190288070111497,0.364078192365815,0.621096094697287,1.22460056713568,20.3846957261046,24.3966247128988,0
0.66,-0.0082649877420737,0.0867194160819054,0.224300909680383,-0.38484902175972,-3.10949992609903,-0.0819833123222097,0.0796841160838742,-0.157396370128252,-3.15442954096652,1.37742500661844,21.2992463038877,24.3966247128988,0
0.67,0.127017021339014,0.0804134756326675,-0.0313886226210753,0.735934243987824,-1.11660586090931,-0.0705531071540383,0.0170553937859893,-0.491476114015121,-0.717964048646782,1.53700487686179,22.2317828218899,24.3966247128988,0
0.68,0.0435640548261155,0.0745545625686646,-0.00314674610598303,0.506767730263559,-0.66122128190043,-0.0665107571597863,-0.000447040203224922,-0.37026481567756,-0.470078532080697,1.70306234499587,23.0552246618653,24.3966247128988,0
0.69,0.063389911378561,0.0691044628620148,-0.0824466788893295,-1.93038593547413,2.64531453291735,-0.072202400677751,-0.0833141879040386,0.311731653401389,3.13409119287003,1.87491645149668,23.8191003381407,24.3966247128988,0
0.7,0.134437537747547,0.0642011985182762,-0.21498693303306,-1.27191994312008,2.03047927025417,-0.0686518536486855,-0.0741148405072534,0.585208219366843,2.22188330442604,2.05183753506823,24.4610915841319,24.3966247128988,0
0.71,0.0684973943387346,0.0596913993358612,-0.097047628785255,-1.21037370469802,2.61355671853228,-0.0465497233645111,-0.0802320899168686,-0.0275976782061347,2.17690240532525,2.23334344429128,25.0353829791242,24.3966247128988,0
0.72,0.139630821372862,0.0550643913447857,-0.197073010578953,-0.394091860188659,-1.72133312838367,-0.0711257049345901,-0.026812995804565,1.73651424303275,-0.726521114708185,2.41903390021109,25.5974035783291,24.3966247128988,0
0.73,-0.00483543071327445,0.0511211231350899,0.104819033948371,3.79070108907518,0.568141507738182,0.02429281674589,0.0108264415200906,-2.51545988259287,-2.74264680758176,2.60835724581884,26.0551380383646,24.3966247128988,0
0.74,0.0903402626887986,0.0472854003310204,-0.0988043947097338,0.165318043394665,1.60119063501504,0.00916910963033531,-0.0504817915690741,-1.25089731140452,0.295575752441062,2.80085681793772,26.4836013463607,24.3966247128988,0
0.75,0.00571279570259666,0.043602392077446,-0.0693708962709323,0.416075000508409,0.848447732963339,0.00957747171146225,-0.0407939167928019,-0.796053305184723,-0.118245672148554,2.99644282100123,26.8685792482022,24.3966247128988,0
0.76,0.0998918811000588,0.0402142256498337,-0.118112374210576,-0.204270771539157,0.882884989572096,0.0161522050625583,-0.0415978221635201,-0.702601343202241,0.0708382513703052,-3.08846615599315,27.211193655214,24.3966247128988,0
0.77,0.0448703321308637,0.0362347438931465,-0.220693122549955,0.259612423332959,1.07798006014891,0.0294491181506873,-0.0277874548058118,-1.01931237252383,-0.365910467376929,-2.88760524050917,27.5959997489674,24.3966247128988,0
0.78,0.0164556756386391,0.0326623879373074,0.0111933406728615,-0.439604138241195,2.24225670603807,0.0606627786002119,-0.0193448861182513,-2.3147839868051,-0.500650449952834,-2.68402071958432,27.9346428512688,24.3966247128988,0
0.79,0.0426932961926108,0.0288636889308691,-0.0874065095614167,0.314939135238771,0.545915353979183,0.0202416118506641,-0.00462003946142499,-0.12389124085691,-0.907884316214053,-2.47789302713298,28.2986554525016,24.3966247128988,0
0.8,0.0302509889486776,0.0254232659935951,-0.112403061548243,-0.0218968301487353,0.884089343588451,0.0259821815905968,-0.00865277478289634,-0.325317356832171,-0.386171055580736,-2.26945341692519,28.5671109625469,24.3966247128988,0
0.81,-0.122330630357079,0.0219937711954117,-0.0655960658144898,0.858703548066394,3.44201894039103,0.0346271546670541,0.0586386103457751,-0.760950999848178,-3.45166218651165,-2.05903788374861,28.8293134233834,24.3966247128988,0
0.82,-0.0100926966749019,0.0192405767738819,-0.149935818140164,2.46232393946606,-0.915201287844818,-0.0313953734372083,-0.00449476653764799,2.4967644693044,-0.036869793230026,-1.8470219371911,28.9996614526893,24.3966247128988,0
0.83,0.14881682004313,0.0163869485259056,0.130284270833154,-1.94525177662355,-1.44681996916026,0.0534480656282148,-0.0396183572519606,-1.85336974083835,1.93155695944469,-1.63379272571176,29.1903551707859,24.3966247128988,0
0.84,-0.090282360016801,0.0136186368763447,0.0136492237931603,1.84967413203506,0.0319861600961321,-0.0232098286061761,0.000939915368472015,1.83479388302825,0.055865530665061,-1.41916372204147,29.3388769034435,24.3966247128988,0
0.85,-0.122451990397557,0.0115330219268799,-0.0256371772848998,0.490765302875691,0.983158957215958,-0.00919879073963947,0.0196986829048292,0.999856869315806,-0.778981163014652,-1.20383661415988,29.4233769630836,24.3966247128988,0
0.86,-0.0368808004642864,0.00913923978805542,0.00115573506694765,-0.742842450002831,2.66374859718481,-0.00612356830088673,0.0459935496879493,0.690300455550242,-2.04987758435103,-0.987699122754163,29.5041884113746,24.3966247128988,0
0.87,-0.033697271070978,0.00741537660360336,-0.139064346863137,0.558551353491711,1.38032885191109,-0.0367115253067022,0.0111877923709787,2.09683935985771,-0.294492376638032,-0.771243419222109,29.5349319493018,24.3966247128988,0
0.88,0.0484004602886994,0.00566389784216881,-0.247805747359316,-0.641504650592851,-0.92106051813539,0.021992671051318,0.00383965968040926,-0.94987557156546,0.0499384263681896,-0.554624100111861,29.5537166479722,24.3966247128988,0
0.89,-0.0469912355008252,0.00406142324209213,0.0206438010821386,0.794462549487208,-0.987411805799728,0.0029471255500487,-0.0180000751813947,-0.079030614424469,1.09268898262603,-0.338064286340218,29.5644415455557,24.3966247128988,0
0.9,0.116593280165211,0.00234886631369591,0.0367868952298297,-0.592251008485019,-2.05791396055068,0.0387114578506356,0.0138907539110746,-1.92217380395497,-0.576447517969277,-0.121299679726637,29.5636701327162,24.3966247128988,0
0.91,-0.145267230104318,0.000527568161487579,-0.0288537595877817,0.55562789846083,0.358917050633589,-0.0157568436747259,-0.00457056644632888,0.787357187185722,0.256375161264106,0.0955648116369373,29.5920277688446,24.3966247128988,0
0.92,-0.101930726601054,-0.000409204512834549,-0.0241588683120311,0.981819551256802,0.0616341230591085,-0.00489507080195091,-0.0192204059772985,0.251456177462928,0.943212242613668,0.312137183350334,29.5179030935518,24.3966247128988,0
0.93,0.0280317739409624,-0.00148244202136993,0.0156993279252617,0.884324319535628,1.26215067878326,0.00508725011409331,-0.0241904313165452,-0.217642255811295,1.14688288033553,0.528176065999986,29.4399699721529,24.3966247128988,0
0.94,-0.0395995578949766,-0.00256096199154854,-0.0597988618221832,1.28788715093688,1.78899808696564,0.00586182928539437,-0.0503565999613675,-0.206385430709723,2.42570268190604,0.743729051657135,29.3861673854153,24.3966247128988,0
0.95,0.0920014780555682,-0.00373831018805504,0.038664189342023,-1.57177143257966,1.51614438163855,-0.0334968340383458,-0.0109073334563283,1.82748827115038,0.440192853797421,0.958967345967561,29.3435004035765,24.3966247128988,0
0.96,0.0367058804593135,-0.00501580908894539,0.0475481826868421,-1.49323577167875,-1.66133363789417,-0.00449444268296578,0.0350991515597457,0.453898783669385,-1.85293649203158,1.1738988936979,29.2925257602184,24.3966247128988,0
0.97,-0.000453877361910552,-0.00587069801986217,-0.0987807551612038,-0.931127603926171,0.923458282879602,-0.0218169315651722,-0.0184052985399655,1.37822606428348,0.868918802503759,1.3883087823317,29.1828271938603,24.3966247128988,0
0.98,-0.00670059925621874,-0.00635029934346676,0.0505216034304159,1.31776477658292,2.09238037702385,0.0394901312404988,-0.043325133494879,-1.6589217275774,2.17928834198749,1.6019562365574,29.0539493219241,24.3966247128988,0
0.99,0.0821217733770383,-0.00671076960861683,0.00861128017265918,-2.69640541410276,1.35226966680843,-0.0454023561506509,-0.02383590757036,2.59369647800061,1.27387153485075,1.81445789978711,28.9518659311032,24.3966247128988,0
1,0.0983376770157479,-0.00733418203890324,0.121202841632201,-0.116091285071972,-0.739474192437151,0.00601081716454272,0.0112181389977532,0.0269720039957922,-0.399887059417331,2.02627666029276,28.8424488081614,24.3966247128988,0
1.01,0.0078416820832147,-0.0078473873436451,-0.0426708479106838,-0.975207588309139,1.50470726149649,0.00270831205285609,-0.0314711091288193,0.169873506216449,1.81720327124917,2.23715481110764,28.738435306546,24.3966247128988,0
1.02,0.109118139239815,-0.00851079635322094,0.119258941592907,-1.59668128858337,-0.192465196019399,-0.0222580860401759,-0.0212366481369929,1.38313893406863,1.38821389235741,2.44735067881565,28.629319124146,24.3966247128988,0
1.03,-0.0434328511116598,-0.00886452384293079,-0.0198823239101069,-0.9449769700739,1.46477555737666,0.0151515637173841,-0.0130366920502165,-0.554214221143049,1.04358366775858,2.65682097011126,28.4979031507641,24.3966247128988,0
1.04,-0.0226389926400733,-0.00851850584149361,0.00311183219275772,0.671073635912492,-0.0394572311108755,0.0188575665540557,0.0172065822091954,-0.82883894342548,-0.451972127659593,2.86499081748382,28.2868195911456,24.3966247128988,0
1.05,-0.0848584180443365,-0.00797851011157036,-0.0135939145783093,2.0064822814411,0.59039373126616,0.016561540270488,0.0438898560795343,-0.801095260901039,-1.79854882200086,3.07150109385716,28.0608859855264,24.3966247128988,0
1.06,0.0333222477835785,-0.00791186094284058,0.0646885692948154,-1.63174794334317,-1.51085607497637,-0.0199709517403931,-0.0194150499606917,0.94687362241754,1.36083736569078,-3.00656344720207,27.9331529559946,24.3966247128988,0
1.07,-0.0450048489465195,-0.00790262036025524,-0.118864911860636,-0.31830209956323,-0.432912004694115,-0.029473299376426,-0.0050321862322938,1.34457254534841,0.622757586984472,-2.80246565997569,27.7706668569279,24.3966247128988,0
1.08,-0.0146823176081138,-0.00837656483054161,0.150226254714798,-2.07079818716846,-2.57439778602804,-0.0199818679022841,-0.0439591640228569,0.785879203344831,2.55593945324869,-2.59919561463505,27.6972002350507,24.3966247128988,0
1.09,0.0116970540808254,-0.00843787752091885,-0.0241220282070781,0.160433210558696,0.0239944807985389,-0.00253633411067921,0.0112409830733858,-0.158238278818848,-0.254002577033019,-2.39657441413943,27.5867983790486,24.3966247128988,0
1.1,0.0219814956279936,-0.00875504035502672,-0.138149424060769,1.34964876022251,2.08195652631655,-0.00205943464813584,0.0721230866871365,-0.252884610674972,-3.35498591790715,-2.19465874858487,27.4898717144208,24.3966247128988,0
1.11,-0.00680623389816321,-0.00869553536176682,0.0290847513200518,-1.26688902472922,0.107647861765405,0.0164802516792924,-0.0110962325743354,-1.21876193313696,0.731582307768637,-1.99356954330436,27.3508610477273,24.3966247128988,0
1.12,0.0800628269956989,-0.00864599458873272,0.0065284861726743,0.560082318138802,-1.20735899736934,-0.0107586931998654,-0.017969093138109,0.118572269338452,0.993626155494468,-1.7935073059349,27.2459327937192,24.3966247128988,0
1.13,0.0475613017359244,-0.00881050806492567,0.0872961814643258,1.29645213142322,-1.13115490690451,-0.0330395751903139,-0.0218197285730788,1.21386544538113,1.10150319850808,-1.59417326588887,27.1438976381209,24.3966247128988,0
1.14,-0.0424279626704128,-0.00876554567366838,-0.159385357532179,1.77493540381832,1.37145767876707,-0.0455687681820344,0.00423389823860482,1.84947662582044,-0.289516166789183,-1.39562789924545,27.018338671347,24.3966247128988,0
1.15,0.132394509935861,-0.00855989567935467,0.0423581757379327,-1.21715927729528,-2.16881309095843,0.0264000792790181,-0.0247877256396541,-1.71662617888715,1.08492488426185,-1.19799219105219,26.8884378824856,24.3966247128988,0
1.16,0.0556340199752121,-0.00822350289672613,-0.0863844850176753,1.71567910353676,0.99353771225113,-0.0458574638325545,-0.0104233759852226,1.94984680124463,0.298874051014213,-1.00135208863715,26.7232626753748,24.3966247128988,0
1.17,-0.0177401629690315,-0.00754707958549261,0.0942867290689635,-0.943806364986849,-1.96041921409474,0.0468298869024407,-0.0383073485464899,-2.61375173721527,1.65766798513184,-0.806066596951066,26.5714780657914,24.3966247128988,0
1.18,0.0482088040529428,-0.00700890831649303,0.0816323929639904,-1.29633907678316,-3.01747160955706,0.0537680316528287,-0.0320879026020805,-2.8912555833328,1.32173564997518,-0.611913568859618,26.417546713965,24.3966247128988,0
1.19,-0.0580766483134153,-0.006832554936409,0.0586524898194704,0.736117438852402,-0.254694076423601,0.000479994773443938,-0.022450394017843,-0.162336202103018,0.812988295724441,-0.418672381080842,26.2943461209455,24.3966247128988,0
1.2,0.0310528599742553,-0.00645222514867783,-0.0362250828997572,0.183586585524185,-0.0145864247457367,-0.00262678140425606,-0.0210185561999496,0.0594496399614873,0.739113698062922,-0.226325221433212,26.1963867140687,24.3966247128988,0
1.21,0.0201498754694076,-0.00617953110486269,0.106331701382687,-0.520609940984627,-0.97084731423987,0.0410796570433327,0.00163070587734537,-2.06697496106502,-0.387571163849946,-0.0347292725899685,26.0739274645285,24.3966247128988,0
1.22,-0.0782113036375615,-0.00595239037647843,-0.0749069401618077,0.35080966765017,0.88882229766533,-0.00641738918838633,-0.00883286596845576,0.367466453838023,0.150426125106993,0.156098331847456,25.9858714908627,24.3966247128988,0
1.23,0.0826930130266454,-0.00560943968594074,-0.0610575029700838,-0.999787278577317,0.0752853645190661,0.0108859005324323,0.00742805345524336,-0.450276724170919,-0.632727812940195,0.34613205507886,25.8767146973472,24.3966247128988,0
1.24,0.00247707937225089,-0.00540313869714737,0.0939317393721018,-0.601840357701902,0.387187783263536,-0.00849585595705417,-0.000304011567887542,0.562305648648783,-0.214128011814238,0.535480191234598,25.8084516911687,24.3966247128988,0
1.25,0.0827220196750459,-0.00503509165719151,-0.241759604812918,-1.10592953636972,0.192806993042632,-0.00897569974633391,0.0270671890475704,0.613941900366759,-1.53959169153965,0.724162596785767,25.6815017646534,24.3966247128988,0
1.26,0.0493439127794524,-0.00489602284505963,0.10365360148605,-1.7254270179842,1.14369354844728,-0.0379054337883828,0.00709416400452773,2.08795656331203,-0.501046594790771,0.912146455977763,25.614695975562,24.3966247128988,0
1.27,-0.00703895236814439,-0.00444198679178953,-0.103213131021942,0.673805656211112,1.44870039998292,-0.00324064708190403,-0.0395571794825659,0.358883830424368,1.88141845715547,1.09961933912975,25.5009477489573,24.3966247128988,0
1.28,0.0204938703360582,-0.0040487851947546,0.0284509332330453,-0.632387047609732,0.519768513327091,-0.00351022851665576,-0.0153597282643843,0.367626281849725,0.714222854620121,1.28625486839654,25.4214641755736,24.3966247128988,0
1.29,-0.0137979709009978,-0.00397153664380312,-0.0874131350526387,-0.710982784667536,1.0782527924924,-0.0229540336037465,-0.0274761888798483,1.34267493028844,1.357872859683,1.47241770236247,25.3543523404573,24.3966247128988,0
1.3,0.0272329558441741,-0.00343589601106942,0.146217319021025,-1.55998347397189,-0.29061756398891,-0.031970775264951,0.00270470469202805,1.76655388020779,-0.119363494765472,1.657867660699,25.2560288284058,24.3966247128988,0
1.31,0.0299601684899971,-0.00357029750011861,0.00967416948333886,-2.00167300681688,0.0592217745843272,-0.0292481614529732,-0.0213045387893234,1.63096408941953,1.11415679367887,1.84294389489735,25.2440267634388,24.3966247128988,0
1.32,0.0337965980463606,-0.00388640607707202,-0.0709550799146957,-1.6500602038843,-0.373364658650411,-0.022216333371598,-0.0233927687548612,1.28211819086848,1.25490579049999,2.02794870711046,25.2451236660749,24.3966247128988,0
1.33,0.0331511579101803,-0.00382788805291057,-0.0359509485040918,-2.62430214019963,-0.64772485520878,-0.0536179198847636,-0.0136985680751452,2.8324363162141,0.796917949108486,2.21291504250637,25.2095756086819,24.3966247128988,0
1.34,-0.08617853262027,-0.00358429364860058,0.00876379411708141,0.250684122606672,-0.629667057257824,0.00934430752647444,0.0170068982236916,-0.347734084251809,-0.720803658922504,2.39747061240328,25.1499024919818,24.3966247128988,0
1.35,-0.0924924484377395,-0.00330624124035239,-0.0187811870950571,2.7842846455526,-1.45057263462265,0.0143379107585507,0.0678235141793981,-0.629535715830656,-3.2544070147712,2.58145283754977,25.0701752696329,24.3966247128988,0
1.36,0.0828604389029975,-0.00290379114449024,0.113470514533123,-1.25083897490148,0.778068457743389,0.0087471888194763,-0.034849956612116,-0.386590565387867,1.87523929986887,2.76493791115899,24.9895306040488,24.3966247128988,0
1.37,0.0198244874036017,-0.00261308904737234,-0.060159013632192,1.36723884253479,2.87968680621421,0.0594789550992918,0.0218574035363506,-2.95307135894334,-0.966978949854907,2.94804529636732,24.9412133832355,24.3966247128988,0
1.38,-0.110115364861772,-0.00254767155274749,-0.134426027079572,0.440104780795961,-0.118232616936157,0.00581763029860594,0.0126625478433534,-0.290547890214045,-0.5088519463282,3.13076611947708,24.9017898216558,24.3966247128988,0
1.39,-0.0689510636201598,-0.00202777562662959,-0.00403844501623113,-0.793298851863778,-0.201183801947877,-0.000358801227610697,-0.0109903051825159,0.000465025026313445,0.646189120208486,-2.97026277736405,24.8413975995803,24.3966247128988,0
1.4,0.0486746401607399,-0.00224043661728501,0.143539928375678,-0.961330266850004,-1.90366045878852,-0.0370941010493056,-0.0323699859016711,1.81872703200228,1.72126502765382,-2.78827807541799,24.8150664139973,24.3966247128988,0
1.41,0.0929910699174221,-0.00193828868214041,-0.0305899901079357,-1.09022693192891,-3.42792896810629,-0.0327744585637295,-0.0537217470935651,1.59288755356009,2.76788536388412,-2.6065106163644,24.7701147705505,24.3966247128988,0
1.42,-0.0095638191053737,-0.0017975406954065,0.0275299082520566,0.723233238309805,0.17271368610322,-0.0104945978336978,0.0157448469010947,0.466802474624903,-0.722729138377572,-2.42504657414847,24.7461025414605,24.3966247128988,0
1.43,-0.0103115391248844,-0.00148304249159992,0.0967439523114617,0.256980556742787,-1.52589247294905,-0.0290402193237807,-0.0219563799028669,1.39711310114937,1.1427499080889,-2.24395310831127,24.6935824356017,24.3966247128988,0
1.44,-0.0468232401708559,-0.00125357450451702,0.11626058814126,2.04508918273242,0.906483641884025,-0.0238823944035055,0.0317496268609,1.14070144922572,-1.56138630244729,-2.06317603726462,24.622911913479,24.3966247128988,0
1.45,-0.0604428288441055,-0.000474503205623478,0.210229852421008,3.31123916729193,0.87788643076759,-0.0627674315890415,0.0331284735869086,3.1183856606582,-1.65202267067197,-1.88307685058059,24.5255081051752,24.3966247128988,0
1.46,0.0687847783267257,0.000250653567491099,0.0316183815010119,0.0420239468351625,-3.53616621081315,0.00309734809533991,-0.0635488862480897,-0.13859076009632,3.17872906856673,-1.70363351615651,24.4383689420917,24.3966247128988,0
1.47,0.0788465862270584,0.000431599619332701,-0.0948014051393148,0.351581445641815,0.146882494852381,0.00238966680566297,0.00525397011119881,-0.0944546221289536,-0.261964981031477,-1.52465586502642,24.414898555363,24.3966247128988,0
1.48,0.0211204049791625,0.000811931560747325,-0.0877746247916282,-1.0584032154545,1.85432350436189,0.020777302319545,0.0402765366074948,-0.995374514216143,-2.00614709696875,-1.34583136926746,24.3634328229088,24.3966247128988,0
1.49,0.0323841855303996,0.000879525556229055,-0.00422535467007983,0.918353100705225,1.98999163551252,-0.0307970277495032,0.0154304335356927,1.58420052575436,-0.754413958316366,-1.16727095157269,24.3547182281806,24.3966247128988,0
1.5,-0.043158646685221,0.00135274301283062,-0.124488966996619,-1.03992882331585,2.01178123983335,-0.0099526565202406,0.0400631268597792,0.558559583469793,-1.96616606765467,-0.989095482431944,24.3022118801512,24.3966247128988,0
1.51,-0.0251552274614523,0.00148173258639872,0.190086769086873,0.911817965565393,-2.45178700880969,0.0227698311944155,-0.0535791668624342,-1.08424530061515,2.73468969311458,-0.811080809630398,24.2833573361184,24.3966247128988,0
1.52,-0.0512634073712554,0.00163282756693661,-0.0176256425736248,0.113400304302934,0.525600976083519,-0.0174386371020654,0.000121458340458567,0.923442949386992,0.0619103473223239,-0.633096444032464,24.2820955670651,24.3966247128988,0
1.53,0.0986211060907067,0.00146763143129647,-0.00397067153496655,-0.683897166874076,-1.93845907973112,0.0408402357314482,-0.00919209109664274,-2.00982468401144,0.529622795929303,-0.454975311093733,24.2815879631136,24.3966247128988,0
1.54,-0.0365293224768688,0.00214730179868639,-0.00468929686480638,1.14538232786581,-0.238695483122559,0.00434234945768151,-0.0287524635847333,-0.18673601122955,1.54449846280087,-0.27730320920684,24.2143092454041,24.3966247128988,0
1.55,-0.00907671205874169,0.00196329015307128,-0.0875295138414841,1.04378282772099,-0.450739355187914,-0.00493714469539121,-0.0166415844273153,0.258024438954103,0.933363682053655,-0.0996362918454503,24.2496338106743,24.3966247128988,0
1.56,0.0720282321818782,0.0019672887865454,-0.0581203303447577,0.605957881870123,-0.761069092987642,0.02533982680223,-0.00591945782834587,-1.27551918122136,0.397723739808626,0.0780618436450294,24.2551000429906,24.3966247128988,0
1.57,-0.081257677542629,0.0021978139411658,0.0361323160012152,-0.690678571514309,-1.38952038305701,0.0240523136989792,0.0227513613076351,-1.23204958526819,-1.02776534320089,0.255716454059583,24.2301911377075,24.3966247128988,0
1.58,-0.0176363240478355,0.00217433040961623,-0.0969506220475966,1.92417565692867,-0.732516243342368,0.031113054541582,-0.0265805980617017,-1.60291104421119,1.43116197948851,0.433344797175219,24.2172317112802,24.3966247128988,0
1.59,-0.0868082653026424,0.00275856722146273,0.111564696313391,-1.06095801215877,1.02119508123703,-0.0264743400642264,0.00678011782553562,1.24426070688047,-0.221525905327769,0.610726178515189,24.1824540184652,24.3966247128988,0
1.6,0.114530781299892,0.00229921191930771,-0.097155586840446,-1.26314295362655,0.467840328043833,-0.0339362873676879,0.0118107777639814,1.61392002206202,-0.505411740654228,0.788134316413843,24.2547456908095,24.3966247128988,0
1.61,0.0153476410681029,0.00090411608107388,-0.160743848387813,0.0924763186402162,0.328880002359764,-0.00923333476907513,-0.008823523243487,0.421862163918512,0.469587973580517,0.966630145797416,24.4435466933605,24.3966247128988,0
1.62,0.0195636536773927,0.000359347031917423,-0.112018262843475,0.920276974460339,3.27765366863643,-0.0178067739184598,-0.0696502398724872,0.87236918001994,3.49527975150415,1.1460864522045,24.4785214156046,24.3966247128988,0
1.63,0.10762054179866,0.000410021981224418,0.0567457768406587,-1.62818728851159,1.36578426783155,-0.0385299364732731,-0.0132139901244201,1.9033614049823,0.667809630041316,1.32549799330552,24.4861898671327,24.3966247128988,0
1.64,-0.0970298208589692,0.000839333632029593,-0.0681026921559166,-0.0647683429394774,-0.887087927671296,-0.000474546548406015,-0.000280557518889439,-0.0218854195442879,0.0170152198538972,1.50468124711496,24.4140746651899,24.3966247128988,0
1.65,0.0899068272556066,0.00103410496376455,0.121032111715967,0.38127226218247,3.31617318950597,-0.00122468292978795,-0.0687414350862019,0.00563062611301235,3.43503143693118,1.68354014064917,24.39175792614,24.3966247128988,0
1.66,-0.169156875362218,0.00097662303596735,0.166025480067839,1.29949574343837,-0.748058590439294,0.0140861493931851,0.0520709504151837,-0.753965798144759,-2.62116495779243,1.86236005000681,24.3811637414493,24.3966247128988,0
1.67,0.162388907417068,0.00103072042111307,-0.129810533725477,1.08357379747363,0.838510553378886,0.0259419401495516,0.00225928091942644,-1.34684683975094,-0.13718237883792,2.04113705772692,24.3998734127038,24.3966247128988,0
1.68,-0.070055340539537,0.000858810206409544,-0.0456613633256095,0.567147011002428,0.73684706119407,0.0164928895892849,0.00445018927885534,-0.862441420023357,-0.249974934684283,2.22022182846339,24.4228222066065,24.3966247128988,0
1.69,-0.0643891432805461,0.00081755081191659,0.0965484170944426,0.367202997092257,-1.57306977870044,-0.0170288530663942,0.0226446746709936,0.821950052437859,-1.16577320518918,2.39920795828952,24.4275176528727,24.3966247128988,0
1.7,0.0644847213972181,0.000563556444831192,-0.158766157334384,0.235684385302785,-1.6289477298257,-0.0155777671762854,0.00945463900919701,0.762052001853434,-0.499872007022782,2.57840258962733,24.4473440823153,24.3966247128988,0
1.71,0.0327791470854611,0.000491913175210357,-0.182219455772298,-0.438140560877237,0.828086148892075,0.00760539876986798,-0.0200343891023577,-0.392612933620416,0.976134995659339,2.75768187856488,24.4616350256968,24.3966247128988,0
1.72,0.0568875886019531,0.000820557936094701,-0.0659158385302423,0.911664112164257,1.82488732005333,0.0436677541451521,0.00841644944345978,-2.19598549900679,-0.463999032648191,2.93673319877857,24.4097706838466,24.3966247128988,0
1.73,0.121063241010212,0.000989817432127893,0.0629480606590752,-0.61327537846518,1.82686030054668,0.032649498472683,-0.0149852272932397,-1.63706959111036,0.69602889747565,3.11569345461005,24.3851019739773,24.3966247128988,0
1.74,-0.0209206395507135,0.00108013430144638,-0.214951068384647,-0.686699826864528,0.483914464095358,0.0112851746266857,-0.0161942220990519,-0.557119224015216,0.752268185806813,-2.98881292089758,24.3833232225266,24.3966247128988,0
1.75,-0.133175224782715,0.00150531949475408,0.140799539984597,-0.429640356469302,-3.36383362084589,-0.0557350852288394,-0.02996337370489,2.81558363910626,1.42435554753669,-2.81025700495251,24.3321429618573,24.3966247128988,0
1.76,0.00958796168702451,0.00175998720806092,0.0940286699767747,0.37564942852083,-0.0948717562969267,0.00627037997596356,0.00847214123105249,-0.269090804864004,-0.504106576414362,-2.63199439582842,24.3105764659833,24.3966247128988,0
1.77,0.0966765362152177,0.00172467809170485,-0.0344974623114327,-0.365184041092354,2.26984637978497,0.0469804998847041,0.0299371888091205,-2.29425554668886,-1.56861697786145,-2.45386642666514,24.2937568796701,24.3966247128988,0
1.78,-0.0623501598812616,0.0021052248775959,-0.227291333288252,0.26966800632785,0.258716315866967,-0.00577569459430773,0.0115036752073788,0.371943502069918,-0.646108529586734,-2.27596246178838,24.2593247587057,24.3966247128988,0
1.79,0.0463781798418971,0.00228777946904302,0.126970230259237,-1.35193711689592,-2.87444235681003,-0.00828641239081938,-0.0617522818555942,0.518455760653223,3.03105857122077,-2.09820305935806,24.2560898972063,24.3966247128988,0
1.8,0.102623795896105,0.0020058888476342,-0.0299117386285506,-0.86700126474599,-0.839291290588717,0.0186596101246963,-0.00996547280572514,-0.834907016193014,0.462632214262475,-1.92036921004895,24.2828677767225,24.3966247128988,0
1.81,0.0595242757666432,0.00221894960850477,-0.105427197001707,-1.73390576909207,0.462949959500665,0.0412595160008024,0.0101988506311133,-1.94985499256521,-0.530813682025755,-1.74243675212771,24.283339642194,24.3966247128988,0
1.82,0.0159347395138551,0.00225686421617866,-0.0292154555338053,0.777196730886907,0.374625676313537,-0.0123531095664481,0.00864018416470919,0.734610312768049,-0.432110428859383,-1.56447644643498,24.2713723213986,24.3966247128988,0
1.83,-0.0675788399159452,0.00232358975335956,-0.000151973888231161,-0.205025062262899,-0.219954673440944,0.0144761432927121,-0.0022682170446673,-0.60546570871162,0.135218009381562,-1.38652726992767,24.2478485194575,24.3966247128988,0
1.84,0.0666544571319918,0.00223181303590536,0.00480275775669068,-1.49955550717509,1.68902533918611,0.0153965967771747,0.0367380737828981,-0.660723109750863,-1.79820727877659,-1.20875651131125,24.2764805245762,24.3966247128988,0
1.85,-0.00532974733331344,0.00233712210319936,-0.170644246723283,2.13883995573389,-0.93607702787029,-0.0204216591495976,-0.0262282133780382,1.12490188533317,1.37365011506852,-1.03076272632261,24.2556918048976,24.3966247128988,0
1.86,0.0228045375718098,0.00246655405499041,0.105102893511613,0.610938710404339,-0.825551104746493,0.0028529432010679,-0.0104191716488415,-0.0463517531196018,0.604611002673309,-0.852944515456053,24.2432316688356,24.3966247128988,0
1.87,0.0285663785057026,0.00293373689055443,0.182681048169115,-0.432127960113388,-1.76153768182288,0.033934666423338,-0.00808677947338083,-1.60306503992623,0.522749970371064,-0.675436571458931,24.2055160784606,24.3966247128988,0
1.88,-0.128220521481818,0.00289297290146351,0.198086705900901,2.59777796654686,-2.44306067802405,0.0205262660346949,-0.0685038417880502,-0.95703791645647,3.55709291221394,-0.49799166992644,24.2025769668511,24.3966247128988,0
1.89,-0.0327168291191316,0.00285093556158245,0.0226339806384737,1.31501425578405,0.420519129500211,-0.00664421156086469,-0.0195553655085117,0.379339765059242,1.11688344652758,-0.320485728503908,24.2211667139606,24.3966247128988,0
1.9,0.0691847800366921,0.00260973372496665,0.00339985485860082,0.326382776621728,0.40850608892604,-0.0144987040039002,-0.00570323062582458,0.74500455131698,0.418474531510393,-0.142798054766278,24.2599026976638,24.3966247128988,0
1.91,0.0639355447024373,0.00190171145368367,0.0957122550035717,1.56851158714489,1.40540982886393,-0.00733090146148415,-0.014077415057899,0.363150178025269,0.803142553285491,0.0354047708759335,24.3782316767036,24.3966247128988,0
1.92,-0.049978307812612,0.00190469634253532,0.0882449000525979,-1.9812889993223,-1.33050830573619,0.0216696878399948,0.0350844591947065,-1.10665664123102,-1.65742514586306,0.21399482624071,24.3669853715843,24.3966247128988,0
1.93,0.00216713858980556,0.00182729086373001,-0.0181690823718091,-0.926154618196621,1.84658858633209,-0.0415522441626235,0.0117632557040266,2.04261541156156,-0.499116285820688,0.392667495117492,24.3654341868461,24.3966247128988,0
1.94,-0.00911443194867586,0.00185178057290614,0.093216168584063,1.18228823432617,-0.505695595877326,0.0215481363773291,-0.0129149222350131,-1.13062416930596,0.726724336030099,0.571316449316162,24.3751225367595,24.3966247128988,0
1.95,0.0816273719520342,0.00177095702383667,-0.24843158604376,0.227768250154552,3.21006492474559,-0.0298247408392568,-0.0426575115533002,1.43004110795069,2.20280398078652,0.749983141263568,24.3692991139069,24.3966247128988,0
1.96,-0.0437243877504631,0.00177772960159928,0.134274305250612,3.5621494189676,-0.980079193865038,0.0631805844989378,-0.0240961027113651,-3.23440178412682,1.2596844752286,0.928676167351989,24.376215976118,24.3966247128988,0
1.97,-0.0380302346237734,0.00182488898281008,0.00952510776538334,2.68425897071253,0.945470698777276,0.0432743955719181,-0.0236895495017616,-2.24911580571733,1.22746918007734,1.10740764881442,24.3724144375811,24.3966247128988,0
1.98,-0.0495885050813413,0.00225506164133549,-0.0273776573053557,1.02535817586137,-0.26919825247707,0.0177627785752756,0.000617695044143976,-1.00059672416339,0.00207836963749447,1.28582644316315,24.3204273660808,24.3966247128988,0
1.99,0.0765622754825373,0.00211815792135894,-0.0603444370337547,0.271659814814253,1.15041652307919,0.00624844439821365,-0.0195437255444159,-0.421951079209907,0.990556875810688,1.46421350643288,24.3559275105316,24.3966247128988,0
2,0.0701263555229977,0.00212249788455665,-0.0144370796074634,-0.125123014367406,-0.22186233230168,-0.00832560608713144,0.00794174593933494,0.305975762688476,-0.404903843994381,1.64267119517697,24.3419847203246,24.3966247128988,0
2.01,-0.103651593483849,0.00197312375530601,0.176481966709676,3.33991786616993,-2.4709775610253,0.0553947176020323,0.0485400954937133,-2.86929311081496,-2.45387690663998,1.82120132359294,24.3641660284998,24.3966247128988,0
2.02,0.110032453412303,0.00217594299465418,0.00933981031798074,-1.41194349474601,-2.69916301929911,-0.049399486681762,0.0499598097831552,2.36824661573116,-2.54796084668477,1.99968581737009,24.3428275339476,24.3966247128988,0
2.03,-0.0296067705340494,0.00247177667915821,0.208200889839873,0.785865314022073,-2.21178786697827,-0.0107195874808791,0.0330257026134912,0.431380192148387,-1.72531317313203,2.1779459616586,24.3139392393258,24.3966247128988,0
2.04,0.0842822394653469,0.00259178085252643,0.086720924820994,-1.3169190110394,-0.671384584644264,-0.0225124108191147,-0.00808234298709923,1.03062367272676,0.309359313724444,2.35607381116329,24.3008432813822,24.3966247128988,0
2.05,0.0355820229721676,0.00266747479327023,-0.0789731219305351,-0.503525093373525,2.87037349144535,0.0452396070692379,-0.0442486154650465,-2.34370896143188,2.10115628060307,2.53413922239029,24.2673675365509,24.3966247128988,0
2.06,0.0140912635332649,0.00308785727247596,0.00577279926613715,-0.352720045251996,-0.667327214304387,-0.0155416431770514,0.00287076373529396,0.712011550918445,-0.288725342769629,2.71199369437151,24.2340538929233,24.3966247128988,0
2.07,0.0337099186380992,0.00365850096568465,-0.174944810955484,-1.24616628949978,1.46394596299664,0.0152671041821007,-0.0419363265686856,-0.81128828671785,1.91532187648757,2.8893173964959,24.1841146716306,24.3966247128988,0
2.08,-0.0597648738412161,0.0037347914185375,0.0477601866185877,0.213080679742585,1.17714830046504,0.0093816285018853,0.00883555711245176,-0.48354127650615,-0.632807594411882,3.06659123781764,24.1718604071399,24.3966247128988,0
2.09,0.00182347261380034,0.0035730276722461,-0.00650205894430671,0.20408310231719,0.00475756325034227,0.0214446642068767,0.000815602655087534,-1.05443238308508,-0.223401858478619,-3.0392356236081,24.2139339861582,24.3966247128988,0
2.1,0.0794823042284948,0.0033651627600193,0.0805807826016281,-0.9392508496481,-2.37343428297679,-0.0275800112965085,-0.0370505398331963,1.42912336884806,1.68680492843884,-2.86164743952331,24.2193785857379,24.3966247128988,0
2.11,0.176594638040429,0.00318709993734956,0.0632251435769988,-0.89942244902853,2.32043630737135,0.0556858337436184,-0.00569904789909775,-2.7142802034347,0.136386211219237,-2.68397956436283,24.2586282070685,24.3966247128988,0
2.12,-0.00662737511286612,0.00332138035446405,0.031480990438636,0.650030336044568,0.250869554958836,-0.00789574291682256,0.0189719077803438,0.495936758037052,-1.08643441208941,-2.506187417329,24.2467045998808,24.3966247128988,0
2.13,-0.0674900811426685,0.00367741007357836,0.0825646150190561,0.357888822420202,-1.20067390679756,-0.00521236750146268,-0.0148705377251282,0.398186448833146,0.614168410687485,-2.32866580885833,24.2202539577308,24.3966247128988,0
2.14,-0.00561489932531258,0.00349094625562429,-0.0429403344640385,-0.474283468041463,0.722443411621926,0.00936217147605744,-0.0156284394547681,-0.317939221883905,0.683062381162747,-2.15099818137385,24.2513274181286,24.3966247128988,0
2.15,0.0992147535056405,0.00367346964776516,0.0181379458170811,-2.29777604697608,1.78346966989968,0.0626770322749896,0.0195136707874105,-2.96147151123321,-1.05249205985987,-1.97335517558991,24.2348296278954,24.3966247128988,0
2.16,0.0272457851281578,0.00381016451865435,-0.135925474766343,0.901031327498563,0.572575647700708,-0.00996036983168559,0.00941445075447875,0.688441359841686,-0.515303405634062,-1.79570127113762,24.2278609793157,24.3966247128988,0
2.17,0.0814983835420326,0.00387855526059866,-0.180334149230771,-1.70635310164562,1.24915828534696,0.0265678571562608,0.0195352030053201,-1.12965927883783,-0.988167574421337,-1.61825389970027,24.2052628506784,24.3966247128988,0
2.18,0.16195197626944,0.00401047617197037,0.0990886388596017,-1.27000864304806,-1.46362482289921,0.0384697608714934,-0.00099022197356869,-1.7194912217839,0.075812688136287,-1.44079352258964,24.2067360713858,24.3966247128988,0
2.19,-0.0595835400800492,0.00365611631423235,0.078658775485769,2.12499275964239,0.2734786053591,-0.0341859150246421,0.00154617526423924,1.88872776361645,-0.0213059358546943,-1.2631528650334,24.2484598785252,24.3966247128988,0
2.2,0.00746712399269328,0.00263263913802803,-0.215001342318938,-1.49717395282759,1.12241285188125,0.0223164759862445,0.0258151023462352,-0.994864526266766,-1.22711329435218,-1.08488336691894,24.4137628919198,24.3966247128988,0
2.21,-0.114023529701138,0.00216774363070726,0.0712685037442184,1.65267692160242,0.591301958696911,-0.0269709720299079,-0.0208603546792534,1.43737996087732,1.11354851232419,-0.90573804979467,24.4522023337983,24.3966247128988,0
2.22,-0.0276382403240546,0.00215103570371866,-0.129261010945387,1.25798492866554,-0.343024178123411,-0.0203003571628387,-0.010275615236412,1.08969583783582,0.598059412339299,-0.726439556074795,24.4598756348008,24.3966247128988,0
2.23,0.0816814722892782,0.00242718332447112,0.0922286204333424,-0.787306403218316,-1.42028208939227,0.0377397067000207,0.00434176526547355,-1.82317878997693,-0.107851111330973,-0.547343136990262,24.4085879717807,24.3966247128988,0
2.24,0.0264019200500775,0.00273163407109678,-0.0825646980596203,-1.0054358498168,1.73595603292032,-0.021960212438091,0.0424964083950807,1.15072955584331,-1.99321601231203,-0.368563141155623,24.3812198237824,24.3966247128988,0
2.25,-0.0688233882146981,0.00282101612538099,0.13295744907448,0.596962201077492,-0.696430937351555,0.00609159237168619,-0.0180776735336095,-0.277813932490175,1.04768896035271,-0.189907902113471,24.3638529654798,24.3966247128988,0
2.26,0.0780486744709717,0.00273227319121361,0.0532650778820701,-0.106741011532349,2.30160581666877,-0.0460680313450241,-0.00431396877355757,2.30768820017561,0.357518514219762,-0.0112801369169998,24.3674202269251,24.3966247128988,0
2.27,0.0754899614006464,0.00280749890953302,-0.119237488692226,-0.407777230665374,1.34515203114285,-0.0432932005563302,0.00922429870658253,2.14298338853225,-0.317159668030888,0.167378524400458,24.3627093622474,24.3966247128988,0
2.28,0.0151729194682745,0.00256547145545483,-0.156444815443818,-1.10884455141183,0.585487819548287,-0.0210711374309156,0.0144071719008995,1.00934112354319,-0.594342502713988,0.345983462882764,24.3987744517399,24.3966247128988,0
2.29,0.0587842625150346,0.00233732350170612,0.15757468296882,-0.974696863718837,-0.176192643175565,-0.00766652091254865,0.0211849970896657,0.322274521758146,-0.953490112906454,0.524920487355208,24.4442308563809,24.3966247128988,0
2.3,0.0276326266962796,0.00231103831902146,-0.0606950096637389,-1.31860714697321,-2.99806809476044,0.0252855530169691,0.0552126590571609,-1.34465099314799,-2.67036233786368,0.7040301638165,24.4352163451535,24.3966247128988,0
2.31,0.0243018580886755,0.00237102643586695,0.013624117875495,1.57183634290977,-0.648522299045761,0.0358122546652372,0.00449494737926822,-1.88699602432801,-0.146935025599323,0.88320457348197,24.4214948788792,24.3966247128988,0
2.32,-0.0912464432423648,0.00232148240320385,-0.0548775201719064,0.610979833011022,-1.12321059280665,0.0202338489310517,0.0104144551109479,-1.11798607647178,-0.462080208032122,1.06225366129202,24.442527840482,24.3966247128988,0
2.33,-0.00477391479467859,0.00227038539014757,-0.142439432462078,-0.995545445298283,0.771393235408494,-0.0316052297579999,-0.0105154227655891,1.46838357571485,0.566008056492501,1.24138437283867,24.4266967963916,24.3966247128988,0
2.34,-0.0303847504523158,0.00273446249775589,0.171941168078533,-0.654824451552064,-3.3795684406454,-0.0072034952848104,0.0638238323478697,0.219071342032169,-3.17357001505823,1.42026466394123,24.379401408279,24.3966247128988,0
2.35,0.0311737765743227,0.00290067191235721,-0.0310423969065602,-0.638337390160771,0.444350438767396,-0.0019081632234258,-0.00889256434028859,-0.0550412943073529,0.440371370663522,1.59885895289812,24.3556450434076,24.3966247128988,0
2.36,-0.0431435283537835,0.0027861709240824,0.0464918465318293,2.01209188822964,-0.917601101005938,0.0417090460780582,0.020413369531497,-2.22690354860937,-1.05173584451557,1.77743098314552,24.3543224041946,24.3966247128988,0
2.37,0.102149586880637,0.00315808271989226,-0.198771350860959,1.00968500146459,0.17419161799131,0.0142376404787307,0.00438661187561982,-0.863154754099465,-0.281282525881034,1.95579758028867,24.3330902997703,24.3966247128988,0
2.38,-0.016770419057959,0.00327694951556623,0.0309578108454174,-0.0944005375790637,1.16359762820354,0.0119319096659928,-0.0231535935627754,-0.74039153290112,1.06802628808424,2.13417326385137,24.3213719262468,24.3966247128988,0
2.39,0.0509213920095729,0.00303631066344678,-0.0457096657691974,-1.30038968275208,-1.05918284000709,-0.0168558912880415,-0.0119845274943646,0.72711024856122,0.492446088191499,2.31246469485657,24.342814814653,24.3966247128988,0
2.4,-0.0282581006861065,0.00322088459506631,0.177027379622976,-2.32505682078521,-0.294988939117717,-0.0343254625847875,-0.0263598699412255,1.61599610905865,1.18481519297771,2.49081750751997,24.3265563204476,24.3966247128988,0
2.41,-0.0645907755172433,0.00301006739027798,0.101051191675855,1.47313814808867,-0.826577071837752,-0.0102799974022355,0.0327787605804036,0.44434136742772,-1.7787222545373,2.66916438466733,24.3519848034444,24.3966247128988,0
2.42,-0.0659653990930951,0.00293020252138376,-0.0419622716194931,0.784973396201807,-0.328450853342069,0.00222771241899873,0.0116417450764718,-0.155347427537838,-0.727797530304857,2.84785438776803,24.3604446109704,24.3966247128988,0
2.43,-0.0503383046700331,0.00289275101386011,0.109719971017535,-0.47028278954739,0.842237925768076,0.0258090023032359,-0.00936329799316087,-1.30948501464677,0.31901526292714,3.026408404491,24.3662415225721,24.3966247128988,0
2.44,0.0339099608087953,0.00287601305171847,0.0234428016613122,-0.258648930903911,0.110878015902681,-0.00331551636408093,-0.0109870916338361,0.175187384553057,0.400141017281086,-3.07813499165759,24.3982516305882,24.3966247128988,0
2.45,0.0189665789752623,0.00296073383651674,-0.0516548508034716,-1.43984354540645,0.718078918731315,0.0262149733814553,-0.0357280033458753,-1.27528162109209,1.63672889582373,-2.89948843047135,24.3621778138219,24.3966247128988,0
2.46,0.0219937136313137,0.00310288788750768,-0.0240439534322931,-2.40754814440423,-1.07889335521014,0.00776156022071698,-0.0531871496075786,-0.321974351786994,2.51259238991275,-2.72093936387423,24.342395245831,24.3966247128988,0
2.47,0.0329580831501134,0.00286759412847459,-0.0611260387746126,-0.16239011897644,0.96149968112853,0.0227216761508915,0.00838944336794333,-1.05352802890573,-0.543768436054011,-2.54232208246382,24.3751000745276,24.3966247128988,0
2.48,0.0280925650328017,0.00248531275428832,-0.148495861631703,-0.773048099433566,0.350026864861389,0.0293930009244198,-0.00726324467916994,-1.37945649305664,0.269418023182532,-2.36336279296982,24.4204721461556,24.3966247128988,0
2.49,-0.0989961494894888,0.00151733623351902,-0.0921328927059891,-0.347901221393226,0.309262346008562,0.0112864379767304,0.00730841486447728,-0.497854153368325,-0.412716702259487,-2.18385009828645,24.5614731921135,24.3966247128988,0
2.5,0.0255047601099867,0.000595175195485353,-0.0832724770728895,0.0189501012371582,0.00481609228570073,0.00112062796387712,0.00890588196933294,-0.0238387266943426,-0.459996748442736,-2.00326968795107,24.660389021514,24.3966247128988,0
2.51,-0.00140719331496213,0.000656449003145099,-0.0580257517046786,-1.592948819195,-1.88558618644839,0.0304798260236422,-0.0403795550149922,-1.48607437417963,2.01188394489326,-1.82250903459327,24.6336744469847,24.3966247128988,0
2.52,-0.0408360906313938,0.0010768692009151,0.0812544984232909,1.04445988693693,-1.63241699730361,-0.0124151160056252,-0.0266228909600585,0.680346630647235,1.32928305203775,-1.64208522662333,24.5793230175866,24.3966247128988,0
2.53,-0.00297130380811265,0.00137596530839801,0.0910764414838489,-0.507113587664696,-1.66539518544883,0.0100090358152018,-0.0198146214796369,-0.426526225429456,1.00067255471443,-1.46203899947162,24.5497672473093,24.3966247128988,0
2.54,0.0645181394826849,0.00135167059488595,-0.0661010260640005,-1.0337434938236,1.32943617352093,0.0106737982038773,0.0251192502649093,-0.463114038904652,-1.23586123273702,-1.28218342859444,24.5385490230595,24.3966247128988,0
2.55,0.0600897994051261,0.00136904080864042,0.0366759221435469,-1.69853959977834,-0.48458381268726,0.0335429433738694,0.0116713792660346,-1.6111106654551,-0.549573571123253,-1.10240397056603,24.526768465888,24.3966247128988,0
2.56,-0.0523036803375726,0.00144268991425633,-0.092319564940069,1.76666065506476,1.8076855429166,-0.041048727805635,0.0197251584942068,2.11604015655654,-0.94106493262797,-0.922605521704516,24.5050142856219,24.3966247128988,0
2.57,-0.0453576252381659,0.00153512577526271,0.0364961068070174,1.08257786639182,1.90812668245353,-0.0214652750726518,0.00954799099749625,1.13021083784323,-0.417522183252058,-0.743081370755766,24.5099186064252,24.3966247128988,0
2.58,-0.0740771256689167,0.00139373610727489,0.0514191892149471,3.15562305587815,-0.489068049721609,-0.0344369202758711,-0.0596091549375663,1.76219352730263,3.04436181743844,-0.563468146119097,24.500119031812,24.3966247128988,0
2.59,-0.143551050314194,0.00139566720463336,-0.00856760936988774,3.20866459767183,-1.62085909160877,0.0114073197368451,-0.0713524526328388,-0.543863580637341,3.63855467230009,-0.383854221224164,24.4904654091828,24.3966247128988,0
2.6,0.0256650916786037,0.0015329458983615,-0.0603841640139984,-1.98914017294418,-0.439856731656689,0.0129529338430858,0.0342184783775769,-0.630776155460346,-1.63007569601385,-0.204391144869638,24.4733327738766,24.3966247128988,0
2.61,-0.0254661147638109,0.00141497154254466,-0.124202243939099,0.144007474552931,2.66670234543028,-0.0608682027847926,0.00332595355833678,3.04955310932688,-0.0897275936199883,-0.024936668672177,24.4834257856877,24.3966247128988,0
2.62,0.0525193262262175,0.00194008334074169,-0.0637984018904004,-1.005413616256,1.16177991899148,-0.0286431264807989,0.0254492173201378,1.41837518929935,-1.17033203888711,0.154457362252829,24.4166952929557,24.3966247128988,0
2.63,0.0780493656128323,0.00246712216176093,-0.172000843093606,0.542855896050284,0.677758286474995,-0.00745939081372777,-0.0136983268056379,0.331537862763289,0.807590459628934,0.333156558311754,24.3401173072324,24.3966247128988,0
2.64,0.0121707302415165,0.00262945657595992,0.0156921728670838,3.10563660093362,0.396056906515118,0.0206590128999464,-0.0694156487909957,-1.10007855972271,3.59094089408606,0.511552477369688,24.3205442536,24.3966247128988,0
2.65,-0.0672931808681207,0.00270422268658876,-0.0151703477270526,-0.553842110493102,3.57343227426722,-0.0604265692329367,-0.0322879183900994,2.93400534082273,1.72566214698883,0.689839293095563,24.3277698204217,24.3966247128988,0
2.66,0.0538588157025064,0.00298381503671408,-0.0433994382790025,0.83343266601475,1.6459895582901,-0.0149511208303461,-0.031703356667013,0.629800336778178,1.68664263629872,0.868062019926473,24.2961986620467,24.3966247128988,0
2.67,0.0421618970126267,0.00315514346584678,-0.0571913827581886,-1.580703994162,-1.30969524236403,-0.02133754240873,0.0302536398063322,0.924114276177388,-1.43181813103993,1.04616054714145,24.2653640113056,24.3966247128988,0
2.68,-0.010295647353643,0.00336715555749834,0.00848773682532869,-1.67787368192609,2.69137705266788,-0.0553625658239981,-0.0405360919198802,2.60484361877083,2.08899180921637,1.22397810683111,24.2655864641472,24.3966247128988,0
2.69,-0.0253829269963482,0.00315110222436488,0.0374687516502971,0.633274391364131,-3.18343811065043,0.0204732702038591,0.0654244648227948,-1.18599132663287,-3.24811792010174,1.40198888407844,24.2917955753534,24.3966247128988,0
2.7,-0.0819141774000197,0.00278877606615424,0.0499565890259613,1.24253567602918,0.0294123357655826,0.01308164881922,-7.99511312132506e-05,-0.79984048687662,0.00237960664208943,1.5802731650457,24.3400933443936,24.3966247128988,0
2.71,0.0407650476866566,0.00307561969384551,-0.105768433145393,-0.587723342338878,0.0340311695726249,-0.0133638292675065,-0.00229341871840564,0.510844251612437,0.0847379742777087,1.75858488142033,24.3092402643889,24.3966247128988,0
2.72,0.0488177726860115,0.00309084262698889,0.11045320180644,-1.42140123693839,-1.32074854446464,-0.0378692519374444,0.0129928565663615,1.74366777475412,-0.708589770509794,1.93667810772777,24.3010873874677,24.3966247128988,0
2.73,-0.0890831260150544,0.00306165381334722,0.1523443568825,2.3231652224341,-2.77839401581552,-0.00121130212395772,0.0701335654604687,-0.074106308316878,-3.59228912922506,2.11489343930952,24.300004861456,24.3966247128988,0
2.74,-0.0474830952898838,0.00369899556972086,-0.0607712797688364,3.1677131393414,1.40414534651997,0.057237651835463,0.0217217185411561,-3.00663810093747,-1.21147202590306,2.29274881507764,24.2388291431935,24.3966247128988,0
2.75,0.108850736539442,0.00361680192872882,-0.0529418585402038,-2.18087083988317,2.02658079309509,0.000847451000458022,-0.0539386851441162,-0.160887634480882,2.551713522463,2.47051145839998,24.2408827971634,24.3966247128988,0
2.76,0.0364535848085837,0.0036667613312602,-0.0538490847839068,0.761176625542359,0.934940007146099,0.0251069857875447,0.00619463985005345,-1.34672001044547,-0.476279522783954,2.6481991961691,24.2455732726964,24.3966247128988,0
2.77,0.0597799195573108,0.00321045494638383,-0.197999390431311,-0.271843635162884,0.990496559061122,0.0161353899005155,-0.0104491944589981,-0.860250208664727,0.3641220695282,2.82617903011772,24.3207179976914,24.3966247128988,0
2.78,0.00195458157956722,0.0026489389128983,0.0721701967340464,0.186506504734018,0.586027267244026,0.0122308483975143,-0.00413998729757783,-0.631321314445274,0.0694232529772026,3.00464046953383,24.4165023932032,24.3966247128988,0
2.79,-0.0379136135164095,0.001311180065386,-0.0218089600123083,1.40539025298449,0.375944421335091,0.00977975401152384,0.0219194351673381,-0.485935378186133,-1.16788792228953,-3.0989526318702,24.5727894354768,24.3966247128988,0
2.8,0.108751937953756,0.0010639427928254,0.0815352809533324,-0.446715687838203,-1.43228619650848,-0.0238543109443823,-0.0133945899168623,1.20805148062957,0.6120658425138,-2.91871840991298,24.5773312557724,24.3966247128988,0
2.81,0.0355203419081217,0.00123279308900237,0.10290478062722,-1.36935642205301,-1.76453934082207,-0.0209566603004994,-0.0374872104894702,1.07695345554739,1.81274726614,-2.73859492247982,24.5604391789326,24.3966247128988,0
2.82,0.07996627843318,0.00155263347551227,0.0510124926166908,2.02392448964472,-0.211477682308672,-0.0260543247849765,0.02715739186273,1.34979842553105,-1.42762756697002,-2.55880107489075,24.5043563018721,24.3966247128988,0
2.83,-0.00219139846658095,0.00188496708869934,0.0846247764038031,1.15752049301827,-1.60323545236215,-0.0352371935051167,-0.0142987781508121,1.83326677590075,0.643741965206869,-2.37933599863466,24.4869659911357,24.3966247128988,0
2.84,0.0473949991561983,0.00174890214111656,-0.0228426547556044,-0.310533520995168,-1.61614847760694,-0.0160769246687682,-0.0257861867227132,0.881055304571342,1.23559059913717,-2.19983504608929,24.4694701111535,24.3966247128988,0
2.85,0.0506034131605709,0.00173784687649459,-0.150144404748579,-0.239002706460542,1.24571913542377,0.0141789674369409,-0.000868292370913177,-0.624900187200369,0.00244000951003634,-2.02036518911234,24.4673748820685,24.3966247128988,0
2.86,-0.0802641924222929,0.00211515813134611,0.100506054176481,1.80070850260463,1.99653395814297,-0.0233258496332767,0.0408988781487339,1.27404834884622,-2.077088618345,-1.84118992927649,24.4294228093951,24.3966247128988,0
2.87,-0.119284449329355,0.00187461473979056,-0.111360705214546,1.30971221012912,2.55959164006773,-0.0153736753498807,0.0567135062792326,0.868321212415821,-2.84853415842127,-1.66207001018501,24.4550870579169,24.3966247128988,0
2.88,0.0903273050649663,0.00200420850887895,-0.231950803300075,-3.2124347672392,-1.2466840093282,0.0639385560520285,-0.0197337987036113,-3.09051565510022,0.996967753564432,-1.48283746224825,24.4454793286246,24.3966247128988,0
2.89,-0.0539209519973663,0.00174711365252733,0.0992117378230852,-0.493423720043742,2.55426948802496,0.000325518562271882,0.0426444004990271,0.0752738841202097,-2.11044362626299,-1.30350137522297,24.4614959927558,24.3966247128988,0
2.9,0.0456730906120258,0.00183579162694514,-0.167640665636185,-0.946772706111635,0.603285788174786,0.0120305121649142,0.0115471919476238,-0.512223214783333,-0.535782115429123,-1.1242015380297,24.4619841866584,24.3966247128988,0
2.91,-0.169256333680275,0.00235789245925844,0.00446289138517626,0.0807642025550973,1.59184465807451,-0.0106675928131021,0.0203971346377536,0.635807499973848,-0.948675213385271,-0.945166362764159,24.3771420544205,24.3966247128988,0
2.92,-0.0887591694416938,0.0028262990526855,0.129973763802126,0.13530893394584,-3.12676847344671,0.0527225664196861,-0.0296510185565094,-2.53515759468088,1.59109038647328,-0.766652871383485,24.3123591566425,24.3966247128988,0
2.93,0.0590890617997838,0.00323912082239985,0.136658833758127,0.575925178654683,0.817791352690506,-0.00927594040590457,0.00728875274270819,0.558234831299126,-0.224373632758667,-0.588617797111287,24.2748921762134,24.3966247128988,0
2.94,0.112165204866575,0.00351108284667134,0.0657207944761743,-1.31543258907083,0.0383819658201747,0.0150837373155494,0.0365526396391618,-0.681406977210558,-1.66017247183834,-0.410781432518963,24.2372693327766,24.3966247128988,0
2.95,0.150913309131469,0.00362542667426169,-0.117520494533013,-3.0441028655574,1.91321840815222,-0.0255979426908382,0.0630143998574109,1.32549366399425,-2.96795723094999,-0.233014053300791,24.2315229503527,24.3966247128988,0
2.96,-0.104523001278921,0.00370830553583801,-0.047373519000909,0.325819049427692,1.24061667391618,-0.0286625932442539,0.00202134581376235,1.44525025453842,0.0910817731266996,-0.0552607158646509,24.2382155786536,24.3966247128988,0
2.97,-0.0709004790262405,0.00359371327795088,-0.0194177602274456,2.39468186198235,-0.835575745057093,0.0185341157193963,-0.0445784403676545,-0.950556415850765,2.41421508926189,0.122452874179652,24.2524209161019,24.3966247128988,0
2.98,0.120429519719048,0.00337532791309059,0.00211693030602899,-1.67039772997603,-0.62718322513844,-0.00190682801398742,0.0387244267465608,0.0427640398561707,-1.76835417259588,0.300387129095081,24.2787799798064,24.3966247128988,0
2.99,-0.0524785437756201,0.00352453486993909,0.044412271703924,0.758422563351871,0.449566281847915,0.000969330067307193,-0.0198467244010795,-0.132318706105575,1.15546273500084,0.478284491613976,24.2656881018689,24.3966247128988,0
3,-0.0913891604368066,0.00314186187461019,-0.116393775849014,0.999961622282555,1.9175093137978,-0.0126422873990391,-0.0365377430913802,0.533685314897457,1.95839066229087,0.656377539615758,24.3344917343141,24.3966247128988,0
3.01,4.36669528931028,4.53089332580566,-0.195328733466972,7.10690503650404,0.343763678884874,-3.59619913371882,2.47676987466364,-5.9474865129425,5.85499320675345,0.961370396659633,63.2489000980457,641.96140817537,0
3.02,4.25160174166344,4.3694896697998,-0.0786936017358793,7.45654232670384,-1.00501399862035,-4.2138340140406,-0.0366555065662853,-7.76757528827225,-1.45473586118266,1.58597023795096,107.429357244328,641.96140817537,0
3.03,3.95232103927406,4.17977857589722,-0.147306177641526,9.24809248127554,-1.13471324504915,-2.25375045562256,-3.2987444827363,-5.10239989081587,-7.70820238048536,2.54302106720925,153.051501432786,641.96140817537,0
3.04,3.98314399916815,4.02230548858643,0.0246293925531653,8.74483407482354,-2.57748150861927,2.35531308584891,-3.04824409317166,7.12258771694839,-5.24312143377616,-2.47143280918032,192.609554635016,641.96140817537,0
3.05,3.71022995468146,3.84510469436646,0.152862833826359,8.20490497558894,-3.18756505713919,2.95161329299701,2.22882758290148,4.15248423466276,6.64490550975064,-0.909239307715751,233.38831509075,641.96140817537,0
3.06,3.64133453953919,3.68593645095825,0.113321187594674,9.72863609790786,-1.67937746589078,-2.79244845214523,2.09657123107111,-8.71049972150021,4.57079814567673,0.935616441544624,270.485811536656,641.96140817537,0
3.07,3.33831449195832,3.52179193496704,-0.184370071834582,8.87751990657624,1.66406844978916,-0.260873413871311,-3.3347479092427,-2.71777459717193,-8.66199036098028,3.05236281100281,306.053728235434,641.96140817537,0
3.08,3.17679986873492,3.35777187347412,0.28245671763961,8.6570340859595,-1.41119279652797,2.42845377458656,2.05746843709772,5.5685304574449,6.97128692634562,-0.857274087681841,340.389660723237,641.96140817537,0
3.09,2.93672260476667,3.19766163825989,0.0189784317515465,10.2171742854547,-0.276615581571933,-2.94966156543295,-0.54306024838499,-9.55936354559852,-2.95541727578784,1.7606536104153,372.963553400355,641.96140817537,0
3.1,2.85014086909706,3.04133558273315,0.078371729713977,8.01154985624528,-2.31899243184805,2.85791669358729,-0.342820878110193,8.39767869739553,1.61734488643092,-1.67256775401978,403.817576897872,641.96140817537,0
3.11,2.69313785743465,2.88768196105957,-0.00143352910661081,7.7863258712741,-1.25855617077668,-2.68260084629537,0.511109955196327,-8.10225501147464,-0.590122059378693,1.39756090286318,433.239272100349,641.96140817537,0
3.12,2.59873446024278,2.73436737060547,-0.116900244808307,8.04362636604004,-2.12883147836567,2.56461304747244,-0.136836812940416,8.42152010230654,1.87085217295197,-1.60676872045193,461.139661887833,641.96140817537,0
3.13,2.25692550601431,2.58778285980225,0.0932089715906114,9.68211343110483,-0.842604522314719,-2.28473146478716,-0.678127126145086,-9.49995873729713,-4.00785261159717,1.86862770883501,486.950234699355,641.96140817537,0
3.14,2.34630271702748,2.44697594642639,-0.113689451851197,7.94418000901862,-1.54815998046637,1.59629745292637,1.6427587666005,4.04753083929399,6.98570242491015,-0.754371330189783,511.379236944446,641.96140817537,0
3.15,2.1200233676137,2.30564069747925,-0.0949401890884301,9.96102010875394,0.107482454961049,-0.125618306868899,-2.11003265625798,-0.836570259799835,-9.58954111056954,3.08032199861627,534.580941024325,641.96140817537,0
3.16,2.07590001759293,2.17296314239502,0.0153811257243154,8.34294091799517,-0.816800206016649,-1.4129774523893,1.41915301114945,-6.86960670708599,5.2130180753491,0.794851255229365,555.955499268693,641.96140817537,0
3.17,1.8891972810682,2.04035711288452,0.130805429515387,10.0572667541971,-2.45680305761203,1.81122982369229,0.358216587752827,8.73210643195471,5.64795802978283,-1.33731918567785,576.246337220713,641.96140817537,0
3.18,1.7815428365787,1.91476655006409,-0.122494225643015,11.3440812261465,0.44689315352171,-0.306218577367462,-1.65885889696852,-2.35073738907306,-11.1867342355614,2.95653165428267,595.156931251755,641.96140817537,0
3.19,1.64220870823449,1.79310047626495,0.0148859882081328,9.43577749739313,-1.65912280044841,-1.42362096130822,0.757178942592034,-8.73344672027811,2.8607431420864,1.10028685011645,612.463651662756,641.96140817537,0
3.2,1.42915738422043,1.67375659942627,-0.00598613561700936,8.4313848049125,-2.00555666719219,0.929119125567832,1.19188965025099,3.03290449564025,7.93882536182271,-0.631802561553113,628.871089899768,641.96140817537,0
3.21,1.35077398604507,1.56037998199463,-0.0655289250339236,9.7386982308044,0.835307673516505,1.08102933712048,-0.843194115930602,6.69561740703702,-6.85909471982115,-2.24927692985688,643.981224639099,641.96140817537,0
3.22,1.22806065814694,1.4520308971405,0.196459642192377,12.8739699390794,-2.26087341469976,-0.723964204707497,-0.966480145312964,-5.97959958383414,-10.8192413421105,2.52241148219172,657.87876762991,641.96140817537,0
3.23,1.21219057146784,1.34740388393402,-0.0274169962339127,10.5075262348221,0.621397775271384,0.789701932622339,-0.824851642115563,6.81032954490003,-7.7593220026579,-2.38390620005487,670.584661203525,641.96140817537,0
3.24,1.01846196962984,1.24687719345093,0.0823219515236228,11.3213736739906,-0.419091664519227,-0.570144443810817,-0.858874090809606,-5.00710129372928,-9.67800086762862,2.57532167863428,682.235886067569,641.96140817537,0
3.25,0.905513851844298,1.15070247650146,-0.0015941175285839,9.07378817581411,-1.78176969243906,-0.931832157354393,0.277620574215021,-9.36219275529506,-0.289509874008853,1.3333253980394,692.922166959537,641.96140817537,0
3.26,0.864740260787095,1.05855536460876,0.0212168386475281,8.89819721171124,-1.93122991821455,-0.0992414142579391,0.866552198471572,-3.75736925136664,8.92504322165592,0.166143205324107,702.673408949825,641.96140817537,0
3.27,0.85417325241287,0.970568239688873,0.0817059964934149,8.1829293628318,1.02063370192673,0.649141260062177,0.477345234948842,6.59355488283273,5.02594615047059,-0.932945549905858,711.506525708751,641.96140817537,0
3.28,0.639767060868552,0.887003839015961,0.0521079249025864,7.55715816455419,0.896980657712191,0.690054666843498,-0.271371808820193,6.37773755403878,-3.75847581951266,-1.97078481924121,719.399633624197,641.96140817537,0
3.29,0.698488137640615,0.807637870311737,0.129059099347153,8.4950329050695,-2.49553930114589,0.0634861081699619,-0.640351650783648,4.3379403835121,-7.71269657233065,-2.95391183715717,726.467728275025,641.96140817537,0
3.3,0.58834308116054,0.732650816440582,-0.0448592244059232,10.3315772965129,-1.70915136955888,-0.381843219895159,-0.373187637050283,-5.851206602859,-8.24294137097634,2.39482310091875,732.689274008755,641.96140817537,0
3.31,0.388609223966514,0.660686612129211,0.10496959601858,10.4866383877653,-2.76964664899865,-0.440615783048944,0.0865541491218504,-10.9826037808893,-2.07775017253632,1.50358880016662,738.262891299853,641.96140817537,0
3.32,0.284437221524287,0.593444764614105,0.0243532513473647,11.7374609194798,-1.06418097881347,-0.188548520949937,0.305726662589657,-8.54628926615061,8.39470121021235,0.650110793000845,743.035709308027,641.96140817537,0
3.33,0.283931076062362,0.530069649219513,0.0196067792544128,8.41215192120901,-0.432383756535329,0.0784389791132577,0.343235848895703,0.621992458200555,9.00913478876042,-0.171068053024329,747.109131618764,641.96140817537,0
3.34,0.214401181253448,0.470285892486572,0.0537936325280969,11.7674130868833,0.633544231727361,0.18213613162532,0.1401217121405,10.2608502736403,6.43535786574619,-0.964701815142942,750.547327865041,641.96140817537,0
3.35,0.188144424068172,0.414117634296417,0.0544188584281393,8.63042540250843,-1.14294450507444,0.245585861457789,-0.0692131298747441,8.21111780803321,0.0751579069025581,-1.73531886549618,753.393195322469,641.96140817537,0
3.36,0.161719151877961,0.361100137233734,0.0825811973507935,9.0065424340103,-0.363802220458878,0.107500574795217,-0.150965761515711,5.66583072330876,-6.81820178380629,-2.48715818251266,755.709895674165,641.96140817537,0
3.37,0.106798604063648,0.311413288116455,0.0457918174076303,10.0443159758009,0.447424635382811,-0.00585942745348271,-0.117881753837355,-0.981394844340766,-9.69013267228401,3.0593241181553,757.481422257436,641.96140817537,0
3.38,0.0633189225493436,0.26496809720993,0.118404742306098,10.603011132845,0.820130263276394,-0.0359631736985565,-0.0353614885559531,-7.82094012292915,-7.43932782232866,2.33394188786652,758.831489171054,641.96140817537,0
3.39,0.061820343587848,0.221784949302673,-0.0270726248165927,9.59490241269643,0.161941672519617,-0.0223628582365364,-0.000120991128443425,-10.0282688440587,-0.501308430840542,1.61650312245008,759.686168403606,641.96140817537,0
3.4,0.0200359432305052,0.181276321411133,-0.0500901606809423,7.25460911160735,0.0634941904828465,-0.0168981094423679,0.0235576130344771,-6.32630329743925,4.47943884599652,0.903911209594697,760.131585008585,641.96140817537,0
3.41,-0.192433224728063,0.143621385097504,0.00920260052799923,9.74595489705776,-1.88501548531555,0.0358863845166835,-0.0526754666775326,-3.17898983194002,9.75322358452059,0.193263177890607,760.218893332312,641.96140817537,0
3.42,-0.0398891389222471,0.109255194664001,0.0264628522645543,9.8102297394593,-0.656866745889696,-0.0253046441267577,-0.0844556346298106,4.00799623978408,9.03170538157692,-0.518300288236001,759.871026812753,641.96140817537,0
3.43,-0.299998561076621,0.0776347517967224,0.0776822182611627,10.3044002612212,-0.229847142958028,0.128633974045414,-6.31288797123312e-05,-10.3884202266704,0.0269243803288188,1.55674040902122,759.174604353201,641.96140817537,0
3.44,-0.09228180558121,0.0488036870956421,-0.0425601311430553,7.75524157215866,-0.533786481730432,0.0864455008345148,-0.0568686052348619,-6.20844724233256,4.50984379918852,0.835248848718957,758.167552903792,641.96140817537,0
3.45,-0.192945405937988,0.022338330745697,-0.0466357546936577,10.0810505519544,0.209286078040162,0.0142657423436778,-0.177084538270045,-0.86544109548415,10.039745294927,0.105367934310994,756.916837672352,641.96140817537,0
3.46,-0.223532394125371,-0.00171405076980591,-0.211980397846513,7.97678955983046,1.52637309336,-0.121840828102462,-0.116908309899183,6.07467642838236,5.85058371568931,-0.634703069950958,755.400659048152,641.96140817537,0
3.47,-0.274045522378827,-0.0237236022949219,-0.152374082059901,9.24869301143666,0.637630359000561,-0.20139536623769,-0.0203271158596442,8.98126867531333,0.825064084864675,-1.38666060875287,753.697232746321,641.96140817537,0
3.48,-0.214219760868435,-0.0436592102050781,0.134474336908373,8.03448129012979,0.17104254996844,-0.166572448444295,0.118166989217927,6.57560616927414,-4.75135772917094,-2.15193999775694,751.760567117248,641.96140817537,0
3.49,-0.215807194802537,-0.0611313581466675,-0.136023054128525,7.70514728727105,1.46663028392868,-0.0175666225787868,0.202059050998901,0.259012152965734,-7.19571208026592,-2.93234830441522,749.601064680454,641.96140817537,0
3.5,-0.277410141565705,-0.0771111249923706,0.0426944505617783,10.1240754436998,-1.67574446407425,0.128932220864203,0.250578991166959,-4.35543166264704,-9.39211789302149,2.5541169987688,747.31646422022,641.96140817537,0
3.51,-0.187698867973044,-0.0906991362571716,0.1028955864493,7.85994180156254,-1.04967859281296,0.231534883337692,0.0584826423547883,-7.19245360876,-2.17487219580327,1.73981501541908,744.831036920157,641.96140817537,0
3.52,-0.360678170898623,-0.102681875228882,0.060128643648741,10.8904552409363,-0.00632765713743594,0.247200691776977,-0.197052144633407,-8.39423868309772,6.73339947668471,0.906922253347533,742.224443288044,641.96140817537,0
3.53,-0.238488833894014,-0.113208055496216,0.0498877773694621,7.50636110776856,-0.145940008438898,0.0263980461021615,-0.267484859320941,-1.05118238776242,7.81031634999791,0.0548427373286116,739.520982970643,641.96140817537,0
3.54,-0.337726431045319,-0.121548771858215,-0.0576477955603644,7.56481189089324,2.30856809940094,-0.232463301229351,-0.14737892046482,7.23353195181155,3.29928043753775,-0.817585130722865,736.697801206732,641.96140817537,0
3.55,-0.183005207707508,-0.12870466709137,-0.0592883222145892,8.76543630126527,2.43045700985126,-0.292382036789284,0.0755893696999127,8.34407013463767,-2.85886674773552,-1.71087967159583,733.810630840785,641.96140817537,0
3.56,-0.175062153654229,-0.135097444057465,-0.084173722787421,7.01776078430987,3.20716873683531,-0.0949744993919435,0.275109015663414,1.48836865437746,-7.94759521160721,-2.62518716066818,730.952802829946,641.96140817537,0
3.57,-0.365983280453236,-0.139563977718353,-0.175371234896484,7.53231439409562,2.91284781749023,0.16362586125854,0.251185929272322,-5.34973371399639,-6.2865044240502,2.72219511068236,727.983427649493,641.96140817537,0
3.58,-0.260897109346998,-0.142981708049774,-0.145254175568365,7.77639151497645,0.157038012863499,0.288797166440207,0.0499428205979624,-7.51389850251976,-1.17135092551374,1.76457611916673,724.987762811572,641.96140817537,0
3.59,-0.308066668138086,-0.145399630069733,0.00812761777101952,7.64580054603269,1.69399339322444,0.168569676935099,-0.244078852558015,-3.38119285594375,7.10981061192807,0.784792368986886,721.967258050779,641.96140817537,0
3.6,-0.434725887820654,-0.146723687648773,-0.0598625975011162,8.30915549593021,1.70258464165064,-0.0901780148712121,-0.295692199425503,2.9201095763726,7.72527975353483,-0.217157082153802,718.92777411575,641.96140817537,0
3.61,-0.250527494859902,-0.14690500497818,-0.0952055203921932,9.83517488376184,0.298816438784525,-0.327514303091415,-0.0944926996425571,9.51121783873965,2.41225847499356,-1.24145938086606,715.845603281821,641.96140817537,0
3.62,-0.379472098294079,-0.146227210760117,-0.0783970623289871,6.76570409590927,2.35031077138911,-0.194642985570099,0.224643741757835,4.31964129975838,-6.47165748560768,-2.28821337709383,712.82389043289,641.96140817537,0
3.63,-0.180260722402717,-0.145226776599884,0.0607812019262015,7.09306868741996,0.287859132398395,0.0652204192811411,0.282710934527264,-1.70072212141899,-7.15092312873511,2.92619705362422,709.846663348897,641.96140817537,0
3.64,-0.228861512086159,-0.143023371696472,0.146823569424976,5.42021666311254,-0.563781311848413,-0.259304128512399,0.016609945734999,5.94903320419048,-0.192083019821559,-1.65705748424156,706.818936975541,641.96140817537,0
3.65,-0.249589050415387,-0.140304714441299,-0.136503067770748,6.06245221359324,-0.00742586109858859,-0.100016154035701,0.246461409927533,2.52045424421819,-5.87589344522568,-2.76958418870446,703.882048513506,641.96140817537,0
3.66,-0.218362254419693,-0.137058883905411,-0.0991101837701679,6.19784910943625,0.427959123992862,0.198105983981609,0.183597694678045,-5.22610049208821,-4.32304870287187,2.37967210265499,700.983431287313,641.96140817537,0
3.67,-0.289135117454256,-0.133255422115326,0.149098378287767,6.75902137038659,-0.0822180309568468,0.247681804997524,-0.0879923851587951,-6.23198580358196,2.14388243762541,1.22457742775791,698.124484898999,641.96140817537,0
3.68,-0.206269462956219,-0.129046410322189,-0.0436245295753164,6.44255069025997,1.50562534228166,-0.0120378230576194,-0.25785968953988,0.879003999125855,6.55825394611299,0.0487944639065162,695.333852077006,641.96140817537,0
3.69,-0.141614758314214,-0.124077618122101,0.111280255042874,8.15824785705836,-0.712351560179725,-0.26316265633005,-0.125581726109654,7.59354568874254,3.80222209847971,-1.14747539981315,692.564454110727,641.96140817537,0
3.7,-0.216969493895643,-0.118652179837227,-0.0478896652609594,5.87240041193299,1.3270283967546,-0.149243501620698,0.186538434019793,3.37790593555257,-5.183209679046,-2.3639607958761,689.857619580882,641.96140817537,0
3.71,-0.159933692659531,-0.113022208213806,0.0718865746853283,7.19895287643318,-1.68001519072312,0.0869309287226581,0.236810082947219,-1.8976607444089,-6.87632201009898,2.68321475856571,687.232844582562,641.96140817537,0
3.72,-0.409730559472604,-0.106832191348076,-0.0122696892296034,8.10621014701059,1.26040344346951,0.267742607708409,-0.0767476052937283,-8.21552895343344,3.09606380083368,1.42800831430479,684.63493645988,641.96140817537,0
3.73,-0.289021270075574,-0.100636199116707,0.0251080104182306,7.76021277568114,-0.109336872712379,0.0365695959017552,-0.243031658507034,-1.077194480133,7.29607064528634,0.154039519355551,682.119968176737,641.96140817537,0
3.74,-0.273648599022316,-0.0935401618480682,0.0424740795497969,8.24950705933178,-1.65513544742364,-0.214713585300276,-0.143609846723903,6.59341427355295,5.28084430567947,-1.13834631057074,679.618666496891,641.96140817537,0
3.75,-0.261037192551222,-0.0864112228155136,-0.0478523929080394,7.74200642935736,-1.89051355891452,-0.179038978302408,0.165535664233853,6.28298757925945,-5.03481273382155,-2.4487116983598,677.202407446511,641.96140817537,0
3.76,-0.323019815670434,-0.0795158594846725,0.0239874201284252,8.63513101631137,1.78527811192136,0.183393006443285,0.18172451235299,-6.86840072037188,-5.99577894054122,2.50694891312292,674.891950667168,641.96140817537,0
3.77,-0.290108602175006,-0.0726767480373383,-0.0706957000121779,7.77104763029019,-1.31818427817141,0.209350026464779,-0.0684306923807699,-7.25715857241404,2.00271860740867,1.16298470559269,672.684035906998,641.96140817537,0
3.78,-0.322327419980904,-0.0657712370157242,-0.14590626901193,7.93631675643796,1.71270585254243,-0.0705844470405675,-0.21701295556028,2.88122867889762,7.7544488662857,-0.196961007788446,670.551059758764,641.96140817537,0
3.79,-0.232767009754976,-0.0583687126636505,-0.0452398370551382,8.39602835890006,-2.86874740075968,-0.21858050824406,-0.0595554570189408,8.13744067784187,3.0004037839214,-1.57243481188747,668.449258004579,641.96140817537,0
3.8,-0.276325264444002,-0.0513124316930771,0.0758266837113159,9.43506848726268,-1.47563730463087,-0.0765608322863487,0.212084646402942,3.39351466371451,-8.20577271256951,-2.9627872431856,666.531943024082,641.96140817537,0
3.81,-0.288137336439622,-0.0440304577350616,-0.0943462210426189,8.5719729255223,-0.508751925545955,0.192566218888282,0.0887122463241168,-7.67800972132463,-3.73581090042891,1.9158567011951,664.618057557372,641.96140817537,0
3.82,-0.282379812773435,-0.0367958024144173,0.0976245410542888,7.00963284040923,-0.954913734203189,0.0908782871638007,-0.147120308328259,-3.73457857636162,5.85078607327125,0.497661273032444,662.810801659981,641.96140817537,0
3.83,-0.151094832340999,-0.0294991582632065,-0.0929094530195548,7.63928835663558,0.703896546655108,-0.155179903423864,-0.0922824412154839,6.67016546090452,3.82810462567214,-0.933533357053944,661.019756738149,641.96140817537,0
3.84,-0.166604474927191,-0.0223061069846153,0.0633102040305648,8.1743552089937,1.26443432735459,-0.0996954649282824,0.14770336271551,4.32260794139701,-6.65991437530912,-2.37747498565099,659.316258430783,641.96140817537,0
3.85,-0.288773571801072,-0.0151505768299103,-0.117244349756213,9.41174939513955,1.27956584680887,0.138189507864044,0.135652884071203,-6.49055294400334,-6.321187602983,2.4495378207915,657.673156698893,641.96140817537,0
3.86,-0.0208014145981719,-0.00803522020578384,0.06899416722143,7.07748448314456,-1.55230953874246,-0.105794611130111,0.0966560897517595,5.12983267301805,-4.62083357673168,-2.51092270142139,656.141144389196,641.96140817537,0
3.87,-0.127222122048131,-0.000935815274715424,-0.0311392757543936,8.1883961685534,1.3248825388985,0.131050468625772,0.0992834160073893,-6.62340820841809,-5.02111718945998,2.29337614212158,654.692904481786,641.96140817537,0
3.88,-0.121768656972517,0.00611365586519241,-0.120394988035249,7.42915012149557,-1.362580507208,0.114456773700029,-0.0818828265040503,-6.04700592207952,4.39856047729006,0.804006221408277,653.302300009723,641.96140817537,0
3.89,-0.132674806999301,0.0129050686955452,0.0268683058287912,5.43813733930295,2.81524356278462,-0.0880985304707658,-0.0487133235656968,4.89891856021927,3.04665926721307,-0.695285420201101,651.946862958522,641.96140817537,0
3.9,-0.0766225289829939,0.0194223150610924,0.0204955892547367,6.27934055198794,0.445468757018093,-0.0826223168893536,0.0671347028496503,5.0422102382135,-3.99614716438607,-2.20388228168247,650.701094464897,641.96140817537,0
3.91,-0.0805670568318895,0.0256484672427177,-0.0557812160395243,9.29819392511469,2.48281504487865,0.128817246267094,0.110130127297853,-7.2016832547583,-6.71221480121282,2.56183229270971,649.528372119881,641.96140817537,0
3.92,-0.264362092351582,0.0318978056311607,0.0626630640043485,8.96519712786553,-1.0029033072776,0.126579336009153,-0.0689309968055772,-7.822323182009,4.33818016161174,1.03589536200483,648.455688808255,641.96140817537,0
3.93,-0.115295448255649,0.0383765213191509,-0.0605871150630826,8.50763587708691,2.53077672363987,-0.0892613414989896,-0.102740558691233,5.45087577183013,6.94998776978588,-0.497908440943329,647.366832570236,641.96140817537,0
3.94,-0.181071452010615,0.0445815660059452,0.0889901090196622,9.48472815428831,1.01879296183696,-0.106789621112767,0.0812066998671724,7.46428455890721,-5.12416700411173,-2.03931709331271,646.366954236901,641.96140817537,0
3.95,-0.0966666990830253,0.050172857940197,-0.0415319246213889,6.88599870527183,-0.193769918040348,0.0197554914580874,0.078197301739545,-2.11442526583197,-6.31638889135159,2.6954920540623,645.470651930399,641.96140817537,0
3.96,-0.0420572784147433,0.0555780753493309,0.000551470715312211,7.65649855004957,1.2991986360076,0.0784756949791083,-0.0629117595496546,-6.5955281928902,4.34543690111983,1.14074270832456,644.628785218574,641.96140817537,0
3.97,-0.190401217062042,0.0609035193920135,-0.20919578836499,8.62444090417462,1.14901016557001,-0.0530663749519545,-0.0860631404493541,3.96467183744489,7.21809094017479,-0.420038593562195,643.848901400504,641.96140817537,0
3.98,-0.18757664348323,0.0663747563958168,0.114165924844561,7.70381494309114,-1.34147630749553,-0.0824665222909309,0.00602871111888853,7.29864587034652,-1.70384578744731,-1.98647857712789,643.100140828154,641.96140817537,0
3.99,-0.126954582116674,0.0710840597748756,0.0823725146120512,8.26765308729452,-0.753356712571416,0.0333632252916163,0.093865435258835,-3.15757170833028,-8.08904037597066,2.72513530704922,642.421636450414,641.96140817537,0
4,-0.0708425983704144,0.0761743113398552,0.0270237882610123,7.85883932290328,-3.1206103498959,0.0987163859210911,0.0199714268288164,-8.56219821851442,0.602274605568046,1.14870509327609,641.736847675949,641.96140817537,0
4.01,-0.127631670474932,0.0809435024857521,0.0229253338177482,7.30262895421153,1.52361893826466,-0.0479443026940131,-0.0523069321058851,4.13947436837142,6.44108376120571,-0.432473038514405,641.162116061679,641.96140817537,0
4.02,-0.0386433057317351,0.0854181498289108,0.103422289566633,8.1739985775277,-1.00011814855037,-0.0728309532298246,-0.000931207057398437,7.63231200514055,-1.87385888000346,-2.01777339662863,640.638420384578,641.96140817537,0
4.03,-0.00323143345026132,0.0897678136825562,-0.142938075849429,8.18500409296233,1.44651198937149,0.0547531832878248,0.0557367206419118,-4.82442401488681,-6.93967455757539,2.67623127642887,640.10863966627,641.96140817537,0
4.04,-0.150173890141024,0.094282940030098,-0.101020185618848,8.45900666531489,0.0852849388191259,0.0625782540983293,-0.0296106566481041,-7.4425225935781,3.75136026157945,1.08342682817633,639.605635017095,641.96140817537,0
4.05,-0.0951117873427546,0.0981175601482391,-0.0897718965614157,8.65805623750739,-0.475797511065668,-0.0331986552318302,-0.0572300231882559,4.12581872143817,7.28907330314762,-0.512677584668288,639.19380375754,641.96140817537,0
4.06,-0.106091991340719,0.102131523191929,-0.119425691687724,10.4050614766898,-0.410339041885593,-0.101788892811731,0.032801845453402,9.60702234631581,-4.35381002289845,-2.11184562268192,638.769986987129,641.96140817537,0
4.07,-0.000488891192754089,0.106120720505714,0.0035782162731467,5.56764222632717,1.65864529617268,0.0270267541918349,-0.0156157722407008,-4.32385921977747,-3.81203283874177,2.56918272443122,638.435153310048,641.96140817537,0
4.08,-0.073885984169219,0.109701067209244,-0.0660268696705248,9.31954840319752,-0.350786856059259,0.0573184410010007,-0.0368843868249728,-7.51372621680264,5.05892133325151,0.964775635298316,638.094789270288,641.96140817537,0
4.09,-0.0646148724776151,0.112756364047527,0.0330212930720207,8.29036847219385,1.28794065316003,0.0474352505299966,0.0133570209388166,-7.22483357420139,-3.85369655687913,2.14882750058885,637.872099587915,641.96140817537,0
4.1,-0.0866827765198675,0.115688420832157,-0.0412746381295212,7.02674220650128,1.36182795773095,0.0133135074090042,-0.0203826858776773,-3.74863347333597,6.11196953620477,0.540612912945024,637.676574485608,641.96140817537,0
4.11,-0.0357490426794433,0.118585981428623,0.138525091158909,9.84796479209297,-1.84810340321655,-0.0469347812977555,-0.0643320909973633,7.69746768246827,6.14471548586038,-1.06898565816118,637.441595190193,641.96140817537,0
4.12,0.0389809722557761,0.121692515909672,0.0252734361941663,8.81657458849218,-1.75110292732257,-0.0510277832297587,0.0319912079820319,5.33558871209622,-7.20212245248666,-2.68026664675323,637.239021844352,641.96140817537,0
4.13,0.0204461453454888,0.124136343598366,-0.086051677650075,6.89574901993074,2.05483849441706,0.018786717869809,-0.0318012720521624,-6.76244446895305,-1.01621094355962,1.990516326265,637.13808958238,641.96140817537,0
4.14,-0.00768632559635913,0.126518756151199,0.0729999000613954,9.34459493388009,0.322709603790985,0.0240244049275761,-0.0578818516163411,-3.61690818146864,8.92886598389895,0.377311906630608,636.980887728931,641.96140817537,0
4.15,-0.101342445253743,0.128415524959564,0.0146998045270398,10.611522083225,-0.277707912638246,-0.0669565967608942,-0.0419755957669507,9.57750846270487,4.26759104969535,-1.23662776824273,636.957289300612,641.96140817537,0
4.16,-0.0269031671624209,0.130767032504082,-0.0883206659603806,7.36221331042992,-0.471993579571829,-0.00308551649550589,0.0211101120001445,2.06914598459465,-7.49206751335102,-2.85110363706128,636.874606325179,641.96140817537,0
4.17,-0.0162967712898491,0.132495954632759,-0.0623803175258993,8.20786457170184,1.14083698647404,0.0283938119616298,-0.00560313073213555,-8.01679897364474,-1.38141762104785,1.81721217893831,636.85217244444,641.96140817537,0
4.18,-0.0847878972537739,0.133903682231903,0.26797327115225,8.12598752514038,-1.74872656656449,0.042149556072875,-0.019355181552256,-3.50778430554425,7.6985024436209,0.202396824416409,636.867690571598,641.96140817537,0
4.19,-0.0934676019724068,0.135725080966949,-0.0617051724167932,9.53086728588133,-0.843151002762991,-0.0512710063890375,-0.0220681321409039,9.43981302019086,2.22618844267451,-1.41238686484323,636.831297527587,641.96140817537,0
4.2,0.0148895167385758,0.137187927961349,-0.0407360129140298,9.2366599472927,1.46510816624024,0.0241698985342481,0.0410464519336331,-0.416938571448373,-9.04947968299117,-3.02726930928141,636.842195864695,641.96140817537,0
4.21,0.0250750062419756,0.138359576463699,0.0603787252782874,5.68645289177717,-0.435297297318654,-0.0225331166566419,0.0126053650562693,-5.95770081249223,-1.12562425240697,1.64125940973447,636.932349179398,641.96140817537,0
4.22,-0.111153393672189,0.139669194817543,-0.0721572082174809,8.56584851425801,3.1013919933432,-0.0588242200847692,-0.037438479148716,2.74016685332723,9.03761600153794,0.0271162870101248,636.939802274988,641.96140817537,0
4.23,-0.0459700524724017,0.141118094325066,0.0850516050904938,7.91588358702192,-1.65633828879565,-0.0110580296754082,-0.0276316290179396,7.79463278098543,1.28603221781245,-1.58701439943164,636.964721245385,641.96140817537,0
4.24,0.103834049214257,0.141891419887543,0.00509218684683959,8.35792115843486,-1.76610944790769,0.000400955595457394,0.020228622639416,-0.448342850402093,-8.28113849943727,3.08249204506275,637.062068450754,641.96140817537,0
4.25,-0.0301891450453836,0.142714515328407,-0.115135718665301,8.63291565357332,-0.162905957877266,0.0271813232393149,0.00652937627460022,-8.64546266353041,0.422589074716909,1.46945585830774,637.1579156176,641.96140817537,0
4.26,-0.0220230203851468,0.143561273813248,-0.0707962849055702,5.74818311931915,0.820850251851942,-0.00333138066974199,0.0333950533226458,1.21491902513876,5.62376174837141,-0.1427751935742,637.247922336011,641.96140817537,0
4.27,0.0750197936973195,0.144487202167511,0.064017421440547,6.89409437048586,-0.63548146412953,0.0101381984453056,-0.0172829797374826,6.78738810915485,-0.47475314968348,-1.75445528745516,637.309180608145,641.96140817537,0
4.28,0.00950299059072915,0.145154997706413,0.00257139793894431,9.07777281377796,1.01657595052718,0.0352540846326886,0.0258377102341043,-3.39695150940763,-8.56137262415407,2.91768561446724,637.398504369473,641.96140817537,0
4.29,0.0599340856688158,0.145473688840866,0.114314813308783,7.20954440342328,0.981912807819034,-0.00707618996763749,-0.00949614529179442,-6.85380355761066,2.43008539193512,1.30754320662005,637.57064136837,641.96140817537,0
4.3,-0.0246773442979558,0.145917564630508,-0.0205492738095933,7.15451074491105,-2.45715483365503,0.0493222878989879,-0.00395692358512558,-0.237531289839752,7.35033123027124,-0.301717369039501,637.691558040684,641.96140817537,0
4.31,0.0763605525630983,0.14676459133625,-0.0624945031052899,7.96286611058299,1.9190279643126,0.00359200179423376,0.0380131113320389,6.92790401210613,-4.40375793012354,-1.91029314089393,637.749420323839,641.96140817537,0
4.32,0.0983608131350178,0.147194072604179,0.171849358315005,9.58686864008993,-3.04183592710917,-0.0376302419403352,0.0561025951289649,-0.875429309937006,-9.84264540946309,2.76498677900104,637.85893782735,641.96140817537,0
4.33,-0.110331826103952,0.14730866253376,-0.11995979908946,8.08214060278423,0.515644524642115,-0.00711450275224654,0.0111434961834765,5.82410005205294,-5.7850228478053,-2.33456352209414,638.004477903073,641.96140817537,0
4.34,-0.16411893597932,0.147452488541603,0.0430313061902632,8.13576275581187,-0.245602204769816,0.00114446694207272,0.0237297097425867,-5.49016896138606,-6.46338611343535,2.3427408071963,638.146410086633,641.96140817537,0
4.35,0.051977396278015,0.147798076272011,-0.115754932133331,4.98624592206973,2.29291811080053,-0.0666298044009115,0.00866676347153573,-1.7719206110856,5.18810000381007,0.73764853487542,638.252970438868,641.96140817537,0
4.36,0.0341370409026707,0.148213312029839,0.165350811079857,7.81972591910679,-2.19739194656923,0.0175833696251355,-0.0333830462939898,4.91287102987994,6.61229098619421,-0.866506098948044,638.348634561721,641.96140817537,0
4.37,0.0193715612144349,0.148384928703308,0.0531602284592814,6.52888218803989,0.343431125689239,0.0144674654941038,-0.012311842553809,4.0373251678601,-5.34006590171996,-2.46991551115413,638.463092193842,641.96140817537,0
4.38,-0.113520908681774,0.148180514574051,-0.0181359025191915,9.44942233878825,-0.601163014378811,0.0255685661859411,0.0313059011637786,-7.39229512250221,-6.10610201841348,2.21083592469265,638.615191768642,641.96140817537,0
4.39,0.198390564270321,0.148262619972229,0.0803493654834659,7.17565930296377,1.1859807336466,-0.0204293952630856,-0.00181008749626373,-3.33443184755107,6.34406870921533,0.609464161949268,638.783243885843,641.96140817537,0
4.4,0.110296823556542,0.148072049021721,0.134102717994087,6.98384162391541,0.72554424214144,0.0170402964932879,0.0235723385667571,5.51349353103948,2.99711557317929,-0.990828172108189,638.907873869385,641.96140817537,0
4.41,0.0270137228163438,0.147839576005936,-0.234780842275128,9.32331270734685,1.3498435498477,0.00544540164764055,0.045069676685236,3.72731210674995,-8.71905352823839,-2.58996968111757,639.049432203551,641.96140817537,0
4.42,-0.137963361979571,0.147679373621941,0.205320214404584,8.23960134489504,-1.11855480893123,-0.00384904791144556,0.0194800544358355,-6.37208117058864,-4.7957222963233,2.0951461582648,639.212549643156,641.96140817537,0
4.43,0.0330884233225395,0.147668436169624,-0.0510573427637302,9.44304488405592,-0.591476191470134,0.0355611800435128,-0.0249781289352777,-5.39859948388447,7.92742512021282,0.497885843833823,639.305770505587,641.96140817537,0
4.44,-0.0375317273130207,0.1475550532341,-0.0168727390947841,6.90838975007001,-1.22171677453274,0.0200670670196221,-0.0231629675545882,5.75807860782581,4.61185583146626,-1.09844476140992,639.444768702909,641.96140817537,0
4.45,0.0996681672466214,0.147427022457123,0.13559601144342,6.15893410483633,-1.872532088334,-0.0211560810687698,-0.0363375464245043,4.35325717354491,-5.01749699816234,-2.6939487819257,639.559929672501,641.96140817537,0
4.46,-0.0181650090585387,0.147074162960052,0.0975295663718653,7.80561290373315,-0.163506405045118,0.00138238998437142,0.0113149583140479,-6.96090269626745,-3.70024765099899,1.99481707233171,639.696855317849,641.96140817537,0
4.47,-0.00652583724578686,0.146461069583893,0.174684093822895,8.7855955732504,1.09055861974696,-0.0113424014174895,-0.0198488758082369,-2.37312461593443,7.93742399604288,0.401438301346396,639.861601092821,641.96140817537,0
4.48,-0.0779259524786379,0.146256163716316,-0.118995900031442,6.39213262295364,-0.740821685108284,0.0234012338538919,0.0119116637572397,5.82978502095808,2.18753146402935,-1.19099476053416,639.987779070231,641.96140817537,0
4.49,0.0967659840476753,0.145783707499504,0.035470005716802,6.13253178712418,1.73769843142196,0.0403520152567298,-0.0109764097841273,0.621829005533326,-6.48263880772721,-2.78239166118106,640.123879545668,641.96140817537,0
4.5,0.00395315243905746,0.145422607660294,-0.0672975634170772,5.94001839489999,0.958034491498512,-0.00743362864314898,-0.0411705304207827,-6.69021707828747,-0.448879525998586,1.91032730920868,640.232189851094,641.96140817537,0
4.51,-0.0781671362463559,0.14513236284256,0.0810353604206575,8.44340111803799,-0.807073646422932,0.0296870862377289,-0.00936865598343261,-3.8643004703251,7.56044448970159,0.320615438833805,640.337714806155,641.96140817537,0
4.52,0.0250803432200556,0.144488632678986,0.0928721947218612,6.52197824342665,0.294588228082594,0.0198030441363291,0.0132816055539145,6.12466679547473,1.54465560541945,-1.26809174481554,640.491971572306,641.96140817537,0
4.53,-0.0445319009011642,0.144035086035728,-0.0684584283973591,8.85284833687402,0.0733342835932232,-0.00344146513364928,0.0229665795403932,2.26012812304596,-8.27724335104515,-2.8558939435871,640.605349839757,641.96140817537,0
4.54,0.0382627358724028,0.143393903970718,-0.0525039933082631,8.87554618443717,2.43513435594203,0.0371794308014751,-0.0312921402182872,-8.98784066439894,-0.411419813889899,1.84052579219658,640.736687768595,641.96140817537,0
4.55,0.0734641133473347,0.143001154065132,-0.0539714300130787,6.50410250192749,0.759112057571205,-0.0112684192103026,0.0129770510679968,-1.31144118983642,6.48838480715263,0.254559246002627,640.833624851768,641.96140817537,0
4.56,-0.0799605765913393,0.142728567123413,-0.121036533206781,6.82774941193976,0.386436333983631,-0.0201322415169106,-0.00385554632574257,-6.3172806351039,0.989672259823438,1.45974264754028,640.898020470932,641.96140817537,0
4.57,0.0701489940119905,0.142548233270645,0.00686343685367604,7.71638838302088,-2.37427727076661,0.0438212868025911,-0.0142627976091865,-1.26445295107173,8.01398242884964,-0.125135877064913,640.993974391574,641.96140817537,0
4.58,-0.0450494301221611,0.142144829034805,0.0256001879528673,5.0466204036368,-1.72745304611538,0.0258654351781793,-0.0237418858034078,5.9764929924199,0.169896288284726,-1.70937683141014,641.067907226735,641.96140817537,0
4.59,0.0867065120246062,0.141817793250084,0.171449984096788,5.29607687493042,-2.40890547546788,-0.049499515116286,-0.034817384177841,1.38106359379732,-5.5025706016989,2.99020344726669,641.149434387109,641.96140817537,0
4.6,-0.0420844327529675,0.141347169876099,0.148614227206749,8.87008427456572,0.927280501927523,0.0319629573387614,-0.014812088431836,-8.80752384660171,1.90873111268459,1.40731664791219,641.230363298076,641.96140817537,0
4.61,-0.11880377210478,0.141052946448326,0.0863748194695417,7.79522748761462,-0.615263278243252,0.00490605114381005,-0.021964139843099,1.01718192688579,8.27803567741276,-0.175071501809156,641.322712361371,641.96140817537,0
4.62,0.0503381705471637,0.140429586172104,0.0214108089183762,8.15990619737325,0.538104079327674,-0.013778708644992,0.00807919587195469,7.8219474686803,-1.75651514176752,-1.7568157041579,641.433461866804,641.96140817537,0
4.63,-0.0593267436384298,0.140457153320312,-0.0386641723140747,8.02217278530642,-0.514149828650169,-0.0120531244562339,0.00651920774117573,-0.814326119256147,-7.44925785847571,2.94514418867673,641.45436636686,641.96140817537,0
4.64,0.0797491805116031,0.140053644776344,-0.00202568308494359,8.73822476488513,1.76740977304836,0.0223290119789517,-0.032605760474252,-8.20913201989211,3.10337222960961,1.3643115184164,641.512179760251,641.96140817537,0
4.65,0.0269837076368844,0.139792382717133,-0.0679544091441514,6.75290996082677,0.967931879475682,-0.0242293936705695,0.00574400602260823,2.74343249680376,6.78104424423177,-0.216158479230109,641.542586789924,641.96140817537,0
4.66,0.00816173051702,0.139444440603256,-0.00164004980723477,8.13362270676059,0.140740008943714,-0.0233807082892492,0.00148737079900187,8.20052357355972,-1.69684821830571,-1.79628057503214,641.623136784067,641.96140817537,0
4.67,-0.0716755732663183,0.139130145311356,-0.0815852842779237,9.07013353494749,1.49788111835303,0.0327559202908282,0.0293802129731318,-3.31889418117255,-8.47194453963124,2.90721558514021,641.659030323487,641.96140817537,0
4.68,0.0601815642532886,0.13863180577755,-0.0129424613130105,4.63180334648401,-1.8944348920059,-0.0187689328224674,0.056665403756213,-6.0303356411706,-1.11182171179239,1.32798349768721,641.764223854034,641.96140817537,0
4.69,-0.00110659370229354,0.138377383351326,-0.0293816158370263,8.277653290255,-0.287836077105771,0.00986179301524047,-0.0189933223854297,1.26847282379098,7.89669923663382,-0.250714184701279,641.800004302719,641.96140817537,0
4.7,-0.0633704361997933,0.137872457504272,0.031284787733559,9.79796962287742,-3.57915740931811,-0.0663292188474738,-0.0361264153126528,10.2294098773719,0.00807792501716476,-1.82904895434517,641.849988892437,641.96140817537,0
4.71,0.0163624248662579,0.137663334608078,-0.000881897061597309,5.91969137543411,-0.502654792216739,-0.00403639892211298,-0.0112468591765382,-1.68125599989366,-6.31847623585702,2.87606845524756,641.896797118085,641.96140817537,0
4.72,-0.101650818138675,0.136986345052719,0.0161458064974551,6.12972237270434,-0.84215896813705,-0.0172951972483803,0.0259391210522479,-5.97314007206657,0.619099293254505,1.29848568384964,641.975834213384,641.96140817537,0
4.73,-0.0236432008739419,0.137028008699417,0.111059176151834,7.14234881660055,0.234541625053044,0.00250540818580264,-0.00217915128493051,1.82418103201068,6.94096959490533,-0.278774254733223,641.998117575097,641.96140817537,0
4.74,-0.0792523163645718,0.137243926525116,-0.085189054453958,8.08911200312447,-3.37744901794782,-0.0400554313929554,-0.0538534240888463,8.83845080020269,0.711662459427967,-1.85601141117245,641.940631473746,641.96140817537,0
4.75,-0.0257820124159544,0.136964380741119,-0.0533915350576637,9.57115148352447,0.335246354626974,0.0314627088571121,0.0364811724956648,-3.59565397241016,-8.63438718486172,2.8498362042172,641.966317984721,641.96140817537,0
4.76,-0.0653889804283862,0.136524856090546,0.00544856058494427,7.92003497769376,3.42985536511597,-0.00115081757439771,-0.0622696114550505,-6.70951415228418,5.20739615162646,1.27272689355147,642.032687168243,641.96140817537,0
4.77,-0.12009379939975,0.136321306228638,-0.0228583248295251,9.03838704349704,0.901804475791345,-0.019136940639987,-0.0414174598509072,3.07798969538089,8.82017207007042,-0.30402081865644,642.04941644883,641.96140817537,0
4.78,-0.012790063411673,0.136473849415779,-0.0524094213819702,7.94021150994927,0.362097907431005,-0.00692326055415151,0.00947420829207821,7.09473160136864,-2.62690809396366,-1.88079647775224,642.056171094368,641.96140817537,0
4.79,0.0315901744897538,0.136112675070763,-0.146724670021402,8.3515632251974,1.7281715858996,0.0335748020337115,0.0153505171691952,-3.85539543357786,-7.49100352870318,2.82587077567241,642.083874618252,641.96140817537,0
4.8,-0.127514634331035,0.135674759745598,0.0247572249764314,9.08230989305412,-0.955421498460897,-0.034627225229741,0.00327280857276498,7.25775448674476,-4.53533589513715,-2.24313946913154,642.117818556875,641.96140817537,0
4.81,-0.0370839622021133,0.135219499468803,0.0529375826435969,9.51314693674654,-1.0705924784933,0.016829656826122,0.0562464419392541,-5.25113948829296,-8.28088524222681,2.46404500673691,642.176626016346,641.96140817537,0
4.82,0.0234243736923163,0.13500913977623,-0.0797391172872808,8.781384047362,2.13192289466911,0.00367036057169098,-0.0437846394934249,-5.62585160133719,6.61665944701902,0.888337696082948,642.202163779192,641.96140817537,0
4.83,-0.00855788894163488,0.135282218456268,0.0272910696589604,7.29024339579854,0.575722479408086,-0.0103613480769938,-0.00131663287324855,4.97121655035712,5.50658654507686,-0.68739897301925,642.1663493121,641.96140817537,0
4.84,-0.125944529679386,0.135469779372215,-0.0846477652878848,8.92642659494265,2.5452073874399,0.00437661863458526,0.0380015675325421,5.21246422185006,-6.38173159688574,-2.26343672049184,642.118969318495,641.96140817537,0
4.85,-0.0305693350009558,0.135335057973862,-0.00598829559531283,8.19036905291949,0.991063170514118,0.0247752577187549,0.0101106247694575,-5.75632844609778,-5.89990766970693,2.44365430762193,642.140914164567,641.96140817537,0
4.86,-0.0128536064579413,0.135149523615837,-0.0169744880183406,6.54051698596621,-2.98774310560624,0.036230120859756,0.0548911999255166,-7.16840052298208,1.80514064640903,0.867592082924361,642.148267030301,641.96140817537,0
4.87,-0.12944874364213,0.134861633181572,0.0147382829294724,8.02876644385744,-1.99023064112966,0.0199112698074528,-0.0444617105436192,3.56533725465107,7.55322304571267,-0.70826244636152,642.192565479177,641.96140817537,0
4.88,0.0195325668959372,0.134744212031364,-0.0679398082205342,6.49445852340072,0.0269537364265189,0.0182941410003572,-0.00681567161500035,4.39548796241485,-4.23639896094331,-2.28390948718176,642.193410774795,641.96140817537,0
4.89,-0.049548781672304,0.134459212422371,0.0707933605085188,8.89031629671059,0.96032223485341,0.0472002213079323,0.0189614870235009,-6.94694239687605,-6.23278545892418,2.42364841729781,642.207526710431,641.96140817537,0
4.9,-0.00571042587576488,0.134236127138138,-0.0867038910482264,7.72661786401527,-0.582825602421054,0.0136398701342289,0.00952547462781068,-5.91858123951143,4.15062945270583,0.848215984170836,642.23339480594,641.96140817537,0
4.91,-0.137031619573882,0.133969739079475,-0.020971937456348,5.8707649266403,-2.15147357407459,0.0386803359179688,-0.00515268189433972,2.70864841073168,5.46418245297407,-0.72713499930769,642.256217561166,641.96140817537,0
4.92,0.00130622243596115,0.133699581027031,-0.00580870951621107,5.6881645022268,-0.289131859287904,0.00998185663001747,-0.0284958961898854,4.68482948234154,-3.22487995862918,-2.30224508418223,642.275536341096,641.96140817537,0
4.93,0.113795053048236,0.133615046739578,0.0574599216823311,6.13639708106822,-0.305125864077582,-0.012633398862087,-0.0115927170836641,-4.02870313463561,-4.59079567990967,2.40592086473966,642.276532806544,641.96140817537,0
4.94,-0.129417409793461,0.133790999650955,0.0198008223532554,9.654958222685,-0.489303681599058,0.036245202969314,-0.0150431630534462,-6.97545207167239,5.43575249724229,0.830609770923504,642.22598018987,641.96140817537,0
4.95,-0.12217381766153,0.133515909314156,0.0103538246037304,7.4507216525456,-3.51503671788824,0.0509747309744847,-0.0543958757380488,2.1714619843063,7.8325593786133,-0.744634105416112,642.25733762006,641.96140817537,0
4.96,-0.0556043196755818,0.133743315935135,-0.000794067174378912,6.64914356503007,-0.222364204181392,0.00583955666264818,-0.0105343189626226,4.80783236267653,-4.22617353819737,-2.3199442457314,642.223598207296,641.96140817537,0
4.97,0.081385669043551,0.134073957800865,0.151312241476333,6.22177721057496,-1.63497505208128,-0.0373661911314739,0.0198133883245078,-2.911222473407,-6.09009997059596,2.38758351808713,642.170463382877,641.96140817537,0
4.98,-0.0423403734951022,0.133796155452728,0.00990206743000602,9.57319381404996,1.27764159599634,0.0196682750576256,-0.0496707721771415,-6.05754943462946,7.27162848372482,0.811864453696911,642.202502895159,641.96140817537,0
4.99,-0.0919202780850736,0.133495479822159,-0.0277735399835946,8.62237150200949,-2.34783691040772,0.00165862396508812,-0.0468956241855019,4.71436156198091,7.39133068453699,-0.763694817941646,642.227104748863,641.96140817537,0
5,0.085386790234492,0.133222311735153,0.0687520359846971,6.39625881592918,0.153555350579644,0.0114005548026662,-0.00290423196099113,4.42047109471839,-4.6925901643366,-2.33896868390112,642.247301907158,641.96140817537,0
5.01,-0.0869044845947633,0.133396804332733,-0.00379044468491983,8.20005255913542,-1.27078002928243,0.0162644154646693,0.0262066998524151,-5.67560295505928,-6.29096198146519,2.36875197941486,642.224545482922,641.96140817537,0
5.02,0.0426319342434854,0.133490204811096,0.0606080699666126,7.85519997256442,-1.15120009032297,0.025822202178333,0.00254335404731355,-6.26206269180836,4.75369250495461,0.793228740661502,642.215654243718,641.96140817537,0
5.03,-0.0415476950179146,0.133242920041084,-0.0594931643074983,7.10529242283242,2.80252218908933,0.0203357241658236,-0.0539931473714061,-7.31083308895011,-0.260845055478848,2.00826607443621,642.220567243255,641.96140817537,0
5.04,-0.0321765969378231,0.133277371525764,-0.0586082318689488,7.75638746838438,0.0773769151989811,0.00886153787874182,-0.0210998201634108,-3.38113944535475,7.36293268974349,0.432704230034759,642.21816428344,641.96140817537,0
5.05,-0.0372596592624195,0.133268117904663,-0.0372252167434828,8.406102262101,-2.28294409252731,-0.00643362568114023,-0.0542711415172475,6.65631084575367,5.59569326892963,-1.14281636230119,642.194230632006,641.96140817537,0
5.06,-0.0445417419256946,0.133384630084038,-0.0740100285147192,7.50917932682836,1.18784737782142,0.0266110970597877,0.0260369041614041,1.52460856049657,-7.65653349682503,-2.71862045161268,642.181941481258,641.96140817537,0
5.07,-0.0144370978592948,0.1334478110075,0.116942822860263,6.18647334211743,-0.632010446372022,-0.0177540253002512,0.0157738791651099,-5.47898837739609,-3.62809191570077,1.9887538979607,642.162162005879,641.96140817537,0
5.08,0.0388433892842059,0.133244767785072,-0.15791431471161,7.21880607272564,-0.334843705459648,0.0284830481345123,-0.00776475473639693,-4.23825510016016,6.75652448620326,0.412875386525242,642.172643917726,641.96140817537,0
5.09,-0.0333273500608555,0.133022025227547,-0.0837121110566677,10.484930953399,0.315190664570416,-0.070291013715136,-0.013880761555747,9.89079093726619,3.4655120677871,-1.16284987383706,642.163779887226,641.96140817537,0
5.1,-0.0547082451781682,0.133215129375458,-0.0917237667837531,5.91357858504693,-0.401357050913004,-0.0047987059732804,-0.0191870465247941,2.96058324793105,-5.45065365087377,-2.73877338551011,642.174520158112,641.96140817537,0
5.11,-0.0127242319709624,0.133098468184471,-0.15156599810508,6.88155421404712,-1.35404283393464,-0.0072230274466691,0.00910869226800444,-6.05455566227604,-3.15098814737139,1.96860502252137,642.172032690449,641.96140817537,0
5.12,0.0011723093207737,0.132989287376404,-0.0036015311695719,5.67709299120961,3.18386856639445,-0.0603759668089967,0.00300891175708178,0.349447550777657,6.27173782400538,0.392766164081975,642.174557676071,641.96140817537,0
5.13,0.0632936497550174,0.132757350802422,0.0872486238076471,8.48327822007542,-1.22493864183158,-0.0189789575321014,-0.0302606505844588,7.36865051150793,4.1615718182338,-1.18293754254734,642.19318714927,641.96140817537,0
5.14,0.041515619956222,0.132851243019104,0.058568833189401,8.99454089753572,-2.43793239235449,-0.0494410785437753,0.0286829221864198,5.07123406267489,-7.88046032295901,-2.75869229110886,642.167199068054,641.96140817537,0
5.15,-0.025898152740406,0.13285057246685,0.0541947827486944,6.99935801095451,1.57315967665866,0.0126688309144912,-0.0139663148906687,-7.09859172479006,-1.85712605294307,1.94862465263574,642.184618393674,641.96140817537,0
5.16,0.0347873433042733,0.132724240422249,0.0758681765046162,9.2452851892124,-2.26341570025335,0.0552707284031035,-0.021788303934048,-5.29852019199177,7.55726572938925,0.372720334792961,642.167506807449,641.96140817537,0
5.17,-0.0275866380912947,0.133097410202026,-0.0665841734716443,9.55905006661424,1.86052930460792,-0.0545460073763326,0.0116187575114034,9.22396744115582,1.93532191850868,-1.20335231243546,642.10581275833,641.96140817537,0
5.18,-0.0331748464963443,0.133280470967293,0.0578843901074375,10.0670295301972,-1.54640707237036,-0.0470631012161596,0.0428393955081046,4.84749438129438,-8.65837105751109,-2.77974962933446,642.072338656602,641.96140817537,0
5.19,0.0574795458089862,0.133280649781227,-0.0153052115289576,7.00790497535051,-2.60074381405233,-0.0169727977762381,0.0477348218839055,-5.6947992140578,-4.81300953976642,1.9268659734211,642.066724920747,641.96140817537,0
5.2,0.0534213112598479,0.13323338329792,-0.0771623670709396,6.99991664518331,-1.64222067367877,0.0444686762748927,0.00794269967234818,-4.61403081664055,6.15830043958963,0.350341503287516,642.084645993781,641.96140817537,0
5.21,0.0216854094707511,0.133705213665962,-0.120138850010985,8.42875607747942,-2.96497104795226,-0.00445147136940149,-0.0712804509623187,6.81093944819351,5.93707337872309,-1.22638072827632,642.023836579295,641.96140817537,0
5.22,0.0413665150691825,0.133659347891808,-0.0271834400263617,6.33775617510956,3.24311625477402,0.060464703358148,0.00679314163748227,-0.687880631395706,-6.94047796694172,-2.80333383797961,642.006400185923,641.96140817537,0
5.23,0.0325781553141222,0.133676707744598,0.133088333987765,8.79447322565121,-1.91587194127686,0.0274068569350983,0.0331667550535273,-7.98352448042406,-3.96524691230264,1.90286550166313,642.006378087775,641.96140817537,0
5.24,-0.193001406816015,0.133591592311859,0.058561252924468,8.56699707179841,1.30549285850132,-0.0191078551719672,-0.0293044310163775,-1.27471732642545,8.10155727773704,0.325830959716057,642.024438429777,641.96140817537,0
5.25,-0.116693284379802,0.134002149105072,0.199506683455876,6.96287174677865,0.577165310747506,-0.0028641113796624,0.010270143746365,6.81288847439811,1.68568937429551,-1.25137537673152,641.996099050421,641.96140817537,0
5.26,0.0254130335118746,0.133727163076401,-0.0548964087926219,8.45827199538885,0.899740988956983,-0.00426748933054108,0.0284977368347321,2.37969560285611,-8.09224885785009,-2.82849566903212,642.010609463894,641.96140817537,0
5.27,-0.0956584570272407,0.133960202336311,0.132416240433832,9.55768612929053,0.73060960293285,-0.0394217995450924,0.0155118750774161,8.98857056492536,-1.06670181307299,-1.61498885170186,641.965129190822,641.96140817537,0
5.28,-0.00826400747493168,0.133688390254974,-0.0588187617922313,8.11950640625022,-1.71813679991424,-0.0317717130725262,0.0178509633261912,1.25878496819541,-7.8960364546887,3.09105263103738,641.987640505063,641.96140817537,0
5.29,-0.0324275597843123,0.1339992582798,-0.124643159028983,8.47786788128393,-2.82831289240808,0.0341550404733619,0.053393180838327,-8.72406423866047,-2.26284499158571,1.5137592331989,641.975586410188,641.96140817537,0
5.3,0.0235378179172068,0.133720263838768,-0.0195109427464686,7.32890599562898,0.930729203292557,0.00434211959549779,-0.00169209130457254,0.230738414541366,7.08573516211253,-0.0633973926103178,642.014028732327,641.96140817537,0
5.31,0.0601481172957836,0.133939728140831,0.0228933531561118,8.5557827868411,-0.219867592567604,-0.0269887074994712,-0.0192551123346039,8.36090952359976,0.484105253666862,-1.64059105400233,641.975677515893,641.96140817537,0
5.32,0.0213065325452253,0.133465990424156,0.0479916611276603,6.23015952507791,-0.997467403360049,-0.0182420020890946,-0.0206649216167254,0.400129364987492,-5.95342501829671,3.06555167517832,642.031016238777,641.96140817537,0
5.33,-0.0434260751462907,0.133079767227173,0.0359805134109791,8.63176791336343,2.2677389217889,0.0246897491754385,-0.0485260001161188,-8.19963224541228,2.98317415365008,1.48891100113128,642.071205996102,641.96140817537,0
5.34,-0.0342128548474903,0.132748737931252,-0.00326641486414039,8.17156849552998,0.558260598673578,-0.0269301600700618,-0.0266497221273802,1.96613400108772,8.27699734277191,-0.0874828317210414,642.109128917411,641.96140817537,0
5.35,-0.0760488266110147,0.132810965180397,0.038983491807624,8.55652147915429,1.22477855938607,-0.0356508150204422,0.0221861285048386,8.72877839406558,-1.75884456225053,-1.66388611217641,642.097138184432,641.96140817537,0
5.36,0.0236788209958895,0.132875576615334,-0.146176841501739,8.82597003477536,-0.00896568291670252,0.0161046060899477,0.0399755508639164,-1.48072932129358,-8.94713796841213,3.04285523079343,642.082441222308,641.96140817537,0
5.37,0.0585157208932672,0.132776707410812,-0.075771575148272,7.79235922149122,1.29942424607734,0.0113232381090358,-0.0376692291640939,-7.50776000648843,2.590437028965,1.46646377040422,642.086294653221,641.96140817537,0
5.38,-0.0108496213210923,0.132515102624893,-0.0341475563302121,8.99002486881687,-0.560281156227216,-0.00847661621021299,-0.036005143586312,1.18469357359656,8.72426657535904,-0.10989239683422,642.120609272211,641.96140817537,0
5.39,0.00422931226542259,0.132665738463402,-0.0984980611227836,5.11432537763792,1.97913226334308,0.0442778344517999,0.0208368087846033,4.71285130619132,-1.85720092143344,-1.68621535616959,642.103217290572,641.96140817537,0
5.4,-0.0712154302379001,0.132732644677162,0.0831808503356516,8.6658431815406,-2.28638998266758,-0.0452885629705277,0.0464909034554913,1.42783818304274,-9.25346912314038,3.02061897824661,642.08102851664,641.96140817537,0
5.41,0.074711979941186,0.133024141192436,0.149513404287573,7.46380758503605,-0.820454452293425,0.0199747546839936,0.0162216229081433,-7.93975481689883,0.0577660957020409,1.44398516859223,642.051817913083,641.96140817537,0
5.42,0.0224772750685953,0.132778063416481,0.0320176100281418,8.36176498903779,2.09064931524974,-0.0357781316726116,-0.0194459397772123,2.69156008841653,7.89791228464174,-0.132613809899704,642.08241230841,641.96140817537,0
5.43,-0.0987289279500385,0.132668703794479,-0.0459187562155294,9.30510833646834,-1.16104589073384,-0.0463960110384957,-0.00369501547528943,9.23214142720374,-0.784998365201664,-1.7091196629153,642.063935963695,641.96140817537,0
5.44,-0.100027484156619,0.132991299033165,-0.115879571936757,8.21561744502937,-1.5534110260809,-0.014452924124321,0.0268438874689678,-0.289413026655535,-8.2661218148895,2.99726732743257,642.045162797588,641.96140817537,0
5.45,-0.0598849536325312,0.133129388093948,-0.0569249873465195,8.61533020812293,0.318022419071789,0.0263381985337516,-0.0079512754003961,-8.24424966625609,1.44283595060458,1.42039874838341,642.019943013862,641.96140817537,0
5.46,0.0589733549909615,0.133364289999008,0.062939858439619,6.88285300722768,-0.631246862315166,0.023394411781608,0.00340982563734825,-0.091606103320871,6.76509830168584,-0.15671082190139,641.98643746565,641.96140817537,0
5.47,-0.0429019079783515,0.132943674921989,-0.2415438860789,5.99132911970723,0.0807679160517709,0.014822598806743,0.0186742831582893,6.16869310079843,-2.04835792476895,-1.73369616592506,642.027874527471,641.96140817537,0
5.48,0.00509292322721423,0.132847636938095,0.0448192330182256,9.65305064842251,-0.513625564005411,-0.00301862094756054,0.0532829501082971,-1.0326243936848,-9.55894998582498,2.97269124125956,642.02298604282,641.96140817537,0
5.49,-0.0874593627735471,0.132910206913948,0.0267737799840365,7.88795031186296,0.809131770471284,0.0182634491382282,-0.0301246754461216,-7.8051871483752,2.73152349771416,1.39580033933071,642.039086279244,641.96140817537,0
5.5,-0.00138285988112069,0.132773831486702,-0.055621573846781,7.44333124033538,-0.0108212496022845,0.00423981299722038,0.00560450604727126,-3.75409930522346,-6.31158738348432,2.60963584462641,642.065326573183,641.96140817537,0
5.51,-4.48985143441076,-4.53710651397705,0.116647812508114,-0.867769712057723,4.22736227183042,3.47225174324005,-2.89236314155042,2.67900279659456,2.40968967360498,0.892765189017138,598.974057596174,0,0
5.52,-4.57878138509369,-4.3649115562439,-0.107787767529464,3.61470762025098,4.52631995766321,-4.10506379275883,-1.66182546810915,4.68313468569708,-2.04097157410751,-1.16879787922536,553.131547072518,0,0
5.53,-4.09986031417185,-4.18539524078369,0.0963267579790972,-0.243611664296868,1.61399161235198,1.73794483775425,3.80734355427677,-1.07425689537234,0.104199469388043,2.71890299998739,507.9999826803,0,0
5.54,-4.0570341772596,-4.01427268981934,-0.131439297313737,0.798774903330735,3.40997154604932,-0.0527931869426682,-4.02205783229617,3.31786843795427,0.746449048469967,0.0038893677623106,465.903357594892,0,0
5.55,-3.79185043982349,-3.84364867210388,-0.0174281320272182,0.387195824519673,0.470636490691234,-0.469508271294779,3.81668249114608,-0.412312925087816,-0.500779079206517,-3.01628639105255,425.061165606201,0,0
5.56,-3.61530868946057,-3.67097520828247,-0.0539204640942715,-2.13241208932608,2.73464413889998,-0.217264965526297,-3.61387334094945,2.37277286949551,-2.30245117780355,-0.0458691489681293,385.73374859966,0,0
5.57,-3.4007059042478,-3.50051188468933,-0.152439728242421,-0.726072945039732,1.95593160314784,1.7003764557632,3.03880417036495,-1.8137507190678,1.6387708710898,2.64553947199115,348.466897780129,0,0
5.58,-3.34811804032595,-3.3347749710083,0.0340521791783007,-1.35787740029488,1.06893943478273,-3.1001114896884,-1.13508513725015,-0.806306843361845,-1.60710238391566,-1.21204218828626,313.328175738925,0,0
5.59,-3.09070589196579,-3.17200875282288,0.00624392836564264,-0.749030865124644,2.92007843287452,2.54592905290246,-1.85719554619438,2.36189109350952,2.13900361680268,0.960546767536087,280.202416980531,0,0
5.6,-2.95890400301074,-3.00700616836548,0.0273551347866038,-0.286077081719901,0.684443869607278,0.755206006541855,2.90251443677443,-0.723992620360944,0.225273216800358,2.89237953515555,248.075424510971,0,0
5.61,-2.81169966427809,-2.84490942955017,-0.0607562710336393,-3.02465121042379,1.38819834372401,-2.76560866601524,0.335951113107697,-2.68548170017959,-0.623763871543547,-1.68474523533298,217.155999236238,0,0
5.62,-2.63940839066698,-2.69775390625,-0.0665032620654839,-1.37376875066649,1.27451277247654,-0.520099318353974,-2.61400374869227,-0.0317754207931799,-1.28950547473936,-0.194568422731207,189.701999568102,0,0
5.63,-2.54127417446514,-2.53827285766602,-0.119612450585434,-2.69307980770749,0.137896490864015,2.1996025573905,-1.14574855362495,2.31318301077036,-1.08661198188337,1.09162666994763,161.689065783985,0,0
5.64,-2.28775395505425,-2.39979553222656,-0.0524866545968082,-0.358927014032138,-1.02602294879645,1.94011453735078,1.39018784170316,0.621831776354639,-0.360059496315654,2.18722545493581,137.522960044874,0,0
5.65,-2.31049192117972,-2.25230073928833,-0.122178351941664,0.385269341686409,2.79001087103469,0.134878270167588,2.24974501630224,-2.73218123352672,-0.297314623513478,3.10598322817035,112.830606866202,0,0
5.66,-2.00091179553337,-2.10819911956787,-0.0765567578827824,-0.635651108954386,3.73635556730922,-1.3118837377982,1.63318800604618,-2.52693808717557,-1.68145518200143,-2.43599049744968,90.1510669603761,0,0
5.67,-1.93208314186228,-1.98172307014465,-0.0495198397894065,0.390819679467421,0.160623021383803,-1.90753859836093,0.545642568041907,0.431023941800116,-0.1972217537161,-1.84859509477537,70.4020535211987,0,0
5.68,-1.63223937327308,-1.85832965373993,-0.0190932630494817,-1.16140541496504,0.853837846981067,-1.81093104022304,-0.283758217542425,-0.695318632428771,-1.40301877821535,-1.40151499024177,51.7330191956178,0,0
5.69,-1.68933211214766,-1.7332569360733,0.177000556602859,-0.106775140563879,-0.51676910967223,-1.53405950439409,-0.810008345286564,0.202589919346159,0.534162356327051,-1.08931968758128,33.5440284863705,0,0
5.7,-1.49916350139321,-1.6067498922348,-0.0422630007353854,-2.4685873717663,-2.22074741978207,-1.20538654069211,-0.979672908590285,-2.81280683510089,-0.193953740346871,-0.908583736634648,15.9722919465632,0,0
5.71,-1.45355068227455,-1.48371958732605,-0.214968278784359,-0.267389998789391,0.737843669080107,-1.11648488971496,-0.974520525584177,0.238135678021802,0.127328875414726,-0.852355107786631,-0.425948549785867,0,0
5.72,-1.24647708756966,-1.36442160606384,0.0267558897350742,-4.28533132861193,2.89229799989977,-1.03198994486379,-0.73856523866342,-2.07745492409843,-4.60766574576443,-0.912269854773201,-15.6500254637606,0,0
5.73,-1.18612983120323,-1.25250315666199,-0.187099118190391,-1.82478317680725,0.476184716775465,-1.07394105561199,-0.573402643570579,-1.17017010402093,-0.788384529330147,-1.07807344099868,-29.314189023408,0,0
5.74,-0.99591096912386,-1.14914619922638,-0.0381110433851728,-1.25580441742815,0.799168331955153,-1.09037692146896,-0.23214982300326,-1.0470585115597,-1.57383914431751,-1.33792740809041,-41.3338578408365,0,0
5.75,-0.975775174499816,-1.05315673351288,0.0877280289142431,0.0291307820100867,0.392209515705444,-1.03331684391585,0.122310814610597,-0.328677446963809,-0.388937833271173,-1.68053677926971,-51.9164413928034,0,0
5.76,-0.852297109620803,-0.962928295135498,0.0748030693389344,-3.08403104346103,1.5475762676337,-0.756745330317169,0.469174871123527,-3.50952547611174,0.522194917613218,-2.09646635421143,-61.3843298069713,0,0
5.77,-0.8520265985233,-0.875962436199188,0.0110136682693009,-1.01093144963399,0.215576715548964,-0.454547833509322,0.719526844806502,-0.462740832161571,0.767739632289691,-2.57869664628081,-70.0991110854034,0,0
5.78,-0.727482857027064,-0.789350271224976,-0.0345603899804009,-2.62730650257345,0.382096888974212,-0.0077516919759434,0.727791064101973,-0.333876729975381,2.72375053207987,-3.12327326690556,-78.4359100467337,0,0
5.79,-0.724824415623013,-0.703812718391418,-0.0127887554903358,-0.634384408568675,1.66392880790236,0.399339809499899,0.557046206760367,-0.698067126507276,1.17835509597765,2.55555892705045,-86.2122503705064,0,0
5.8,-0.575793736935773,-0.627401828765869,0.0268616134528732,-1.82366516454655,0.451553116827209,0.558984798124782,0.172824026659879,1.40974650992238,1.38385508840783,1.89976161101555,-92.5114591107958,0,0
5.81,-0.549685926045196,-0.556387007236481,-0.119040732011728,-2.68823708323317,0.65735264212397,0.458470699705971,-0.213163840816481,2.6999733376648,0.74817716686761,1.20155121653834,-97.8798253610561,0,0
5.82,-0.478590145788807,-0.486806213855743,0.0899317422835385,-1.78115905167016,-0.858520893474107,0.213490350694263,-0.387981211562137,0.0977083428310489,-2.04147288974174,0.465477339536804,-102.924806725447,0,0
5.83,-0.415050033267762,-0.419163882732391,0.0967977781626745,-1.53746182022503,1.43939464048305,-0.144452482231907,-0.356594613156626,1.0067071716453,-1.82347936003747,-0.306373387295676,-107.437111003341,0,0
5.84,-0.312412663605465,-0.357816159725189,-0.0276573902249736,-2.69795575046779,1.15299109534627,-0.27713772806646,-0.120266473235214,-1.83607582661867,-1.83415763464959,-1.10725575005954,-110.941933203261,0,0
5.85,-0.417144049959757,-0.300367534160614,-0.0847963358374215,0.237562666047595,-1.58578401114082,-0.276308518439494,0.0866544538541215,0.0852781095772671,0.84403398318912,-1.93154438013736,-113.913126988615,0,0
5.86,-0.0912266314510425,-0.244329273700714,0.123633652998133,-1.79706600620749,-2.67904921073976,-0.123556107168355,0.160028164343435,1.94534776526842,3.09060096452708,-2.77655992929754,-116.505037144593,0,0
5.87,-0.0844299103038574,-0.193555951118469,-0.0496137097269194,-0.331818673050824,1.36486151738368,0.115580871785083,0.149737678141884,-1.3392158309727,0.723296242451593,2.64559334243815,-118.326919147461,0,0
5.88,-0.178939826332614,-0.146390616893768,0.0346513820353095,-0.958581739840202,-0.865550064073547,0.11131379212539,0.0354908895539418,1.26728661224364,-0.369662744811996,1.7732663902621,-119.611512445939,0,0
5.89,0.0131924946949428,-0.101861178874969,-0.0958165128236383,-2.51665520160636,-2.88320756668277,0.0679076406493479,0.0147352896802626,0.299584975005138,-3.72139471305178,0.892778884102077,-120.533431396914,0,0
5.9,0.0754596544598092,-0.0601263642311096,0.0291301108563265,0.115413036292037,-2.08603061254255,0.0348144094061738,-0.0516249724715332,-1.72403996709898,-0.0820449831023902,0.00709552247651572,-121.05466055659,0,0
5.91,-0.0202974440111699,-0.0214052796363831,-0.0402152849957037,-1.45562310050985,-0.0355988391475841,0.00856779482322434,0.0240903856450045,-0.9878109392457,-1.66974510440764,-0.880924217813619,-121.142462135543,0,0
5.92,0.128751267794616,0.0141966938972473,0.0052344751952612,-1.27940321980204,-0.853808221121822,0.0324293918448157,-0.0241060588552772,-0.588626665143238,1.00407934394578,-1.76800409527296,-120.869665663169,0,0
5.93,0.111134440355189,0.047568142414093,0.0886162631164551,-0.344034606725141,-0.781428352650545,0.00727656270370453,-0.0594451934934519,0.917164242868078,0.5721351994193,-2.65206464989353,-120.29614978109,0,0
5.94,0.0491032747768697,0.0779373049736023,-0.0555471329143961,-1.27858302148812,0.354197203365328,-0.0349962238323942,-0.104486033970962,0.14021748787032,1.3030482740678,2.75251998166908,-119.339143379721,0,0
5.95,0.0284763245489022,0.104732155799866,-0.0141676428122973,0.353716829627824,0.614862647493947,-0.100829826351535,-0.04713939106888,-0.26683361862106,0.642878546248637,1.88250056336307,-117.99654533756,0,0
5.96,0.191363434203568,0.130710780620575,-0.07462328178374,-1.00989699830556,1.73746311353442,-0.156462834514108,0.0596721499973408,1.95445081030282,0.601184012285218,1.02251207805177,-116.601706940848,0,0
5.97,0.171419973627528,0.154249310493469,-0.0695224086312131,-3.50009662427815,0.89520409434398,-0.0572996077402972,0.207058792639688,1.47620414801809,-2.41991376690297,0.173552691784673,-114.930142387843,0,0
5.98,0.178203726885644,0.17365688085556,-0.0410099803092141,-3.34523439675407,-0.520124179627321,0.16050672398111,0.179914281096415,-2.48863359892521,-1.87014365240824,-0.661248735113527,-112.812130549908,0,0
5.99,0.146144025719588,0.192681312561035,-0.0717618777596933,0.762656041999456,-0.895699824875351,0.192776606756213,0.00969666038603319,0.295198086268087,0.416114479956281,-1.48060907776675,-110.742329164917,0,0
6,0.115843240591557,0.209528028964996,0.0360272005217534,0.530453744715839,-2.72025191286276,0.135188794136656,-0.16882372627002,1.42068190725644,1.36371043697025,-2.28423464708522,-108.456217639361,0,0
6.01,0.286362746617387,0.222879827022552,-0.103905059147312,-1.82906039405873,0.363301903086379,0.0257250494711433,-0.257347843491808,-0.45599482367286,1.41318402717941,-3.06964319273863,-105.808604983089,0,0
6.02,0.218881122886116,0.235734283924103,-0.0825999758784877,1.39355050347989,-0.0102553708632052,-0.129525860142338,-0.172661767491944,-1.28050830737282,-0.688481605894995,2.44734781898211,-103.253783325599,0,0
6.03,0.190367831890412,0.248116433620453,-0.0681419190815663,-0.917557482167994,2.9606387083512,-0.272208290992391,-0.105559905816563,0.970154242119443,3.64158333086007,1.69980226039318,-100.675198430632,0,0
6.04,0.244252641891019,0.257340401411057,0.12940482661405,-0.750977921829615,-1.68101037137398,-0.213789800934504,0.182162489205883,-0.221647390538111,-1.66731343039115,0.972148261479349,-97.79657137001,0,0
6.05,0.243359884296423,0.263994842767715,0.0618548408463383,-1.78298878169322,-0.651906102095428,-0.0608739386114799,0.29572585749036,-0.528830865012011,-1.72678852750759,0.266591661245364,-94.756096706026,0,0
6.06,0.284183736045973,0.271343976259232,-0.0347985342798701,1.23363860130614,-1.25485176771918,0.13134916364158,0.22204650259011,-0.93090629145137,1.61082546346916,-0.41762593889744,-91.9230984145054,0,0
6.07,0.328731541313318,0.277482092380524,0.136636941889921,0.385770870640347,-1.47668920228612,0.261816347316277,0.103146954439639,-0.550455880817525,1.53289344475851,-1.08088008530918,-89.0023006125845,0,0
6.08,0.266306068375314,0.280503064393997,-0.0223790575088742,0.279370006418058,-0.0564368146460122,0.2755145737286,-0.0477963928761984,0.425390291717152,0.231194703019005,-1.72175228712386,-85.7878185793654,0,0
6.09,0.212188711341124,0.281598150730133,-0.0722264553306988,1.42209907894914,-0.139066233489157,0.175855839245134,-0.181564557556853,1.58497594298621,-0.93201581963204,-2.33847940240753,-82.5258773475176,0,0
6.1,0.244439248066351,0.283602356910706,-0.186964664798771,-1.62485860465316,-0.22576370390406,0.0667017354748722,-0.31222464531217,-0.31314589917376,1.4103089093937,-2.93210900355435,-79.5127238984477,0,0
6.11,0.392274822241198,0.285783588886261,-0.0676164742739364,-1.17201053220515,-0.267376009553365,-0.143235832077936,-0.293656050230061,1.9739313225936,1.00581315919909,2.77884743740072,-76.5853819911992,0,0
6.12,0.214164897471515,0.285711318254471,-0.208900744985443,1.82451946058961,2.02136848586454,-0.183769212570056,-0.194140628473738,-2.38399130386621,0.765949779753729,2.22878865019891,-73.4949114656806,0,0
6.13,0.234174038143795,0.283521920442581,-0.0152640186401676,1.74722597380483,1.42164949209162,-0.258437221652897,-0.0533878369472706,-1.46811131304147,0.771293019588616,1.70178013022354,-70.2689679432891,0,0
6.14,0.244414819394836,0.281577587127686,-0.193948148125908,0.577957464223404,2.62573295739801,-0.268618019460547,0.0384753078107237,0.00475214402409319,3.32970167294841,1.19787054420873,-67.2095979703195,0,0
6.15,0.484934914450507,0.28009021282196,0.0361414322235847,-3.09333640694835,-0.214329649522565,-0.241556530415269,0.258832391606536,2.66496592395926,-2.1195211417219,0.715754760386066,-64.3339130393593,0,0
6.16,0.328005516077821,0.277798771858215,-0.0776741719034187,-0.841849644053457,-0.53389249179383,-0.0676741857222138,0.297311506677325,-0.201946324774743,-1.09655077627034,0.254645467883709,-61.4674767667776,0,0
6.17,0.241670627107752,0.274417281150818,0.0383063283293366,-1.84487163024703,-3.45512692799484,0.112907611042248,0.303526791805137,-3.05822470045061,-1.35736047181413,-0.18533622162689,-58.5629034395804,0,0
6.18,0.312242119261821,0.268794864416122,0.1040942783844,-0.204543669049273,1.43680504076445,0.138624692808911,0.232246209666752,0.887053198677646,-0.267598503867364,-0.603343200975008,-55.4702557503654,0,0
6.19,0.270396292682785,0.261847615242004,-0.059554874539716,0.161597055644159,-0.090962978089171,0.229271280319715,0.135577854898617,-0.175524933712217,0.49807375832165,-0.998435010796314,-52.3578569301066,0,0
6.2,0.348954324404872,0.256169557571411,-0.0991285290497127,-0.322108061688967,-0.358887792608715,0.272080076057039,0.0424697947822863,-0.717724928275124,0.478667442706919,-1.37178714397556,-49.5383344643471,0,0
6.21,0.326829484261622,0.250730663537979,-0.0436151418852559,-0.701758642211489,2.29617408060833,0.266660767217531,0.00910308544236732,-0.611977556317115,-2.43575799398939,-1.72516795939052,-46.8591741428141,0,0
6.22,0.138474623280934,0.245579987764359,-0.0475778904315386,2.7788997404208,0.00296932698518659,0.164518010696367,-0.106988895782389,2.91619980387238,-0.569594174224559,-2.05928962859348,-44.336136669732,0,0
6.23,0.3637760353204,0.240048095583916,-0.04827368326778,-3.8636469559543,-0.735848536296484,0.218987728873799,-0.227644727067439,-2.39053818475238,2.49278589267629,-2.37521609176372,-41.8483952604858,0,0
6.24,0.207949535963114,0.233792692422867,-0.0130539292051723,-0.628614500722783,1.51355755074397,0.142989700255245,-0.212349613646206,-1.71829232087415,-0.113551243540312,-2.67293688912667,-39.3811263064898,0,0
6.25,0.147863117969249,0.226737514138222,-0.00889295481404447,1.25022486416913,-2.25833540626475,-0.0253005371921574,-0.216843950994281,3.46448917876365,-0.623051620278838,-2.95241695608726,-36.8681496902355,0,0
6.26,0.266685077373766,0.218071132898331,-0.0572712737162334,-0.747276605361723,0.133268900943303,-0.00591961696045826,-0.235113682307001,-0.508903395349573,0.543682781664981,3.06995925883949,-34.2849203310753,0,0
6.27,0.270572828764791,0.208698004484177,0.0327503537440065,-3.12264423950393,1.83693402610939,-0.0623517616714907,-0.271063080084058,-0.202686808054206,3.3055803389896,2.82823304310338,-31.6969313529072,0,0
6.28,0.219561239825586,0.199613839387894,0.0760655501049308,-1.02005545386112,-0.514818540303874,-0.116130386608854,-0.198258118421716,0.532884516155904,1.04478627599121,2.60492822176464,-29.2643806360002,0,0
6.29,0.256304289955763,0.190902888774872,0.0450590490797499,-0.308679988992165,-2.71990045735708,-0.175789235407664,-0.112425845359733,2.10985330704827,-1.66129326153887,2.3988598274037,-26.9814380367129,0,0
6.3,0.219712234940909,0.181981429457664,-0.224502954059274,-1.999188891294,2.88134350011295,-0.170661371945381,-0.167648801761841,0.956912803572012,2.75811107737817,2.20946262686161,-24.7804661784496,0,0
6.31,0.216414740191799,0.17499752342701,-0.0134653395183592,-0.0465699156067703,0.259659844334662,-0.156926653928455,-0.0894147297563612,-0.278949216486775,0.403550599883926,2.03484361745319,-22.9050538821617,0,0
6.32,0.117546450708995,0.168242081999779,-0.118812465607812,-0.626352373575803,0.326966826633836,-0.161868296414905,-0.0606801741315274,-0.257208128958263,0.425571677035701,1.87353694074638,-21.1247437238601,0,0
6.33,0.163432930490539,0.16198505461216,-0.051768202547094,0.825749767038323,0.373893622588712,-0.153916556505925,-0.0303385673403651,-0.639996405527474,0.222855318766104,1.72479121114005,-19.4862558925731,0,0
6.34,0.0817147618272539,0.156362891197205,0.0559639130993008,0.855399400108498,-0.265917304255591,-0.143922364670704,-0.00637035964595981,-0.957378788554964,0.182157906496381,1.58750328387081,-17.9929196553611,0,0
6.35,0.0365264837006568,0.150776579976082,-0.071302091000458,2.4919013048487,-0.494642432401233,-0.119342152795343,0.0154018615258721,-1.86083294099901,0.0933400995488808,1.46089416014555,-16.5761704438921,0,0
6.36,0.193544657975995,0.145538836717606,-0.0717384286712446,-0.38636835811312,1.63771095939809,-0.160993145451341,0.00788000123746227,0.63058275114001,1.31623961395207,1.34444532097952,-15.2303780577689,0,0
6.37,0.134310663429193,0.140099465847015,0.0653926641060155,2.14158424956062,-0.787563396264657,-0.0976037769531249,0.0404610730055749,-2.05780792907286,0.378150019607429,1.23756343208763,-13.9075251214513,0,0
6.38,0.162464820370783,0.135130897164345,0.0885611171264078,0.527484759786024,1.46354200753984,-0.135261548817336,0.0321931805706873,0.318587514959766,1.35458031550135,1.13993935550622,-12.7214740069263,0,0
6.39,0.143050108723446,0.128675848245621,0.0166909931763756,-1.63911868293956,2.51008388080742,-0.179030898896092,0.0370862185685704,3.07469550830687,1.50811377926427,1.05163304846604,-11.3757608313333,0,0
6.4,0.149542836227571,0.124273091554642,0.0200219450308874,1.9855485197909,0.25360385787853,-0.0684914665162036,0.0516803879299488,-1.98699501090812,1.10779001835126,0.97209935063823,-10.3875801525811,0,0
6.41,0.11191694771254,0.118926584720612,0.127332644747676,-1.22312586550488,2.29984157975238,-0.145107332171029,0.0506035089983078,2.33542858125977,1.37870341400046,0.899916347747932,-9.25856913867117,0,0
6.42,0.178929881526409,0.113476693630219,-0.20795927661549,-1.17556164409407,2.32077376544012,-0.136928341024923,0.054741905457291,2.38914501684495,1.29641334934586,0.835775973110514,-8.1873691568239,0,0
6.43,0.0091347907303535,0.107880666851997,0.0683970959530327,2.75204184448005,-0.566176667910335,-0.0357872765584985,0.0551423861748003,-2.24038471067082,1.31883208751489,0.779540332442824,-7.15878225901834,0,0
6.44,0.119491753370814,0.102232336997986,0.189027795454789,0.69798255574218,-1.21128953261145,-0.0596969435937958,0.0936056454712918,-0.653922782202632,-0.623839956462064,0.730928770256946,-6.1204886053263,0,0
6.45,0.110146090206961,0.0961569920182228,0.0170488309468224,1.51072465168746,-0.261772799453498,-0.0265241331882395,0.0529419576768483,-1.94926472306235,1.32138455872701,0.689801044508028,-5.12135209804354,0,0
6.46,0.0641727198788025,0.0906222015619278,0.0382795401196928,0.65295836741709,-0.873294039640724,-0.0407733849726911,0.0762231509632166,-0.931240836989773,0.0471268146940492,0.655750959301689,-4.17829805839318,0,0
6.47,-0.0288349764352574,0.0851457566022873,-0.0677111899645961,3.46171473211731,-0.810477932336514,-0.00636246930729887,0.0270799880335037,-2.38401033029545,2.36277133196355,0.62836812882675,-3.30817638765377,0,0
6.48,0.156478968465098,0.0793917253613472,0.0436624546900038,-1.44284017297465,-1.17744104870899,-0.0507369933252278,0.114666741027043,0.0769514374894333,-2.19725584209255,0.60732090690499,-2.46140312228682,0,0
6.49,0.0535165638454111,0.0740600004792213,-0.0640331398382646,-0.858160347249785,3.2418887138417,-0.0986348807251401,0.0493738115969585,2.67818822544521,0.885589240737679,0.592213775812799,-1.66934750310744,0,0
6.5,0.0866288257829997,0.0689229667186737,0.0119561655880075,-0.837266531524311,2.22214349761311,-0.100452336291063,0.0497246897710639,2.94252867461786,0.674985166358287,0.582668069808771,-0.926793122359595,0,0
