t,iq,iq_ref,id,vq,vd,ia,ib,va,vb,theta_e,omega,r,"T_ass:0.82,S_pct:0.16,kp:0.0277,ki:0.0072"
0,0,0,0,0,0,0,0,0,0,0,0,0,0
0.01,-0.622449962411319,0.0206652954220772,0.0043993588938141,-0.194409847116356,-0.220002508368317,0.171771436283501,0.59829581624948,0.265993050442099,0.124273848659576,2.85494354595908,-7.8887729070214,0,0
0.02,0.521250711765546,0.00536262476816773,0.0483691317947992,0.455505727712174,-2.42088157415593,-0.209785549492241,-0.47961640990578,2.15493906923675,-1.19347839190466,2.82179321259054,-1.15852063967128,0,0
0.03,-1.32841796087212,0.0478266626596451,0.00826399338288211,-0.938135749971782,-0.412437490524605,0.498112225166837,1.23152214088647,0.738543196182111,0.710462748030087,2.75101900053996,-18.1446266625433,0,0
0.04,-2.57322124059971,0.140690788626671,0.00685468498493508,-4.25546699409661,-0.336853842322759,1.54584851000139,2.05715019478555,2.83424798095632,3.19210091184133,2.49449941224959,-51.7195977209024,0,0
0.05,-0.726017691152198,0.175635546445847,0.00982765370613828,-0.468635774339219,-0.488748932710566,0.629100587167039,0.362533752731277,0.647447878805217,-0.198258045099968,2.08005130066333,-61.229248459083,0,0
0.06,1.67655388185117,0.118852868676186,-0.0111842571817501,2.01391721612649,0.558096458647323,-1.65762542518579,-0.251467604546954,-2.07313103216556,0.26355632042799,1.71468100563902,-38.2670770355844,0,0
0.07,1.79914606884474,0.045484509319067,-0.0224678568411639,1.96618936540643,1.12401779125235,-1.79847393112229,0.0540638576504391,-1.91661008606457,1.20661609208758,1.52825699623979,-12.6823082245402,0,0
0.08,1.0741247943885,-0.00215477030724287,0.0402750779441828,0.835451692763012,-2.01562591223362,-1.06768094020218,0.124191649286574,-0.990594157018647,-1.94408090497508,1.4924758054517,2.72752764368039,0,0
0.09,1.85882794068489,-0.075345478951931,-0.00123872926197166,1.24120345645362,0.0636247489846115,-1.85739094476682,-0.0730871111703121,-1.24273518480459,0.015600943704285,1.60945897503176,29.0022164877549,0,0
0.1,0.800319927055876,-0.111882343888283,0.0455504932016448,0.189929277025811,-2.27938864410026,-0.779482361518605,-0.187067049891247,0.475142882768282,-2.23739244704174,1.86318475196547,40.0005230146584,0,0
0.11,-0.126647653937915,-0.112035915255547,-0.0330827944909556,1.78063008896905,1.65492664128359,0.124010748898627,0.0418978960916912,-2.39690947263629,0.405278523682842,2.15212230344289,38.7684260838764,0,0
0.12,-0.279490231057378,-0.100026689469814,-0.0107190339698968,-3.42681925598631,0.535823216003479,0.192769301998485,0.202656564543987,1.8628057031802,2.9257736830121,2.41952666858229,34.216697037078,0,0
0.13,-1.32225381215065,-0.0534602217376232,0.0352970735727463,-2.01059936895549,-1.76755099598421,0.644071820389361,1.1553235552563,2.54586800266978,0.827829969759019,2.60633514463379,16.8347787078496,0,0
0.14,2.47108899969197,-0.130189716815948,0.0230702641108906,1.53640525433523,-1.14973195900593,-0.749086093035175,-2.35492741007151,0.64680629153346,-1.80667271644348,2.84295626308768,48.0225223498631,0,0
0.15,1.12393638828419,-0.178294450044632,0.00560193642385176,2.28910932776793,-0.276798192176839,-0.39712168643706,1.05145554007879,-1.07792084088902,2.03831435613932,0.366108980381159,62.8294810645299,0,0
0.16,-0.0912494122638696,-0.180763274431229,-0.00954979920840786,1.22497486630184,0.479004066053389,0.0604429958837584,-0.0690238955146585,-0.572987073054226,1.1839316418103,0.823492645797844,61.9583936473769,0,0
0.17,-2.02676407845192,-0.10954787582159,-0.0152720393704867,-0.488848423132474,0.762346394837972,1.86639388773626,-0.790303562379869,0.743536465054327,0.517009024733685,1.17778382527284,34.5978687489758,0,0
0.18,0.738424454318528,-0.128012031316757,-0.0232650195367659,0.378726082010234,1.16706109134116,-0.736870354387915,0.0532354834099423,-0.255984954987509,1.19997364093437,1.46718036327703,44.6744516023573,0,0
0.19,-1.56246661091515,-0.0703711733222008,-0.00277195230519589,-3.04498933701312,0.137851242615664,1.54776267382371,0.213869818960841,2.99647364427274,0.558666919365316,1.70988087846504,21.314566702526,0,0
0.2,-0.847591330525074,-0.0314279720187187,-0.0217854289758627,0.658291036568393,1.09018034912012,0.826716282264147,0.188217579243479,-0.907139492747978,0.893833442611601,1.82034669485031,8.99057420649015,0,0
0.21,-0.731667581353509,0.00126645143609494,-0.0177742580138646,-1.55334917704546,0.889851106115888,0.709149747865369,0.180997262283497,1.25438834985883,1.27719948505389,1.84498056847204,-2.17874388517128,0,0
0.22,1.18993505085907,-0.0415385216474533,-0.067745330342122,1.07654950957711,3.39145743620031,-1.10707986932598,-0.441485014444772,-2.0961819104235,2.87523282301493,1.89338285884377,15.4029787415265,0,0
0.23,-2.79218981725819,0.0623800493776798,-6.28982805321865e-05,-5.02192958536922,0.00641155531019132,2.6804674850803,0.781932248333427,4.81916259047602,1.41261806409399,1.85465739450905,-26.3557204927582,0,0
0.24,-0.12960967229599,0.0818959623575211,0.0232199981194737,-1.77514071097943,-1.16269560886389,0.127353696029254,0.0334495377102695,1.86194898082382,-1.0179055041884,1.65037296780757,-29.0803867826201,0,0
0.25,-1.23078073618518,0.13077001273632,0.0774405039338605,-2.77319545782298,-3.87467213264573,1.22142892472435,-0.170087136670553,1.94291903770652,-4.3507198020223,1.36959651972259,-47.3956549839059,0,0
0.26,1.09840987629873,0.0976774692535399,0.0381450270496856,-0.787194730637877,-1.91138961231907,-0.948748431831596,0.554829444546963,-0.214144507811316,-2.05602235488808,1.07634075484089,-32.606958021832,0,0
0.27,2.67679593003809,-0.000998700736090541,0.026643589726518,1.61027493388879,-1.33294527189031,-2.19407517413777,1.53361679117513,-2.08167165695939,-0.190713327214552,0.970707812531988,3.60228031266145,0,0
0.28,-2.24425799593883,0.06461401283741,0.0437243598217333,0.0931271892249299,-2.1865544886503,1.77455678174903,-1.37461049040291,-1.44492818378548,-1.64373834563537,0.89224223714186,-25.5265456388458,0,0
0.29,-2.31086494205444,0.154836088418961,0.0296644966801369,-4.11608975076678,-1.4801321586361,1.31025109435365,-1.90373812078359,1.05996598057636,-4.24375519598114,0.589961377768265,-56.6671635447833,0,0
0.3,1.08161581427566,0.126479268074036,0.0645128113583996,3.49223784309861,-3.2312165068521,-0.179827584644165,1.06851144697734,-3.93242059465347,2.67816234266498,0.226309082610246,-42.2478958763522,0,0
0.31,0.845530915725518,0.0943936705589294,0.0350979372034399,-0.20771881319112,-1.7577640907864,-0.284524115190716,-0.796994618876759,1.74018762884758,-0.323463631058421,2.84018483662154,-31.4516946316611,0,0
0.32,-0.65569589858326,0.113964296877384,0.0358778767716178,-2.01810619688841,-1.79429230641683,0.319779251919608,0.573555196561136,2.59467825283441,0.748252809586561,2.57831721815542,-40.0825440924596,0,0
0.33,-0.187895032712303,0.124346129596233,-0.077814911994058,-1.88910996005123,3.89569785261528,0.193661914246791,0.0620867684524539,-1.07687933883383,4.19351035406244,2.27367420906684,-42.9685677508239,0,0
0.34,-0.301135644923496,0.136436194181442,-0.0701114937092588,-1.22272312529031,3.51079416388051,0.30599304773306,0.044345833317983,-0.139501621401275,3.71500562582126,1.94346711504068,-47.1396514335196,0,0
0.35,2.28078462050942,0.0558893047273159,-0.047124005701054,2.85435493816947,2.35739960702986,-2.2513038436679,-0.368551435422139,-3.15849596791742,1.93095267702925,1.71240438447846,-15.6965925717033,0,0
0.36,2.27594834573278,-0.034171499311924,0.02886159522674,-0.656354030900178,-1.44355508317335,-2.25745106210751,-0.291013000246536,0.852554879786427,-1.33708715833594,1.71168191796521,15.2410583350615,0,0
0.37,-2.36295169947736,0.0400347746908665,-0.0376284351426129,-1.90163009315233,1.88535281563821,2.34566452410082,0.287775213611426,1.62420453806598,2.12901664369806,1.70879317231215,-16.5917455781971,0,0
0.38,-2.3251934065069,0.136626973748207,0.0424206454766041,-4.51050093768116,-2.11715558293194,2.31660426439778,-0.204128809823243,4.26084932443068,-2.5830465550704,1.46466589700421,-49.9612874048183,0,0
0.39,0.153436493825736,0.14232574403286,-0.0168480809089687,-1.70713460722758,0.84339272325168,-0.144586727869572,0.0540489925143889,1.9040415383685,-0.0156739591451486,1.10369634696603,-48.2919571165766,0,0
0.4,-0.608002571172593,0.16534087061882,0.02909640449497,-0.63470326470673,-1.45622010986973,0.421556721143299,-0.439094133604549,-0.680296112877815,-1.43548683080749,0.71720482073402,-57.1240902040326,0,0
0.41,0.919870662758144,0.133744314312935,0.000324766067277105,1.44194385899223,-0.0189067261671656,-0.312547480152422,0.865145198406879,-0.50819239244049,1.34955550054282,0.347028868472678,-43.9419296816189,0,0
0.42,-0.293825480480158,0.141528397798538,0.0806283405752067,-1.98420976280075,-4.03580978307059,0.083380554908748,-0.293056351827454,-4.0170225661987,-2.02197395892541,0.00937904023197383,-48.2223452879768,0,0
0.43,-0.758611345725619,0.170997589826584,0.00774616235495856,-3.77176194456293,-0.386399159726562,-0.27648748165359,-0.706474238301524,-1.76876333175985,-3.35365006423036,-0.38324872033505,-58.8510150275085,0,0
0.44,1.01856120339631,0.139850422739982,-0.0387520404986,0.862356154712758,1.93771033425282,0.678335611601065,0.760808414609589,1.99419173501868,-0.722204126978174,-0.766181451270127,-45.6338294427844,0,0
0.45,0.106680543798529,0.131549045443535,-0.0252262794268156,1.14118791165372,1.26280338150864,0.0831849788765266,0.07139581842224,1.5936253139732,-0.597779715880414,-1.0937165858194,-43.7878083154636,0,0
0.46,-2.46452110371918,0.216085091233253,-0.00565932320496376,-4.52264204911209,0.292614185599549,-2.46295706095324,-0.0879705320941308,-4.50826108999978,-0.464215586128819,-1.53279774579741,-76.2383321588845,0,0
0.47,2.26989999361988,0.14652544260025,-0.00120920146859782,2.92870412396504,0.057394824786319,2.08072595903351,-0.907208314891249,2.66103393767056,-1.22454089119458,-1.9824845340047,-45.6481707316814,0,0
0.48,1.15424664858225,0.0947410240769386,0.0363319893333643,0.272273394182977,-1.81901936403728,0.870272892444725,-0.759098433596183,1.36269407678853,1.23532550407087,-2.25660216535242,-29.2227310784561,0,0
0.49,-1.51943214015113,0.149792551994324,0.00251043171422104,-3.84160203834545,-0.121748072136419,-0.844881406566126,1.26287597951283,-2.02954201786303,3.26399877631983,-2.55361911507381,-52.0053573487227,0,0
0.5,-0.871284977720585,0.191108256578445,-0.0178117382834684,-1.63340000235528,0.892429739165424,-0.119439250522972,0.863243323667638,-1.13821284301452,1.47271787217983,-2.98366429794428,-65.0966207288016,0,0
0.51,-0.881963587913786,1.46578884124756,0.0275158143582825,-2.66582890202411,-1.37580346826565,0.299980233216907,0.829836580372719,2.26266339404311,1.96972924114361,2.7635276293743,-79.4068263641202,424.039460170402,0
0.52,3.68615569173951,1.34770810604095,0.0261859288911015,2.12482597412347,-1.31580936022175,-2.62436357102289,-2.58865705216111,-0.571442286434326,-2.43304200663113,2.35644884907265,-31.4765819438634,424.039460170402,0
0.53,1.86796775296446,1.27237939834595,0.0165575162093838,2.26802433092447,-0.829170279268873,-1.50075295447573,-1.11234807820686,-1.31042607877679,-2.02835924080275,2.21750098733731,-6.69503433415535,424.039460170402,0
0.54,-0.978918504559158,1.30283856391907,0.00672152687528682,-3.76498393046579,-0.335683853705644,0.830850027377278,0.517701506178077,3.38458524964132,1.68296474538676,2.12116101929494,-19.8192898216468,424.039460170402,0
0.55,-1.43219709911603,1.359867811203,0.0341181749691924,-2.79983768286222,-1.70528852848767,1.34147043460351,0.502801803561072,3.20469674025417,-0.690665489778657,1.90558609844876,-38.8253086111543,424.039460170402,0
0.56,2.00828782974027,1.30401492118835,0.006605729094599,-1.56637411397217,-0.331669164758373,-1.98952169635193,-0.273983690180045,1.59734640859988,-0.10962094100433,1.71093809312011,-14.0663798319302,424.039460170402,0
0.57,1.74727911344932,1.2394003868103,-0.0464341658187638,4.10371977492193,2.32482816677463,-1.72844061430212,-0.260064366806446,-4.35753961730344,1.80476881614931,1.69356905324835,9.13020555064111,424.039460170402,0
0.58,-1.52320580149636,1.28532254695892,0.0534210345561573,0.373783612674735,-2.67302239452994,1.50555960860777,0.237276179955028,-0.0477095174099504,-2.69860829182585,1.69205353363755,-9.82694350044333,424.039460170402,0
0.59,-0.630824053512838,1.31767559051514,0.0552614698911885,-3.17770761737993,-2.76518859532796,0.62986092099059,0.0653302131772769,3.22146902595229,-2.71408013590539,1.58676943571643,-18.7780043505738,424.039460170402,0
0.6,1.22663712910757,1.28167700767517,0.0438928781237022,1.74954454015929,-2.19689241917298,-1.22144189812023,0.121016200451407,-1.88435804996185,-2.08241137601696,1.50780994255644,-2.79612044386939,424.039460170402,0
0.61,1.21577720377198,1.23984229564667,0.0557672791657602,0.10108347495914,-2.7905668574237,-1.21387610698143,0.0879147060325376,-0.174880713978388,-2.78691549755995,1.54433530790052,12.6893258589466,424.039460170402,0
0.62,3.87813650094526,1.10579133033752,-0.034909245786876,7.5815709199138,1.75754507970441,-3.74620147641766,-1.00356159426889,-7.78019901249679,-0.194127913550887,1.823537105992,63.4068888845027,424.039460170402,0
0.63,0.550200028113213,1.07543110847473,-0.0410351008863198,-0.789455866962858,2.05640012454882,-0.376700592672073,-0.40311364888954,-0.813476740320626,2.04701676375251,2.31560818360062,70.4483559083131,424.039460170402,0
0.64,2.54517945097436,0.987500488758087,-0.0394312396410661,3.61575165565956,1.98726740618435,-0.431954048253146,-2.5085671130188,-2.62168328155828,-3.18585444587246,2.95558200264635,104.441976790213,424.039460170402,0
0.65,0.532832861790558,0.959886312484741,0.028708415155927,0.80267872743243,-1.43555064398746,0.280843154002145,-0.453720348402855,1.63678682235623,0.161330992330552,-2.53350831476638,112.079346471822,424.039460170402,0
0.66,1.93175871712166,0.888273894786835,-0.0700875074024171,2.67640779193386,3.51643974081406,1.93302390993667,-0.00475010342596184,2.53826787022856,-3.61741666641626,-1.60951946666964,139.361202420577,424.039460170402,0
0.67,-1.75587039705443,0.940342545509338,-0.0109279048733896,1.41109684595629,0.53874837850087,-1.09574640096024,-1.37205688480459,1.29675510916593,0.774512950735613,-0.66767283025307,117.396919910828,424.039460170402,0
0.68,2.18566008418429,0.875422775745392,-0.0168250906066216,3.48938084767478,0.858916943089334,-0.649858321550873,2.08688218382866,-0.189767601441102,3.5885241078595,0.29418602882065,145.691471638441,424.039460170402,0
0.69,2.65568819122461,0.767242610454559,-0.0673391751573418,5.78000910706846,3.38624848688061,-2.65426568586809,0.109945451674583,-5.54127431242572,3.76423472795553,1.50404667077307,184.515964884803,424.039460170402,0
0.7,1.37496186232924,0.711346745491028,0.0136875825466296,0.572153669876775,-0.673237647121733,-0.041122227901751,1.37441494285687,-0.695505859438061,0.54486727828233,0.0398654351525203,202.311969452576,424.039460170402,0
0.71,-1.06830484530874,0.744109213352203,-0.019179538342969,1.92371979325664,0.956271336949976,1.06139060823867,-0.122853872319604,-1.82174062763598,1.13860168560386,1.47351241229918,188.42171278391,424.039460170402,0
0.72,-1.73339072029366,0.817746043205261,0.018317834606055,-2.59023932365383,-0.931991000268665,0.630804218397543,1.61464081774143,1.83247444538151,2.05426005788171,2.75858121541658,162.733993762046,424.039460170402,0
0.73,0.18884568024954,0.820476174354553,-0.0240704229908205,1.53471900729304,1.20749746601518,0.154313965928756,-0.111486663467912,0.29518386532086,-1.93035723311356,-2.32321906208221,165.12395503542,424.039460170402,0
0.74,3.43368163237814,0.698609948158264,0.05082609224031,8.60080126213436,-2.50843842684982,2.80915420991595,1.97519757722992,5.48869082782684,7.08098289000604,-0.943172365126542,212.608528748074,424.039460170402,0
0.75,1.64024439849717,0.625708401203156,0.0267210319091254,2.62843162010985,-1.32342200153898,-1.03853806963353,1.26986392116222,-2.70758299433334,1.15286291663303,0.701810657052999,235.271378434905,424.039460170402,0
0.76,0.766862859978407,0.592627286911011,-0.0197921285309204,5.6440491609544,1.00462945350253,-0.463968375662385,-0.610904019262645,-4.3125688895645,-3.77707834746318,2.46624946192656,246.204280757991,424.039460170402,0
0.77,2.99937503268445,0.47916716337204,0.0477865708963523,7.39672576680369,-2.35777256759058,2.86753514747048,-0.880781653459204,7.76069157357075,0.205693582029664,-1.85287475956904,288.533050861136,424.039460170402,0
0.78,-2.15953343702977,0.541864693164825,-0.0307227404538589,1.32707450401333,1.5171055653814,0.321698679899462,-2.13565880041301,1.28049795549651,1.5566184573243,0.163733643902331,260.229858344301,424.039460170402,0
0.79,0.254832177445786,0.542446374893188,-0.0743872199804521,5.03850898219404,3.72597771000608,-0.185420793801972,-0.189979015641274,-6.21902192113604,0.770226592336045,2.0843208964331,263.992771622749,424.039460170402,0
0.8,-2.31066970083417,0.625883817672729,-0.00832223037575918,-2.06454803427131,0.393886425793276,-1.59178306305288,1.67495982221947,-1.71214504696452,1.21904242764252,-2.3780490318337,231.822189542164,424.039460170402,0
0.81,-1.20982695253318,0.683356046676636,-0.0638831340756556,-1.53289650144714,3.18552552106711,-0.867284784336756,-0.845919270824934,1.30200577057903,-3.28665871408908,-0.745114065639509,214.375710339595,424.039460170402,0
0.82,3.1558660176188,0.580500423908234,-0.0405057501854071,7.74086855513442,2.06759610426025,-2.63663944111104,1.73472288695828,-5.2531124056644,6.04986030348435,0.976032580618737,256.505478505381,424.039460170402,0
0.83,2.20594128335671,0.487340450286865,0.000364501416434904,4.83013032909011,0.00712065867754619,-0.369398816130118,-2.17479231034147,-0.815069308145799,-4.76086879914737,2.9735089008944,287.29214047955,424.039460170402,0
0.84,-0.57236788350749,0.500102579593658,-0.0445431430788934,1.43402575361864,2.21743445535635,-0.554383939865433,-0.149156068885815,2.09221103775499,-1.61124126043842,-1.23030568164265,279.5559651971,424.039460170402,0
0.85,2.13477614571439,0.42722237110138,0.0235223195247761,7.88397366239936,-1.14631766737426,-1.69429007854135,1.29892402456163,-6.99667856550405,3.81019342749909,0.927743576331822,308.68228435953,424.039460170402,0
0.86,1.66510381069729,0.358002483844757,-0.0215671953535432,5.65762726082349,1.09554532009633,0.245910091084297,-1.64698636042226,-0.322605359634149,-5.75368504114827,-3.00633018615112,332.298632013752,424.039460170402,0
0.87,0.860330681648199,0.321447730064392,0.0878569308980335,5.36940029364758,-4.37689617574307,0.508757198994229,0.699323840980432,-1.0813271056172,6.84239806919435,-0.52717690706567,344.123263850835,424.039460170402,0
0.88,-1.2284291088864,0.360869765281677,0.0401418302352212,4.42895693765384,-2.02263257682401,1.13375405362167,0.474606350558545,-3.41943307575037,-3.46614765076247,1.93458059426171,327.986682728362,424.039460170402,0
0.89,-0.649996217884316,0.391028583049774,-0.0630820778288821,1.66582331249332,3.14189201819651,-0.57149720664601,0.316014832884362,0.281168046888564,-3.54505250904159,-1.97916196654592,318.477882633279,424.039460170402,0
0.9,-2.28855890008516,0.474150359630585,-0.0167531474287003,-1.24996741800703,0.818175366872542,0.535907361927434,-2.22499119246341,1.09558676767146,-1.01563729329884,0.243676538355727,287.795739178612,424.039460170402,0
0.91,-0.053776143297646,0.489356726408005,-0.00958563458751549,-0.128179502715256,0.477594092973872,0.0451362144617235,0.0307649170725297,-0.242463516752349,0.430972789864916,2.34546538247265,285.974557188341,424.039460170402,0
0.92,3.1317946887453,0.378659218549728,0.019258859154919,9.25980828065749,-0.928783525387161,3.1081369148686,-0.38469961598671,9.30492232499581,-0.158457430744325,-1.68779242104075,329.261167503847,424.039460170402,0
0.93,-0.310258969877092,0.373115837574005,-0.0165861051465526,5.98578019974787,0.832116714551547,0.191351560652063,-0.244786248611204,-3.30565352011943,5.0591143129259,0.716895893216981,326.441224876673,424.039460170402,0
0.94,1.28192134684238,0.326383739709854,0.0566206405621666,6.99124012774004,-2.81931306136066,-0.0100670097348688,-1.28313167357947,3.07114345606992,-6.88433312194582,-3.10529826124316,344.849235767023,424.039460170402,0
0.95,1.87442240512484,0.2535480260849,0.00194371196368792,7.72555730625178,-0.0778607685019175,0.872367812174313,1.65904717568018,3.51947588434816,6.87776035428276,-0.483056242414351,371.17513295464,424.039460170402,0
0.96,2.41850945185907,0.159374922513962,0.0606081829323495,9.76393400709604,-2.98287616050057,-1.74564442219794,-1.67498861841483,-4.75520829195054,-9.03437610374806,2.36059655365625,404.441265901917,424.039460170402,0
0.97,-2.03643251273189,0.222235381603241,0.0215847410419434,-0.0457025842695015,-1.10718824230419,-1.76674054514184,-1.01299117770556,-0.580397837988347,0.943977160615663,-1.06078885769835,376.727822956559,424.039460170402,0
0.98,-0.418697328290638,0.24552421271801,-0.0188224315186644,4.38270509430864,0.931973324395992,0.418281851592959,0.026495835030408,-4.45771123605367,0.453308677421321,1.67898075738549,370.98214369089,424.039460170402,0
0.99,-0.171545553761177,0.252263635396957,0.0208315702681296,5.86289765992383,-1.05491084371778,-0.169360680529043,0.0343335291778209,5.8963855260279,-0.847964378604694,-1.89165299596908,369.10509139448,424.039460170402,0
1,2.5320290217997,0.164994791150093,0.0392001826145667,8.27216048861872,-1.90988733144294,-2.01788504357859,1.52998286671936,-7.79845181886344,3.35566059027674,0.937541274210646,403.145158509956,424.039460170402,0
1.01,2.58790996312147,0.0607804283499718,-0.0118788972682684,8.81888273309357,0.651188878364779,2.0123626238958,-1.62721103590495,6.42021317046416,-6.08092118524491,-2.25535372808431,438.922937338586,424.039460170402,0
1.02,-2.70530349280341,0.146336108446121,-0.00837078574231509,1.35754520814586,0.377130149249019,1.98562141307205,-1.83740160612154,-0.743963536973267,1.19652597016805,0.827243273571837,402.469328650684,424.039460170402,0
1.03,-1.28158149604718,0.206761121749878,-0.017499286204885,-1.05675846341691,0.851022809283246,-0.671763917349372,1.09155421091929,-1.2847152014355,0.436446013985885,-2.57625865731462,383.469489950235,424.039460170402,0
1.04,-0.757811823145284,0.239879488945007,-0.0180905650342723,2.76136048877602,0.883873140197732,0.130098630204906,-0.746780003924078,0.328175685544046,2.88073674540977,0.196349323247997,372.793371491079,424.039460170402,0
1.05,-0.890374162469712,0.274349927902222,0.046933662060586,2.81353238296429,-2.35395450236754,0.180207804468295,0.87320906147198,1.56421856587743,-3.31817518334542,2.88541210378305,360.893107123735,424.039460170402,0
1.06,1.56800369453079,0.223247617483139,0.0011721156530371,4.84071955734558,-0.0290022453275701,0.978957046484871,1.22485920050221,2.99672559416896,3.80171575428184,-0.673530123406571,381.916934832315,424.039460170402,0
1.07,2.54790280285038,0.123783975839615,0.0494040079047725,8.02405277319495,-2.43121830805917,-2.00068578547862,-1.57845045426001,-4.65939503503479,-6.97038616404807,2.25815358778318,417.573429603839,424.039460170402,0
1.08,-0.373472256480179,0.126498222351074,-0.00201194017259952,5.07932381371114,0.0854241609343841,-0.311248266088222,-0.206422118777833,4.26541149132472,2.75918330334891,-0.979805433637824,412.887526219192,424.039460170402,0
1.09,1.58013020457027,0.0727643296122551,0.0292853603011145,5.86382854006753,-1.44869918148433,-1.36079600252971,-0.803681115382475,-4.23319929232234,-4.30850765546791,2.12280405405475,434.175094789636,424.039460170402,0
1.1,1.28398098234517,0.0214061588048935,0.0204703448341081,5.4046082290606,-1.00305765093548,1.02977812929328,0.767191763818497,3.67002255576991,4.09229143645341,-0.914556976479206,451.436996639299,424.039460170402,0
1.11,2.4590384189898,-0.0722677633166313,0.0190317077219273,9.11959044442398,-0.891927683686175,-1.44763358030078,-1.98786045012023,-4.58627392402836,-7.93275213029706,2.5199052908812,485.314375438373,424.039460170402,0
1.12,1.97948602191068,-0.154944732785225,0.0313518457257091,8.81484242809364,-1.51556998840229,0.233792417846543,1.96588121577262,-0.605389877783904,8.92367091043491,-0.102531996259579,512.9066087931,424.039460170402,0
1.13,-1.54848044752181,-0.111146740615368,0.00319708337575053,5.35369845803582,-0.181425791907683,-0.664965735249928,1.39843572917849,2.45305876933402,-4.76209042036561,-2.6997955293022,492.598858681588,424.039460170402,0
1.14,-2.87243110280902,-0.00110896676778793,-0.0564792100342963,-1.24656197354367,2.78278878361653,1.94210000700181,-2.11714380814208,2.87385405527294,1.01921196867892,0.761962572609817,452.596623069896,424.039460170402,0
1.15,-1.13508027585037,0.0523112304508686,-0.0361544616732616,2.5576049172725,1.7981666956496,-0.849835894712104,0.753321531473994,0.817606150767864,-3.01765911932186,-2.2642232576552,436.671534088099,424.039460170402,0
1.16,-2.35656187675793,0.142761334776878,-0.00167513165121758,0.954520022887357,0.0483812731397035,1.71085179689924,-1.6206087788549,-0.660196044190022,0.691079159662151,0.813190502118229,403.989558090957,424.039460170402,0
1.17,-2.19421976929529,0.234001696109772,0.0438105736511007,-0.800318146434834,-2.23087656900678,-1.12314324409809,1.88548906535327,1.54324931468878,1.79880542426605,-2.62432129363361,372.764326653022,424.039460170402,0
1.18,0.704317547067547,0.218098908662796,0.0209671302156669,5.22867577980046,-1.04817271102381,-0.0783795556724089,0.70025671928895,-1.77371227103542,5.02908154855191,0.141226436583493,382.270373189495,424.039460170402,0
1.19,2.09812657970075,0.139900118112564,0.0423027900423417,10.0295985182806,-2.07241959508808,-0.235426473527174,-2.08530550424985,1.13956305827088,-10.1778762741657,3.04933028835025,411.409399561298,424.039460170402,0
1.2,-0.461798126340937,0.145613357424736,-0.0678008788349526,5.36218144237048,3.39415617965941,-0.174934800568305,-0.432726569802363,4.56441603304539,4.40901261850097,-0.238397093317062,405.833291885448,424.039460170402,0
1.21,0.620442822883061,0.125527992844582,-0.0410333493721413,4.04686003154721,2.06781255937156,-0.188457028621661,-0.592551247227522,-3.40325822072946,-3.01176997439486,2.76762613327804,414.121006535889,424.039460170402,0
1.22,2.70581059295017,0.0234303325414658,0.0158992964687076,9.82512958565768,-0.746933070819311,0.917695444069942,2.54548597019957,2.57369976465622,9.51142207604404,-0.340138831162333,452.042760218138,424.039460170402,0
1.23,-1.90685033834842,0.0800751894712448,-0.0277861749652596,2.89082424372655,1.34971915995701,0.514946508136698,1.83621359817874,-2.04470324825174,-2.44903965779671,2.88274734169486,426.461060154434,424.039460170402,0
1.24,-1.69263773693443,0.149034202098846,-0.0708565693344119,1.72872443493098,3.50737490566028,-0.661584846346121,-1.55959887567205,3.89127955980515,0.38485099483506,-0.359357277339567,402.765963240354,424.039460170402,0
1.25,-1.1998248967023,0.198742985725403,-0.027105354201495,1.97404843159589,1.34324953735463,0.70809038258453,0.968980130376452,-2.23057193519347,-0.851901034050832,2.53310756750311,386.365447114823,424.039460170402,0
1.26,-2.36612030356188,0.287128806114197,0.0529415114895618,3.10835363423537,-2.67869953840431,-2.01050605550535,-1.24867669768554,1.31452382944755,3.88707095823144,-1.03739495702393,354.736772946421,424.039460170402,0
1.27,1.68926168292988,0.234982803463936,0.0550814858326739,7.53324097441122,-2.73262351799273,-1.68847479075069,-0.0754445789706887,-7.29989700319698,-3.30582132190335,1.64804400615624,378.104578695744,424.039460170402,0
1.28,-0.0280344551896181,0.229273676872253,-0.0274364430143852,4.21327044762297,1.36340496682967,-0.018923499439476,0.0343597184508904,3.64052156905484,-2.52133370929661,-1.86355845443412,377.986853072324,424.039460170402,0
1.29,1.93688699217449,0.161214530467987,-0.00298991937699522,7.865516878948,0.185006107379719,-1.63421212047032,1.03965903323183,-6.53030333227714,4.38813416171768,1.00265155560559,404.388091730169,424.039460170402,0
1.3,0.928510392447261,0.118366539478302,-0.0377145929979454,7.4429362120688,1.91316175844099,-0.857067548705138,0.359150604014712,-5.93177874560279,4.88584570817592,1.13338361372849,417.67018601288,424.039460170402,0
1.31,-1.76288345940583,0.178730070590973,0.00472023025398904,1.18120246756228,-0.261370459262593,-1.44881588509841,1.00434700333442,1.11843742780778,-0.461141525379228,-2.1796344694303,393.313710150277,424.039460170402,0
1.32,-1.52638508281124,0.241235181689262,0.0113346517365874,3.1320074199707,-0.595681760660744,0.902737541228714,-1.2308715721045,-2.31642685239905,2.19054191382407,0.625375135627215,372.179974047639,424.039460170402,0
1.33,-1.91821364861864,0.315020143985748,-0.0522063462824827,2.71293080480613,2.57601252605182,-0.175527931542481,1.91087913003084,-2.23628856177222,-2.99914113614692,-3.0227831380297,346.098511263019,424.039460170402,0
1.34,1.09694013839665,0.285481482744217,0.00557009425217314,6.72936623265788,-0.253950004062141,0.465260599541636,0.993398846229342,2.59268195837211,6.21505114705672,-0.432932621111281,360.779535754198,424.039460170402,0
1.35,-1.23400821958422,0.326082020998001,0.0217476953617417,2.65724049322384,-1.10596425724999,1.02201827910795,0.691901644328282,-1.62254198293352,-2.37727606532375,2.14829372727579,343.866743503299,424.039460170402,0
1.36,2.39778145986358,0.244905978441238,0.0217021320335975,6.91033683917381,-1.05719358550266,2.39280858448404,0.155865293827134,6.81311086154166,1.56586522294023,-1.49669849231192,376.852109986478,424.039460170402,0
1.37,1.00584888672916,0.199472650885582,-0.033661482631196,6.23627200744525,1.6979064026989,-0.982051514407554,0.220090666310631,-5.60978149546729,3.2100352453336,1.31687289320394,390.883428537848,424.039460170402,0
1.38,0.376970715185079,0.182366847991943,0.0411078925635623,3.67573998715581,-2.04274839408502,0.308613313206037,-0.220351087699062,4.20518401547975,-0.0176875851011502,-2.08224034993415,395.818519741664,424.039460170402,0
1.39,-0.533487823643347,0.200751483440399,-0.0507332856893347,3.26856366121038,2.53302747936039,0.343818817724177,-0.411061728735843,-0.544580824247263,4.09916678660945,0.791367338809913,388.383431169242,424.039460170402,0
1.4,2.35394569698007,0.11897174268961,0.0309418895189837,5.45932354262691,-1.512393067243,1.32971905715579,-1.94264381035091,4.37928454088185,-3.59352379189541,-2.52820859441807,420.376988655533,424.039460170402,0
1.41,0.451364054371959,0.0915745049715042,0.0199857500060687,7.86954438630964,-1.00242337654724,-0.230393210926039,0.388648823671946,-5.14734048267208,6.0365111968248,0.579362384492407,427.457949038141,424.039460170402,0
1.42,-1.46337084884287,0.140463680028915,-0.0348583427800959,3.85130868212744,1.70862656906959,-0.672657436188746,1.30007742801898,0.352350279348288,-4.19855124991989,-2.64030765499246,407.803940614924,424.039460170402,0
1.43,-1.3695256983313,0.196713387966156,0.0349307294266056,-0.0779844503456652,-1.76153833104434,0.409289848821814,-1.30740300362953,-1.67256570000553,-0.558231892137327,0.27789078524091,388.670553926695,424.039460170402,0
1.44,-2.52031039547661,0.293510526418686,-0.0316554759925922,1.30124796632241,1.55061331778985,0.397380090609822,2.48898686663766,-1.72316900765785,-1.06223184955682,2.99583293764895,354.140809930935,424.039460170402,0
1.45,-0.62060900336455,0.328604936599731,0.049362926092601,0.471502508782409,-2.48578975167439,-0.375460946377287,-0.49660981794064,-1.54447131544652,2.00401438644547,-0.726733107920888,344.566680814856,424.039460170402,0
1.46,0.67209523066582,0.308603674173355,0.023814411616515,4.18716748056031,-1.18657091326816,-0.655602784748197,-0.149880331981188,-3.74101347187564,-2.22376712938221,1.83096674355584,353.487847258262,424.039460170402,0
1.47,2.11502611545453,0.232452034950256,0.0464859918824907,5.48428989083637,-2.28513869369676,2.07066057573927,-0.433429575104293,5.81026372925424,1.24101968262903,-1.75516126316893,381.754344269622,424.039460170402,0
1.48,1.68721177794874,0.162692993879318,0.0284502296292348,6.18826649985915,-1.39417486899086,-1.51529085405849,0.742554123833143,-6.19434011330658,1.36693686733722,1.13200856729779,405.225650807297,424.039460170402,0
1.49,2.88913187866173,0.0516816899180412,0.0254189210342508,7.1432178185785,-1.22379074645144,2.57267496588265,-1.31494207239967,6.93626358446391,-2.10035046637399,-2.03450132383252,445.118013004308,424.039460170402,0
1.5,1.33844388532034,-0.00921609997749329,0.0221960221429428,8.08395609543807,-1.09410001479553,-1.28288968642564,0.382254823400706,-8.07956418590522,1.12607440304082,1.29779048632133,464.130233743263,424.039460170402,0
1.51,-0.667979483629766,0.00973761826753616,0.0339663230832764,2.70354817844187,-1.72389401478688,-0.66883343430664,-0.00348407917126146,2.77931449364892,1.5988728131929,-1.61639277814412,454.729700757874,424.039460170402,0
1.52,1.50032072179975,-0.0408236533403397,-0.0277859810101154,6.71180968777933,1.40774983161504,-1.45850957594202,-0.352823108494677,-6.85735240286831,-0.0828667379403953,1.78962538666845,475.138202918781,424.039460170402,0
1.53,1.63052877299915,-0.106941804289818,0.0226514178985018,9.04689825742421,-1.11348946690384,1.31847946455683,0.959556703823629,6.57248919850705,6.31574323485361,-0.927780275662369,498.058353483458,424.039460170402,0
1.54,1.06896134867682,-0.151920020580292,-0.0130577540230266,5.12759012200732,0.662278449752268,-0.370296025928957,-1.00286076954197,-2.45315410401655,-4.55113481960929,2.77566687558252,512.438968082069,424.039460170402,0
1.55,-3.04989126022971,-0.0488713383674622,-0.0431835546010013,0.422924457308994,2.08820768206581,0.263730968225322,-3.03877401183643,2.03509356401453,0.630769851638003,0.100729784437207,470.769619047335,424.039460170402,0
1.56,-0.110102138124112,-0.0292932912707329,-0.0176639749975037,2.01338191615725,0.869265580271742,-0.0265056944320563,0.108314103397886,-0.0186337303018632,-2.19293916318927,-2.74252060973736,468.094530259057,424.039460170402,0
1.57,-0.71814519322164,-0.00375028699636459,-0.0298971324455296,4.44347085399595,1.48113940556199,0.412958576544073,-0.58829547944422,-1.52617110788803,4.42820606097637,0.653645704419341,458.408511315553,424.039460170402,0
1.58,-0.911854178695175,0.0312238708138466,-0.0169289904592471,3.92835192929668,0.840504570678872,-0.659085436455116,0.630373715643815,2.31924958731218,-3.2801643503784,-2.31536836015343,446.042429680406,424.039460170402,0
1.59,2.28625391468411,-0.0468520373106003,-0.0374097236295651,8.97067129214443,1.92881492337884,-2.02366788952885,1.06448331256075,-6.94415304316887,5.99766695919352,1.07019112652061,477.290838724871,424.039460170402,0
1.6,1.51251008946998,-0.112571001052856,0.0545313331872957,9.073245482347,-2.6869769875599,1.50616362905456,-0.148766795894976,9.22317645858341,2.11580833924992,-1.63321106752814,498.72295602697,424.039460170402,0
1.61,-2.30940345604519,-0.0379347577691078,0.000150289876160725,3.20117926568958,-0.0432256220880493,2.17979790607583,0.7627748252584,-3.00732097404265,-1.0979242708716,1.90734294808667,467.686183884251,424.039460170402,0
1.62,-2.34884551087607,0.053997665643692,-0.0156028363104498,4.22027383338589,0.744491094520489,-2.06521598085226,-1.1190181566427,4.05616212884579,1.38294143155055,-1.06759632663684,435.975594336323,424.039460170402,0
1.63,-2.00138242369388,0.134647190570831,-0.00887665971075102,3.73003177688808,0.410395033161625,1.80171473415938,0.871455344622659,-3.53096813588123,-1.27036418527524,2.02573902024426,408.636084358651,424.039460170402,0
1.64,-0.19537744935761,0.150766521692276,0.0253930415854592,3.08664276059715,-1.2809450719246,-0.179423173405181,-0.0813909031996867,2.57744190046589,2.1271993462197,-1.27417630422796,405.401495362649,424.039460170402,0
1.65,-1.90291699696721,0.218142747879028,0.0461326659744425,4.08282714113021,-2.34950571718358,1.90008040774903,0.113647544209787,-3.99685877670035,-2.49294494494788,1.60629873685235,379.817548288958,424.039460170402,0
1.66,-2.01588939311971,0.296983152627945,-0.0126590101799527,0.923772964591218,0.612105813362165,-1.83367279922522,0.837624236285486,0.591819625701089,-0.936898899292996,-1.99301232112872,352.643130203516,424.039460170402,0
1.67,-1.01500373053519,0.343599706888199,-0.0556463672945397,1.76085985636553,2.77213075305557,0.471505600074499,-0.900561802594257,1.48088674545556,2.93126436762878,0.537092955592393,338.252332032234,424.039460170402,0
1.68,-1.91262195811265,0.417859017848969,0.0537691732548746,1.90491005586933,-2.72395517014969,0.367282321797484,1.8777959353301,2.23950202229697,-2.45626643140867,2.92033348520478,311.621465446774,424.039460170402,0
1.69,-1.83586115642275,0.488065093755722,0.00185727309433248,3.32737660398864,-0.108608719394883,-1.68678706794732,-0.724664765619876,3.01574545520465,1.41014547764126,-1.16603703091487,287.887195094077,424.039460170402,0
1.7,0.334448322377186,0.484734326601028,-0.058696036767401,2.74604212683415,2.93832519220612,-0.307624181212537,0.143764627799855,-0.563891623166588,3.98202568234102,0.959885808445591,292.249259047156,424.039460170402,0
1.71,-2.00540317350868,0.5545494556427,0.0103874179575872,-0.320596831223325,-0.536155249486001,0.261826577842574,1.98826472832612,0.574698905006757,0.24487945672487,3.00548038429642,265.212029774489,424.039460170402,0
1.72,1.22485516505319,0.519258499145508,-0.00959337312406561,6.35281741413931,0.494145345524502,1.1671946971638,0.37150874428213,6.2146571500919,1.40730424098945,-1.27047557973072,282.306687077328,424.039460170402,0
1.73,2.16317257899542,0.437145054340363,-0.02850644720602,6.38239174328961,1.44676852656351,-1.72153760015447,1.3101284346599,-4.13628900855407,5.07140777023313,0.907100901604061,312.496087409425,424.039460170402,0
1.74,0.778893977844285,0.401650488376617,0.0441001777447337,3.67240048175099,-2.19080716234546,0.0301834530458815,-0.779557318971118,2.53017148233624,-3.44737488401269,-3.04633468673109,322.838012449351,424.039460170402,0
1.75,2.24030732161384,0.314295262098312,0.0102554859826403,9.83526356917358,-0.483870907070875,1.19780841653062,1.89323455164903,4.8103053162373,8.59229325002364,-0.559524062974068,355.179098963665,424.039460170402,0
1.76,-0.125120794844755,0.310625493526459,9.05875684559035e-05,2.92386195862415,-0.0159251200122874,0.111629970058394,0.0565152306325727,-2.60237607786056,-1.33298953931228,2.0387256669626,353.42226190903,424.039460170402,0
1.77,-0.291191730944853,0.322375237941742,0.028661251836101,2.71553788363037,-1.43084977866204,-0.292598851293308,-6.12315954121624e-05,2.84239387178931,1.15856556316142,-1.66869846363264,349.37315992142,424.039460170402,0
1.78,0.612939931941883,0.304220139980316,0.0239184914371139,1.30212601383322,-1.18745966184601,-0.473386823262433,0.390092770969996,-1.7552719461555,-0.156885306680092,0.920566656651143,356.944701469666,424.039460170402,0
1.79,-0.95639590837431,0.3365458548069,-0.0414836201525124,3.73565732216022,2.05435519294032,-0.288049603173184,0.912930145415218,-0.653139448237157,-4.21294668237406,-2.79260918816012,343.995134584545,424.039460170402,0
1.8,1.19888411593486,0.298904895782471,0.0783866222198702,6.44066690688918,-3.89699109064145,0.329810498410341,1.15528897732225,-2.44889291036169,7.11840243872293,-0.212791868302394,360.182169540422,424.039460170402,0
1.81,-1.58238246113477,0.34976252913475,-0.00201505286457737,2.89720576814615,0.0822377349741366,1.12936220547011,1.10836786429446,-2.12285466134254,-1.97333534779298,2.34808621340858,339.053756974363,424.039460170402,0
1.82,-0.373318594951238,0.371474713087082,-0.0719008052508143,1.48023762034205,3.58723210266978,-0.378620735219811,0.0343924118620945,1.829879382008,-3.42211616085757,-1.4711145350494,333.286939687768,424.039460170402,0
1.83,-0.318328262272319,0.387065261602402,0.0166119489834362,0.0608721025408727,-0.831197100988484,0.269193194988784,-0.170715737944905,-0.530769353699001,-0.642555777137947,0.953488397490079,328.130599551358,424.039460170402,0
1.84,-1.50915696686193,0.443890452384949,0.0373729891610289,0.743785970354105,-1.88714493465083,0.617251246500738,-1.37766192864578,-2.02798288280382,-0.0426497494552387,0.396465878069746,307.430668024393,424.039460170402,0
1.85,0.555353169917048,0.429507106542587,-0.0352748601890537,4.69983824986483,1.76551134123128,-0.216559130789225,-0.512604722929946,-3.67927680895399,-3.41590866886135,2.67843584982771,315.40304433233,424.039460170402,0
1.86,-0.0648699261801989,0.431460499763489,-0.00478028417086623,1.20922013374847,0.245913402290087,-0.0637487982645011,-0.0129247498703311,1.23068892916034,0.0899527260884432,-1.29720540131491,314.085889577042,424.039460170402,0
1.87,0.323847414740993,0.421388328075409,0.0579397812390771,2.77043107546436,-2.89616134633403,-0.245905841148301,0.218550871820735,-3.87516848337293,-1.02279426737303,1.02126457211343,318.390504310489,424.039460170402,0
1.88,0.588113211459702,0.39938223361969,0.0190225860195414,5.0077330501462,-0.952733778024924,0.123270671515271,-0.575363667445633,2.13149387519674,-4.63053191472804,-2.8982012827846,326.703585932216,424.039460170402,0
1.89,2.6710433667594,0.305597931146622,-0.00707238397602139,6.32335678182015,0.402675104703644,0.967911168655661,2.48951213198813,2.68191521082106,5.74058525170611,-0.37345797671368,362.022768233086,424.039460170402,0
1.9,1.40086302528997,0.245012313127518,-0.00915115450094228,4.20412532132304,0.482500850414025,-0.987160100078429,-0.993989887305916,-3.3220479312395,-2.62134971543044,2.35310944271265,381.185760276671,424.039460170402,0
1.91,2.05674097699148,0.165198564529419,0.0359639545739645,6.12086032864115,-1.77077042958979,1.78305085599634,1.02577117204336,4.34166154696107,4.66374678650999,-1.03126008474963,409.708797496509,424.039460170402,0
1.92,1.06179406720326,0.118858307600021,-0.0223650324695281,6.20230274247873,1.12732703841049,-0.944037049285854,-0.4865191521421,-6.0670473736501,-1.7118299351209,2.02559615220802,424.498198817189,424.039460170402,0
1.93,-2.33872934205319,0.195871397852898,-0.0272966556385712,1.07934581643842,1.32131914563482,-2.23349073101191,-0.694204002634293,1.4337770209421,-0.924745981501219,-1.25777559204678,393.007643837024,424.039460170402,0
1.94,2.72953852545693,0.111545018851757,0.0135813802056483,9.4510708898825,-0.620921360241877,-2.68575949756876,-0.487094382087379,-9.17702095790193,-2.34319667109225,1.75518375208042,429.408278241594,424.039460170402,0
1.95,1.86303909698613,0.0318212434649465,0.013282107958137,8.39111612585159,-0.621054453719218,1.78920372747713,0.519462330561749,7.86406451352989,2.99216105834079,-1.28110393327391,455.560095599688,424.039460170402,0
1.96,1.5469695604462,-0.0322993397712708,-0.0141108893189574,7.6898960274163,0.743443132292695,-1.2958737500564,-0.845000095893036,-6.8798655334468,-3.51491946495462,2.1395038126828,477.126789344044,424.039460170402,0
1.97,-2.24985949890896,0.0414096117019653,0.00927608277650172,2.46713212908899,-0.503399550364992,-1.5407994867326,-1.63947880505578,1.33157942590695,2.13706534345401,-0.75850253619088,446.696165951844,424.039460170402,0
1.98,-2.34192301056703,0.136144638061523,-0.0272821059063308,0.557433555762426,1.3220942387515,1.61192030104823,1.6991352635369,-1.3486007889636,0.489837990805742,2.39417785123156,413.80586798461,424.039460170402,0
1.99,2.24604036531971,0.0647301375865936,0.040333455838817,8.28991742919545,-1.98555022096446,1.55549718950827,1.62072594960939,4.17497032448319,7.43200938189231,-0.746908817043751,444.476331569652,424.039460170402,0
2,2.54796521123703,-0.0367111191153526,0.0211278097340619,9.02311437978108,-1.01804272326235,-1.24608740114005,-2.22257492353764,-3.45510825265018,-8.39733475928334,2.63890122394852,479.917159455409,424.039460170402,0
2.01,-1.08651831192343,-0.00853661447763443,-0.0421221319929361,2.00667105122495,2.07467257874262,-0.23410276599544,-1.06183436142454,2.39759855018091,1.60702091118355,-0.17825010638422,464.973350256403,424.039460170402,0
2.02,1.1589614940044,-0.0445011034607887,-0.0255329417242499,5.63574086963327,1.2878491162699,0.191201960948674,-1.14336585825684,-0.467694979119808,-5.76206489918658,-2.99792588237445,480.433327638335,424.039460170402,0
2.03,2.59595885462429,-0.141887575387955,0.0279257005010889,7.51805533893551,-1.35620747875451,-1.55327542057576,2.08017251387617,-5.64054915161322,5.15215101418445,0.652145993371737,515.938914212438,424.039460170402,0
2.04,-0.487651389444035,-0.137160643935204,-0.0507345801619422,5.08581073399784,2.51468521071707,-0.450969711648315,0.192364743200885,4.11737919975375,-3.90337047389586,-1.87032021125711,509.642358771119,424.039460170402,0
2.05,-1.01936675219466,-0.0990300849080086,-0.0195200009175188,3.62888002348819,0.942195858314189,0.99392703373823,0.227153378843551,-3.74900532573542,0.0382403962257916,1.81462566880576,495.531350550558,424.039460170402,0
2.06,-2.48795840957229,-0.0066797286272049,0.00728760410668605,2.22643104152677,-0.425695743401374,-2.03252911925493,-1.43485732263382,1.57813389364674,1.62717714534939,-0.959019538257881,461.384338559341,424.039460170402,0
2.07,0.663987368013279,-0.0189531296491623,-0.00438649693271223,6.11667024764454,0.219994357924542,-0.418493349982812,-0.515520884404022,-4.05625667038261,-4.5835394903846,2.45309929532824,470.088909613382,424.039460170402,0
2.08,-2.9488980454913,0.079058513045311,-0.0190856455582942,3.61175327300119,0.910290215548188,-1.49659010346349,-2.54098052074075,2.60010435238476,2.66699218939002,-0.525806106745073,431.014028988126,424.039460170402,0
2.09,1.66836221600889,0.0330407172441483,0.0505698473048247,8.2991034542149,-2.48915812728091,-0.736817109665954,-1.49769500906094,-1.17047913911362,-8.58492894037394,2.71469354869426,453.395154236535,424.039460170402,0
2.1,-0.238281863391539,0.0344398990273476,0.0388190627971607,4.40213234018482,-1.93884064289073,-0.0229246033624885,-0.240332329532392,-0.758161350756557,4.7500593201817,-0.256593005311246,450.201406313992,424.039460170402,0
2.11,0.82248983718258,0.00623060017824173,-0.0385041391054248,4.90423988721845,1.94911103008862,-0.00828292517787872,-0.82334895041372,-2.22456863954714,-4.78559265367843,3.08475298311608,461.219796470703,424.039460170402,0
2.12,2.41156698119058,-0.0835208371281624,0.0946641424945575,6.76434958283117,-4.6835448921455,-0.634260140136594,2.3285898477999,-6.49949230355093,5.04466231095528,0.305162385660367,494.059656297093,424.039460170402,0
2.13,2.18315552982577,-0.172567486763,0.0656680650515151,8.53408657630627,-3.2331180759514,1.66704217420263,-1.41118770955752,8.69025822873629,-2.78623367699403,-2.24319734705901,524.312970323329,424.039460170402,0
2.14,1.40503127630358,-0.234483778476715,0.00243575001933827,10.1958660728084,-0.0811201228018156,-1.39754929065295,-0.144826794706183,-10.1312177694818,-1.14921362518252,1.67579044492523,544.453124976501,424.039460170402,0
2.15,1.68449181346624,-0.303063720464706,-0.0401423973422005,10.0954118797224,2.06138657272521,0.813227437645033,1.47573209504993,6.8628632049323,7.68555555921871,-0.52748818765197,568.195689033765,424.039460170402,0
2.16,0.76593784888798,-0.341677218675613,0.0546576168284334,11.1937760584552,-2.71270193031263,0.3470256427407,-0.684997406357801,8.0831456796381,-8.20500640653709,-2.6014324555205,580.01120102317,424.039460170402,0
2.17,-2.80669878034663,-0.245419472455978,0.00263759253058993,0.488924114975631,-0.210847561987429,2.80152444045112,-0.170369627717763,-0.500990869404201,-0.180309826061614,1.50911819313223,541.05021360155,424.039460170402,0
2.18,-1.5715790296559,-0.177108615636826,-0.0391580670212606,3.54930913459507,1.91145214262063,-1.2438124463625,-0.961418014674542,3.95954039727382,0.757155511639253,-0.887850414573928,519.137069175041,424.039460170402,0
2.19,-1.15396212202239,-0.128211617469788,0.0177049336335562,2.06417759017196,-0.923820498191153,0.306096197055943,1.11276554668325,0.308931092872908,-2.24027565636522,2.85781333712523,502.605593554002,424.039460170402,0
2.2,-0.037455094376038,-0.123669348657131,0.029247079125492,7.16699491339831,-1.47788165179114,0.0378489984247407,-0.0287355015674804,-3.26065332369272,6.55118998106983,0.258465080970061,502.525223736424,424.039460170402,0
2.21,-2.16958568336989,-0.0466586947441101,-0.0440967024736956,2.07453722091225,2.15137694730926,-1.35345997485658,1.69622895067673,-0.327448617809974,-2.97067414117711,-2.44779735750453,472.70664341506,424.039460170402,0
2.22,-2.16309105716679,0.039171427488327,-0.0978875960576713,1.74173485893988,4.84725368651576,1.64732687212036,-1.4052967940784,1.60114173428232,4.89549320978248,0.909741288865662,442.924027074343,424.039460170402,0
2.23,-1.13230243875218,0.0867748111486435,-0.0433828703549248,5.6831704034529,2.15895608508836,-0.902823997711591,0.684762524821869,3.41837228706995,-5.02735000959902,-2.18139942825548,428.063515298314,424.039460170402,0
2.24,0.565217931679155,0.0704606026411057,-0.0400330839767062,6.94246860913654,2.0239501244987,-0.493343193571817,0.278722893678844,-4.67055302126264,5.52088570529032,0.985824771987999,436.089474042046,424.039460170402,0
2.25,-0.178065611848597,0.0735560581088066,0.0248605945732733,5.56226243565732,-1.24051303560561,-0.165668038362138,0.0698535063600461,5.41262759525863,-1.7835634302364,-2.10854203810407,433.966478092376,424.039460170402,0
2.26,2.39980296181837,-0.0130828693509102,0.0173852182823868,8.43837578803216,-0.819380141867691,-2.22673823348734,0.894982313173073,-8.15227412470858,2.32765898544901,1.1958756661151,467.095624715321,424.039460170402,0
2.27,-1.71066268262249,0.0371184721589088,0.00916423214101394,4.52221397889694,-0.49064888021818,-1.68613187397469,0.288808068506553,4.53857151887967,-0.304177846998217,-1.74579160437602,444.451496823605,424.039460170402,0
2.28,0.0889099543532663,0.0391900539398193,-0.0213506851966957,6.74818187879524,1.06543085930141,-0.0899224630300498,-0.0165765612862746,-6.68172499834644,1.42395668182866,1.51741685205199,445.981019116054,424.039460170402,0
2.29,1.4018670383778,-0.0119479596614838,0.0543216759413296,6.4447124643277,-2.70016411230141,1.39517411978181,0.147211457632483,5.99104602864687,3.59618860237554,-1.42694040937423,465.228955201482,424.039460170402,0
2.3,-2.06429197188048,0.0537033677101135,-0.0448650450546129,4.58558679379962,2.1970638366432,1.97610640995923,0.598596419932493,-5.04121961025845,0.663928148898981,1.88665764992913,437.850974887052,424.039460170402,0
2.31,-1.92834709075956,0.13018473982811,0.0209675160218235,2.2128675905932,-1.09353105351945,1.63666255949052,1.0199499034418,-1.32241274884103,-2.08418273196278,2.11721932005,411.4128536769,424.039460170402,0
2.32,0.940171604283805,0.10834676027298,-0.00722266658417985,2.94613281236484,0.388035502282834,0.838311296852499,0.425686483205247,2.81005884996955,0.966353640668058,-1.10861792094093,423.078465219125,424.039460170402,0
2.33,-0.277962187888151,0.115067072212696,-0.0107252662559699,3.48961277373889,0.54038506260509,0.259492645420488,0.100207665397945,-3.41838880179198,-0.885455434401718,1.97788789986897,419.164187793584,424.039460170402,0
2.34,1.47015340387028,0.0633328706026077,0.0942698879715943,5.74834883981662,-4.6870312077879,1.38425553588872,0.504057986794155,3.38221746182066,6.60093788547917,-1.1575488385163,439.223008691401,424.039460170402,0
2.35,2.49680568921151,-0.0326181724667549,0.0792888753219281,6.76961490448958,-3.91842069825867,-2.07960891201949,-1.38403473528591,-3.24032154155302,-7.11913077776894,2.18975459098396,473.54200480245,424.039460170402,0
2.36,-0.523153543672269,-0.0236279666423798,0.0245876122704486,3.66786315280129,-1.24308445776957,-0.295813707402253,-0.432190272272466,1.21977835661832,3.67567950691449,-0.64717928868542,466.461430640735,424.039460170402,0
2.37,0.0789306247587601,-0.0249081775546074,0.0250146738110907,5.45070245306229,-1.25562994627359,-0.0515717601671,-0.0647775499995993,-0.775337940571053,-5.53945979962933,2.77611837873565,467.561074925102,424.039460170402,0
2.38,1.73117862321941,-0.0883693397045135,-0.000787704370843301,7.76661361465997,0.0678093549499036,-0.0131392520922352,1.73112893974553,0.0123945981864953,7.7668997368304,0.00713483426850171,491.498822286026,424.039460170402,0
2.39,-2.76126129259585,-0.000222921371459961,0.00208007390093456,5.59621571425296,-0.165223111780519,-0.920353617670258,2.60336656488033,2.01711087464675,-5.22266145911259,-2.80253481428774,455.098747072502,424.039460170402,0
2.4,0.696002311161675,-0.0152058750391006,0.0490125857929661,7.63502537692441,-2.45069931556581,-0.332291321315912,0.613517667623868,-6.16640783672099,5.125910068741,0.566688091910927,464.772223833479,424.039460170402,0
2.41,1.58209308842382,-0.0744527503848076,0.0276474076270676,5.91947059289738,-1.36436944945583,1.23133655664913,-0.993777240555643,5.50885425126285,-2.56010955490745,-2.23236117389367,486.248269282437,424.039460170402,0
2.42,1.64213167476295,-0.141304939985275,-0.00937450292539505,8.77630951893769,0.490718590056936,-1.62370865092298,0.245467992786723,-8.59395582588755,1.84616813143255,1.41504644480681,509.284993162622,424.039460170402,0
2.43,0.526615862169693,-0.168936997652054,-0.0425653016971729,7.32159696148158,2.12865011535084,0.451838042956837,0.273821938737998,7.49986599906125,1.37438836435868,-1.10661630680116,516.971140946859,424.039460170402,0
2.44,0.726446865757789,-0.197759762406349,0.0263720352096305,6.14016210970968,-1.31615455049393,-0.322065717750305,-0.651685665378942,-1.31861261370619,-6.13963470487253,2.71887935528648,526.876047200564,424.039460170402,0
2.45,-2.90533986202064,-0.0970126464962959,-0.046518633767974,0.267135669370217,2.25833905432393,0.404505758689441,-2.8774187718024,2.18961109836133,0.614052105335912,0.155674200470049,486.969161377777,424.039460170402,0
2.46,-1.46682081122596,-0.0337498262524605,-0.0647186960522164,4.85503050842894,3.19922195424405,-0.661557357691615,1.31076071971522,-0.413267722393331,-5.79961655111101,-2.63008898344385,467.031302167545,424.039460170402,0
2.47,0.104286865637422,-0.0322923064231873,0.0277452859089987,5.92356559340179,-1.39912894451921,-0.0553446619025238,0.0926418891946033,-5.21950141869027,3.13097366373708,0.798533178603491,468.523601738494,424.039460170402,0
2.48,0.344692974094663,-0.0448245704174042,-0.0215865851858937,5.0277678989718,1.07427619039743,0.318015764202372,-0.134704123058625,4.01795028654673,-3.20758396211621,-2.0340048208653,473.053351726943,424.039460170402,0
2.49,-0.746146446800979,-0.0184816494584084,-0.0332703644277524,1.48766795493348,1.63864242883223,0.728760225754556,-0.163554182401581,-1.17737868806747,1.8740555964511,1.39458648595625,462.168876620598,424.039460170402,0
2.5,-0.241359884162276,-0.00680247694253922,0.0735870592417366,4.83323128283272,-3.68226790220143,-0.236699588680723,-0.087423988064206,4.61215964018301,3.95565481183618,-1.51292458665793,458.876856305956,424.039460170402,0
2.51,0.803924780094427,0.78847599029541,-0.00548548287225765,6.33408199343866,0.301184800575537,-0.763263845027573,-0.25249444636653,-6.11965014610817,-1.66168260294795,1.883449869353,468.707404194122,706.081130733022,0
2.52,-2.12169175954432,0.862591326236725,-0.0393799320339854,1.57105788990758,1.94173322816941,-1.88187234625403,-0.980654462065827,2.30864774490554,-0.953255691176638,-1.07184855231563,439.79658719406,706.081130733022,0
2.53,1.4291576521261,0.822741448879242,0.0871439555362672,6.53739592275504,-4.32631048004517,-1.18906188909422,-0.797632426322281,-2.57302736885256,-7.40500087641714,2.22256099011993,458.959003855319,706.081130733022,0
2.54,2.63427086453772,0.722066760063171,0.0133204129920422,10.4495514670252,-0.605189423382003,1.40540756404366,2.22809111126171,5.01660355771515,9.18657002612512,-0.557679476694693,495.860569900095,706.081130733022,0
2.55,2.6331310639025,0.618773818016052,0.0486587101748415,7.84349845323511,-2.36846237781608,0.13795840934396,-2.62996470452656,2.91804032028618,-7.65605137849896,-3.07070700804365,531.940194393177,706.081130733022,0
2.56,0.263826635805476,0.599901556968689,0.0162624285333604,6.21619157555725,-0.797451145770095,-0.186306037096904,0.187507388877039,-5.17439892018543,3.5358961874895,0.843747095499836,535.844372745041,706.081130733022,0
2.57,0.318771308883679,0.588134706020355,0.00876065558725814,6.83179623527488,-0.419271742015386,0.318510200857855,0.0155932165771454,6.77987253289229,0.939445065824193,-1.49440300088921,540.423292157201,706.081130733022,0
2.58,2.59758942193608,0.493184030056,0.0420451197348013,11.2950079285571,-2.03310883985846,-1.37005900952614,-2.20730081943173,-4.05597271999165,-10.73591267455,2.60228036779969,576.906530709017,706.081130733022,0
2.59,-0.973392052118719,0.516610860824585,0.0128937847539762,5.11629534143828,-0.684399386655687,0.480068650505036,-0.846872143605779,-3.06372619892294,4.15433055007794,0.502459439921355,563.94970863545,706.081130733022,0
2.6,0.733433870412455,0.495577156543732,-0.00501178826371551,7.22465874180789,0.2544592814307,0.733054439189115,-0.0241153369233355,7.20885678926087,-0.541135152632773,-1.61051474222974,573.987820333136,706.081130733022,0
2.61,2.38205942174316,0.407025754451752,0.0403684560496147,10.9175324018665,-1.96599588052851,-1.01786173121112,-2.15401815152405,-2.70499226549128,-10.7582838032696,2.71709786229241,606.98155677259,706.081130733022,0
2.62,-0.161891023307891,0.405384689569473,-0.0605603081541341,3.93415496208954,3.03334932418043,0.0853723094189814,-0.150292458679302,-1.07310111079305,4.85048836657242,0.874553305233109,604.383085374437,706.081130733022,0
2.63,3.04619082259707,0.298279225826263,0.0454956108833313,10.6267245658542,-2.18082597302315,2.26762302728293,2.03451079732216,6.32246450530103,8.81531165089189,-0.824596348081988,646.062923449154,706.081130733022,0
2.64,-0.714479907591325,0.310372412204742,0.01218612532483,6.56599310929048,-0.646747577798749,-0.489427686473501,0.520663595534906,4.89361522541225,-4.42527716264778,-2.40416277115474,636.774238433108,706.081130733022,0
2.65,-1.2205256266281,0.359133034944534,-0.0736817595978452,3.00725715554656,3.65055302708577,1.02954734730638,0.659654505485816,-4.58079381135827,1.17748081129705,2.20091785046189,619.553973778292,706.081130733022,0
2.66,-0.261630913697032,0.374356150627136,0.0112593233729793,6.17497112069297,-0.562125750514742,0.122865649325116,-0.231260761005145,-3.16733060184425,5.33050378101403,0.445353573834418,615.830365989363,706.081130733022,0
2.67,-2.46529177346694,0.464321047067642,-0.00639600139298824,3.256921641485,0.272766802483721,-2.44787436638135,-0.292601304800041,3.26596335396212,0.124192100743159,-1.44923356903351,582.017030721011,706.081130733022,0
2.68,0.536460113307853,0.455852925777435,0.0841191733745754,8.49732948616611,-4.21320507931581,-0.238156362839372,-0.488003109968182,1.52810792372044,-9.36058714025479,2.84311074059842,589.444975633553,706.081130733022,0
2.69,-1.97194136660851,0.523417234420776,-0.0282373780881707,6.24643821169985,1.35192034875693,1.37409674601489,-1.41464067361801,-3.45977097821757,5.37360807467856,0.785179339073997,562.936035168324,706.081130733022,0
2.7,3.03254658037831,0.425618261098862,0.0354504676957244,9.63384252966201,-1.70686734667102,2.86593598937642,0.991970968638204,8.48936501080228,4.86364058487285,-1.22588866931187,603.727994085908,706.081130733022,0
2.71,-1.97557384087244,0.48375478386879,0.00534566293716687,3.89745710070745,-0.313752604322907,0.440268726622732,-1.92589823853954,-1.16433531382651,3.73268480125912,0.222036588807548,577.443025389416,706.081130733022,0
2.72,-1.73000440500133,0.554022908210754,-0.0416166349422153,4.58320739161483,2.05091389368524,-1.61370413365528,0.624984923539579,3.61793820783873,-3.4817468199346,-1.91625410781143,553.876022518543,706.081130733022,0
2.73,0.348646291690037,0.549996614456177,0.0287125485682346,5.70059276455242,-1.41721356111202,-0.305849332156987,-0.169808224693691,-3.95273055357957,-4.34524720998308,2.15979372994567,558.316474552092,706.081130733022,0
2.74,-0.39331961987572,0.563096821308136,-0.0222631214349554,6.55493552538913,1.11727518722087,-0.041783370979194,-0.391727098711365,1.44167105572597,6.49130712207255,-0.0497199150859947,553.202273452482,706.081130733022,0
2.75,1.484886195683,0.511989593505859,0.0155919038161545,8.69073651312533,-0.760203149846611,1.18997728462138,-0.888304105405164,7.46684327471928,-4.51143674236777,-2.20154613124676,573.972494799109,706.081130733022,0
2.76,-1.05629302737841,0.54325133562088,-0.02968703373363,6.0637552588055,1.44593425787881,0.990260248546163,0.368810140600051,-6.16326856395229,-0.934865939799093,1.95541613659346,559.853728795696,706.081130733022,0
2.77,2.72370273789241,0.453289866447449,0.0418505923857426,7.86768836481445,-2.03723237795754,0.295426021866948,2.70795707907078,-1.29536770299085,8.02326981234481,-0.093301664406152,596.288936380101,706.081130733022,0
2.78,0.624927324147657,0.421073585748672,0.00758628016335022,7.04702301747749,-0.363012285592846,0.572031229564774,-0.25173792824221,6.62621946188685,-2.42601050518351,-1.97322905292949,604.872731339518,706.081130733022,0
2.79,-1.77848606601066,0.481217980384827,0.000602482614622479,6.42569647324993,-0.0633705879282085,1.23453474160897,1.28020975693042,-4.41635747090259,-4.66790934862213,2.37401661691832,581.359722425333,706.081130733022,0
2.8,1.91927684013008,0.420403152704239,0.0196028595422048,9.84850570614407,-0.919106144457677,-0.814142704072223,1.73815405490075,-5.09661432275011,8.47716598834012,0.448258802551935,607.629896947824,706.081130733022,0
2.81,1.86594206369807,0.343585282564163,0.0387145614744673,11.4260642363999,-1.90583452305747,1.79989723118197,0.493567178336912,10.4121879553387,5.07675990630963,-1.28241072992379,634.354905165988,706.081130733022,0
2.82,1.32968037386398,0.287269830703735,-0.0242368044527566,9.52492229486869,1.24446134820145,0.40900018796775,-1.26544702203273,1.57272458717941,-9.47625274796612,-2.84720966003395,652.946982837259,706.081130733022,0
2.83,1.18776413736761,0.238775491714478,0.0102771837442885,10.2476133175993,-0.468145561785136,-1.08378504577937,-0.486106203485767,-9.11825703690777,-4.70001357263345,2.00107645928346,669.662992731547,706.081130733022,0
2.84,-0.144844172380717,0.238022714853287,-0.0415434291962818,9.09178296136792,2.05583851839621,0.0506141926736512,-0.141929187562094,-3.62553429291539,8.5873447887712,0.621873111015666,668.205752443516,706.081130733022,0
2.85,-1.59813589164848,0.297149091959,-0.041399493232654,4.11372403621752,2.02266128976166,-1.22177804283194,-1.03102408326322,4.41819598325301,1.22205907910421,-0.843971680320465,646.02363200062,706.081130733022,0
2.86,0.480100165900607,0.286560744047165,-0.019458968200317,8.17395889757138,0.998241926565509,0.349349429368651,-0.329893614580533,4.99663507176061,-6.54551212379837,-2.36806782905221,652.572962836939,706.081130733022,0
2.87,0.905019073309806,0.252152264118195,0.0291338935955436,8.45917652165897,-1.45178091646988,-0.591279909008152,-0.685781580398518,-4.18535965573033,-7.49320357431969,2.46223952935496,665.245419917507,706.081130733022,0
2.88,2.27855174172172,0.165316477417946,0.0513994585156557,11.0425326322911,-2.51398165480813,-2.0796142498955,0.932547326236247,-11.1518398284559,1.97334719104128,1.17180854833606,696.956731211483,706.081130733022,0
2.89,0.252722365969051,0.146504685282707,-0.03122044916313,8.34479383351703,1.58423867551711,-0.0343075194048638,0.252321827869147,1.48210941445253,8.36353681097293,0.0122247986751245,700.80200873037,706.081130733022,0
2.9,-2.3599995086887,0.233357161283493,-0.04921420320098,1.32440625380851,2.37859559006307,-2.26008571143904,-0.681199160126252,1.99356570102354,-1.85404010255903,-1.25720138280418,667.124045206615,706.081130733022,0
2.91,-2.01743595978933,0.315321743488312,-0.00660900908343887,5.44533200220279,0.274573320391747,-0.762982184371516,1.8676053429951,1.822044962898,-5.13879200548756,-2.75047429103864,639.854385781509,706.081130733022,0
2.92,1.4735183462065,0.270651340484619,0.0383950933290467,10.3657715512109,-1.86777185342736,-1.34830794668317,-0.595647698484533,-8.57039952813579,-6.12258470553725,2.01283952878872,659.971716248222,706.081130733022,0
2.93,-0.208892315798436,0.270648777484894,0.0327245043018573,9.48751014635427,-1.66287066917511,0.138691243939733,-0.159598344715368,-6.4487129920568,7.15486466578201,0.560028354648666,657.839209082524,706.081130733022,0
2.94,-2.14671373377433,0.348348617553711,-0.0461783304376588,4.86440326848824,2.24722122314499,-1.83964931894006,-1.10734036154233,5.31277906363654,0.697711262068761,-1.00745096265463,628.674401274002,706.081130733022,0
2.95,0.136641122973404,0.352184057235718,0.0387513190075214,8.08985695870339,-1.92783727944608,0.0266789107075901,-0.139501601910917,5.35276633400726,-6.36476509871512,-2.67628671496733,630.540081922965,706.081130733022,0
2.96,0.194493136854887,0.34345144033432,-0.0165089359629318,9.61203577442772,0.84446771824768,-0.173858126911939,-0.0887326149561382,-9.21923041660919,-2.84783215472905,1.95802954685161,633.861088904472,706.081130733022,0
2.97,0.863869053730013,0.311041742563248,0.02665202280744,8.22419715581167,-1.32760753459542,-0.284392828749607,0.816149980866209,-4.1839955800388,7.20375885283447,0.366141312611152,646.094817428048,706.081130733022,0
2.98,-2.56500397110614,0.397510468959808,-0.011567840136524,5.79198744465024,0.510243854620259,-2.47749125317035,-0.664391659475125,5.72188114952047,1.0332199479908,-1.30428002677534,611.999394469494,706.081130733022,0
2.99,-1.20997177549948,0.452303647994995,-0.00260067819407706,3.48100828013732,0.10855409251121,0.0305805869105022,1.20958806572181,-0.189023399382548,-3.47756707942081,3.11846558633187,595.012579190894,706.081130733022,0
3,1.18576439703382,0.41518372297287,0.0638401895975524,8.58967945019277,-3.15163660145391,-1.10813380834207,0.42679296841693,-9.14307294718467,-0.345866169417905,1.25694752076918,611.378419095503,706.081130733022,0
3.01,1.95908302648278,0.339397728443146,0.0439120275329981,9.48614586776645,-2.16366684333213,0.880093201913825,1.75081995840807,2.11500165348874,9.49711459545567,-0.443374388238695,638.863385291243,706.081130733022,0
3.02,-1.61448744831777,0.387383759021759,-0.0381261977291943,6.41482801124139,1.85920383880241,-1.35789014191166,0.874161135162186,4.50506682191256,-4.93062169083447,-2.1191647379807,617.647620646893,706.081130733022,0
3.03,0.16736621754063,0.38726544380188,0.0525915895294748,8.5175769653055,-2.62102935260826,-0.150266524326055,-0.0905389293622449,-3.67886857882836,-8.11694759172722,2.41752912031556,620.224810954119,706.081130733022,0
3.04,-1.68155419454607,0.446061491966248,-0.0394843939740953,6.05424322578936,1.94721717424159,0.912706421967405,-1.41285190797282,-1.79330250105476,6.10160486268887,0.597036749371632,597.65339456821,706.081130733022,0
3.05,1.51654411287312,0.399116843938828,-0.0313624031332389,9.15371557154313,1.59139361653664,-1.23449730056075,-0.881422748474669,-8.45584995199822,-3.84988882914252,2.17017490061239,618.592721560407,706.081130733022,0
3.06,2.41757665059246,0.305117219686508,0.04983405552066,10.5038378744556,-2.4388441004682,-1.20951104570064,2.09385847776483,-7.52651368214636,7.72205687829999,0.544431594959471,652.198282029823,706.081130733022,0
3.07,0.832985265545899,0.265882909297943,-0.0132795887559368,7.82306718631484,0.696631434806236,0.652030319777949,0.518553046644569,6.62454186202071,4.2191374326859,-0.914874893907221,663.726174918284,706.081130733022,0
3.08,2.36590454294283,0.175155580043793,0.0572045871147308,13.7426324620958,-2.81347610998514,1.86742709174443,-1.45378565411943,12.7190221510889,-5.91625475531748,-2.20811319696977,697.555281000866,706.081130733022,0
3.09,-0.0531783744331778,0.164785504341125,0.019809403409293,9.1796366764301,-0.999498819676556,-0.00685842375812027,0.0563321754802831,-1.16933741255315,-9.15955115807532,2.9061613845806,697.573142018197,706.081130733022,0
3.1,-0.859611897065774,0.193813741207123,-0.0356480332384134,8.65393129826643,1.77384045031267,0.857353716577941,0.0717495680877481,-8.80752187273042,0.681612294237725,1.69573518434416,686.509070215895,706.081130733022,0
3.11,1.34879380574635,0.14702795445919,0.0202933666598443,11.3461245675789,-0.994443173842817,-0.646695361269304,1.18382501277127,-6.45404494655749,9.38449592449355,0.515024139464405,705.736818646133,706.081130733022,0
3.12,-1.74505915952318,0.202284440398216,-0.0621145229733812,5.90256161314535,3.06427857021112,-1.14420150803805,-1.31904988275782,6.09140235864262,2.66924222541813,-0.67895477664916,682.535033373626,706.081130733022,0
3.13,2.53096643795446,0.118440702557564,-0.00211601351633894,11.8609195929704,0.171431526664992,2.44513860331776,-0.653523372290815,11.4117304131098,-3.23777876602917,-1.83280222796076,717.420432378567,706.081130733022,0
3.14,-0.24827738271199,0.116571009159088,0.0202792252289915,5.83095197735208,-1.02841923435194,-0.0864711818112501,0.233614298488705,2.56252998967411,-5.33770429452513,-2.86858392756303,713.955803246169,706.081130733022,0
3.15,2.13479219426777,0.040497712790966,0.00585274354064091,11.9756694313558,-0.210799608244919,-1.32779990917866,-1.67162177794461,-7.25745030157359,-9.5284054240012,2.47306731762791,743.514411270873,706.081130733022,0
3.16,-2.30935993970853,0.11332443356514,-0.0223971871104096,5.57553813718602,1.04064125722502,2.30616383440499,-0.123504388600344,-5.5246191556436,1.28380019105407,1.52699153307108,712.253421765699,706.081130733022,0
3.17,-0.763656420692401,0.150790512561798,-0.044853182046016,4.66490995974569,2.23626270622585,0.27342987247853,-0.714436170445447,0.11807151940161,5.1718773129394,0.424190069715094,701.324687736938,706.081130733022,0
3.18,-0.836021048121419,0.182584896683693,-0.0209801847707997,8.97412882785818,1.0067099488809,-0.59034849926265,-0.592334373874579,6.90419586082317,5.82069863981664,-0.75862902124134,690.307974179341,706.081130733022,0
3.19,2.35952441727907,0.101258993148804,0.0747051984699252,11.98242764687,-3.66350187356337,2.23694513356204,-0.754329378884116,12.5298956349831,0.0391620544453164,-1.86438491851416,722.587249703556,706.081130733022,0
3.2,0.826682383789069,0.0592624396085739,0.00577784636436474,12.4262787330105,-0.284354969831931,0.26848991768311,-0.78188893794343,4.3860383895938,-11.6299582176526,-2.80383283127762,735.237063722174,706.081130733022,0
3.21,0.597955738493069,0.0326909199357033,0.0476300927337327,9.73565363838659,-2.36537172096586,-0.340491940929281,-0.493847070552035,-2.8245162879484,-9.6124941032018,2.61745696617863,743.800662937519,706.081130733022,0
3.22,1.10444723428386,-0.0124257355928421,0.00736315664371029,13.1570152213162,-0.354580757320939,-1.06471713108787,-0.29365854348385,-12.5632817546161,-3.92386653717196,1.84658120860171,760.160016664087,706.081130733022,0
3.23,-0.324460532649511,-0.00701919198036194,0.035592937435927,8.27413562052381,-1.79006431916456,0.307651634760079,-0.109050291480458,-8.22922693982092,1.98632185370162,1.12089156606671,756.044253470618,706.081130733022,0
3.24,-2.79951468707804,0.0928317159414291,-0.0544574904861723,5.42021531826174,2.6223706013806,0.612603181437886,-2.73220889456277,1.25870568340468,5.88822737926019,0.240017500868525,717.828081232295,706.081130733022,0
3.25,-1.21324922635442,0.148463800549507,0.0097264811240837,7.08981550492867,-0.52767962590168,-0.899376056711481,-0.81436539605927,4.94242447144914,5.11041779363873,-0.842979551281459,701.173505711764,706.081130733022,0
3.26,1.83329598525649,0.0876097828149796,0.0606419208373228,11.1216761021208,-2.96381201988874,1.71839053159478,-0.641705222860007,11.4863299598459,-0.734904798779566,-1.89512721441593,726.289699646262,706.081130733022,0
3.27,-0.6738809469883,0.103222608566284,-0.0182105302205195,8.11249852506358,0.877599496486784,-0.152466790855176,0.65665899202789,1.19841124183758,-8.07134584135941,-2.88643263788852,717.413503191152,706.081130733022,0
3.28,-1.05705161962822,0.141525030136108,-0.00577062623499236,8.38730423396626,0.270580023628243,0.776485266886786,0.717260104141822,-6.31454570198547,-5.52689772293932,2.32202559693541,703.713246644484,706.081130733022,0
3.29,2.42891645270621,0.0585868805646896,0.0344753372010551,9.49390410085336,-1.67060580560012,-2.34338206168162,0.639831380983185,-9.61033512279864,0.752726817250455,1.31844822799414,737.034533350925,706.081130733022,0
3.3,-1.59259560194723,0.10438571870327,0.0485170713385178,4.91048230637487,-2.46784053379806,0.608442588711503,-1.47258693250856,-4.04454950394339,3.72084569575636,0.361361317254112,715.728659264753,706.081130733022,0
3.31,-1.77175295809569,0.173702672123909,-0.0141421010500242,5.83521649562548,0.637220222923427,-1.23759669788787,-1.26793649561796,4.5019424500634,3.76673802376001,-0.765307823988647,691.267587671507,706.081130733022,0
3.32,0.983540676872774,0.145312055945396,-0.0388946715525195,10.6526200850542,1.97102668135436,0.933800887212874,-0.311257066713322,9.26831782435796,-5.60905924035383,-1.93206231330215,705.01752302505,706.081130733022,0
3.33,-0.924627976543424,0.173820734024048,-0.00800466961152196,6.83770460715818,0.388944916238064,-0.0372690688563785,0.9239112437074,-0.0537463109315562,-6.84854683686115,-3.09261918427254,692.61672425893,706.081130733022,0
3.34,-1.58878020294747,0.237185716629028,0.00615270789178335,2.91456731633702,-0.369564508698989,1.5012656900191,0.520059339944653,-2.63806159670515,-1.29302419913141,1.90040027999839,669.783427766669,706.081130733022,0
3.35,-1.58200791902853,0.300987005233765,-0.069429868039843,4.91702249979154,3.43352288035696,-0.972644529241897,1.24961281290679,0.57295527741721,-5.96974973373849,-2.43632982412757,648.155348229451,706.081130733022,0
3.36,1.48815152947981,0.254696071147919,-0.00861970047724392,9.04612511787443,0.488030001752671,-1.01160970244256,-1.09147381271998,-6.54357000970068,-6.2651611678388,2.38835886568497,668.333034142899,706.081130733022,0
3.37,-2.21862642937597,0.327790200710297,-0.0361633554714547,4.99048961693348,1.73340154293788,1.7078362327235,-1.41665324748201,-2.8076585688648,4.47512244373943,0.894621983767469,638.053305906774,706.081130733022,0
3.38,1.2264371233313,0.293811470270157,0.0470510995527318,9.38993293970861,-2.32502510037954,0.781678924807773,0.946224012570835,3.85048694685766,8.87413841461235,-0.652111013828214,654.699021291255,706.081130733022,0
3.39,-0.512669934560788,0.305723398923874,0.0130021066498791,8.99208099283411,-0.651902024600099,-0.433775901711259,0.273565318844479,7.84341630136488,-4.4455952981406,-2.15881186832948,648.507980215911,706.081130733022,0
3.4,0.691420874470439,0.279533743858337,-0.0475109858162766,12.3295036993508,2.37850257022287,-0.293892463219564,-0.627652244072654,-8.06141370789523,-9.62743709296618,2.63506639462805,659.407943050841,706.081130733022,0
3.41,-0.596631392082135,0.296772330999374,0.0137207128848032,8.09524865858423,-0.71119066655104,0.551983185155469,-0.226874060406995,-7.70015420528751,2.59739643167774,1.15783648618276,651.731462405787,706.081130733022,0
3.42,2.15154782342027,0.223707944154739,0.0435489341732773,8.63479919494668,-2.10645752941793,0.559042089871925,2.07810646692699,0.0291471120388693,8.88797338576985,-0.242555676532753,680.576260182072,706.081130733022,0
3.43,-2.05756888288843,0.287051916122437,-0.0323149667305174,6.85870099502645,1.5428900068171,-2.05100741563017,0.167339612571502,6.74259955605971,-1.98988445366463,-1.63650087087146,653.027897142886,706.081130733022,0
3.44,-0.0861617478437618,0.298593759536743,0.0330168844407208,8.51674457244855,-1.6645069195436,-0.0334254401102613,0.0860040778283172,1.70490902506148,-8.50874882775395,-3.13684659087905,652.119411922877,706.081130733022,0
3.45,1.76452958846034,0.233237594366074,0.0176739333966396,14.0661425615701,-0.82398194002521,-1.74349968711091,-0.272187210423064,-13.7401309612581,-3.12155633737058,1.73567760168703,677.254599467313,706.081130733022,0
3.46,1.83727852557349,0.159556925296784,0.0155632904835828,9.64639674864903,-0.744977649660537,-0.886537234459755,1.60931237752669,-5.37533648238677,8.04448380146061,0.511988853852989,703.01785550289,706.081130733022,0
3.47,2.81191440876544,0.0497816279530525,-0.00274393169584375,11.5778004173588,0.224950163280987,1.2844797411575,2.50139600342285,5.49878164291384,10.1911464283321,-0.4753690910463,741.737752775656,706.081130733022,0
3.48,-1.26994859217292,0.0823357105255127,-0.049060643168339,7.09978981757396,2.40955068801,-1.25641875175834,-0.191280667345375,7.42677611819254,-1.02759255644503,-1.38110089878401,724.978728381593,706.081130733022,0
3.49,-2.31041067060742,0.171580359339714,-0.0433696152003468,3.98599793220327,2.09654583987174,-1.40800233932032,1.83232306181192,0.849444225976807,-4.42290950406708,-2.46763444238827,692.992460915372,706.081130733022,0
3.5,1.53522244462505,0.12630720436573,-0.0105506080463663,10.2423803423645,0.589036226472412,-0.664729734518031,-1.38389076514668,-5.02724044914808,-8.94316343472495,2.68692903186446,713.734893118132,706.081130733022,0
3.51,-1.79148480125741,0.183258101344109,-0.0148221495359135,7.27629002303397,0.672744861171801,1.79068509275984,-0.0555372651545245,-7.25911933534401,0.837955024313033,1.54806520924856,689.584088297717,706.081130733022,0
3.52,-1.73579958949076,0.251399099826813,-0.097457742475628,6.55005391529711,4.83387166190404,0.308614884748108,-1.7109222891051,3.17926971501638,7.49411539918072,0.23454711364186,666.37939719163,706.081130733022,0
3.53,2.20086357113818,0.179347485303879,0.0781116745663885,11.5161092564233,-3.83584432114598,1.95185344297765,1.01988726318304,8.11524897633063,9.02647262855829,-1.05381703725679,696.683144770424,706.081130733022,0
3.54,1.75583908925671,0.105165414512157,-0.0216074954787631,10.8600130038159,1.12403371355634,1.49199314400184,-0.925955857195268,8.55180804874656,-6.7874821052917,-2.13854285116484,721.414467397643,706.081130733022,0
3.55,2.54510563486026,0.00591392815113068,0.0533238117866391,12.6360154465424,-2.57239293327159,0.298044234303839,-2.52815659244026,4.28978705165904,-12.1607491060305,-3.00329590096325,756.766820509507,706.081130733022,0
3.56,1.4206695007265,-0.0572445243597031,-0.0201396262315978,10.3017030637644,1.04372705139789,-0.692377141266473,-1.24069389016425,-6.05125012369321,-8.40219162554009,2.61840996862642,776.755284374657,706.081130733022,0
3.57,0.0294730973642,-0.0674753338098526,0.0325016818734044,12.6015908842431,-1.6140389283419,-0.0409130156996375,0.0158476477497709,-10.5421161789696,-7.09006353604466,2.03546998525545,778.329313541561,706.081130733022,0
3.58,-2.64344001880637,0.0282542929053307,-0.0521044387116846,3.03468061715906,2.52151194857919,2.54961574126999,-0.699963982951089,-2.32216539337973,3.18980514150599,1.32256886198218,741.574365906279,706.081130733022,0
3.59,0.538964190520646,0.0178690180182457,-0.0232394911409803,11.1468199502012,1.18487225319879,-0.280009697114437,0.461104155407374,-4.33163817274122,10.3388794363343,0.502647877743546,749.348967320264,706.081130733022,0
3.6,-2.00277402539157,0.0888642743229866,0.0262518454970062,3.18453934373104,-1.3809508809363,-0.737582253122969,-1.86219369992845,-0.0657251935107668,3.47044613360698,-0.390231619576832,721.305235067502,706.081130733022,0
3.61,1.62051432455558,0.0366311743855476,0.028175973475776,14.1602526195126,-1.34459478860263,1.57026491685814,0.401408336305592,13.3004447268274,5.04171195751582,-1.3031396893125,744.263218949537,706.081130733022,0
3.62,0.784059019849137,-0.000808969140052795,0.0407860573379775,10.9626534031819,-2.02568321565447,0.661443003771241,-0.422971868854235,10.5312757580437,-3.65723844403415,-2.08775999463115,755.787254332426,706.081130733022,0
3.63,-0.398640487629542,0.00898614525794983,0.0774658282740069,8.33878044184755,-3.87488119098908,-0.189015232289276,0.359427927254308,6.1127150474118,-6.86911044100803,-2.84939058571381,750.638338572997,706.081130733022,0
3.64,0.814439150733678,-0.0204808562994003,0.0619361746210265,10.7631728592059,-3.08148256055442,-0.40678686757212,-0.708287840037752,-1.85640295967893,-11.0406155996594,2.6961679270481,762.313592226772,706.081130733022,0
3.65,-0.28452920304126,-0.0155602991580963,0.0256064481730075,9.6090276313409,-1.28260062057057,-0.205896666928586,-0.198038178437974,6.69198707452542,7.01397072749421,-0.894604611161244,759.020031386819,706.081130733022,0
3.66,-2.01068014160533,0.0570593103766441,-0.0528551257982621,6.89863549850718,2.57792810878706,-1.98235681368642,0.340425850076358,6.45804505380212,-3.53985016044463,-1.71458417429243,731.700249986596,706.081130733022,0
3.67,-2.64533059968522,0.15732929110527,-0.00834511566295049,6.14550292375287,0.35494754391844,-0.962810745686197,2.46390728124611,1.92459631688746,-5.84714656578848,-2.76591738832017,696.025297691799,706.081130733022,0
3.68,-0.125211891962489,0.173375144600868,-0.0425748948559196,7.49331658593811,2.111144578298,0.120277505924459,0.0549905549109149,-6.89821262946871,-3.60851595620838,2.3273783334193,693.988086631221,706.081130733022,0
3.69,1.28752206425736,0.129431918263435,-0.0138106428852265,7.21113118530655,0.739105624561726,-1.20206727169253,0.461452136339307,-6.4317550759486,3.34353357078539,1.19353530120018,710.942957745773,706.081130733022,0
3.7,0.572093565100248,0.101005032658577,-0.0423909333164278,11.9627356641687,2.11766185432832,-0.130364911602209,0.558652869212625,0.241936969413336,12.1463164293905,0.155290545005775,720.012515214598,706.081130733022,0
3.71,0.831603628975775,0.066953033208847,0.0536618026864945,10.2862302317183,-2.65762212911473,0.637306871596669,0.536920977620459,5.58384123164105,9.03826337638488,-0.806243018094625,731.87003113291,706.081130733022,0
3.72,-0.020602070782451,0.0652040913701057,0.0245491861178344,6.1604904211663,-1.25016137694932,-0.0241591738804925,-0.0210580667912637,6.27982549090559,0.279888373231127,-1.72646966133183,731.219516904668,706.081130733022,0
3.73,2.241320020458,-0.016181617975235,0.0154559505924596,11.9970267240375,-0.702236850360636,1.26298733784546,-1.85165258754352,7.4057582280517,-9.46448793537821,-2.53609477146126,762.185990279228,706.081130733022,0
3.74,-2.17543009786259,0.0514877811074257,-0.0471391188018196,4.91896842646158,2.27184427114578,0.471825372499279,2.12417019682364,-3.19028146848977,-4.3794555511701,2.94468450082729,732.622482517861,706.081130733022,0
3.75,2.09985587046376,-0.0129176676273346,0.0450255198220277,9.83620325236217,-2.18741333543746,-1.80101442971534,-1.0806336095613,-7.15861097576122,-7.09154146991617,2.1326649240955,760.638548050284,706.081130733022,0
3.76,-0.163636243137069,-0.019773542881012,-0.0583206197252498,13.0694415304761,2.89162130067475,0.153328640701677,-0.0816605332686927,-12.5049192259849,4.77480584072711,1.42379035345769,760.021778398508,706.081130733022,0
3.77,0.40007134358343,-0.0351727157831192,-0.0185784921207473,9.9157280209126,0.945738150403722,-0.281605000186474,0.284782134615407,-5.93486371665944,7.9995922082641,0.733384137389121,765.886073777783,706.081130733022,0
3.78,0.798627263591077,-0.0664102584123611,-0.00111504645308008,9.37776934382456,0.0584573660168065,-0.0852599181645905,0.794063911681,-0.930000377036255,9.33172408659459,0.105565617820379,777.096695020473,706.081130733022,0
3.79,-1.50060719967838,-0.0171341001987457,0.00234667529216787,6.15448879705473,-0.156527854243537,-0.789247939611701,-1.27628960836881,3.11214563335223,5.31194718338134,-0.555397564553576,756.822703016343,706.081130733022,0
3.8,0.442047597921894,-0.0268392860889435,0.0027883595172721,7.58814595812847,-0.14718114690828,0.42305238072396,0.128220657232382,7.20432561577626,2.38732356284955,-1.27020429874457,762.555463506046,706.081130733022,0
3.81,0.392850770308871,-0.0429207682609558,-0.0203242129949218,8.44552842717195,1.04167731281703,0.373224054999269,-0.124292421876954,7.48454979262766,-4.04889570622465,-1.94395722025301,767.87912019475,706.081130733022,0
3.82,0.141809576662327,-0.0495968163013458,-0.0161860921497797,7.31531166130508,0.795564830635051,0.0879286511858365,-0.112429968926747,3.14582851542516,-6.65210275426556,-2.59152544862758,769.668640351212,706.081130733022,0
3.83,2.04887279854243,-0.124119788408279,0.060203039050244,11.8879333014943,-2.92879423209774,-0.0357257464301338,-2.04944573520745,3.07058208574946,-11.8521019017481,-3.12964775405035,797.800051489994,706.081130733022,0
3.84,-0.75319521290648,-0.106626927852631,-0.00142852682924909,7.96733397369762,0.037077704886341,0.335118576434132,0.674537329703034,-3.56459099655137,-7.1255509563781,2.6823949152641,787.798652208061,706.081130733022,0
3.85,1.73841775225203,-0.168023899197578,0.00101819610407432,13.368795042948,-0.00843908337575153,-1.33903018238791,-1.10864579046804,-10.2870385911221,-8.53824274328407,2.26293295093813,812.276245170741,706.081130733022,0
3.86,-2.0554772706268,-0.103014841675758,-0.0827033670175021,4.21495894182538,4.0777422375696,2.00686616938694,0.452011985626035,-5.12659404388637,2.84813871616565,1.83254620395909,784.374658632223,706.081130733022,0
3.87,0.983890454011197,-0.132079541683197,-0.0364399709978207,11.4951497303725,1.83454350464721,-0.967779167079947,0.181029778618673,-10.8093772067897,4.31988212749627,1.34885676127315,798.268841391036,706.081130733022,0
3.88,-0.0061059395649628,-0.138853505253792,0.00721553013160785,10.7577614758776,-0.345867480146856,0.00922843952530136,0.00204506160762325,-8.77077598841431,6.23879354096241,0.920376582006041,798.98655026527,706.081130733022,0
3.89,1.63686446885472,-0.200785547494888,0.055007445420481,12.1645228380041,-2.70597619643174,-0.850686131344946,1.39952999767354,-8.92776632214658,8.69441841350665,0.579754824203874,822.224456390929,706.081130733022,0
3.9,1.7187553843549,-0.270078092813492,0.00932300776651596,10.7072712874101,-0.431261844950926,-0.678253207834382,1.57929717779307,-4.67386641968375,9.64295690605629,0.411070865644252,846.108476509423,706.081130733022,0
3.91,-0.868965217933082,-0.249728754162788,-0.0265097464441938,10.3122981910649,1.31184696928083,0.223357666773725,-0.840187282293312,-1.69514797287859,10.2562619799953,0.290330782350509,835.112635824919,706.081130733022,0
3.92,-2.19983187490871,-0.167682036757469,-0.0453052210413687,6.65913476548082,2.18432437809771,-0.552452523392634,2.12981432296693,-0.298262616687717,-7.00188461952022,-2.86720411586009,804.758445742072,706.081130733022,0
3.93,-1.22074450575975,-0.118291527032852,-0.0274981037965534,9.62567670685889,1.31902035125065,0.23234897943535,1.19874402847746,-2.91859762819988,-9.26689023549136,2.97266151301163,788.60923402162,706.081130733022,0
3.94,2.36123583308015,-0.199763998389244,0.0136529244900451,14.3550407103939,-0.59491867877435,-1.25069177675346,-2.00284576074398,-7.02644895467014,-12.5319646152882,2.58916569147702,821.329014679886,706.081130733022,0
3.95,0.64475096632933,-0.233907163143158,-0.0163809856320702,9.47380288578733,0.823022765322387,-0.442068533626976,-0.46962491080625,-7.25141708194899,-6.15201250767662,2.36100955459655,830.539369612148,706.081130733022,0
3.96,0.211464553714086,-0.244912654161453,-0.0147645302630864,8.53947914336324,0.759416926057083,-0.165403983806115,-0.132577415016486,-7.45155731009809,-4.23954145655418,2.17676653864924,833.422566002453,706.081130733022,0
3.97,1.2717107826974,-0.29252552986145,0.0663195022220353,9.94840008731122,-3.26621447540692,-1.14962691220255,-0.547726714651975,-7.18961143639208,-7.61237864864012,2.06752046466637,850.841933092546,706.081130733022,0
3.98,1.78555677845721,-0.365298956632614,-0.00764004982745536,13.2194855904221,0.433283077402757,-1.52321338146145,-0.931714749262145,-11.5310216317005,-6.47904882137783,2.11547893964128,876.312896831556,706.081130733022,0
3.99,-0.234463328957336,-0.367857694625854,0.0423418624158295,11.794188118672,-2.15454661609912,0.156107688710295,0.179989653769672,-7.83723022207622,-9.07318945827453,2.24846705305782,874.065318321681,706.081130733022,0
4,1.33170593752807,-0.416149139404297,0.0187780992694374,11.4231170709029,-0.872529513116624,-0.874251069065633,-1.00472801757356,-6.70992582916919,-9.2857851974866,2.43962339079825,892.409096189386,706.081130733022,0
4.01,-2.66936287063174,-0.32828426361084,0.00831992592240594,6.12084378659752,-0.504146295198943,1.44609186467142,2.24374367413166,-2.90898231661579,-5.40894758973582,2.56597707055156,856.369693897546,706.081130733022,0
4.02,1.41139217324011,-0.371170401573181,0.0906757681108701,13.5907745626378,-4.50061089377092,-0.76896392071567,-1.18698965886124,-2.7165040532511,-14.0565023159477,2.63090400862914,876.125760206495,706.081130733022,0
4.03,0.0162863124303538,-0.380279541015625,-0.000833325433600505,10.5922459908844,0.0155496103226523,-0.00508398988794444,-0.015494884661612,-3.82667678638059,-9.87686497297419,2.77342993889894,876.931080991106,706.081130733022,0
4.04,-0.677721350129215,-0.357815206050873,-0.0427346061832595,7.91731686392729,2.13149015014629,0.213389188840713,0.644668542021795,-4.07164502268655,-7.11680148614742,2.88491104698553,867.764303847963,706.081130733022,0
4.05,-2.03258924068767,-0.283662408590317,-0.0432596027382212,7.56955776584621,2.09785363456406,0.605865895893938,1.94067434949324,-4.11691640438231,-6.68955857750452,2.86026684134615,840.150682396509,706.081130733022,0
4.06,1.3863540343123,-0.327018886804581,0.00444498236929203,11.2065109400004,-0.192208527424388,-0.463064806606049,-1.3067395498741,-3.5278770291021,-10.638463950867,2.80423933459405,859.237706494923,706.081130733022,0
4.07,1.70213372597665,-0.396048337221146,0.0349635690874529,13.1181191086725,-1.71307952865655,-0.429119870042836,-1.64752475228899,-1.37878298513456,-13.1574559813333,2.90732873793535,883.223081761902,706.081130733022,0
4.08,1.97621871926659,-0.477873504161835,0.0331749701207973,14.624746243772,-1.56739163604628,0.0860384245746386,-1.97462360831601,2.44631644059773,-14.5036359271712,-3.08126261555223,911.146145722523,706.081130733022,0
4.09,-3.05282801075127,-0.378130912780762,0.0115013762779523,4.61522946015731,-0.68052432104369,-0.925065742809191,2.90932028425279,2.03121542919765,-4.19971668111377,-2.83750304161084,869.610516443433,706.081130733022,0
4.1,-1.20668456669819,-0.323212265968323,-0.0562013353199358,7.05546412116786,2.75378061831162,-0.340400373392269,1.15904004218739,-0.302265582206139,-7.56779473669109,-2.80939197652273,852.578336587147,706.081130733022,0
4.11,0.331780701585448,-0.333874017000198,0.0663889847748684,12.7508410585358,-3.33671825683554,0.0408538554524087,-0.335882261720745,7.16203662712831,-11.0644867832726,-2.82306497743813,858.048477073064,706.081130733022,0
4.12,-0.0964680821003288,-0.333737194538116,0.0492836200404591,9.17172442652096,-2.45481003184834,-0.0772188105517358,0.0759751364946668,5.22484764086341,-7.92764708966466,-2.8203900987253,856.945703900999,706.081130733022,0
4.13,1.81658069463272,-0.403488606214523,0.0416147431211996,15.3837994987597,-2.01759729581595,0.696883382355381,-1.67810928081406,8.06898048161196,-13.2523031905208,-2.725080312767,883.133661889583,706.081130733022,0
4.14,-0.552360650576754,-0.392103999853134,-0.0232623639331564,8.25173157108694,1.12295931848784,-0.283180964483556,0.474817825313558,3.58175942676041,-7.51818535027334,-2.56173544115804,875.524971668042,706.081130733022,0
4.15,0.56272461362372,-0.412312507629395,-0.0298974056164427,11.3388612543104,1.49084520308905,0.403238630084752,-0.393638733927356,6.58558684770542,-9.34999678264139,-2.39722800160131,883.688658063824,706.081130733022,0
4.16,-2.56668360631173,-0.3275226354599,0.00861368303885912,9.09992362956448,-0.50715223275629,2.25877942173868,-1.21895629715538,-8.23603550052748,3.90301584484956,1.07257608795002,849.827292203691,706.081130733022,0
4.17,-0.844034816836517,-0.288161218166351,-0.0345675506858892,8.53708882872479,1.69480986791739,0.679240151963282,-0.502217585866497,-6.11545079757989,6.19318397113368,0.97505803137978,838.152973877173,706.081130733022,0
4.18,-1.23237296453355,-0.241534635424614,-0.047329963326733,7.08675693281731,2.30169520666123,0.827054593029156,-0.914857338217878,-3.3038001796901,6.67868467753054,0.773421512700695,820.979807915178,706.081130733022,0
4.19,1.56909273609051,-0.293476313352585,0.115561582168372,12.4183160533971,-5.71277688055251,-0.772481716752852,1.3706489306193,-11.6326464448675,7.17857436945149,0.586731740060948,842.568940403705,706.081130733022,0
4.2,-2.95160060818124,-0.196505129337311,-0.036910014519705,7.402455994855,1.74083326595702,0.93545845182972,-2.79968319355746,-0.789426005518072,7.56331024072391,0.334971913947484,802.900271352202,706.081130733022,0
4.21,-2.82741386354021,-0.0848104879260063,-0.0608219126796303,4.22881013368434,2.93722213558562,-0.638472566493188,-2.75505376401931,3.74087757826081,3.53778800452925,-0.206217806395459,763.767408358565,706.081130733022,0
4.22,-0.443699073423357,-0.0556833893060684,0.0248848213283497,6.6508657978908,-1.25931932738059,-0.336811720125118,-0.289906859656077,4.50899947205261,5.04864583734067,-0.916127087352603,757.180718750177,706.081130733022,0
4.23,-2.28326121791649,0.0271085426211357,-0.0773186116649013,5.41955689843112,3.78128800265565,-2.22590728877673,0.514389637067024,4.59245494490049,-4.75174636459259,-1.76405141747051,725.762554805116,706.081130733022,0
4.24,-2.42219545983489,0.122210152447224,-0.0256934491105267,7.87228871902332,1.20977368798545,-0.678206082179108,2.32545210853012,1.12639431256642,-7.88465077885012,-2.84721156361197,693.237901322389,706.081130733022,0
4.25,1.13228559572636,0.0901973843574524,0.0352387758944197,11.6492933211567,-1.71542728984831,-0.874454418787989,-0.720167974210247,-7.6263771100764,-8.97146018460789,2.29085227090306,708.942526119023,706.081130733022,0
4.26,1.23196752688912,0.0401330403983593,0.00732368663890448,9.6137008289762,-0.345461985030762,-1.1738658234339,0.373947392381758,-9.2802251383529,2.53377366661705,1.26834426814781,726.266235356735,706.081130733022,0
4.27,0.329713465120045,0.0213776305317879,0.0472360227889668,10.5901037880517,-2.34138036379371,-0.0616867847576664,0.327317814236635,-5.63346695186261,9.2680316330889,0.328572181830755,731.489946823742,706.081130733022,0
4.28,1.20488415941733,-0.026827797293663,-0.0381730073396878,12.9730611545134,1.92870912711792,0.572820751281751,1.06069760205498,8.1900545350136,10.2441808520387,-0.526836709649297,749.289774533914,706.081130733022,0
4.29,-1.60716507806959,0.0236456841230392,-0.0479727664148843,6.50022880351854,2.36314118628282,-1.59083543343651,-0.233502886934602,6.81308182966065,-1.19135500449951,-1.3952165148279,727.971954121954,706.081130733022,0
4.3,-0.875699179560145,0.0610223338007927,-0.0225297425730996,7.59713973751197,1.08056053498088,-0.583461250564444,0.653398508930419,4.41700942995571,-6.27488413890838,-2.38695650899192,715.851152641087,706.081130733022,0
4.31,-0.0946817529125824,0.0689638704061508,-0.00098850051600935,6.39480273082794,0.0506397291101375,0.027772562603775,0.0905223521252561,-1.86029509562679,-6.11844494177693,2.8543458460524,714.210536840639,706.081130733022,0
4.32,0.958743537675582,0.0340161696076393,0.0176185345447106,9.82777016222902,-0.87330267229559,-0.924874026247887,-0.253194824919895,-9.1836759933671,-3.60663543595559,1.85638529729348,727.797986384079,706.081130733022,0
4.33,-2.20585262860544,0.108981400728226,-0.0431268153207954,3.95672173079679,2.08936819756297,1.54978157460521,-1.57029386177856,-1.37577420844921,4.25774020430005,0.798372561916383,697.623533548229,706.081130733022,0
4.34,-1.00583819528516,0.154931411147118,-0.0364143425329785,4.10469836583846,1.80813172552835,-0.44734322470523,-0.901621050523414,3.33787114227431,2.99608164924647,-0.424379197055595,683.245101984067,706.081130733022,0
4.35,-2.37379867880511,0.244745180010796,0.0243755409312939,5.39418003330488,-1.3027095213225,-2.30667867264037,0.561023917207312,5.54886284850237,-0.0659652723754367,-1.81964927510675,650.484989955844,706.081130733022,0
4.36,2.59523847078454,0.161478161811829,0.0395480229338409,14.4307746384984,-1.90537649687794,-0.210219733377978,-2.58701264590194,0.951754321687943,-14.5248710828403,3.07574866384036,686.074378474952,706.081130733022,0
4.37,1.72593604335914,0.0877794101834297,0.0135767361322506,11.8125952903438,-0.613687104452837,-1.63069651101523,-0.565569131488782,-10.9239755658519,-4.53660414763002,1.91250752430684,710.584396258758,706.081130733022,0
4.38,1.28649935111905,0.0329497009515762,0.0506067105694558,9.49460675489096,-2.50568223466204,-0.980635898203723,0.834263060873837,-9.01526555016051,3.89242700011331,0.905191143674296,728.638524868077,706.081130733022,0
4.39,-2.14661247998083,0.102364972233772,0.0261444338691258,5.77179766515388,-1.3577948773852,-0.274846675586651,-2.12910497053357,-0.535794417866124,5.90509776026721,-0.140559050846976,700.122802698217,706.081130733022,0
4.4,-0.492681948660949,0.128461346030235,0.0262483232650099,7.68140714302936,-1.3473403897475,-0.470327075994274,-0.149053408539526,7.09744279728667,3.23197270441305,-1.31712098129781,693.313819703907,706.081130733022,0
4.41,-0.0429527626100306,0.133296281099319,0.0136323070781518,5.58804707423834,-0.680388524689489,-0.0360409128772377,0.0270523975107943,3.79888634264237,-4.15423412967038,-2.52200653831656,692.290384418807,706.081130733022,0
4.42,0.739901388255899,0.10662080347538,0.0274284110502085,8.76308405865078,-1.34830149885922,-0.410438114760131,-0.616236104125599,-3.43510592183351,-8.17371436108394,2.59107716787048,702.672589905773,706.081130733022,0
4.43,0.561601860759256,0.0833922028541565,0.0257393345969374,7.56813400161653,-1.28141813008738,-0.55746861827602,0.0727179688328653,-7.64890463397326,-0.642606093126457,1.48688549712051,710.318507157555,706.081130733022,0
4.44,-1.50736584862855,0.132368072867393,-0.0125447742289211,8.86635999978007,0.597867860552474,0.489254031815794,-1.42581193196161,-2.38352851963946,8.56087480462406,0.338873141445054,690.79418187179,706.081130733022,0
4.45,-2.14628141108489,0.215544581413269,-0.0336804983889649,5.42181155655964,1.60722699888818,1.46020885984413,1.573355763066,-4.8204927767267,-2.95669893129559,2.40916674299725,661.02414163739,706.081130733022,0
4.46,2.03921364362373,0.153525069355965,0.0607846649408201,9.3477471872794,-2.98576111532298,-1.75838172899889,1.03449541079504,-9.63114750835399,1.88046392876636,1.06880659734927,688.208339198009,706.081130733022,0
4.47,0.451490396307397,0.127662122249603,0.0560717155006903,10.5422049361307,-2.77880702052067,0.11989249150642,0.438877438150316,-1.24681202868317,10.8307577360868,-0.143113458889999,695.196580974936,706.081130733022,0
4.48,-1.33096721766335,0.174454241991043,-0.0201866481284592,5.05570136604684,0.956161676984386,-1.31467588495653,-0.208587038837377,5.14479054334961,-0.0741061417283534,-1.39828173337479,676.611162507386,706.081130733022,0
4.49,1.44055062054462,0.129994168877602,0.0327439756588804,7.75838979845868,-1.59043712249993,0.647516075418427,-1.28723781422399,5.04723114258861,-6.10307793647905,-2.65279967705546,695.691758694313,706.081130733022,0
4.5,0.775267757211346,0.095339760184288,-0.0405265517923257,9.89130064778658,2.03118004985934,-0.438674522393437,-0.640505394336829,-7.62123794215326,-6.62421717102732,2.48885434138095,706.979236786155,706.081130733022,0
4.51,-1.7109171462209,-1.90686285495758,0.00462806144462989,4.99140722132233,-0.287440589900948,1.65948259618215,-0.416384933870017,-4.90873929630967,0.949234777416259,1.32225400949487,686.386986446605,0,0
4.52,0.254491962959147,-1.91465246677399,0.0275998043921128,7.93289444187099,-1.36022160742775,0.00648486413974102,0.255902041708096,-2.01081801330367,7.79343492720344,0.0826926122613004,689.836362413611,0,0
4.53,-3.46583691805169,-1.79773890972137,-0.0697834313305066,5.1955378809665,3.38071667657135,-3.37184996270552,-0.804688199752587,5.87912201046353,-1.96437865644299,-1.31639734114434,642.492929698345,0,0
4.54,-4.15472931186326,-1.63739287853241,-0.0412598792390535,-0.542363439677472,1.95477916568088,-0.134157344877436,4.15276773240522,-1.975931182416,0.459364397439494,-3.09936786330407,585.042020381674,0,0
4.55,-1.34469366131693,-1.57655608654022,-0.0545193956249101,4.8486476733861,2.69723079285019,1.18616203728574,-0.635761770309743,-3.18595888698718,4.54247775789372,1.11930088890016,566.362784365046,0,0
4.56,0.207051672594135,-1.58498120307922,0.00269370583380342,8.94131025737556,-0.122401044002962,0.175661106490385,0.10963953138226,7.45671644535236,4.93552337526975,-0.999796720616099,569.831783134122,0,0
4.57,-0.421134376477053,-1.57644557952881,0.0456490045222253,7.42843664545599,-2.2831278524263,-0.0523683801946654,0.420351694917927,2.40146321672667,-7.39102957677663,-3.12562273301231,564.552924245284,0,0
4.58,-1.96254969692905,-1.50931417942047,-0.0577596701138221,4.30643570973937,2.85811690277167,1.51736263525949,-1.24601289139653,-1.65902177763372,4.89508605576701,0.912701840425574,537.735347871458,0,0
4.59,-0.332819210788634,-1.49381172657013,-0.00746283087780139,6.59607158070824,0.366131608652062,-0.331150946675131,-0.0341082311303939,6.59022827736192,0.459460449810907,-1.44573989303378,533.292689090625,0,0
4.6,-2.60562655104198,-1.40668964385986,0.0173255737169689,6.64300392171959,-0.9310654360631,1.86569378203162,1.81900429100321,-4.14166031171419,-5.27664986640052,2.33687478851335,498.652813057613,0,0
4.61,-3.29031498794745,-1.28383374214172,-0.0111316575929017,2.42035351769863,0.497943122716122,-1.45677155134465,-2.9502734247702,1.51146913819909,1.95487072420866,-0.455272152896111,454.005630389427,0,0
4.62,-1.37898124499222,-1.22391796112061,-0.0181084524596173,2.59996348815751,0.890906394103897,0.477306192624359,1.29386861333491,-1.70756284499847,-2.15354439777501,2.80131294945022,435.004159632558,0,0
4.63,-3.20884952141638,-1.10881698131561,-0.015085754761317,4.44849744646237,0.708299013675291,-1.42517641656742,-2.8750330455059,2.59305115018326,3.6833276743305,-0.455506725563036,392.097834715857,0,0
4.64,-0.201563235811881,-1.09169256687164,0.0110928000345424,4.04114290445326,-0.560415610485993,0.127091945247621,0.156838852637788,-2.2975411128244,-3.37138049848588,2.40560344516871,388.992522334608,0,0
4.65,-0.412376820498731,-1.07961428165436,0.00274967143819799,4.63636629750464,-0.153486915428579,-0.355441473144991,-0.20910179804626,3.93479538998476,2.45699733756457,-1.04570119070211,383.553094765593,0,0
4.66,1.21813735333431,-1.1250673532486,0.00862304563575822,7.48896742500771,-0.421403678243491,-1.18054532783755,-0.300409216611755,-7.13760961141679,-2.30580640728456,1.82705305962144,400.630656600662,0,0
4.67,-1.0437150979712,-1.09603643417358,0.0197968553531578,0.533539355142062,-0.999338227108326,-1.04374519223162,-0.0181409731899434,0.53512413688976,0.998490507598049,-1.57238283057048,386.230599565197,0,0
4.68,-1.12595988930488,-1.05467450618744,-0.0381008173025512,4.46437543228849,1.89167519788675,1.0361584613985,-0.442281570354082,-3.4795216567326,3.37668655564146,1.20118754988045,371.070363242762,0,0
4.69,0.0793770973684286,-1.05678486824036,-0.046076912523772,5.4928597314263,2.30066029142896,0.0886825388927743,-0.0236476795878981,2.25095573182499,-5.51341492172019,-2.3573320060227,372.366444085927,0,0
4.7,-2.2580667459134,-0.979337632656097,-0.0483935120402437,-0.962524842721767,2.38098914520876,0.536879541456056,-2.19384769730569,2.54886323515935,-0.314419450593492,0.261431709266418,341.213376378723,0,0
4.71,1.36910651625713,-1.01902294158936,0.0438444820799189,5.49549632979492,-2.16700511337666,-0.463939232671776,-1.28885041019294,0.366569854655957,-5.89593229386562,2.8280825141051,359.212230820393,0,0
4.72,-2.54972277270286,-0.932835102081299,0.0248940929333599,-1.50366715240731,-1.28340290327055,-2.06581391750548,-1.49469688958772,-1.96890988306901,0.177571928257669,-0.95420959526248,323.401485627886,0,0
4.73,-1.36059852816618,-0.877419233322144,0.0185762046615167,2.91124875119877,-0.955242683213446,1.33161360308091,-0.279961858683444,-3.04980157625318,-0.294224779161806,1.34991970760021,304.850386214205,0,0
4.74,-2.05135919369178,-0.802277088165283,-0.0293660621258642,0.906334563020575,1.4491735730123,-0.657208149294175,1.94345423297023,-1.06341952551132,-1.33816489925726,-2.80118550508755,277.510234205102,0,0
4.75,-1.44359621500381,-0.745195329189301,0.0169144498113514,4.02237217924007,-0.8689703678543,-1.06209628305066,-0.977858689236706,2.40984196892772,3.3357531583329,-0.838384913951674,257.863726122314,0,0
4.76,-0.609471812928459,-0.722089767456055,0.0637941004341714,4.52182941462742,-3.1954624925731,0.553834069649727,-0.262284962015988,-5.52393226708023,-0.379597293379623,1.0242155329924,250.376812021798,0,0
4.77,-3.27369862225571,-0.600937902927399,-0.0752322974330289,0.840448668849004,3.73204254470378,1.48769760115634,2.9171078854663,-3.72725560588559,0.861429723682411,2.69296132682687,204.186292726195,0,0
4.78,0.202685864628298,-0.596253573894501,-0.0296305176663838,4.50591452944542,1.48566214964559,0.191058726639059,-0.0738653523132464,3.19298235194835,-3.50931923166065,-2.08486830127953,206.917284169946,0,0
4.79,0.237826704034282,-0.608049213886261,0.011291570716559,3.65949900771024,-0.56026177083606,0.134928004669284,0.196172052742032,1.45235717830641,3.40536119463332,-0.555051512264315,210.521513179671,0,0
4.8,0.153020632790258,-0.617650747299194,0.0293690381008396,4.02010279788938,-1.4709107225776,-0.112692416734541,0.107602386911388,-4.1757745325177,0.942184649083333,0.998122294336452,213.144840616713,0,0
4.81,-0.916432605195866,-0.588548541069031,-0.0219799178529096,0.797945713535342,1.0970208663044,0.553910465234563,0.730421134112733,-1.35651847050992,-0.00545729073102585,2.51675237338433,201.072065548179,0,0
4.82,-1.30635542093612,-0.533854186534882,-0.0179824515635437,-3.07120682451125,0.885656888611085,-0.901596365174526,0.945521997987095,-2.78231301580871,1.57335112588709,-2.36620614609843,181.088082610049,0,0
4.83,-2.416098329074,-0.446517556905746,-0.0268620338273036,-0.617562554025197,1.3296635605657,-2.22296901818162,-0.946922092265346,-0.0307774846095257,-1.46575626857656,-1.15698537139019,149.360311307432,0,0
4.84,-2.63296648133115,-0.345758438110352,-0.0684561355692109,-4.18659188660224,3.4164031197824,-0.570665009003568,-2.57129153963711,2.55280780859162,-4.76261841786808,-0.192403465873262,113.712960335813,0,0
4.85,-1.05640750663206,-0.295308083295822,-0.0368692139195138,-0.892096998993418,1.84105722203961,0.551255426503108,-0.901927720914756,2.02793457438122,0.269833490261226,0.583498262128931,98.0929131801621,0,0
4.86,1.9187419167709,-0.364834904670715,-0.0274443496646813,5.5247264499203,1.38107909005374,-1.89719085629388,0.288080874577065,-5.22285251636958,2.26975624058721,1.40579914546917,125.997533540327,0,0
4.87,2.17287039091234,-0.448642611503601,-0.0129680917461307,3.97863336183435,0.663421139751686,-1.3989535499604,-1.66266739673341,-3.08470979455236,-2.59888755431309,2.43614966619926,154.671328479415,0,0
4.88,-2.83547547872982,-0.362178474664688,0.0679632168424973,-1.93127167087609,-3.41276619899778,-0.894763764804112,2.69145648200287,2.69819474943666,2.84543994662737,-2.84460527829101,117.878486987479,0,0
4.89,2.42255444325296,-0.440086036920547,-0.0101695902056008,2.92263410704368,0.520993397411901,2.32430995541135,-0.68297634092644,2.65162479176228,-1.33495700586702,-1.86079049924168,151.745747408623,0,0
4.9,0.521598774433835,-0.470083475112915,-0.0722274093067608,1.22091609374882,3.61673518755439,0.290166194355953,0.439415133784703,3.52235457432428,-1.47119943502089,-0.721212349190556,158.809173412433,0,0
4.91,-0.130935417156284,-0.46905854344368,-0.0758473350820794,1.74899940615007,3.7982899103738,-0.0132483031968741,-0.15073614087984,2.69993547116324,3.19317297018425,0.437374107169666,157.277847346916,0,0
4.92,0.215335331043189,-0.477955371141434,-0.00239242027697689,1.99089228000208,0.121659388469016,-0.215159195204157,-0.00903045897842937,-1.99369676201903,0.0602187552956161,1.60163301473606,160.373965306859,0,0
4.93,2.17981296372049,-0.55942690372467,-0.0164876414190704,3.04421235900505,0.840247078336908,-0.525501173414532,-2.11558618729264,-1.57010245588925,-2.7400770641322,2.89056144185149,190.559036869153,0,0
4.94,1.28781450587476,-0.61302387714386,-0.0308172345310412,2.56474137686849,1.55830830459736,1.21488083172547,-0.428346201327416,1.84452581998777,-2.36726584941296,-1.93369561544418,207.385396496762,0,0
4.95,0.284707299532257,-0.630136489868164,-0.0421179595101659,2.31488210274768,2.10559891288366,0.0716833252038911,0.278735842345335,2.83898596212216,1.31620083514321,-0.398587259417135,211.437001882106,0,0
4.96,-0.452684939651175,-0.615949928760529,0.00190988442498549,-0.706058513574032,-0.0974365536659527,0.409707243080993,-0.192528639979814,0.595935917587383,-0.39098962736875,1.12728395193616,204.981105636644,0,0
4.97,-2.13943337115381,-0.539680302143097,-0.0255061943852671,0.094641033966782,1.26444433785354,1.25821323215306,1.73052742769178,-1.0862308077328,0.654124637337822,2.52485085721195,175.649323006597,0,0
4.98,0.776208157869434,-0.55898118019104,0.027606677822683,1.64801899214158,-1.37829527675979,0.48416348100592,-0.607327717681068,2.11898143145389,-0.354375734992258,-2.43300843480959,186.000430820806,0,0
4.99,-1.53161923673926,-0.511752843856812,0.0174752138345603,0.250729197787668,-0.882177444987004,-1.38544116891352,-0.653234748714326,-0.139105745444407,0.90650524910306,-1.14161713576846,166.232209651258,0,0
5,-0.834917182448961,-0.477065205574036,-0.00414028894066953,1.80011168194751,0.201811828260201,0.0250089716673794,-0.834552811317034,0.138847397317701,1.806059656204,0.0349168288479791,154.659669081536,0,0
5.01,1.27332544772048,-0.519520580768585,-0.00605611645319171,0.415732690713171,0.309894508829428,-1.20300283923702,0.417347027240775,-0.28915420262041,0.430416221624139,1.2321109560469,171.707458422109,0,0
5.02,-1.08138638051042,-0.489974111318588,-0.0208536669829959,1.32858622372242,1.03935792060951,0.712822945047055,0.813458559727851,-1.6509392972962,-0.346129567708201,2.44131615459912,158.079301742705,0,0
5.03,1.50311834371329,-0.541856825351715,0.011234672014261,4.35988681196595,-0.550623067150564,0.754723403125958,-1.29995521378109,2.69128732316133,-3.47401371894586,-2.60810350707512,179.151936731748,0,0
5.04,0.994219391315151,-0.58842408657074,-0.0138969194478954,5.32691659731286,0.701448523752046,0.935506349704093,0.336887506596097,5.26499742974865,1.07138813272377,-1.23911798846487,193.845927983611,0,0
5.05,-2.21042940114697,-0.517475783824921,-0.0205014464112971,-3.39348998115013,1.01442615113824,0.146995478589676,-2.20563160478674,1.26856540215666,-3.30689831847467,0.0758217212265224,164.596000621364,0,0
5.06,1.85354524568143,-0.578425049781799,0.0215516692048699,4.31104025012437,-1.0683578888515,-1.81407237684357,0.381098233801817,-4.43644139178604,-0.210818391302013,1.37535536187775,190.840779775233,0,0
5.07,0.505986615987969,-0.60711795091629,0.0218487685107914,4.05470715628707,-1.089529095595,-0.188937909855675,-0.469896042187805,-0.321468741061059,-4.186213279554,2.80244431513892,198.212108244649,0,0
5.08,-2.41238967054829,-0.527299404144287,0.00238394266883568,-1.435778439979,-0.131672119082441,2.29475074508437,-0.74414287854245,1.32458419825202,-0.569450592583116,1.25622713673963,166.134728211282,0,0
5.09,1.65401946218544,-0.579752206802368,0.0148493606928142,3.17185648380082,-0.734325430503858,-0.92363285115391,-1.37218921474791,-1.13461930460585,-3.05164651054635,2.55812075546018,189.409720249653,0,0
5.1,1.94089000375755,-0.654685914516449,-0.0114737597974868,4.03242037444232,0.59409429922331,1.52754327131483,-1.19741271419284,2.78955661639961,-2.97182368193141,-2.24154279827941,214.935864405369,0,0
5.11,0.445243574263038,-0.679870545864105,0.0158117524651628,2.7059501170561,-0.792399646031128,0.279560740512282,0.346897166755178,0.987862553615728,2.64086932849583,-0.642824049033707,221.241016869209,0,0
5.12,-1.52835619660381,-0.628261744976044,-0.00155373557529515,-0.383621724760297,0.0643259027244907,1.19641418951452,-0.951035312130849,0.340521928694016,-0.188011344200007,0.90018658604268,200.257609695694,0,0
5.13,-2.65186111322386,-0.532136082649231,0.037097229627548,-1.4523695133222,-1.87087346789267,2.05729896547913,1.67369786249294,2.29959388044699,-0.566932730668539,2.23975162961194,164.931434216962,0,0
5.14,0.321703949115042,-0.532401263713837,0.0543024249668009,0.20652177212761,-2.71966538530586,0.0494970268755273,-0.322478260606776,2.64688320318138,0.658209965823905,-2.82207175117057,168.699464993707,0,0
5.15,-1.48929021788372,-0.482544422149658,0.0331312219368163,-1.25107622400403,-1.66757119300029,-1.48638365603291,0.0987251641143715,-1.09867752191684,1.77169215859507,-1.65936126569974,148.713512606419,0,0
5.16,0.525910970577094,-0.495782375335693,0.000315727889239309,2.32732622256084,-0.00863683624631118,0.272733334516311,0.449665405497304,1.19835081800383,1.99511334468727,-0.544603181308412,155.549546319689,0,0
5.17,-1.28389704341839,-0.452796518802643,-0.0447101308607566,3.36698924753631,2.22711129032059,0.612515980376424,-1.12925408464331,0.212165360353073,4.03133069250897,0.531805119406881,137.816178200727,0,0
5.18,1.95609862183219,-0.517737925052643,-0.00584646263690014,3.62086535851783,0.30438744553661,-1.95108719784445,-0.140052653907865,-3.63321736115729,0.0552201783773801,1.63946644126061,164.190726574362,0,0
5.19,1.76549517080443,-0.586063742637634,-0.0611029709887328,2.78537525758856,3.07608893234604,-0.316228724440757,-1.73801788398048,-3.59864057899868,-2.0665005270922,2.92701784959655,187.072783696952,0,0
5.2,-2.23969147915905,-0.511334478855133,-0.0169575023068419,-0.619086204193234,0.830397583835973,-1.92689954442074,1.14173710827549,-0.952866570479077,-0.406045778609322,-2.0981305291402,155.266608878873,0,0
5.21,-2.79194496301253,-0.402732074260712,0.0121034949349063,-1.07680701715152,-0.620950148803051,-2.48669284816123,-1.26943367293628,-1.24110975373691,0.0688405306806658,-1.10312651172838,117.078587791959,0,0
5.22,-1.28076206641745,-0.350329875946045,0.0560925699033157,1.58406488708097,-2.81199204148709,-0.332117072986119,-1.23822295932655,-2.20459165759105,2.3571882468631,-0.305820999493221,100.791412743355,0,0
5.23,0.878757524381599,-0.378597140312195,-0.0080637535870674,5.39513287217551,0.410503619922572,-0.410803808509639,0.776865523558077,-2.11351881149736,4.98086439926295,0.477242521967258,113.071025141658,0,0
5.24,0.100967292084098,-0.38649109005928,-0.0247995609480905,0.440045711126191,1.24127939965695,-0.103949859853435,0.00195931887775898,-0.106542999221149,1.31265508234655,1.31109802245466,114.381352915453,0,0
5.25,-1.28657349285631,-0.336240917444229,-0.0124971152374939,-4.52061941854335,0.61843449453752,1.13163866198633,0.612226648478759,3.65541535272599,2.73064090469623,2.07642360826858,94.8234508660037,0,0
5.26,2.14963436329577,-0.404058784246445,-0.00611385364998671,1.5286926018076,0.316389750421027,-0.564588414482661,-2.07417578746364,-0.710738456040037,-1.38991164902615,2.87298831359659,122.505094271863,0,0
5.27,0.258216814661575,-0.422535985708237,0.0473588676233433,1.72581698424943,-2.36673977134511,0.117026766691292,-0.234996854434942,2.92888472083432,0.0391880141596521,-2.4981606022572,126.155278797357,0,0
5.28,-0.583229719416666,-0.402870118618011,0.0199724827097808,-0.318588456320265,-0.999466124272997,-0.583570807430095,-0.000958327617443799,-0.285853386542954,1.00931609492356,-1.60338539715798,117.847270155443,0,0
5.29,-1.98268122040267,-0.324902504682541,0.00160657649651064,-0.347896141122948,-0.0897992340439446,-1.4850633808167,-1.31362633872145,-0.320208961851527,-0.162978060465463,-0.847388202972431,88.7921654295613,0,0
5.3,1.19236731533541,-0.358279258012772,-0.0674196158071139,0.781224443819091,3.37823533963603,0.0995792201197647,1.19011310311083,3.45418511482,0.302309169795024,-0.139960132435787,104.356983422814,0,0
5.31,-3.08810222314851,-0.258593142032623,-0.00098782205734782,-4.81165733252875,0.0414854636135863,1.42216754427098,-2.74113403401392,2.25410269639194,-4.25121022339374,0.478913441942869,64.2101225416072,0,0
5.32,-1.15954854797725,-0.207009807229042,-0.0255398441998484,-1.56036571886223,1.27684613210169,0.886738004639432,-0.747596702698701,2.01614912619104,0.0148297883538498,0.892351832888148,48.7811564592841,0,0
5.33,-1.85346079773963,-0.138719707727432,-0.0349939530914676,-2.25068925724238,1.75043041654399,1.68508253577308,-0.772682569457305,2.7626391451769,0.70528981941106,1.15973899473221,24.2053712731524,0,0
5.34,-0.633350048367155,-0.110873013734818,0.0537199408538914,1.53595096400419,-2.68848838913026,0.62548909137087,-0.113055350992631,-2.1830360316007,-2.19578433983092,1.30736361847336,16.1933297968773,0,0
5.35,-1.07146449826173,-0.0697277784347534,-0.00141749458696466,-2.65138691475341,0.0712672192896613,1.0499395578513,-0.213693952149312,2.61293869861128,-0.455502958904173,1.37133202663114,1.31039926587911,0,0
5.36,2.16149398075222,-0.141347616910934,0.0264838403255786,2.97019276018115,-1.32170547923029,-2.15158300910519,0.20844226432357,-3.07095994773123,-1.06684366515929,1.48647110375384,30.3398091341643,0,0
5.37,2.47361130746225,-0.237889483571053,-0.0274026992612829,0.287795618071126,1.38017705071667,-2.38255354629534,-0.665539185448486,-0.634599004547323,1.25896747874338,1.83211405353,63.9994880893326,0,0
5.38,-1.16376374219915,-0.206403225660324,0.0137339616132611,1.28058823159544,-0.688994238599879,0.901095330289861,0.736587995482398,-0.571244165736511,-1.33727311452693,2.2442782933458,47.944720012482,0,0
5.39,-0.160264180731154,-0.195558130741119,-0.021838150820218,0.297842864639233,1.0918556112229,0.103043122346692,0.124674084691724,-1.08483024540817,0.322494009902621,2.58633014112764,45.5021748319736,0,0
5.4,2.1423543304388,-0.274909824132919,-0.0692043284531088,3.19987198948833,3.469061528913,-0.164962632587505,-2.13711456082175,-3.79749013737085,-2.80225575154506,3.03226428751582,75.899828598767,0,0
5.41,1.23655941768198,-0.327264010906219,-0.0129292165400507,1.22220344350046,0.651095496508484,0.613486382971134,-1.0737228767272,0.0265315043336651,-1.38455865970201,-2.63295078626871,92.3457391359385,0,0
5.42,1.22151544680642,-0.372482061386108,-0.00773933685338379,-0.036144876114481,0.394017974923674,1.15861475951578,-0.387003518270573,-0.161406225764795,-0.361254269063561,-1.89950285964837,107.627882368303,0,0
5.43,-0.753892584976673,-0.354363322257996,-0.00331854458748604,3.99019852033287,0.165616777009919,-0.687271972014367,-0.309874618038447,3.69903663557003,1.50540397143242,-1.14281208763967,98.6547024721649,0,0
5.44,-1.57872798302623,-0.292948991060257,0.00981662865380029,-1.94762825895998,-0.494098845975408,-0.7512956912602,-1.38853634985983,-1.37056091341923,-1.46933736333804,-0.502179487644377,75.8755382865414,0,0
5.45,0.382616846877753,-0.302146792411804,0.0152753184341458,2.67547181077526,-0.764904855391506,-0.0134829068495147,0.382684201517159,-0.963540110344016,2.61052088745001,0.0751199818384427,81.7380635399957,0,0
5.46,1.68650485344308,-0.36660161614418,0.0736830574442456,3.9087874863568,-3.68209450407443,-1.11160148007343,1.27046053190957,-5.36247809126983,0.283316556321155,0.762469079065491,105.420801394986,0,0
5.47,-1.31628091372778,-0.32886865735054,0.0126184736137265,-2.01552794156931,-0.636160162139396,1.31117834906255,-0.116473201509918,1.94345990027067,-0.830672168294922,1.47261177685801,88.1737262559097,0,0
5.48,-2.16103038972213,-0.250989109277725,0.00707189332453878,-2.03454923745695,-0.358170960999018,1.94767918422044,0.936294906710581,1.99067433750419,0.552170914610566,2.01563160091942,60.0297436792845,0,0
5.49,-1.01804682440289,-0.21041114628315,-0.0258808894690414,3.44501624870291,1.29478288140916,0.699908332951982,0.739741497133213,-3.26615946678641,-1.69611379374698,2.40927270744026,47.4374089205405,0,0
5.5,-2.53597322543766,-0.117633745074272,0.0487139590997044,-0.720395828042271,-2.43885169352316,1.19595140940905,2.23679088791965,2.48005921863679,-0.562382435817618,2.63138619852334,13.1988819884986,0,0
