t,theta,omega,r,i_d,i_q,i_q_ref,v_d,v_q
0,0,0,0,0.0910099677932508,0.0341122192060438,0,-0.495749867324668,-0.10107963964956
0.01,0.00104926621914858,4.69160568172811e-06,0.000590533252600618,0.0106319231042907,-0.0943594101159909,0.000419853526021479,-0.503524397403399,0.0178609806642489
0.02,0.00116444888972526,4.07701554649975e-06,0.000657815506681622,-0.107581283879097,-0.0467470155215851,0.000468380166899882,0.302379834854227,-0.284773001583276
0.03,0.00119504901414519,3.8895441321074e-06,0.000676092344595749,-0.169557088428371,-0.0912241582422693,0.000481677193280094,-0.101334557203791,0.366655110533471
0.04,0.00117432020597204,3.38318363901635e-06,0.000666201780142545,-0.241118238278507,-0.0356234879153733,0.000475145053578196,-0.44908669993651,-0.169418648956755
0.05,0.00119049330215355,3.17704484587011e-06,0.000676157747873729,0.0383870293235915,0.00828364406683438,0.000482468326849069,-0.05352842689184,-0.126396497646809
0.06,0.00118866642226112,2.87322814074287e-06,0.000676243449830537,-0.123270715860271,0.0343635630174373,0.000482844746866373,0.449195872070461,0.175677575375007
0.07,0.00122043635233875,2.85825103674142e-06,0.000694939511609893,0.0818444952893499,-0.0306201826163041,0.000496370632915664,-0.265141793909457,0.157790390074972
0.08,0.00118566080041151,2.36911068896006e-06,0.000676406137082132,-0.0598660499096132,-0.112724630965453,0.000483485544623204,0.125596080799504,0.311191437139041
0.09,0.00118393745756364,2.15726504393388e-06,0.00067623500164115,0.0613279140586617,-0.0411667790334272,0.000483589827821653,-0.18076818027418,-0.359489450863983
0.1,0.00118271484927708,1.97269810087164e-06,0.000676230691670925,-0.202798738642162,-0.0272910349994498,0.000483780320840788,-0.859907375691926,0.068891089933872
0.11,0.00118163941619815,1.80995721166255e-06,0.00067622821865256,-0.239474194148969,0.0227607810257748,0.000483949187805335,-0.14824229193305,0.506079049499559
0.12,0.00118069122506416,1.66644235832791e-06,0.000676226048840706,-0.151934401031509,-0.0390942683930157,0.000484098080983019,-0.0374880243420823,0.0971324943116361
0.13,0.00123623658386793,1.94610129256034e-06,0.000707770486210244,0.142475235654172,-0.0302261784406591,0.000506610689431479,0.369814555055599,0.158419772394849
0.14,0.00132867890347157,1.38313237130205e-06,0.000761818218439951,0.0453325818120982,-0.0746340245509616,0.000545605770430981,-0.128850571737953,0.182286804914705
0.15,0.00117975211274688,1.30306341361575e-06,0.000676996328541068,-0.142428051119422,-0.0884034085229796,0.000485014002504449,-0.568394307325957,-0.00489707393342531
0.16,0.00117768530035411,1.20926074487215e-06,0.000676226163697101,-0.0768730998523809,-0.13186221616617,0.000484577027644594,-0.122592409986244,0.122117206917464
0.17,0.00117719036607822,1.13661053546821e-06,0.000676218094596911,-0.195245987582015,-0.00121096135451283,0.000484647829474276,0.509291525876179,0.171377267455317
0.18,0.00117676749323772,1.07265020687919e-06,0.000676217062329673,-0.113689460467561,-0.0109100899118219,0.000484714158761005,-0.676465107996773,-0.159803716915953
0.19,0.00117639467899058,1.01625118986703e-06,0.000676216206983029,0.124876133199586,-0.0241153717884608,0.000484772689819707,-0.0903985517445349,-0.125985972120955
0.2,0.00117606577951293,9.66519451139902e-07,0.000676215453040455,-0.132650329630636,-0.0924204007524688,0.000484824325959882,-0.466824206671876,-0.326901538984826
0.21,0.00117577576274924,9.22667652503151e-07,0.000676214788054963,-0.31933275518713,0.00531556442489296,0.000484869857121465,0.406041405064444,-0.217785688702589
0.22,0.00117551985567773,8.84001394751976e-07,0.000676214201535329,0.0510557774050844,0.0581596447160095,0.000484910032607728,-0.111198723616743,-0.10680757086239
0.23,0.00117529433300491,8.49908303734992e-07,0.0006762136842294,0.0692452334349583,0.0372529895062616,0.000484945437829742,0.707086382037354,-0.372328776747936
0.24,0.00117509558585581,8.19848253286182e-07,0.000676213227974998,-0.19847553603109,0.0266206647241987,0.00048497663942254,0.0372195055707119,0.142960997317312
0.25,0.00117492023818279,7.93345122929168e-07,0.000676212825570975,-0.0494273575349734,-0.00434255961040899,0.000485004167197206,0.200580183285738,0.163183733110261
0.26,0.00118527384763401,8.49152854698332e-07,0.000681972485652056,-0.0884163027755028,-0.056933960426111,0.000489081829216274,0.0568676385161722,0.482254073312126
0.27,0.00114016748395173,4.880973847321e-07,0.000656698248522963,-0.0925953462086228,-0.110047614989886,0.000471140460394519,0.244706927299206,0.235274639901882
0.28,0.00112279340368364,1.37541064759716e-06,0.000646167870112383,-0.21184814676737,0.00573749138530257,0.000463444474770748,-0.155273299871544,-0.308677869715291
0.29,0.00117387371263846,7.11506061179534e-07,0.00067593928558618,0.0323323246576865,-0.150520057245805,0.00048489875121809,0.0318390666470165,0.123556626604091
0.3,0.00117145871988651,6.99554334460117e-07,0.000674677748735295,0.200125714398439,-0.0353810450829806,0.00048402850778824,0.0710122822699949,0.301451988312092
0.31,0.00117432099532063,7.07037543179467e-07,0.000676197615461339,-0.132199513597295,-0.00194538185404288,0.000485084464801881,0.324637171769953,0.0339492666384591
0.32,0.00117426371978587,6.94064851813891e-07,0.000676211194576875,-0.0184108878460413,2.17867106320907e-05,0.000485107106443524,-0.588053362882719,0.319138518091576
0.33,0.00117418709231487,6.82429970311205e-07,0.000676211142252038,-0.198661228024954,-0.0371547266375919,0.000485119259912531,0.358343621350296,-0.30911124658668
0.34,0.0011741188729364,6.72173996463243e-07,0.000676210987066566,-0.0645707988423172,-0.048228594458608,0.000485129970233048,-0.619200256323051,0.639118216534071
0.35,0.00117405856979979,6.63136006551213e-07,0.000676210849215322,-0.00908693994255379,-0.130832630662689,0.000485139436537059,0.0166023312897976,0.285470020899164
0.36,0.00117400560082505,6.55172300412232e-07,0.00067621072763164,-0.163094513775615,0.0319464073251713,0.000485147751774169,0.310863622856398,0.509707712533739
0.37,0.00117395912491531,6.48155946691986e-07,0.000676210620404265,-0.159805725279316,0.028657320328831,0.000485155047995316,0.116872450219202,0.0497516396897812
0.38,0.00117391791389145,6.41975191228994e-07,0.000676210525838218,-0.00382069583658023,0.0855337390803026,0.000485161517389825,-0.24439472959367,0.379870387417287
0.39,0.00117388147589579,6.36531240161275e-07,0.000676210442438374,-0.235695836633285,-0.130944319092871,0.000485167237376409,0.0687336227014394,0.2677023451493
0.4,0.00117384934526702,6.31737123057974e-07,0.000676210368886346,0.00263907663295649,0.0336763132072103,0.000485172281196505,0.477671118361591,0.169716973721861
0.41,0.00117382105634386,6.27516101303627e-07,0.000676210304019932,0.129858997614213,-0.00532518879777549,0.00048517672200556,0.920974183341429,0.230010768691926
0.42,0.00117379602704971,6.23800474386371e-07,0.000676210246813274,-0.0286546402686266,0.00857370229711042,0.000485180651009713,0.037872046262168,-0.00316207836896674
0.43,0.00117377414096925,6.20530499872984e-07,0.000676210196361648,-0.0907074717601672,-0.0599580878901744,0.000485184086836248,0.221854229786704,-0.311612149773935
0.44,0.00117375469961054,6.17653654444439e-07,0.000676210151867966,-0.128878255243251,-0.135758726651737,0.00048518713869377,-1.02740775633351,0.334698071415147
0.45,0.00117373790960755,6.15123383340688e-07,0.000676210112628444,0.0265705056668309,0.0603594946182329,0.000485189774793654,0.515817469262178,0.0448053506502669
0.46,0.00117372277561574,6.1289881614357e-07,0.000676210078022915,0.0826469894700608,0.0504872942357331,0.000485192150471138,0.192609331823184,-0.149754529656385
0.47,0.00117370950426908,6.10943970968947e-07,0.000676210047503602,-0.033941170153731,-0.0337474385653919,0.00048519423385086,0.678794129392506,0.202206979395507
0.48,0.00117369774632159,6.09226844972e-07,0.000676210020588425,0.0549434090144542,0.0915873565631319,0.000485196079583118,0.311995150086755,0.393030359406796
0.49,0.00117368738535797,6.07719528034067e-07,0.000676209996851936,-0.337315756885922,-0.0148905468777562,0.000485197706030518,-0.602231881246998,-0.605998371407622
0.5,0.00117367818854756,6.06397065894271e-07,0.000676209975918133,-0.0848873346142952,-0.109805710788604,0.000485199149655097,0.197676551151437,-0.23425593237477
0.51,4.31883300460011,4.59999990463257,-0.00625186723639329,14.0075089143898,0.305497753228734,-0.337500882769486,4.70884136935568,-0.832789050160922
0.52,4.42569304162865,4.59999990463257,0.058032453343732,8.70190876040652,-2.93160968539301,-1.45023545150842,4.84603175131939,-5.72536286403486
0.53,4.36996010582178,4.59999990463257,-0.0475732383594305,11.4303413802764,2.36191592378079,-3.22658691411328,3.6142210853171,-6.4078411545367
0.54,4.35814103377345,4.59999990463257,0.0466011492321199,12.1210554146626,-2.30023846404123,-4.34525735247893,0.756253085772932,-11.9426775548423
0.55,4.23334485149075,4.59999990463257,0.0594361496174978,18.4446169283433,-2.84717568451669,-2.94833834853986,-2.96537517541795,-10.413653846378
0.56,4.21372391158851,4.59999990463257,0.105640102104577,19.507842464495,-5.22311805984747,1.26184281021397,-4.08644866625871,10.9339667502842
0.57,4.22220509339639,4.59999990463257,0.0791409658825467,19.1101642775603,-3.88673762922333,4.22156416850016,-0.220948650811226,18.8917792627153
0.58,4.19278128989208,4.59999990463257,0.039771689659335,20.2947620645554,-1.99231870829568,0.209489098220438,4.53990725694094,-1.22001821439415
0.59,4.2068833135862,4.59999990463257,0.0806551864355676,19.6923374564499,-3.96860835364646,-4.20130466838371,-0.912401254128168,-20.1853253433002
0.6,4.08244258069713,4.59999990463257,0.0891231688154828,25.7564324021395,-4.41555784984248,1.46072345110509,-3.72088049727663,13.5030890787773
0.61,4.14051152338471,4.59647798538208,-0.00574959448360901,22.8717475559025,0.440026442844855,2.57003518863688,2.31438698211697,14.2869944199003
0.62,3.98895485604061,4.58690738677979,0.0822756855728521,29.9046419582576,-3.94507170563684,-3.98921002037462,-0.757517999043532,-29.9539497997742
0.63,4.01599921945937,4.5738353729248,0.0991953915895782,27.8712938108059,-4.87554465257628,3.19300588528965,-2.90320443514823,25.774632045526
0.64,4.01263319451837,4.55986213684082,0.101570535001217,27.434798931507,-4.85158874076062,-1.73769174239515,3.42839848581561,-16.469302005062
0.65,3.9866574210205,4.54508781433105,-0.00385455404744306,27.9967365337305,0.317071063530622,0.782714557552015,-3.41102933697875,5.91871134961739
0.66,3.94092242877675,4.52875518798828,-0.00652967020995265,29.4463049898066,0.511854298820601,-0.451726150343899,4.19580274322376,-2.92603392167266
0.67,3.88759890833559,4.511146068573,0.0903140002779184,31.3081601175599,-4.31468763660873,0.765975371155896,-4.35236717243761,10.8669757976332
0.68,3.82528861713091,4.49283599853516,0.0567296536271971,33.4645617033889,-2.62411465306241,-1.85217609032598,3.78473211441418,-18.778998306385
0.69,3.77179926542009,4.47284507751465,0.0554090577243667,35.0956834525766,-2.51913690081606,3.16072574336937,-1.8398663618999,31.5139795179274
0.7,3.71481195437701,4.45160341262817,0.117955531964052,36.8794237582243,-5.59979295126216,-3.70444018379832,-0.146690594020552,-35.6061518349273
0.71,3.67072317724509,4.42913484573364,0.0540466416506404,38.0899249903504,-2.49164282015161,2.10520497844297,3.43449190797728,19.1811899081906
0.72,3.71888196366695,4.40622282028198,0.0856450700065469,34.3548881983429,-4.17341292163809,1.54286210587297,-3.14360761607111,18.915534569199
0.73,3.652113934077,4.38190460205078,0.122264031852876,36.5841266482544,-6.05099365221344,-3.64340290160576,0.625508388424839,-35.9842706909983
0.74,3.5760386918046,4.3564510345459,0.155948787161386,39.1725193374737,-7.63183943628582,0.328631821692089,3.00258557015693,-5.65408612674142
0.75,3.54008283619993,4.3298544883728,0.126107577180355,39.5311575178962,-6.05648553100525,3.53547496396966,0.0583934673916426,39.7568516635139
0.76,3.44486789620044,4.30215835571289,0.184274333925647,42.8161319600339,-8.88933172344217,-0.124034284723871,-3.74550245248616,9.41678536501433
0.77,3.38353055649423,4.27428388595581,0.157224661903186,44.7391300202151,-7.67267192746525,-3.1832318348636,-1.45911159340712,-38.2333305486789
0.78,3.45424583700601,4.24478816986084,0.218495248346126,39.7152238139183,-10.7221986419085,-2.67932031859484,2.46612080760683,-38.2547034993804
0.79,3.25738008078087,4.21527004241943,0.142693145566043,47.974602844944,-6.99398922406831,-0.19842206873865,2.9667367439807,-12.0995356789187
0.8,3.2086320253307,4.18430995941162,0.146189450792757,47.8458870539094,-6.90150017160397,1.84743292431139,2.6158543393438,19.6014258758888
0.81,3.24424690192628,4.15275764465332,0.128225557849906,45.494787991553,-6.0666591797077,2.90639164090765,1.57450811207135,37.3762700283098
0.82,3.12582918702677,4.12055730819702,0.185019540495684,47.948871078438,-8.99091431486395,3.11286760369762,0.810236253107115,45.0979758641125
0.83,3.08137170368752,4.08764696121216,0.147634380841518,47.9443068742624,-7.05843008482152,3.08142384997959,0.572967166889077,47.5610780925437
0.84,3.03084413981038,4.05422687530518,0.240027881855856,47.9695499965077,-11.6883668255561,3.03023976476437,0.737638227681094,48.1087327154587
0.85,2.97316254975347,4.02029848098755,0.106865342551593,47.9954831917001,-5.27340138258168,2.95321530289987,0.401318609564032,46.5923506152239
0.86,2.9721819612332,3.98554086685181,0.258020653358811,48.1499683617483,-12.5919875400955,2.75895874756557,0.846620943710889,36.9577571473531
0.87,2.91763367769301,3.95090770721436,0.0529257896696744,48.0093178873161,-2.47581595849729,2.0743490190391,2.14325699723022,31.8118492130672
0.88,2.85126949422359,3.91508650779724,0.143794601979575,47.93805625858,-6.99251552978783,0.53731882730139,1.88207623429583,0.663493710252673
0.89,2.86728648313588,3.87919998168945,0.162780938901546,48.0369213926449,-7.8567449011713,-1.60222323314439,2.03875826697393,-35.6238985039668
0.9,2.80352215092356,3.84301495552063,0.0189020966126154,47.8820142671204,-0.806856630010491,-2.80343705774087,-0.495333168838894,-48.0904109755999
0.91,2.67677783891545,3.80611300468445,0.097180344609869,47.9363795159462,-4.68895247863226,-1.28657830913029,-2.90751422580819,-17.3148863466864
0.92,2.72760701068214,3.76905369758606,0.043668709510053,47.8956740061581,-2.02829895263673,1.87091731731121,-1.54337674716819,35.304808261511
0.93,2.65650851001841,3.7316427230835,0.114310500509367,48.0797890261615,-5.57160022888615,2.28111425370116,1.39554364434754,37.1963679413619
0.94,2.61794365027509,3.69352626800537,0.17139410913772,48.1704256041754,-8.20616348739484,-1.19157509512735,3.54117600145917,-31.6987582746624
0.95,2.45251100835792,3.65506911277771,0.188268290085759,47.9470263932108,-9.14749090028269,-2.26610251431096,-1.21938342357526,-38.8006563034412
0.96,2.58942754162507,3.61680746078491,0.106742746740566,47.9744121530625,-5.15254287874562,1.60839889217549,-2.13284150293356,34.8644104788812
0.97,2.40110449962589,3.57784175872803,0.171980114260292,47.8064859376229,-8.19428852201185,1.27846641893843,2.84341874782844,15.4070867267204
0.98,2.48486622277432,3.53899192810059,-0.0502779089939755,48.0466896655248,2.71572147371963,-2.48355079476287,-0.632580561803489,-47.7793689169464
0.99,2.28618417609617,3.49949026107788,0.0569812652129232,48.0109717733212,-2.61685406639148,1.35167443302647,-2.01562471484942,31.2596427033059
1,2.33081140617001,3.45990252494812,0.316853723940767,47.9710561059129,-15.6311865114559,0.647273852814479,2.67440174374129,-8.35742040128157
1.01,2.32501197207117,3.41999244689941,0.255312982973907,48.1045004068903,-12.4284869278762,-1.86803065949986,-2.08915218841016,-27.1204029025475
1.02,2.26579144666673,3.38009691238403,0.187121055235295,48.1256070806785,-9.23954729090301,2.25510695824673,0.24213936499655,45.0170272022203
1.03,2.31203944630203,3.33985042572021,0.203361172476424,48.0688023870022,-9.86674591452121,-2.08444888927747,0.397086376617362,-48.4480526918841
1.04,2.23806439715191,3.29947900772095,0.279888675637756,48.0327085604699,-13.7241506037647,1.58680116069172,-1.99277752737911,46.8012170723113
1.05,2.06668901706816,3.25889444351196,0.23341579773527,48.0972454438637,-11.3326551915354,-1.19863106189537,2.285862989002,-40.596920855637
1.06,1.99983496218353,3.21844077110291,0.0944829159820419,47.9324187997557,-4.41380193837517,1.16214733076551,-1.36616032022363,33.6884270361097
1.07,2.04359233716165,3.17788934707642,-0.0597373895352422,47.9149438996088,3.01466709483755,-1.39597076129831,1.85102864004192,-29.22699112515
1.08,1.93526274015282,3.13721823692322,0.170273509903961,48.0063842130112,-8.17580442544903,1.39960333503657,-1.25201631118934,42.6617327697064
1.09,2.0078677622685,3.09627771377563,0.267794507599853,48.204932528277,-13.2877693018983,-1.56765237265804,1.37394151551198,-48.2727456754312
1.1,1.84372151050594,3.05571675300598,0.248094696281866,48.0585569484204,-12.073540451425,1.77971318986461,-0.410260877682225,48.9896600059693
1.11,1.84333816310842,3.01499700546265,-0.120993008461475,47.9401001493925,6.11096063044235,-1.69948093443046,-0.461189042542619,-47.3885680105429
1.12,1.88504378099775,2.97446417808533,0.279669282640013,47.7122998839992,-13.8361769037725,1.33562899606709,1.66105539123631,16.6517833308429
1.13,1.69262942045695,2.93368411064148,0.240343639164084,47.7844723962865,-11.7747886303452,-0.107195388730231,-2.09753215972808,15.2965199455607
1.14,1.74641007607857,2.89325976371765,0.0466197841981774,48.1417555368242,-2.11022472242881,-1.32444181235273,1.53443350415465,-38.0342839199509
1.15,1.78938153928288,2.85287046432495,0.319099448013047,48.0397811216743,-15.7871453383526,1.81555391651551,-0.473425063310495,43.1649275152323
1.16,1.7202221747255,2.81250357627869,-0.0650294876892929,48.0934165706981,3.41802546358184,-0.765542269875532,-1.98850317521545,-26.4869077094159
1.17,1.67197671550083,2.77218055725098,0.288423568571141,47.8202534718097,-14.3591348770325,-0.707695579466086,1.82784072669504,-39.2174890957193
1.18,1.65654678779635,2.73214817047119,-0.0899411367798777,47.9964355623539,4.71794246077731,1.59583024362177,0.0166051749941089,47.9782812286728
1.19,1.47648317985678,2.69222712516785,0.346731153115882,48.086054297889,-17.1703087208373,-0.442089803218952,-0.989679366128318,14.2272092512455
1.2,1.39446742113021,2.65233612060547,-0.0103903112099502,47.8945606557434,0.79627801447109,-1.34880140362807,0.340898644756107,-45.3920363618705
1.21,1.3218184603499,2.61279606819153,-0.0621757473786637,48.055958073227,3.08698618225078,0.428410331349058,1.36704791493253,20.8735599495692
1.22,1.53273105356781,2.57333517074585,0.409058415233989,48.0012580113151,-20.3202726211826,1.08001227638836,-0.928946230567615,51.0192964336374
1.23,1.31087082253434,2.53422164916992,-0.0274797192919897,48.0320378011284,1.68481228854046,-0.611890526994737,-1.22643593826364,-25.2756344402794
1.24,1.19339576112389,2.4953076839447,-0.183445068468464,47.7115743304574,9.13229858741803,-1.17856382300588,0.970353518451602,-41.4798395834847
1.25,1.26193730856894,2.45665693283081,0.353208754836616,48.0089938404952,-17.4200112886033,0.54780768602215,1.30472813692021,-9.8683732847707
1.26,1.40667878544744,2.41805219650269,0.405430769061824,47.9570390804517,-20.3644738425352,1.4476534874136,-0.562000354516993,45.307188190105
1.27,1.21678927680615,2.37988090515137,-0.0552413485438668,47.873263979692,3.17648417740592,0.456759549001353,-1.17425025472011,12.4111694176257
1.28,1.20498122345052,2.34207916259766,-0.114805781392696,48.0692518134148,5.93131203946117,-0.780054743817799,-0.641998938742713,-38.2323408667426
1.29,0.990571000797492,2.30417561531067,-0.058114225769941,48.057315025415,2.73608213758207,-0.966258469389372,0.0313387274493906,-44.8659540146696
1.3,1.0232120093181,2.26677775382996,0.222176878456236,47.9412863158076,-10.753742996054,-0.0775060175037804,0.719034555072915,-24.1576377640598
1.31,1.07431029693429,2.22943663597107,0.432690205627961,47.857088826171,-21.5686178301416,0.988554574478363,0.212388314421521,11.5911228980408
1.32,1.172855745777,2.19286584854126,0.394896080653152,47.9231629971038,-19.63984441296,1.19701777498545,-0.387615430424522,46.7650399866148
1.33,1.18055150649779,2.15629982948303,0.392756733432384,48.1177798183489,-19.7230619273749,0.44001189836645,-1.14404124513953,46.1352549652335
1.34,1.05003941198492,2.11997485160828,0.246411013145687,47.9949622016358,-12.4188707352644,-0.304392857382524,-0.809777138180162,10.0245649261961
1.35,0.873150563930562,2.08416485786438,0.139293331031629,48.09460648742,-7.06474138109212,-0.688432124727353,-0.062687479640425,-26.3829256745416
1.36,0.763793177957549,2.04867482185364,0.0850548843605339,47.9151239597911,-4.16639033116754,-0.764332068288435,-0.0564756329364944,-45.8739524294966
1.37,0.781995368329591,2.01366329193115,0.134300460173157,48.0067596149008,-6.80593682948036,-0.688345813407064,0.377359147799925,-46.8207569848628
1.38,0.706530384103528,1.97888517379761,0.100004291187122,47.8332687873497,-5.22542379415245,-0.285413617018451,0.974236585062054,-29.9556174515484
1.39,0.848713025535797,1.94430577754974,0.213634134382494,48.0021131118627,-10.8454725351467,0.134079677749328,1.69155404303296,-15.0485800087542
1.4,0.933749079634821,1.91014420986176,0.412919249788675,47.9809460409494,-20.744674063638,0.682443541923338,1.00346594131402,-5.18306126535084
1.41,0.807727461802296,1.87630748748779,0.38891123654638,48.098436134521,-19.5294720596632,0.808447648229987,0.532933650492908,15.1666938439914
1.42,0.665249091499195,1.84284710884094,0.404824581159212,48.0724475311792,-20.1667353876756,0.778217403674189,0.103040615276457,28.8784500862309
1.43,0.534052647513256,1.80971837043762,0.304453000137011,47.9698767716526,-15.0870966017583,0.575855033077003,0.116511201244188,44.8952661416982
1.44,0.378948572806768,1.77725827693939,0.0444887667444471,48.068210855393,-2.11336488189916,0.375481153125824,0.463893127295523,47.8141643501439
1.45,0.419735700752936,1.7448832988739,-0.175094375352256,47.9572405810622,8.60991505655451,0.449454413097433,0.287168831762081,44.6164761028071
1.46,0.634982064118327,1.71307194232941,-0.226842934374212,47.9161628699868,11.4230215172626,0.67380264754057,0.186103588127181,40.0534527883859
1.47,0.562627079351672,1.6817923784256,-0.153450025625506,48.2308397440637,8.01135013178793,0.569774767922174,0.352356623397245,38.7951920797429
1.48,0.614602275104834,1.65095412731171,0.268379373580383,48.0401724428189,-13.5398480196777,0.297040505551599,-1.47670916583078,45.5894167161968
1.49,0.482085675716018,1.6201605796814,0.439883544498733,48.0973595858012,-22.0403397008577,0.0680565730687994,-0.390724759289578,50.4902130181642
1.5,0.242785630918385,1.58956980705261,0.183653937507574,48.0954695270405,-9.00895622637666,0.0619960318681955,0.0118665948687773,41.9010084394924
1.51,0.308451083766152,1.55999374389648,-0.35453812731905,47.9797122030364,17.5475197330589,0.462457680967662,0.438492334130338,26.3738274380103
1.52,0.36632252740642,1.53061056137085,-0.163341338796464,47.8693904321028,8.32439795829825,0.394365371294985,-0.247328672688236,34.5326216295519
1.53,0.407201130419396,1.50154590606689,0.342940225373645,47.8399813315091,-17.2646082972665,0.113926768294033,0.239273267409835,48.9750406631594
1.54,0.206693468828665,1.47274231910706,0.354049102881186,47.9470016230415,-17.7091077893182,0.00254033475927701,-1.31563980376515,50.2946573355298
1.55,0.109248072592864,1.44460427761078,-0.0703502967221417,48.0326455777188,3.20031237583527,0.127077061288146,0.589133824602272,43.826172438012
1.56,0.332779286815077,1.41663408279419,-0.246833999611751,47.9989384986002,12.4932770358101,0.370649449300334,0.693117453962681,45.1339823090968
1.57,0.231662882330087,1.3892834186554,0.24476544570227,48.0377866878137,-12.5070663356454,0.240648318820199,-0.290000369237226,47.7864662793846
1.58,0.0572790876868755,1.36220264434814,0.33546275538378,47.9138763449388,-16.7772560330033,0.0960479219466546,-1.01096374725892,45.9292832774997
1.59,0.0579187776223146,1.3356546163559,-0.239090760459086,48.1293308614372,11.7398436423699,-0.0337577605430619,-0.155345316099576,49.2164007639963
1.6,0.173232269722366,1.3096467256546,-0.204983829377911,48.0368676519702,10.386465266723,0.0126118942040844,0.61032731156436,44.383586838374
1.61,0.180463161042776,1.28409361839294,0.388955548513912,47.9574220475234,-19.5433258977586,0.421641314897053,-0.182295655249031,12.327720939561
1.62,-0.125586635925745,1.25892043113708,0.00199304650768686,47.9797240106502,-0.177429436003847,-0.0351648023536534,-0.926315339270413,14.093190841364
1.63,0.109731349443131,1.23416566848755,-0.238779455965117,48.0253708294229,11.9799855064909,-0.223746122545708,0.430437186534029,17.3750542643332
1.64,0.123522398408467,1.21002221107483,0.332516941970435,48.0193672701188,-16.8692336015995,0.295691890551175,0.494718039847199,-27.3280780652562
1.65,-0.148388624785841,1.18572342395782,0.19643377025929,48.1146434665686,-9.78369549245286,0.24585421360316,0.428339526242673,-34.9809457278818
1.66,-0.00474752221356467,1.1625155210495,-0.259553687998517,48.0778526678929,12.8672763677495,-0.141674765185657,-0.661601984771646,-32.735976850315
1.67,-0.079754901312007,1.13949298858643,0.0737066292383296,47.8040623159926,-3.98489491791482,0.0929801878606209,0.0127873034857384,-47.7699391192301
1.68,-0.172186095282543,1.11659932136536,0.256867746266419,47.878065904963,-12.898076467939,0.16050877055555,1.05502113364566,-47.2871665308842
1.69,-0.141158303997207,1.09452843666077,-0.277183133577268,48.019755772462,13.8139240720479,0.249501429251387,-0.315504049894614,-49.2268838409945
1.7,-0.243959403208559,1.07282602787018,-0.0378850675365402,47.9194697041368,1.60020750716353,0.183921543612298,0.292736997230814,-31.7007221004234
1.71,-0.289259574584227,1.05120921134949,0.229514416912763,47.853865639764,-11.4946631979786,-0.14963489785333,0.157829037498259,-0.912804961591461
1.72,-0.123465175226867,1.03015828132629,-0.393213733160615,47.9930769338116,19.5466771428048,0.363276854159436,-0.391658229318971,-10.1507626601795
1.73,-0.205949592070289,1.00957846641541,0.0686600135167202,48.0349133195616,-3.75863676729057,-0.155872919905994,-0.365260313478366,25.9256752751571
1.74,-0.338022953564817,0.989338338375092,0.215136234512584,48.1054097137952,-10.8226783151024,-0.399661439272947,-0.913694118267301,45.1869349179519
1.75,-0.131486888465037,0.969786703586578,-0.3738300404906,48.0987517936086,18.6276867662141,-0.062540313666544,-0.259436369228649,43.5497093303363
1.76,-0.267636406883653,0.950441956520081,0.123621964644162,48.0458285460536,-6.5259077739564,-0.222582679524489,-0.285253539292997,44.0493877060305
1.77,-0.386607855322334,0.93149733543396,0.184921137466153,47.9570358673794,-9.19886756243728,-0.157783864073115,-0.412194518221793,29.3413528823646
1.78,-0.243672361841234,0.913115918636322,-0.29435000490557,48.0324793352149,14.6267341742181,-0.376017877852966,0.200113875484274,36.414796498944
1.79,-0.13788082894433,0.895126044750214,0.333331317992034,47.8876306006517,-16.9551886462491,0.326940909309872,-0.442383146340678,-15.0279488766265
1.8,-0.505852879178331,0.877025187015533,0.0574297931212565,47.8939482256396,-2.81101894284571,0.261022852708143,-0.675027715888547,-22.3479091989896
1.81,-0.197855205826414,0.859692335128784,-0.319493648960578,48.163767223975,15.9890925403669,-0.045692665819463,-0.702356877391536,-27.0001492142793
1.82,-0.222258076489065,0.843033909797668,0.357280928689963,47.9031236609706,-18.1241582572928,0.335070648172595,0.126320815123852,-51.1317736682529
1.83,-0.555323849233034,0.826497852802277,0.0205945973876589,48.0615051975436,-1.13262145240913,0.550392978076263,0.0610938097851336,-47.420946199974
1.84,-0.287130186665448,0.810226321220398,-0.224357734829728,48.0769958361203,11.2070837772437,0.362628050736658,-0.236126242970898,-46.3892138752288
1.85,-0.269196335319768,0.794527590274811,0.331336560020638,48.0748967500742,-16.792945066632,-0.143628980297355,-0.192726124127757,-10.729972834661
1.86,-0.581581720376012,0.779178738594055,-0.0366155832936377,47.9255256391527,1.41071601447738,0.0880236164625487,0.386800254388032,-5.97378011678415
1.87,-0.288377787792858,0.764203786849976,-0.282793604542752,47.916780940496,14.1457467923057,0.217556889650605,0.383496356717796,-4.02313083868425
1.88,-0.318317613517032,0.74986606836319,0.323515716740681,48.0124259833314,-16.3902177085997,-0.45035816228885,0.190791836399774,42.3261422515207
1.89,-0.631502488595123,0.735634386539459,-0.153433554670851,48.0305603561866,7.37211283009897,-0.490357983005852,1.74338578267306,39.2395081465922
1.9,-0.435102937826756,0.721656739711761,-0.180982597261678,48.0541816845009,9.06888443098121,-0.42681370220831,0.370775000541202,47.5555520236485
1.91,-0.402925702282636,0.70810478925705,0.327823683345202,47.9714812366332,-16.701148920232,-0.251077455843476,-0.481534240741694,38.1587531301086
1.92,-0.659842628209873,0.695004105567932,-0.0113341425240708,48.0922660241408,0.244736420507435,-0.533587151306556,-0.20567772185752,38.7770795403863
1.93,-0.448979143085784,0.682162404060364,-0.195333355923517,47.9517837124666,9.84828213452189,-0.390682928754307,-0.413304194195304,31.6774042001764
1.94,-0.378805153713885,0.669894754886627,0.320101941732905,48.0738485663953,-16.1819311798984,0.276074426853883,-0.734330313119701,-11.2670935501549
1.95,-0.685316126181489,0.657965242862701,0.0241316044039289,47.9843170002392,-1.4245190779828,0.213514547345738,-1.17208159986973,-14.4837298131048
1.96,-0.425919480304981,0.646120607852936,-0.255769553628945,48.1210723055387,12.7734625505125,0.0611345158861377,-0.827841457195174,-19.2210920491734
1.97,-0.408392470124456,0.635015070438385,0.38468362069569,47.9787910003662,-19.5643458624523,0.559866777049653,0.0824254899630623,-50.0049360416173
1.98,-0.746414772854403,0.623919785022736,0.125909099199651,48.0189328382042,-6.33048198227362,0.747017912512712,0.532335421932159,-47.3896914897513
1.99,-0.505209820802316,0.613390982151031,-0.349443326643287,48.0480172755446,17.3022264087141,0.512293495436021,-0.5159389780164,-48.2765352669477
2,-0.686212999757753,0.603353083133698,-0.0196380018304025,48.0829866383611,0.532577734921142,0.649470989761248,0.532093812809286,-44.8788277105049
2.01,-0.631965834394741,0.593230605125427,0.333237870039329,47.8227899431593,-16.7944778194757,0.279097462082789,0.981920140400344,-26.4490325637273
2.02,-0.633734160291904,0.583510458469391,-0.273764873121807,48.0060624830253,13.4173390729276,0.626580073236405,0.73849867761914,-42.3555898575325
2.03,-0.501771260345008,0.574227929115295,-0.287088907367386,48.0029910613251,14.4749670650956,0.47000415252477,-0.955731668410728,-33.0782020286038
2.04,-0.474122245279585,0.564968645572662,0.334850286867675,47.9862500163058,-16.9501487030257,-0.264119141194397,1.24835607128356,10.1093670889238
2.05,-0.781984633734389,0.556565463542938,-0.0493635687029256,48.0360791091569,2.20392302226964,-0.0529993627577793,0.351582197594347,3.55617525006066
2.06,-0.602655330086284,0.548346340656281,-0.210132186207898,47.9531689753648,10.4658037938611,-0.0345063490993413,0.00264810304544671,8.33354673329586
2.07,-0.836471263989995,0.540419697761536,-0.113483468104167,48.1303625362761,5.1952071253188,-0.283436179118787,1.0647824818673,17.1129435108179
2.08,-0.713682777937926,0.532657027244568,0.298991506305863,48.0293961787434,-15.1416037208518,-0.690718594276845,0.795838030341054,42.4999572935617
2.09,-0.812418271680205,0.525359988212585,-0.084830685115894,48.1384377118412,3.80992475503759,-0.5952718666788,0.829949686144821,36.3715793166337
2.1,-0.566178819630768,0.518134772777557,-0.275685793829007,48.0161342663749,13.8737555605526,-0.389092964298274,0.452097826546,37.0376204185095
2.11,-0.717368203079787,0.511220037937164,-0.00268048206779622,48.0635683463147,-0.260431695463129,-0.690967874006416,0.621264371730115,45.9296414644187
2.12,-0.659466574228159,0.504514515399933,0.333906274044923,48.1518848670971,-16.7988346431348,-0.722758055791393,0.00316211127503774,50.276256194171
2.13,-0.792197612064003,0.498142123222351,-0.215639777432932,48.0388378484926,10.4068798930042,-0.764933840440492,1.08189676339498,46.5448036436266
2.14,-0.671180213583716,0.491885781288147,-0.187506810199316,48.1342887893608,9.18864274450702,-0.676388074672847,0.654161452161497,48.2698132666256
2.15,-0.825783623941691,0.486439049243927,-0.04039760162213,48.0566304550746,1.65508563171116,-0.82270317757679,0.0976307379030499,47.8190088069182
2.16,-0.612184112342095,0.481023848056793,0.297587515265093,48.0611124994448,-15.0757801979199,-0.519723104751774,-0.861554836087301,42.6476811271542
2.17,-0.824254855402173,0.475830733776093,0.0652940049647168,48.082859687521,-3.40128052026312,-0.799784451689461,-1.06574076077124,47.0812639047325
2.18,-0.714604348533065,0.471039772033691,-0.359337552309526,47.8229610247577,17.7284614757538,-0.78035323346552,0.137466237795122,51.044197661972
2.19,-0.662975465453701,0.466339766979218,-0.178248175218159,48.0520304810118,8.9817088525311,-0.686178872192856,0.212442917130743,48.7054313568156
2.2,-0.685917075816748,0.462063908576965,0.0556987406652049,47.9749707673885,-3.16817697352098,-0.631906959151876,-0.503538003919582,44.4230669745619
2.21,-0.651423319448939,0.457838535308838,0.373807592625755,47.7905282257844,-18.8656584374284,-0.489288453028499,-0.486579346911217,39.0059993994825
2.22,-0.943263658761154,0.453989744186401,0.0681246758625724,48.0453801501197,-3.45311002921425,-0.915832273180394,0.446151523144575,46.2931557849135
2.23,-0.760441639555758,0.450329661369324,-0.349788408721539,47.9078672024453,17.3503904256197,-0.805992114414685,0.276424039105001,49.7490443072903
2.24,-0.679285431109245,0.44691675901413,-0.192475845107244,48.0747050616921,9.56595059339575,-0.697193280284365,0.035312326528355,47.9094204854892
2.25,-0.796008328290961,0.443918347358704,-0.137460122558894,47.8739217561194,6.63201558625161,-0.802740498065816,0.185530597487988,48.3973106697086
2.26,-0.679245899302356,0.44113302230835,0.223396121815493,47.9011013610187,-11.4261081789347,-0.683211691481605,-1.65284787281401,48.2898868457236
2.27,-0.773543980613466,0.438387215137482,0.33908817192552,47.8876546291642,-16.981808770027,-0.836047917219865,-0.0357472024499024,50.6460084365502
2.28,-0.849196282678989,0.436060905456543,0.0475814690922022,47.9247312012578,-2.44475540798737,-0.804776083206793,-0.134346572757372,45.739332891547
2.29,-0.806252168079936,0.43333500623703,-0.255557689613999,48.0288055526306,12.4976384674385,-0.573637709559345,1.11026917781571,35.2642809965215
2.3,-0.662604500149596,0.431203961372375,-0.320576367627767,48.1010378440639,15.8967526517298,-0.320489955270661,0.484189704340554,27.7142823496211
2.31,-0.665022420899887,0.429177761077881,-0.167799193821532,48.1340518494633,8.38807925036015,-0.319259494983165,0.896914111400363,25.7190117235079
2.32,-0.900610774070234,0.427422642707825,-0.145202632930368,48.057464434738,6.84601189922741,-0.205219375004955,1.2533177207548,11.4158278449057
2.33,-0.605271489078821,0.425682008266449,0.319223007355016,48.1010325728054,-16.344472441434,-0.42252423901473,0.881544981196464,24.2658351168727
2.34,-0.7253563524105,0.424064993858337,0.235996494755305,47.9591570683257,-12.0709342553909,-0.203307646100496,0.164371677031609,9.99242695447331
2.35,-0.804601081680214,0.422709941864014,0.270730673981128,48.0814114247118,-13.5921716006015,-0.0309079866882707,1.91301827690343,-0.28614585423973
2.36,-0.861520449983994,0.421908974647522,0.131902942423747,48.0459660520967,-6.65704586310728,0.338104075463553,1.26366325365808,-19.112499673785
2.37,-0.921937125586754,0.421184420585632,-0.152849454797856,48.0366639145314,7.25978676798312,0.853694701365741,0.543664542296775,-43.8238559071519
2.38,-0.772835529516793,0.420676112174988,-0.340984409594822,47.9760463569567,16.8128078799053,0.837375743464632,-0.117258132488504,-51.0668848543236
2.39,-0.698103440066103,0.420069754123688,-0.24820645670911,48.0276544454078,12.2504903257049,0.68903589696511,-0.0926670118057044,-47.5324679187385
2.4,-0.699956999164255,0.419809490442276,-0.246666813355663,48.041554272713,12.2886498793547,0.562482937655868,-0.337892490655146,-40.3703899197266
2.41,-0.64055812279747,0.419743359088898,-0.165747473964269,48.188673036254,8.30209620139487,0.368101601951468,0.162020487759,-30.3909963855197
2.42,-0.710335424878784,0.419928342103958,-0.186354685832232,47.9988342072906,9.37808494790945,0.0408454119988405,-1.13737126844364,-6.06875528912458
2.43,-0.921428398430308,0.420005768537521,-0.096794246374499,47.9875440891676,4.66340096640245,-0.170764507466141,-0.836032531051265,8.05684520681497
2.44,-0.83061174469622,0.420069724321365,-0.037883826321193,48.1450826254008,1.52370260235448,-0.425445905865293,-1.4448334552327,23.5746310053107
2.45,-0.744904431453737,0.420579761266708,0.152740697530996,48.0463358213168,-8.03239654911718,-0.500453399191127,-0.480009070182286,33.4167690156363
2.46,-0.578150751738483,0.421216577291489,0.316692547353656,47.9372590052681,-16.1866026753324,-0.502524790024268,-0.693361740455734,43.9802633283399
2.47,-0.593406974953491,0.421980410814285,0.336913287633296,47.8935110102008,-17.0999351100371,-0.679177525967234,0.266408581025548,50.7323750505185
2.48,-0.674269423974755,0.422839760780334,0.231965585932503,48.1477544685599,-11.991269610154,-0.599536509199011,-0.158256631647157,39.0861190525915
2.49,-0.669329473532455,0.424005448818207,0.265812750999268,48.0166360525985,-13.5260482217977,-0.372318405856737,0.78274283614754,21.2671802579179
2.5,-0.643308888258015,0.425178796052933,0.32693159578532,48.0350115482593,-16.5816187900881,-0.0829676061358201,2.00394577944397,-1.14164790128531
2.51,-5.69588074672423,-4.59999990463257,-0.405925151457294,48.0896629533328,19.2917694130223,4.96475502803136,3.32239096761364,-50.5442997151032
2.52,-5.62930352850482,-4.59999990463257,-0.453840887874594,48.0275437017241,21.5888106033749,4.90684551378406,-3.00876264151157,-34.0169316736728
2.53,-5.67539703088197,-4.59999990463257,-0.313245118487995,48.1251925511912,14.8576672669318,-0.186265106018606,-5.26031633074518,13.6265669300323
2.54,-5.73582878128382,-4.58884239196777,-0.443114522596538,48.0286532795372,21.1528334407569,-5.67626072863665,-0.448699029090799,51.6434869090081
2.55,-5.54352627742847,-4.57082509994507,-0.286326791268452,47.8656674190278,13.5267880154813,-0.918632497736981,5.31688465506231,-2.60997147414903
2.56,-5.64159175374214,-4.5508017539978,-0.269384631266333,47.7762350194415,12.8442301181189,5.62404159320344,-1.19804946438374,-46.6234381033282
2.57,-5.57454532092362,-4.52952194213867,-0.2122119155111,47.9139473056955,9.89556448137139,-3.07167422510437,-5.91991229479904,33.686908198407
2.58,-5.50561245571367,-4.50673532485962,-0.321189775416026,48.0149179751838,15.3151522958471,-0.406538148437963,5.65609636079244,-8.82299476075715
2.59,-5.41400319472025,-4.48234939575195,-0.388778672174804,47.1975363876976,18.7040379974787,3.32164102742695,-4.70464846506146,-16.9127293556432
2.6,-5.47149698352695,-4.45595741271973,-0.321056786469701,48.1276601831294,15.3884014209858,-4.71533483414627,3.21240102308313,35.8223805305096
2.61,-5.36712003360539,-4.42878770828247,-0.40607633878143,47.5717321954795,19.5392443546624,4.91499650999304,-1.68035276198404,-38.0641078050345
2.62,-5.23056958428419,-4.39994287490845,-0.323912275385704,42.4280513494012,15.5430068877446,-4.58714235308229,2.51071092811089,31.7724375872689
2.63,-5.27951082137742,-4.36991405487061,-0.290080196685318,46.1359608714812,13.8741191245945,3.58954816937327,-4.47875052471707,-23.2337069309515
2.64,-5.21000682954953,-4.3387188911438,-0.346488255115636,44.3536850091942,16.6306908053308,-0.942445576837758,4.8575680273668,-5.21574833874424
2.65,-5.15565592811226,-4.30607414245605,-0.296459040732791,43.2606809857387,14.1478386759666,-3.49680688446194,-4.18885810914455,38.4314089882025
2.66,-5.17447356095589,-4.27203845977783,-0.190632938052834,45.8177260741826,9.17467330574997,5.11757708605982,0.00798449281370706,-44.427871540243
2.67,-5.02639666669763,-4.23769474029541,-0.236593786099916,40.2280460679766,11.0746617603805,-0.934527496173508,4.79961621889858,-1.37757433664394
2.68,-5.01506855115573,-4.20134401321411,-0.171580419634923,41.4639640614324,8.10858667228868,-4.74539387363731,-1.65159239601521,41.4761598851973
2.69,-4.93876307680717,-4.16432285308838,-0.176816750401717,39.5245047889071,8.46226026069985,1.19784218488566,-4.62391419463336,-2.67374671014684
2.7,-4.90720014641669,-4.12630939483643,-0.199189235990054,39.83472860287,9.57997129037376,4.90270423158319,-0.227881608071961,-40.0481245962518
2.71,-4.8418307161141,-4.08729314804077,-0.170921607779364,38.6541034389152,8.20529792641543,2.59251163563723,4.03127615892016,-26.3352979783027
2.72,-4.70468023298646,-4.04745197296143,-0.236366411871159,33.698260969428,11.3918718752173,-1.25851968893482,4.63450099000814,0.138334392427517
2.73,-4.72198561643489,-4.00685882568359,-0.249826387917905,36.4495232080811,11.9466469876514,-3.23608392203685,3.75305101975078,18.5814584197501
2.74,-4.59028579889439,-3.96466732025146,-0.163129638429402,32.0758123731187,7.77674660046091,-4.29431192108257,1.21564734082301,27.6954233009412
2.75,-4.65116408710366,-3.92237520217896,-0.117569742771365,37.3470268016846,5.58661039627265,-4.62010515082262,0.786219498221593,36.5740574124655
2.76,-4.51272748707681,-3.87947773933411,-0.269345622400048,32.4327484480867,12.8372929686156,-4.48870802943049,0.38058321970745,31.7380450340079
2.77,-4.40369598306094,-3.83552026748657,-0.207073095841845,29.17257508266,9.86027765770191,-4.24788420310978,1.62723696049865,26.1348625422857
2.78,-4.44300110457274,-3.79106521606445,-0.208237483789495,33.3523814785359,9.96910024853774,-3.59328065389979,2.35678627990588,21.9832410015123
2.79,-4.30595641506481,-3.74543905258179,-0.192225931171237,28.7524841875682,9.20470861190744,-1.63823200747494,4.21035531553424,3.62582406804735
2.8,-4.19503360862472,-3.69927644729614,-0.0910019251993264,25.6035694290474,4.3881684485277,1.3625248722281,3.79887433412801,-11.8649323010919
2.81,-4.12530815774833,-3.65338683128357,-0.190266191340478,24.3901579042674,9.12423274094841,3.96365795114644,0.682923897683821,-25.7192724384134
2.82,-4.06105982823234,-3.60599613189697,-0.0793214202472252,23.5850070121769,3.82470770228171,2.81383441555422,-2.86706660708695,-13.4671811282888
2.83,-4.01928477248091,-3.55906391143799,-0.12770478210889,23.906272485542,6.06488564282245,-2.08931532992333,-3.41451320538833,16.8735562571825
2.84,-4.00067924147823,-3.51113033294678,-0.163286495920627,25.2855850280507,7.87730601697138,-3.25748567327764,2.45521256864273,16.5840532113602
2.85,-3.86818417364478,-3.462646484375,-0.169336325331515,20.9675462106346,8.21912656057856,2.52295991801222,2.95891941944917,-19.6764186374094
2.86,-3.82400097812625,-3.41421604156494,-0.0999628047036444,21.4977597510282,4.80927964848029,2.2164123777677,-2.38079663553268,-9.65777825391955
2.87,-3.67773018292184,-3.36560893058777,-0.162679114910227,16.5496063008877,7.89217496366996,-3.62990601040404,-0.84187149220257,17.8251128520392
2.88,-3.72749153776832,-3.31659364700317,-0.0722931952938748,21.3740958598177,3.47238304086358,1.48426551090296,3.58366839152899,-11.2221357956099
2.89,-3.60407568381621,-3.26664876937866,-0.142403518983296,17.7840635238047,6.97548422354855,1.31465247607894,-2.91202868121825,-0.4313326134156
2.9,-3.55267220080957,-3.21788263320923,-0.0943547027995274,17.4258670845659,4.45855874142875,-3.03844154648117,1.49799120545304,13.3660692129094
2.91,-3.43864349360343,-3.16756439208984,-0.0451895778415334,14.2769654087309,2.12749204304595,3.43407974889425,-0.280800551367427,-14.1729453365858
2.92,-3.41470724482694,-3.11804342269897,-0.0653188760994095,15.8506134242199,3.12569884844385,-3.29901047357029,-0.16854996710431,15.9078253295022
2.93,-3.40190029513799,-3.06853461265564,-0.0893579768803816,17.5684296945474,4.31998321891243,3.10693653970258,1.18492565442214,-17.1332351167402
2.94,-3.30658694538742,-3.01857995986938,-0.0605682422992507,15.3816984276429,2.90136175708484,-2.98958774879586,-0.896118288141181,15.3581035469574
2.95,-3.25242017916101,-2.96863269805908,-0.109568817288397,15.140450724286,5.33113302415876,3.11752674910787,1.08026833713896,-16.6232060976458
2.96,-3.22433860235408,-2.91867971420288,-0.0509792625703815,16.0875217490453,2.44195637016199,-3.22358457230546,-0.103768666453601,16.8889711393855
2.97,-3.04545296713728,-2.86861157417297,-0.0491823705079111,9.69611889624477,2.34239646238668,2.80628738340594,-0.34691532810407,-7.45240954709376
2.98,-3.00181358161515,-2.81810998916626,-0.018762419332269,9.90150739426686,0.875229296288597,-1.73206412809756,2.72923515923635,4.70144298292293
2.99,-2.90379139186171,-2.76889276504517,-0.0376599808714546,7.71151033301428,1.84769861149344,-0.276773307143225,-2.72492087742252,2.05061180608205
3,-2.78029965735257,-2.71943950653076,-0.030087635868448,4.03550341391441,1.47832199121877,2.23184896579006,1.81373195109747,-3.89542746393333
3.01,-2.78073874261542,-2.67010164260864,-0.116170296070057,6.39908206409424,5.71555049466211,-2.6029246896455,0.808319502015052,3.54518524398763
3.02,-2.66369368956565,-2.62039375305176,-0.0123915012412755,3.13908509827721,0.610080403728353,0.389335779942509,-1.81996641407568,-0.0897258859312157
3.03,-2.70308150099123,-2.57200312614441,0.0201366273380237,7.46891856569948,-1.03821245309452,2.54125411138532,0.924294394663324,-6.63880415789935
3.04,-2.64975606333225,-2.52319025993347,-0.10054522220578,7.08848152160303,4.99621644009463,-1.32818852198452,2.43223846733403,-0.746663701062457
3.05,-2.56597468870786,-2.47423028945923,-0.0369856308942385,5.34274592124768,1.77337217609456,-2.04376773408079,-1.29115736843362,5.45117776703956
3.06,-2.57721756691347,-2.42531323432922,-0.026245834764516,8.38748561392137,1.18340342746758,1.53297382344773,-1.75688052313403,-4.0432251246281
3.07,-2.3739091038039,-2.37716794013977,-0.0807954061000692,0.680533794327532,3.95333921028369,2.10560242491138,1.22435687211671,-2.59731332869732
3.08,-2.40094473587485,-2.32982563972473,-0.028549592241831,4.38914465130047,1.4251926642709,-0.614809200601089,1.82347733006897,0.472736572612124
3.09,-2.32465168304415,-2.28234457969666,-0.054679664095355,3.0435066753426,2.67115613177584,-2.31201477586159,0.128301968116522,2.75968399716392
3.1,-2.24012173263344,-2.23380565643311,-0.0242371084649255,1.23269415350937,1.24180467043612,-1.18223024366542,-2.755923802835,1.58393391933341
3.11,-2.11991308769899,-2.1864538192749,-0.0474758604025983,-2.57079634677827,2.28072368197257,0.900060801925842,-2.04939578348847,2.95243292683168
3.12,-2.17506066526191,-2.14162468910217,-0.0280087270238168,2.64977894580192,1.3553258072038,2.1234361112394,-0.817653700581602,-2.01102470171348
3.13,-2.07038006092867,-2.09338474273682,-0.023499933396008,-0.292516010006481,1.14585125849275,1.72315407291651,0.993025695059891,-1.09595740385504
3.14,-2.0206815674392,-2.04952621459961,0.0315483269057891,-0.647708662490174,-1.62723215036537,0.492953806570555,1.73220662461074,1.83278814164074
3.15,-2.00210027201503,-2.0012092590332,0.0364101593306798,0.842383805568195,-1.83525885828141,-0.725788725376478,0.879630214351871,2.39598147797439
3.16,-1.93648172819748,-1.95734512805939,-0.0898841079366486,-0.260570502227933,4.51837939751545,-1.42829895600735,2.11684419697624,-3.55072387950098
3.17,-1.86266326773059,-1.9134327173233,0.0210859214784095,-1.70740848808488,-1.03493946360227,-1.80567522217177,0.21499524928825,-1.19416477270015
3.18,-1.82313099352632,-1.8656347990036,-0.0477621437038928,-1.28269566977067,2.37722762474226,-1.82032874723172,-0.277283156858179,-1.07170948866334
3.19,-1.74535725497269,-1.81992554664612,-0.00539651693978321,-2.74449101459945,0.3337614831492,-1.64420852327079,-1.07978975973601,-2.09266300160123
3.2,-1.78583686105397,-1.77704644203186,0.0181762538963653,1.37589852320056,-0.889228050034278,-1.53936433078084,-1.11600206592893,1.04747152805986
3.21,-1.66962373107956,-1.73546671867371,-0.00419583824534397,-2.40011210023422,0.152181506436358,-1.35964865109515,-0.921119551929352,-1.67925822068034
3.22,-1.68684702075857,-1.69432735443115,-0.0172169209029877,0.572631607327512,0.867886131247127,-1.35457224718452,-0.992803175880181,0.962169036438233
3.23,-1.6136156120601,-1.65371680259705,-0.0435351195590346,-1.16700255686225,2.20524752118953,-1.35214715173114,-0.598150208636533,0.165917003127554
3.24,-1.5391564225311,-1.61321914196014,-0.0263583632940082,-2.80306318059814,1.37671743563141,-1.36905234948192,-0.195925400764716,-2.60193954528899
3.25,-1.50424539918882,-1.57225358486176,-0.00793033191579545,-2.45241596598365,0.397103308214135,-1.43443584936982,-0.642104089850497,-2.52325990240758
3.26,-1.48548804034945,-1.53016519546509,0.0424331994536931,-1.31847604987306,-2.09720181220153,-1.47999791519948,0.339425236722817,-1.01287286604922
3.27,-1.40986257819798,-1.48661077022552,0.0735992721766668,-2.83491404857036,-3.71368188239735,-1.38216197430712,-0.313710659106484,-1.73146577708381
3.28,-1.35317473665647,-1.44623041152954,-0.0227627659345522,-3.8650922509843,1.14519226507357,-1.06938555009542,0.417317710067719,-3.43984751564752
3.29,-1.22273683519283,-1.40786814689636,-0.0397138058724481,-8.37427130049954,1.9437739518745,-0.532864015007951,1.26071511078238,-5.2404079774767
3.3,-1.22232284774728,-1.3677659034729,-0.0393848101654038,-6.38664706952407,1.87031709032543,0.0639014891584385,1.44927739412929,-1.93881337432066
3.31,-1.16828396957456,-1.32824897766113,-0.0270718182778695,-7.22420030063991,1.39099805607559,0.665867043079355,0.724872831868854,2.98194428418386
3.32,-1.11555640439828,-1.29066073894501,0.01824525265067,-7.9071076701118,-0.894269957365927,1.03313303354015,0.861395248975283,8.25673812421599
3.33,-1.0653011496108,-1.25141906738281,0.0131706517146625,-8.30305164609646,-0.649714574219202,1.02149325176497,0.203543853829232,7.69946497652531
3.34,-0.995019696858913,-1.21484351158142,0.0187467741630442,-10.3373936861579,-0.85913336700466,0.534323462658652,-0.885972572761248,4.57902391457442
3.35,-0.960105314655506,-1.17681920528412,0.00169047358654334,-10.1796970926577,-0.132258282921529,-0.211624990041248,-1.35488944938832,-2.59586455075361
3.36,-1.02090669681053,-1.1409387588501,0.00153125692212502,-5.10325423407954,-0.0409487219402267,-0.881502246987754,-0.695580360703178,-4.18063698965466
3.37,-0.909548765410775,-1.10392343997955,0.0110425474761182,-8.84348059231647,-0.627292567700267,-0.861572293632005,0.340491819221438,-8.20432968975724
3.38,-0.829390298823713,-1.06880402565002,0.0131751112666123,-11.274443576971,-0.648078342921906,-0.275648297167959,0.287806624999135,-2.86288967795679
3.39,-0.867535973011099,-1.03339266777039,0.0772729573191309,-7.33701776201424,-3.75482249543156,0.448103977526909,0.484183853990623,7.37623779738655
3.4,-0.759659864889872,-0.997973263263702,0.0162092057753286,-11.0907633486053,-0.842189381901116,0.759492911412481,-0.239863814277078,11.7278678398207
3.41,-0.757614417463629,-0.9642453789711,0.0108669748720592,-9.35790633569117,-0.593179945653454,0.364817582574686,-0.597190537436213,3.67521131450584
3.42,-0.827747058291145,-0.930363774299622,0.0217116639797519,-4.40980741075043,-1.0112188152306,-0.436011589712758,-1.21349212811558,-3.08325744267992
3.43,-0.736398866227978,-0.896958470344543,0.0363558974842887,-7.12651633362268,-1.81528045079877,-0.735757655762602,0.142884659588817,-6.57494236295009
3.44,-0.671965311433475,-0.86424994468689,0.0220608511751111,-8.70526676555195,-1.14191720406753,-0.232069350577114,0.870451461294829,-1.85588138492098
3.45,-0.688170250779351,-0.832289338111877,0.0448312807420633,-6.3189118653706,-2.21922948955328,0.48722152653846,0.889239257073037,6.04680211566171
3.46,-0.564186012328518,-0.800331175327301,-0.00736104850565206,-10.9070965928919,0.46719625101485,0.497339581628019,-0.175894999118609,9.63708260413173
3.47,-0.588072374446053,-0.768835425376892,0.0405221793674359,-8.09880874402917,-2.01100371806681,0.051927773187884,0.209087667538243,-1.72261944963751
3.48,-0.549450150034241,-0.738067030906677,0.0297511735282148,-8.68586814950609,-1.49958334186564,-0.509331905076181,0.123300964455863,-8.4970523071048
3.49,-0.47355868219828,-0.707648754119873,0.0205994151462337,-10.9687670056921,-1.03015819897555,-0.292916428089764,1.08037470179413,-5.47372484782948
3.5,-0.456121539765738,-0.677933275699615,-0.0698659342119844,-10.3086394736453,3.49890561975295,0.342327774273023,1.02856590817606,4.07630047917552
3.51,-0.442330496657597,-0.64880108833313,0.0180430315120095,-9.49895601104798,-0.923505176507752,0.407471665174497,-0.0661585357041506,7.82310169839691
3.52,-0.31370847585019,-0.620101571083069,0.0310316780513984,-14.4704182328761,-1.45284227699331,-0.0388999334210945,-0.442230850715879,-4.07756256856019
3.53,-0.331905989241254,-0.591938614845276,-0.0522167531204485,-12.2102386196531,2.60950884387359,-0.330669245491603,1.00483447606514,-12.153844346788
3.54,-0.331364208685187,-0.564104378223419,0.0710010569596453,-10.753884245594,-3.51043942409993,-0.122715138173792,-0.10540706297282,1.8299475369325
3.55,-0.267771432259429,-0.536695301532745,-0.040101772347858,-12.7694317783198,2.04163747582837,0.266631076821318,-0.585899566734549,11.3648790186678
3.56,-0.262588258963648,-0.509805917739868,-0.00814816330895848,-11.6255461962572,0.488304028924175,0.111963698072668,0.459689666129622,5.97977281921968
3.57,-0.35672998481106,-0.483493804931641,0.019972477908297,-5.4679370543535,-0.989078100523709,-0.282224111088102,-0.773795988294282,-5.26471996289475
3.58,-0.268995418568631,-0.457617044448853,0.0112431235752468,-8.61361298827744,-0.513057477600644,-0.186498230715349,0.833239354432304,-5.62939387666763
3.59,-0.202853291005284,-0.432120621204376,-0.00130869803999289,-10.6442285767482,0.0520006804343357,0.137830573551656,0.599544420219353,7.09639969522094
3.6,-0.205609087294757,-0.407188534736633,0.0181459684850531,-9.47313774388515,-0.894623171358612,0.175197785483114,-0.239301958039718,6.71570670307519
3.61,-0.206346738330586,-0.382868766784668,-0.00568080916814336,-7.97188575330207,0.376899479962673,-0.11436467289796,-0.60351919775279,-3.68819477429712
3.62,-0.145356106048116,-0.358862519264221,-0.0361747830737347,-9.79364624716735,1.86205104268356,-0.111897791533974,-0.0374748449105581,-10.0721015635711
3.63,-0.14437363070481,-0.335174202919006,-0.0155630331416933,-8.84567560169104,0.892099869124192,0.0724321924456426,-0.270169083650497,2.51580408819121
3.64,-0.0636214986823851,-0.312291264533997,0.00739099964861084,-11.6290452778395,-0.407511703939848,0.0622502580150916,0.733005786490951,10.4597472559044
3.65,-0.0568346415709007,-0.289849042892456,-0.0315606899784813,-10.8872070269964,1.51472729434303,-0.0468229217866154,0.014488305057499,-1.73713857681977
3.66,-0.0270692114079073,-0.267948746681213,0.0270071067955288,-11.3530658182238,-1.23351523103255,-0.0328220705511167,0.134840053104302,-10.0946504167578
3.67,-0.00228130779261879,-0.246446132659912,-0.00293134593382649,-11.3071126942877,0.0283766874749727,0.00332167780960304,0.188842317126334,2.24455391478066
3.68,-0.0294062015407724,-0.225346088409424,-0.0126393507444207,-9.02023505481118,0.524641064748497,0.02715834395885,-0.00704785005209267,9.19679670044761
3.69,-0.00370324882160357,-0.204721450805664,-0.0539169366111629,-9.25458351158868,2.89898536601085,-0.0540026406125012,-0.195310781893086,1.54262863247426
3.7,0.0355789060757301,-0.184739351272583,0.0301216876886069,-10.253878009721,-1.45951269232381,0.0335744643557181,0.489809088876537,-10.3206348684841
3.71,-0.0337908282275311,-0.164867281913757,0.0186727554717161,-6.11954515040104,-1.06645375635296,-0.0179735704860981,0.198130805253662,0.69379313206891
3.72,0.0274500926202286,-0.14565646648407,0.00308706677546878,-7.79966208990773,-0.0628121807204343,-0.0275166505180067,-0.165719950751901,7.88054152056678
3.73,0.0442823708708149,-0.126923322677612,-0.00333221982376586,-7.71637265054205,0.168290013569927,-0.00646163618631557,0.310826301621753,0.511949084901075
3.74,0.0865439290290331,-0.108421683311462,0.0467557367587096,-8.85149454410942,-2.38644355000765,0.0915336036245793,0.68049397847791,-9.15940559197999
3.75,0.0571795847872002,-0.0901135206222534,0.0353979140158529,-6.51936590178054,-1.73797932040413,-0.025033522533395,0.426378389809555,1.01236949309134
3.76,0.160908637231565,-0.0724477767944336,0.0481808357164501,-10.8873766346007,-2.41299748415305,-0.167648306647256,-0.270546364122994,10.7944912227108
3.77,0.0984298330568209,-0.0554924011230469,-0.0615793247423873,-6.84716202738578,3.08300607161704,-0.087224348851424,0.242007982158793,4.74841596033906
3.78,0.142690874518616,-0.0386447906494141,0.021233994199529,-8.32706296910916,-1.04406133661609,0.141075634094582,0.433044638307639,-8.36433808371095
3.79,0.1918319999127,-0.0224224328994751,0.0237026737600412,-10.0321048909511,-1.23725263185389,0.0588171961114192,0.325545594459328,-3.01608375596792
3.8,0.177950778018034,-0.00641965866088867,0.00135161120748478,-8.52554946891909,-0.0806143427451142,-0.155702040413316,-0.711371470719624,7.16999582998845
3.81,0.213391892014806,0.00870555639266968,-0.0393834106185309,-9.44457118670961,2.01081896651643,-0.153319224894783,0.0765963839009044,6.92931624430125
3.82,0.256111261781294,0.023614764213562,0.0446041854558838,-10.7174658869148,-2.24297093672208,0.224610391811156,-0.0207082393769115,-9.86738280405703
3.83,0.166437500300508,0.0381587743759155,-0.0521698483346074,-5.65591665625534,2.71239895150729,0.156324217424184,0.643348359906783,-6.04285262523747
3.84,0.291139028747675,0.052349865436554,-0.0571216222419217,-11.1238674902932,2.88757216889954,-0.129697032476265,-0.692813448099287,3.9619393541918
3.85,0.202852161775175,0.0661594867706299,-0.00661082860335918,-5.99039175556276,0.290382436201048,-0.179460435294276,0.444127423167153,5.4757853161192
3.86,0.205365285580021,0.0796080231666565,-0.0120061654280887,-5.5378769492544,0.513581029373677,0.0650387138123331,-0.544200892201267,-1.55649447990794
3.87,0.23095345427668,0.0927326083183289,-0.016055123704879,-6.21583892033353,0.797662104254714,0.228523751894298,-0.492351017582783,-6.54031185208297
3.88,0.327602105135941,0.105174481868744,-0.0399262658923892,-10.1367327646165,1.94531882866364,0.0174966609796041,0.299789392588378,-1.27286168325012
3.89,0.303389815352619,0.117527425289154,-0.0103663937531077,-8.70051221065419,0.542780914069911,-0.300573246799927,-0.628553040899988,8.69472203764123
3.9,0.307511450389336,0.129245281219482,-0.0939856432254641,-8.23352467233377,4.70022541838801,-0.179103196512996,0.446614674626655,6.74920299005808
3.91,0.313167645940142,0.140980899333954,-0.0155789551788946,-7.92513074285696,0.804679969287893,0.239524262057802,0.456241818759499,-5.90505090958948
3.92,0.323512819973926,0.15238755941391,-0.0387222758215649,-7.85986864990999,1.94658206563204,0.271632201230378,0.499986551632506,-7.18431565771524
3.93,0.361376520100441,0.16346138715744,0.0189303113909874,-9.02550609554608,-0.927839358146478,-0.182178846136087,-0.462014852077615,4.78710031419225
3.94,0.351450372168822,0.174047946929932,-0.0236018928565612,-7.99149187275244,1.30582745153639,-0.347483453511952,0.351140410042951,7.91971577742864
3.95,0.350205748041076,0.184171676635742,-0.0377017183050564,-7.56013770380462,1.8356162838841,-0.0472619448299046,-0.434038818857233,2.27857173172711
3.96,0.338100185931567,0.19388473033905,0.00290502697110864,-6.47070657588517,-0.199621327546394,0.323685170782,-0.452899906698779,-6.53324152069896
3.97,0.327429542604026,0.203154027462006,-0.0772632607086821,-5.38018256076154,3.85334872850723,0.246888681672904,-0.393050260314749,-6.62719423197664
3.98,0.353442341617171,0.212359189987183,-0.0308263153417798,-6.34559115381342,1.52456166516809,-0.195885154729222,0.590865202057142,2.36940810883029
3.99,0.413951522923305,0.221340000629425,-0.0547625964056331,-8.87292840556472,2.65385601017832,-0.407727179539292,-0.145180874848094,9.27409574422392
4,0.439882568978207,0.230076968669891,-0.00440137886223319,-9.77764436574621,0.205388798363803,-0.000385636223524491,0.346421759642358,-0.14426518871746
4.01,0.374253744197972,0.238328516483307,-0.000890962422672975,-5.92867033625946,-0.005181217544021,0.351540968076027,0.518592709829591,-6.17874747375157
4.02,0.376958057872665,0.246198058128357,0.0861318768399084,-5.85971833108561,-4.26696714178251,0.184513914329394,0.00827997906357286,-0.538927272801057
4.03,0.365402198291618,0.253685414791107,0.00460825565482068,-4.90114779919197,-0.259887035862464,-0.165308312518195,0.0358142455042778,2.74255053897239
4.04,0.327420583994803,0.261049032211304,-0.0265606097245154,-2.49500161579734,1.25877493468746,-0.328309458972189,0.645477310854692,2.69660595416983
4.05,0.360636149484934,0.26815277338028,0.027789903474469,-3.76493093477356,-1.2364386917047,-0.108230309447378,0.395259080068266,0.343210332721069
4.06,0.460996373970694,0.274832129478455,0.0126515958232065,-8.50775978548014,-0.691001276679011,0.321282187521247,0.269826479443219,-6.09045518680725
4.07,0.435303917042226,0.280963659286499,0.00909394621623358,-6.81545681294277,-0.412125493469157,0.416090996992787,0.572418309314588,-6.9473492300665
4.08,0.393547421717667,0.287054538726807,0.00779074266850965,-4.68679986127193,-0.366126128903503,0.0729376547839153,-0.325403321179144,-0.49305794632874
4.09,0.420401883428077,0.293314635753632,-0.0136531305124201,-5.58225448651695,0.789872950491379,-0.310108724993585,-0.990718020717562,4.17230214561646
4.1,0.420199317547532,0.298716962337494,0.0223996940784952,-5.30851482929181,-1.11283191325192,-0.388805668231157,-0.374092745436934,4.62098698164787
4.11,0.408189370783695,0.303712010383606,0.00636980742845898,-4.463083279902,-0.312479918312173,-0.0758170376288217,0.0774072359402564,0.689497152285507
4.12,0.449079991643941,0.308998793363571,-0.0272516820529845,-6.25619401213406,1.35323988302648,0.305502417371642,0.986373851299573,-3.64942315552278
4.13,0.371410579158679,0.313824206590652,0.032908975028608,-2.33124379229153,-1.55876627608093,0.354610168568635,-0.435571601906503,-1.14386179884859
4.14,0.468066011351038,0.31833016872406,0.0648932989224249,-6.76257301625074,-3.32973955436751,0.110818553890355,-0.704460492823094,0.524366207060463
4.15,0.413094376622591,0.322980016469955,-0.0325095607930564,-3.81842586638239,1.71918762002494,-0.197757600042765,-0.126394396671208,0.665142926924025
4.16,0.478550334361555,0.32665354013443,0.00154067984060755,-7.00764948665045,-0.167751036223334,-0.477655213994755,-0.152014524368451,6.94670833632845
4.17,0.474462427058792,0.330658048391342,-0.0224028933498431,-6.43974537730184,1.10769888793965,-0.331251735373737,0.782588671410617,5.1353634772715
4.18,0.472537583939433,0.33443620800972,-0.0165510375111535,-6.26597276070087,0.804492738813804,0.0616584012611656,0.514705728609861,-0.288036166841466
4.19,0.460521865112271,0.337266474962234,0.0342043474926105,-5.34695613627484,-1.66796390429938,0.41367344243064,-0.010121374529023,-5.7035365326325
4.2,0.432598079096578,0.341035604476929,-0.0508401540116031,-3.85900473973024,2.52126023533621,0.42702741264917,-0.163519075451605,-4.37326274529343
4.21,0.446719851009783,0.34355303645134,-0.0469666647748587,-4.35191405362988,2.4388027469335,0.22718130990073,-0.754701187487648,-3.81817611854202
4.22,0.448196405845292,0.346679300069809,-0.0291524038151494,-4.51642819272881,1.53149360626847,-0.141047169559739,-0.139939456999218,0.291304585860313
4.23,0.473948963682905,0.348974823951721,-0.0346926567303293,-5.58810306189513,1.6977588564931,-0.423667899147563,-0.522981760465806,4.0919720040178
4.24,0.392770629375546,0.351978152990341,0.0421104591918337,-1.33773584389806,-2.19678448597331,-0.350401259370655,-0.230818058422649,1.09170931235452
4.25,0.408410230466464,0.353989660739899,0.0566654213851988,-1.91140599620277,-2.94409349119369,-0.12581165719599,-0.420193494719244,-1.44388010591846
4.26,0.430742173833464,0.356462895870209,0.000582598390529033,-2.9652194555449,0.0244629576431289,0.120617563576965,-0.0229860874845167,-0.9913872045206
4.27,0.432518190006647,0.357608258724213,-0.0439537058097982,-2.97024203208874,2.17837384320792,0.338006787878413,0.497737699299345,-1.2314345828902
4.28,0.463151244590251,0.359840601682663,0.0010210682708873,-4.3387068307365,-0.0623045373675013,0.460185470984996,0.093902691454147,-4.62169155609854
4.29,0.357500507875503,0.360687553882599,-0.0121210692043349,0.84664559154493,0.727956457532979,0.262551413141554,-0.839161221691094,0.244879600735398
4.3,0.403977699119052,0.36270734667778,0.0111968802853961,-1.46864816566666,-0.445419430396294,0.0454357668190367,-0.377116595869642,0.0348343721137333
4.31,0.3896647822439,0.363169074058533,0.0417226719122059,-0.460925236796864,-2.0931095228923,-0.220053177220566,-0.0370816406231447,2.61707081134153
4.32,0.449139383462759,0.364448636770248,0.0426654473010084,-3.42960373034844,-2.17862590133989,-0.419467300276563,-0.173725443981704,4.34731123394035
4.33,0.453715509231516,0.365388602018356,-0.0734624656760145,-3.64924336380002,3.70999312672444,-0.459221650597194,0.560877909729835,4.44962841656188
4.34,0.462625457584037,0.365597009658813,-0.0235734464328717,-4.26656432096107,1.2473729693709,-0.372252080355275,0.0694611637846661,4.19145088662606
4.35,0.403840023300684,0.366509407758713,-0.0445332755251645,-0.925776792262275,2.21106827322,-0.173690819326694,-0.300720189865743,2.34340374025273
4.36,0.469765913410053,0.366404831409454,0.0307695263450082,-4.44707689867807,-1.52508542195887,0.123057249094251,0.571098315328559,-2.37085398908457
4.37,0.430301785450679,0.366497129201889,-0.0695964015788225,-2.4493180707267,3.43527081248508,0.227581574805276,0.790213963142039,1.2585758065714
4.38,0.380407794108055,0.367261707782745,0.0249596214243801,0.236677119897063,-1.29491326044246,0.363823086206793,1.14101651767643,-0.9453018008144
4.39,0.363712670164695,0.366904020309448,0.0462494729569539,0.908376296629941,-2.25242711421574,0.356900252016846,0.896487259373715,1.01075112749693
4.4,0.418240490220386,0.366420954465866,-0.020626290306374,-1.9206773677834,1.01231836756486,0.365780488516165,-0.771440900147674,-2.03824026520183
4.41,0.409744577177144,0.366832196712494,-0.0199675224350747,-1.46213707232494,0.992020293809457,0.24058656939037,0.418137517067848,-1.76886521259239
4.42,0.404562141159061,0.366548866033554,0.0090638427044167,-1.28258444015018,-0.440561139117235,0.055914236658832,-0.639745978129173,0.0894097569535325
4.43,0.34898413609205,0.365191221237183,0.0252706278470125,1.56590994621451,-1.25023864277942,-0.106235360080495,-0.141317523647261,0.531673996255723
4.44,0.45001605855198,0.364775508642197,-0.0151093225017548,-3.62154546378159,0.75294442305885,-0.247036637519393,-0.0847264210722043,1.77327278000267
4.45,0.417710176294377,0.364603877067566,-0.0208519976444892,-2.17415318814119,1.08622022248005,-0.334044535505649,0.0701461097723379,0.662774377586026
4.46,0.424448169723321,0.363684713840485,-0.0824174748847925,-2.30789397641632,4.1356820598104,-0.390338799870607,-0.091553895012629,0.958002249223458
4.47,0.397296597692599,0.362087219953537,-0.0158373236170584,-0.965383909619945,0.666833509087857,-0.397420501133396,-0.280782295613155,1.13820755031177
4.48,0.347550432028208,0.360857784748077,0.0546193476279616,1.29057483250699,-2.78553655814387,-0.303228074701318,0.423149687760181,-2.14831572010544
4.49,0.309052415990656,0.360118240118027,0.022425025353417,3.30335933093671,-1.00527642330984,-0.229665353461958,0.357125747244897,-3.33139603563343
4.5,0.40821915299274,0.359307765960693,0.0306559820298701,-1.69292019318952,-1.63374115896813,-0.217931488375035,0.417152665673339,-0.485879724976009
4.51,0.111424762953675,0.10381805896759,0.0341497776508289,0.350234643707493,-1.79060024584231,-0.00941951079623358,-0.178137032492732,-1.88925066264167
4.52,0.079771021854229,0.103283874690533,-0.0071652203970747,1.77300467868922,0.367090644150299,-0.017181700838845,-0.165037645940102,0.641737592599792
4.53,0.122132504924419,0.102461852133274,0.0462944357810243,-0.424276577470204,-2.3209868819624,0.0604634518344917,0.599120980870713,-2.60405509950993
4.54,0.0858226773574179,0.101848222315311,0.0113028710220824,1.39032149951227,-0.566465488197777,0.040693541883566,0.218661598806553,-0.0347296095440379
4.55,0.170610201930398,0.101252853870392,-0.0132393763886621,-2.66406857426654,0.724513290304697,0.0842220231342812,0.678885600150584,-0.469740577404616
4.56,0.170616559178726,0.100489318370819,0.0627925343254972,-2.88593141229197,-3.11198370736875,0.167566897185063,-0.293835672805556,-3.44434404901895
4.57,0.133728855288436,0.0996223911643028,0.0609039524430262,-1.07212747978943,-3.02387878462275,0.146181494773004,-0.582255338980802,-2.7681609895281
4.58,0.152419078739197,0.0986302122473717,-0.00910012207242792,-1.94411233651822,0.495440592645212,0.142169015108139,-0.0977005553294865,-1.80404579534246
4.59,0.116776734000739,0.0974955707788467,0.00787369326675112,-0.189053023051082,-0.388320728455899,0.116961000244508,-0.516381638814203,0.0424273064691072
4.6,0.199434511321592,0.0965047627687454,-0.00231005093662151,-4.39840002979752,0.182476610641053,0.198692972936924,-0.137887487751216,-4.82517192601259
4.61,0.101185541560533,0.0956586450338364,0.0141043052958409,0.496822868036146,-0.663037140151168,0.0926703997408258,0.0613671001117325,0.628589389321103
4.62,0.166855333177528,0.0950579345226288,-0.00194138468373428,-2.81229487848083,0.122743436961909,0.148260541192452,0.81977299035339,-2.65430771336989
4.63,0.173557588296149,0.0943600907921791,0.018958023816922,-3.21884218718102,-0.929091570485374,0.123572434704783,-0.470562045008086,-1.92999195961177
4.64,0.114777817425289,0.0934785380959511,0.0269400105540163,-0.365018928054371,-1.29642170809785,0.0547130768507528,0.135738161240558,0.954736281329784
4.65,0.104560921257266,0.0925938487052917,-0.0679649033938654,0.0385743420690314,3.45344569850764,0.111845664082009,-0.086211309276204,-2.31510493731155
4.66,0.100220765941206,0.0915134623646736,-0.00387199113478057,0.225844030382619,0.1029122346076,0.0393740695296846,0.33921849570769,-0.314622585244347
4.67,0.130115083636688,0.0903077870607376,-0.000803901829373448,-1.52879947090129,0.0967651787881633,0.0265000249747468,-0.299294196181268,-0.211462348153393
4.68,0.157665720506486,0.0891756564378738,-0.00130806280875975,-2.65135679156939,0.110968920070573,0.00738794643147418,-0.154953294643099,0.336937781400849
4.69,0.113755610403602,0.0881244093179703,-0.0460414658366716,-0.62425551404358,2.30249365663245,0.0325121080954893,-0.554587081775863,-2.09012886830883
4.7,0.0972245488116643,0.0871035307645798,-0.0389045075465424,0.177673914109523,1.84843709312196,0.0119139753733005,0.0738549503634742,-1.23530733924166
4.71,0.133550793430932,0.0860727280378342,-0.0236209434915387,-1.73771632835582,1.26468473912148,-0.0318230534711558,-0.671946468103546,-0.281646921150829
4.72,0.0402036203135792,0.0852606594562531,-0.0128312079912706,3.11458045107885,0.706593344860243,-0.0101794855377721,0.64860872955951,-1.96342696929492
4.73,0.0643427061423319,0.084121935069561,0.0160231843738547,1.69940631650842,-0.881506779998188,-0.053257495299415,0.475303169205798,-0.870874825714278
4.74,0.0750689192081704,0.0829681381583214,0.037121561463786,1.25940064361665,-1.89125462189718,-0.0802018625009971,-0.177030076247927,0.586670616203997
4.75,0.132922808606199,0.0818071365356445,-0.0276992867633962,-1.88099380599081,1.46119612847551,-0.0915946837212016,-0.604943057006434,0.240501738610548
4.76,0.0421920225241631,0.0804326310753822,-0.0134597247663527,2.52869206651328,0.697621934031992,-0.0304574627103805,0.308044753053843,-3.34785329044149
4.77,0.039696055198733,0.0791070535778999,-0.000567971096355827,2.6357299598597,-0.0588049068481434,-0.0365415956143734,0.725458368664965,-2.14812745598761
4.78,0.120445231641477,0.0778924599289894,-0.00271879757040346,-1.49489984616884,0.170100117664656,-0.1151572704041,-0.439423841319138,0.89666031516537
4.79,0.0633611772217495,0.0765739232301712,0.0215736762208884,1.35189695600007,-1.05596044043609,-0.0660844799151349,-0.153726457764185,-1.31602265701753
4.8,0.0370863247156882,0.0751350522041321,0.0168638225884285,2.62328188638019,-0.843424498705385,-0.0381267609896362,0.818954504949487,-2.34333490137204
4.81,0.0925528124499988,0.0738963037729263,0.0409910725427862,-0.291224717105414,-2.11162261396089,-0.0912394904032352,-1.02247655080924,0.227531787472707
4.82,0.113896869352915,0.0727280676364899,0.0105913890812111,-1.44743355486261,-0.443379653988467,-0.111705095370612,-0.431964083022649,1.13799499174633
4.83,0.0709691240322237,0.0716322809457779,0.0655691609022009,0.584088967617392,-3.18784606929394,-0.0554519271481024,0.142826222995019,-1.61809762190958
4.84,0.08204470267392,0.0704263597726822,-0.00953830625756599,0.134449845640744,0.577953757223287,-0.0812146183580482,-0.289257632769207,-0.0707538454327685
4.85,0.0446024619073484,0.0692024007439613,-0.0117279860035184,1.99326494687645,0.546079341907968,-0.045769541809081,0.139405728184888,-2.347135169777
4.86,0.0678457642434746,0.0679157823324203,0.0830946323260356,0.635144777600727,-4.21649672851033,-0.0241643948755948,-0.431219659358293,-2.28880748672431
4.87,0.154510690265825,0.0666848123073578,0.014056649806628,-3.63577875359601,-0.739768790563166,-0.126138764372067,1.24777533007831,3.17225292483879
4.88,0.0799667504075366,0.0652634799480438,0.0644765939646198,0.0147834905287638,-3.22819790004116,-0.0295959464899266,0.500071752823003,-1.57828502118279
4.89,0.106832517290688,0.0640500485897064,0.0195638536417877,-1.33929544744059,-1.04224994413524,-0.0719687055265059,-0.902102783194539,0.154962721066985
4.9,0.0866572557246815,0.0627034604549408,0.0256055750636875,-0.463414937782234,-1.30070090227852,-0.0477425600467368,0.207961146687773,-0.660231525520063
4.91,0.105118494246181,0.0613546334207058,-0.00920718305142739,-1.44835748126232,0.392988737290115,-0.0808979551556803,0.256749108008028,1.55362630241665
4.92,0.0982253493419531,0.0599784404039383,-0.00620552429467011,-1.0367585516021,0.287415950922014,-0.070290240412534,0.251214966675869,1.2431884380093
4.93,0.137434276933975,0.0584084019064903,0.00390290684770375,-3.2789859871879,-0.0551139755404225,-0.0836483863928158,-0.0254162425689424,2.16977857023204
4.94,0.0139374351617276,0.0567797310650349,-0.00935510398346502,2.97092202764408,0.533279114058772,-0.0158075379991202,-0.232067890791748,-1.27937896158479
4.95,0.111841552897521,0.055214237421751,0.00385559324643052,-2.27422520174853,-0.241839787586891,-0.0594653079666814,0.523290674782081,1.30568893398176
4.96,0.113700138611148,0.0527008473873138,0.00466124133398393,-2.28069599570905,-0.227318952883135,-0.0562323913401321,0.575149077961094,0.404584822221033
4.97,0.0980785015802204,0.0503571294248104,0.00386132100742974,-1.80951417452105,-0.149495219795647,-0.045947900657851,0.129135030694002,0.832738780110392
4.98,0.0835211674074038,0.0483382344245911,0.00200640005476695,-1.14677873742304,-0.174920122170106,-0.0382821562437288,0.0809314709513319,0.355234653638162
4.99,0.071016588061606,0.0466301403939724,0.000597498186752025,-0.455744358833681,-0.0963414432791586,-0.0321127842747964,0.113103709639184,-0.347877331445347
5,0.059262903517262,0.0451816134154797,-0.000700954010968541,-0.140178943716252,0.0491806722935328,-0.0268680780136101,0.0231048345847697,0.240702687006958
5.01,0.046206767743884,0.0439402982592583,-0.000752746030011503,0.644296706784841,0.0400916789161201,-0.0204750217267088,-0.0046532865466386,-0.468309665804942
5.02,0.038580869579711,0.0429115630686283,-0.000978884086286333,0.990475922555407,0.0769278684677554,-0.0169466077567235,0.0143506081777386,-0.904248147226092
5.03,0.0322010705063256,0.0420425944030285,-0.00107333659489924,1.11568820677284,0.126690607698231,-0.0140479234108018,-0.298263184716139,-0.668171037142447
5.04,0.0268101391426084,0.0413080751895905,-0.00107421110831173,1.48357011647449,-0.0129011609985003,-0.0116288088773648,-0.11995082990954,-0.575483685107995
5.05,0.0222418515184973,0.040687307715416,-0.00099276867932211,1.60334253765233,0.0180687416328454,-0.00957730226033518,-0.0836278799946915,0.0959399596856564
5.06,0.0183583550362776,0.0401645749807358,-0.000816733603828395,1.75604293024086,0.0599353834462826,-0.00778823361964924,0.452545841221894,-0.765064532465421
5.07,0.015102138849143,0.0397247113287449,-0.000662988173310093,1.84826352778777,-0.0554896997678525,-0.00631877320628502,0.801997594914008,-0.600838595678053
5.08,0.0123677762486591,0.0393539890646935,-0.000532468909475177,1.88007063655239,0.0873236896919241,-0.00510946942788419,0.0487498533695197,-0.81164360662494
5.09,0.0100671848349169,0.0390411093831062,-0.000421742337517892,2.13215843576227,-0.0545241636992313,-0.00410979661841401,-0.406882803119283,-0.854199421927864
5.1,0.00812838894393458,0.0387767367064953,-0.000327819491222308,2.16799307998346,0.0744467372283974,-0.00328016034114643,0.124291047725222,-0.820096573589929
5.11,0.00649224594952633,0.0385531447827816,-0.000248148144074116,2.40115791030078,0.0785302396887254,-0.00258928349023053,-0.864393787322757,-0.778910580186246
5.12,0.00510991218160344,0.0383638739585876,-0.000180557860877242,2.22558024850729,0.00454853133054716,-0.00201225357465624,0.015099600686725,-0.683612904583256
5.13,0.00394087604275794,0.0382035486400127,-0.000123207173339243,2.52024790326219,0.0622964010385927,-0.00152907678931423,0.194967228967763,-1.0995245702242
5.14,0.00351864296885724,0.0380703881382942,-0.0012018075752273,2.40027119517809,0.16052589852528,-0.00237909480609183,0.269417881799589,-0.8328577710614
5.15,0.00272454925489919,0.0379551835358143,-0.00124762790273115,2.34500952789994,0.0894070937586904,-0.0021350318129779,0.777843521920495,-1.1199060044746
5.16,0.00201101672383787,0.0378570705652237,-0.00121375876109706,2.53902696546285,0.0682747811329555,-0.0018476880992159,-0.25835316668529,-0.989679506685235
5.17,0.00140560126933293,0.0377738140523434,-0.00118433618878149,2.48153200734714,0.125581414593362,-0.00160460393858369,0.0101157414746837,-0.882017122941871
5.18,0.000892088804219279,0.0377031490206718,-0.00115934367204794,2.41454092377799,0.0997482720541482,-0.00139936713351434,0.0597459978424958,-1.11908846450868
5.19,0.000456400567551366,0.0376431569457054,-0.00113811733286865,2.5751314457929,0.101241812952465,-0.00122592198492986,-0.368594119297558,-1.26519577876862
5.2,8.66545186325293e-05,0.0375922098755836,-0.00112008854856288,2.45368946130959,0.0301302078161537,-0.00107922445157792,-0.793832745498381,-0.200974742661102
5.21,0.103158157925718,0.036910355091095,-0.00839806487736994,-2.4500101765658,0.452877670146611,-0.0441065359810124,-0.603758827408444,0.549277647734285
5.22,0.0202845349738984,0.0358686558902264,-0.00206640472725589,1.39964215972952,0.086449409075342,-0.00909733039756028,1.2050800309073,0.179495093235584
5.23,0.0712843627670164,0.0350964479148388,-0.00585117298552473,-1.13843215071679,0.341031771130467,-0.0308829633400554,0.00951353016445992,0.0823757930494953
5.24,0.0949235127247921,0.034168291836977,-0.00731228765964011,-2.37854147112898,0.395244053546846,-0.0411395055727487,-0.402519304444956,1.18932169677163
5.25,0.0633602341992619,0.0331859216094017,-0.00463753660301135,-0.93385328204006,0.238687554906629,-0.027642873423574,0.263766525800204,1.05587291992764
5.26,0.0156365847546064,0.0320738814771175,-0.00164504982842587,1.62009583782629,0.0400051480321317,-0.00741208500814361,-0.381307838516119,0.141478548923243
5.27,0.0758471590360505,0.0311509426683187,-0.00403340384582283,-1.46300879440466,0.280609022828407,-0.0330372326826729,-0.36731118711697,1.12907935962045
5.28,-0.00946899940048673,0.0300473980605602,7.51835227624394e-05,2.60896380800572,0.048035953843219,0.00383875784746559,-0.177905237436211,-1.42426111523142
5.29,-0.00714617698864873,0.0290061663836241,0.000134170750421088,2.67584721683753,0.00904952110216358,0.00306118445964439,-0.21474651654332,-1.60408462198513
5.3,0.107960291710955,0.0279942434281111,-0.00192768106723629,-3.30695565217474,0.0752756017099439,-0.047721208257155,0.299638697529126,0.937911928559249
5.31,0.0767093536031416,0.0270709209144115,-0.000559029525507821,-1.9508301711729,0.0788938392648734,-0.0343957126583928,0.959905396170928,0.800972473703814
5.32,0.0215336375686386,0.0260804872959852,0.000169097210882488,0.894945482783727,-0.0585151720620099,-0.00973583660305291,-0.463751825259801,-0.647553626692286
5.33,0.0854905997836652,0.0250621065497398,0.00192238449549938,-2.27849317846011,-0.069077340551894,-0.0391369072098272,-0.0324625019595504,1.00233222850482
5.34,-0.000984837147679635,0.0241116490215063,0.000241023174060723,1.89365617837523,0.057044784970813,0.000698694174715932,-0.147917685709951,-0.594290297320671
5.35,0.0133068882060184,0.0231442097574472,0.00155613433640673,1.1028249859809,-0.0962075575079769,-0.00555666031990417,0.57784580679678,-0.573429978651734
5.36,0.0217528053178864,0.022219467908144,0.00399767858034317,0.652872972033955,-0.255676231052111,-0.00835931350046005,-0.353695839924263,-1.19641322748675
5.37,0.00944705165117314,0.0212120562791824,0.00503191836372038,1.25772624414138,-0.269646538614238,-0.00113862659102604,0.4761092297785,-1.24599433607692
5.38,-0.0109773914348886,0.020223580300808,0.00461345900995589,2.20765048944866,-0.204605594018216,0.0101585186651374,0.734701035598496,-1.69287065935351
5.39,0.0797001296492206,0.0192891135811806,0.0188565251388843,-2.20146220856903,-0.879141015140705,-0.033482202627997,0.674179023124938,0.650853697136325
5.4,0.00433252527618686,0.0182601846754551,0.0119446164985144,1.46981235690083,-0.562728595611325,0.00651679319510578,0.638199955404553,-1.40693315593785
5.41,-0.0560256184286381,0.017334820702672,0.0042550874086658,4.33909585053467,-0.111460929907032,0.0399995431599181,0.246385885598273,-2.70955944628006
5.42,0.00550228392690226,0.0164738371968269,0.035755405659089,1.36453682192938,-1.75550004393889,0.0224210613839469,-0.628189393985563,-2.39820387351098
5.43,0.0163557275278573,0.0155985802412033,0.0418799223826298,0.73452147763389,-2.02998088953743,0.0181080400510697,-0.00189279758410887,-2.1896352029434
5.44,0.102745418594658,0.0147260073572397,-0.0344424362386772,-3.95867321496989,1.61598474994407,-0.0985861549394233,0.497581969541967,4.19900729826393
5.45,-0.0474095884812373,0.0137696638703346,-0.0199088354169934,3.78067007607671,1.05268421068271,0.0227432461601722,0.693342718712558,-2.06514237049665
5.46,0.066401039974128,0.0129548404365778,0.0159730514862904,-1.92572845600142,-0.890644903633741,-0.0417170650844502,0.355029113259358,0.775909499704261
5.47,0.0372253299173138,0.0121335834264755,0.0434465760704333,-0.513421713983463,-2.16943012494482,-0.00395678630950784,-0.456964009553749,-0.995845912094246
5.48,-0.0137641209455841,0.0112951789051294,-0.0208911078691064,1.93197100806708,1.10382683116544,-0.000434841683408203,0.174060336577923,-1.22258028957789
5.49,0.0604026700154687,0.0105378497391939,-0.0284595524004834,-1.77345790521413,1.45091105057412,-0.0662945941979595,0.137179022174368,2.23569019134242
5.5,0.0145308553602592,0.0097772553563118,0.0664839366791458,0.584290712990429,-3.34644307211101,0.0203668388841784,0.373515708435116,-2.20297882668436
