t,iq,id,vq,vd,ia,ib,va,vb,theta_e,omega,r
0,0,0,0,0,0,0,0,0,0,0,0
0.01,0.00114159325635788,0.000636248826699975,-0.0553585894045114,-0.0318506293112189,0.00102850865561269,0.000806360761550721,-0.0507945104168626,-0.0387163236876798,-0.39742536358678,-0.00349168630198162,0
0.02,0.00126523654083538,0.000706387535845692,-0.0617195347870551,-0.035361792296395,0.00114105883277551,0.000893191802026986,-0.0564950776368176,-0.0432211005361251,-0.397450491148063,-0.00346379749448132,0
0.03,0.00131122587387508,0.00073402830193018,-0.0640996042814143,-0.0367454735385652,0.00118436801335848,0.000924869314707356,-0.0586932179920943,-0.0448786726223024,-0.397474226312744,-0.00319874702865399,0
0.04,0.00127762497601568,0.000718305701312279,-0.0626467132358317,-0.0359584136671222,0.00115688262900757,0.000899950688969863,-0.0574059973336585,-0.0438425553867062,-0.39749434216911,-0.00272942469115934,0
0.05,0.00130341143755434,0.000734516845955798,-0.0640196281590644,-0.0367699444220048,0.0011818288558121,0.000917429522148804,-0.0586865456981941,-0.0447932021230451,-0.39751268088288,-0.00249177617307036,0
0.06,0.00130111124083024,0.000735198326391797,-0.0640335357441729,-0.0368040358044503,0.00118158158110062,0.000915025686714792,-0.0587240897082727,-0.0447918747021183,-0.397528908058458,-0.00219680783398938,0
0.07,0.0013327625000911,0.000754847063833093,-0.0656531704330065,-0.0377876671462651,0.00121196468093061,0.00093658506479833,-0.0602586851096882,-0.0459035668016524,-0.397542849493603,-0.00205676235961277,0
0.08,0.00129671280841424,0.000736049994699592,-0.0640262113296602,-0.0368466953448421,0.00118068824780168,0.0009106091168585,-0.0587617780456331,-0.0447670429666923,-0.397555510870191,-0.00171112362237933,0
0.09,0.00129259574990343,0.000735245805230021,-0.0639119848032128,-0.0368064323427575,0.00117836261175078,0.000907111747253136,-0.0586809141358114,-0.0446766782502194,-0.39756633469084,-0.00150566672221781,0
0.1,0.00129033008695657,0.00073520714541826,-0.063875718310905,-0.0368044909672785,0.00117745830227969,0.000905026644012237,-0.058665504164553,-0.0446434381092382,-0.397575775903485,-0.0013309230474063,0
0.11,0.00128841611493678,0.000735201592139236,-0.0638471280667554,-0.0368042038260447,0.00117671956912277,0.000903254405998874,-0.0586545375719545,-0.0446167054348692,-0.39758402046473,-0.00117854511817332,0
0.12,0.00128674766114187,0.000735197939099603,-0.0638222992027588,-0.0368040169467306,0.00117607668152503,0.00090170903970375,-0.058645072809396,-0.044593463356442,-0.397591220501847,-0.00104548288643235,0
0.13,0.00134799558652779,0.000770146011557072,-0.0668042695617959,-0.0385535446316017,0.00123202042623207,0.000944638899136917,-0.0614130736386101,-0.0466649828201474,-0.39759824942255,-0.00112756913987171,0
0.14,0.0014074331206898,0.000805730721609143,-0.069966910610302,-0.0403349168582309,0.00128784984508823,0.00098565346926069,-0.0642803771485084,-0.0488907681669649,-0.39760436615886,-0.0012196967373509,0
0.15,0.00128844095564242,0.000738187303925598,-0.0640454865323656,-0.0369536728632155,0.0011795053218483,0.000902090786775496,-0.0588703068258987,-0.0447401973338687,-0.397609861030157,-0.000721263332687958,0
0.16,0.00128180098341461,0.000735314118177803,-0.0637582809081577,-0.0368098498119594,0.00117428873412315,0.000897076687014946,-0.0586266697202731,-0.0445308547532221,-0.397613829732374,-0.000628633077013285,0
0.17,0.00128072925930597,0.000735190347894688,-0.0637331569085663,-0.0368036483248458,0.00117376269683957,0.000896132476137227,-0.0586113759977557,-0.0445098912962116,-0.397617255308682,-0.000564388900544119,0
0.18,0.00128002297063803,0.000735183663424608,-0.0637221757074769,-0.0368033283782197,0.00117348572008817,0.000895480367778425,-0.0586069618803393,-0.0444997154571362,-0.397620244941196,-0.000509092888330296,0
0.19,0.0012794176162211,0.000735182136312463,-0.0637131277149646,-0.0368032249359637,0.00117325223998756,0.000894919768255243,-0.0586034790533465,-0.0444912603974591,-0.39762285572412,-0.000460841604491521,0
0.2,0.00127888897600066,0.000735180985664692,-0.0637052202884306,-0.0368031938680731,0.00117304851426743,0.000894430141371528,-0.0586004898584764,-0.0444838482961518,-0.397625135743981,-0.000418705150667822,0
0.21,0.00127842774200944,0.000735179988382267,-0.0636983306963417,-0.0368031320563891,0.00117287077133008,0.000894002942174521,-0.0585978535754095,-0.0444774034653035,-0.397627126909509,-0.000381907025916712,0
0.22,0.00127802459750455,0.000735179117623436,-0.0636922911508813,-0.0368031005033943,0.0011727154121186,0.000893629547964787,-0.0585955631130039,-0.0444717454366427,-0.397628865815655,-0.000349770832990232,0
0.23,0.0012776731431647,0.00073517835707804,-0.0636870419675348,-0.0368030411931564,0.00117257997266678,0.000893304027294799,-0.058593543299155,-0.0444668397717867,-0.397630384421006,-0.000321705950921143,0
0.24,0.0012773658084684,0.000735177692797503,-0.0636824319569989,-0.0368030092627687,0.00117246153389255,0.000893019372787357,-0.0585917876708144,-0.0444625240881738,-0.397631710635137,-0.000297196588145725,0
0.25,0.0012770973564943,0.000735177112606569,-0.0636783977262894,-0.0368029800844692,0.00117235807872751,0.000892770732107405,-0.0585902500620006,-0.0444587480453237,-0.397632868832127,-0.00027579229854465,0
0.26,0.00129036052049037,0.000742637653042492,-0.0643195902772333,-0.0371764771568138,0.00118437337538254,0.000902109009067979,-0.0591829421744277,-0.0449052280118987,-0.397633798186156,-0.000304059777951972,0
0.27,0.00124766758738106,0.000718534733711608,-0.0622875298775104,-0.0359698828480747,0.00114561970311999,0.000872079163823185,-0.0572836483719764,-0.0434988790607497,-0.397635005611815,-0.000138751641407433,0
0.28,0.00124396640406075,0.000716117986322741,-0.0618591734649161,-0.0358488899605465,0.00114195895162148,0.00086960171203738,-0.057006252983649,-0.0431507517191782,-0.397635790028965,-0.000112389396941048,0
0.29,0.00127474779300714,0.000734365284070322,-0.0635913440830929,-0.0367623619088518,0.00117070272109695,0.000890914948264114,-0.0585192385163825,-0.0443940200801239,-0.397636202578721,-0.000208865190570558,0
0.3,0.00126698986502685,0.000730366605895542,-0.0632164591350503,-0.0365621752114966,0.0011640113828974,0.00088531135628852,-0.0581894771682832,-0.0441259346490419,-0.397635682157726,-0.000191920834958829,0
0.31,0.0012758494857536,0.000734970969090308,-0.0636445051236638,-0.0367926842944246,0.00117168783007493,0.000891696060638136,-0.0585677842204109,-0.0444312874170517,-0.397636270532663,-0.000211377081165163,0
0.32,0.00127615311629198,0.000735166427992146,-0.0636633874326347,-0.0368024512234432,0.00117198613184577,0.000891899635513796,-0.0585841267668887,-0.0444448805422265,-0.397636847797232,-0.000202182643932458,0
0.33,0.00127605660874324,0.00073517449523133,-0.0636626022809405,-0.036802867898393,0.00117195665035903,0.000891806939216773,-0.0585842294322396,-0.0444439655809255,-0.397637355010677,-0.000192880591853641,0
0.34,0.00127595521278571,0.000735174626903084,-0.0636610948390927,-0.0368028554785923,0.00117191790219592,0.000891712884055083,-0.0585836539306941,-0.044442554602754,-0.39763779811534,-0.000184695177445772,0
0.35,0.00127586545657295,0.000735174447984875,-0.0636597144036872,-0.0368028559665938,0.00117188332494309,0.00089162974656878,-0.0585831370163762,-0.044441259012064,-0.397638185090507,-0.000177543762552264,0
0.36,0.00127578710906168,0.000735174279234312,-0.0636585052311733,-0.03680285640277,0.00117185313122256,0.000891557181194524,-0.0585826841948116,-0.0444401242145113,-0.397638523040235,-0.000171298209168133,0
0.37,0.00127571889143888,0.000735174131326683,-0.0636574538789012,-0.0368028263786844,0.00117182684122439,0.000891493997473931,-0.0585822625008655,-0.0444391492277216,-0.397638818175481,-0.000165843893275013,0
0.38,0.00127565917037903,0.000735174002131788,-0.063656522841443,-0.0368028267316325,0.0011718038253425,0.000891438683979592,-0.0585819137427573,-0.0444382755959079,-0.397639075919979,-0.000161080580323274,0
0.39,0.00127560701631507,0.000735173889300978,-0.0636557042279411,-0.0368028270500256,0.00117178372567818,0.000891390379024768,-0.0585816070366848,-0.0444375075429378,-0.397639301010926,-0.000156920727983831,0
0.4,0.0012755613815091,0.000735173790762696,-0.063654979335602,-0.0368028273386157,0.00117176613828909,0.000891348112569306,-0.0585813353284773,-0.0444368275810096,-0.39763949758521,-0.000153287884290934,0
0.41,0.0012755215674692,0.000735173704706296,-0.0636543426467793,-0.0368028276006043,0.00117175079424676,0.000891311237084299,-0.0585810966450584,-0.0444362304100575,-0.397639669255519,-0.000150115282906308,0
0.42,0.00127548675928812,0.000735173629552012,-0.0636537791708308,-0.0368028278397104,0.00117173737934486,0.000891278998156032,-0.058580885325117,-0.0444357020227401,-0.397639819176986,-0.000147344616066595,0
0.43,0.00127545672589044,0.000735173563917574,-0.0636532996967612,-0.0368027976491226,0.00117172580528614,0.00089125118004353,-0.0585806776347161,-0.0444352639796978,-0.397639950104662,-0.000144924962981032,0
0.44,0.00127543018319718,0.000735173506597952,-0.0636528597009424,-0.0368027978506318,0.00117171557585651,0.000891226596500103,-0.0585805125156902,-0.0444348515372943,-0.397640064445361,-0.000142811853973859,0
0.45,0.00127540701654823,0.000735173456539472,-0.063652470547841,-0.0368027980370625,0.00117170664755777,0.000891205139757159,-0.0585803664275096,-0.0444344868252046,-0.397640164299965,-0.000140966453197464,0
0.46,0.00127538676028232,0.000735173412823005,-0.0636521238462355,-0.0368027982101275,0.00117169884085584,0.00089118637868985,-0.0585802362039011,-0.0444341619987035,-0.397640251504137,-0.000139354844895125,0
0.47,0.00127536906515347,0.00073517337464452,-0.0636518152269653,-0.0368027983714183,0.00117169202119541,0.000891169989734655,-0.0585801202256205,-0.0444338729350351,-0.397640327660182,-0.000137947410068376,0
0.48,0.00127535369832571,0.000735173341302454,-0.0636515444470527,-0.0368027956116314,0.00117168609901395,0.000891155756853056,-0.0585800157784856,-0.0444336204547753,-0.397640394168016,-0.000136718282128915,0
0.49,0.00127534019414844,0.00073517331218426,-0.0636512981896668,-0.0368027957536657,0.00117168089451655,0.000891143249530312,-0.058579923128546,-0.0444333899536098,-0.397640452250086,-0.00013564487150884,0
0.5,0.00127532843620098,0.000735173286755143,-0.0636510793017693,-0.0368027958876669,0.0011716763630784,0.000891132359385832,-0.0585798407428725,-0.0444331851206854,-0.397640502973421,-0.000134707450494451,0
0.51,4.61484845158932,-0.0155261034258335,9.25865118736421,0.78947622141667,-0.682926651322343,4.56406381199229,-0.558143543994041,9.27547143264216,0.145164941928054,44.529345466663,675.527536220683
0.52,4.71424113734592,0.0240898056382237,4.29035604580689,-1.17713680532298,-2.85584466010775,3.75084005219021,-3.54934313666139,2.68234400412631,0.65585965052591,95.1376739273905,675.527536220683
0.53,4.5950362676693,-0.010641074096033,10.2521958969292,0.566062421127651,-4.5943520863002,0.080002754722271,-10.2390349013542,0.768187257429038,1.55106903142294,150.076097721042,675.527536220683
0.54,4.299653645901,0.0424010668468204,13.3473392921525,-2.07169737385163,-1.30638789760611,-4.09660469000461,-1.94972852713851,-13.365700687174,2.84275332300243,200.730068482214,675.527536220683
0.55,3.89378630246294,0.0948087175390504,13.2405404351786,-4.70138115327098,3.77620658866641,-0.95437113424589,13.9527627846597,1.65387618609957,-1.79400143486584,248.892558353058,675.527536220683
0.56,3.54960778313658,-0.0437366910757631,12.6215579986936,2.25960618506021,-0.696570304153626,3.48086456553848,-0.103007334847919,12.8218148448227,0.185184398464634,290.696847438324,675.527536220683
0.57,3.32500232450992,0.0658767307734031,7.17547604983309,-3.22470771166616,-2.13626133439308,-2.54879730712955,-1.98740871848559,-7.61159660998236,2.46383145037398,329.425498930766,675.527536220683
0.58,2.8496987484564,0.0902777513588711,15.8057643269974,-4.45032519318981,2.74881511160008,0.756933624291742,13.78129978673,8.92767363169149,-1.27041956898649,364.683169625946,675.527536220683
0.59,2.69518970190554,0.108309665333324,9.83319498603237,-5.34910510357552,-2.68715020191942,0.234525702614289,-10.0731217841613,-4.88230135938836,1.52390485892018,396.678981885944,675.527536220683
0.6,2.36393983561986,0.0475507326526456,13.9977705898394,-2.30740984993589,2.32131870278739,-0.449390808423716,14.1862488192987,-0.109845975342744,-1.7419113642907,425.679590847288,675.527536220683
0.61,2.11899861654234,-0.0256586545173367,14.8499341898805,1.3192634094785,-2.11222533443561,0.171223947006184,-14.663261487283,2.69253856851368,1.47780163003749,452.275437480503,675.527536220683
0.62,1.97773100159911,0.0356013446187145,11.5457548949077,-1.74190118956227,1.95559115469343,0.297238298524418,11.088875685624,3.65725469119406,-1.40195757981558,476.127353441184,675.527536220683
0.63,1.81941247203756,0.0535034944680642,10.2717406536002,-2.61621366804137,-1.53511981181404,-0.978024299648099,-7.02702016122621,-7.93562963257421,2.16744778559028,497.408477464359,675.527536220683
0.64,1.55833038472773,-0.0488829779634412,14.8776830308237,2.4703257331069,0.556159497067431,1.45652660371239,8.019364652294,12.772538986703,-0.396112016308785,517.201828168955,675.527536220683
0.65,1.50230772024445,0.0228111265526472,9.90701737114148,-1.09903916748006,0.450031253051436,-1.43349946113615,4.15402918027626,-9.06095590173397,-2.8222145424347,534.89683684659,675.527536220683
0.66,1.36253671205963,-0.00233062566537978,9.96106247108356,0.166145302157525,-1.24941270254368,0.543580373310841,-9.06068187998562,4.14178870585627,1.15871789166218,551.008339967363,675.527536220683
0.67,1.18274535617727,-0.0512552404303641,12.5837322053507,2.60168912109757,0.988389714595871,0.651612959748013,12.132688733859,4.23284379420136,-1.03124263497846,565.536243926027,675.527536220683
0.68,1.10484579856508,-0.0458027838398051,10.7621937306185,2.30309220728748,0.069918997170181,-1.10358210725306,-2.0675229480796,-10.8099212055314,-3.11975335810677,578.817453007393,675.527536220683
0.69,1.01786452439233,0.00958465221903548,9.82260491919405,-0.43411051148907,-0.932447147123725,0.408267526746142,-9.2049705806027,3.45550805888211,1.16751231691582,590.720059015623,675.527536220683
0.7,0.861937142321155,-0.0220856013643669,12.8396242719647,1.11377924309044,0.568035537908616,0.648659416622663,9.52230768864396,8.68459048719952,-0.744847847478827,601.654855811409,675.527536220683
0.71,0.720051988710508,0.0554602303580501,15.7093175555054,-2.73170422849885,0.335247976043999,-0.639655765357999,10.6544845228916,-11.8628337931193,-2.58197530169261,611.272001023147,675.527536220683
0.72,0.761715333846841,-0.000377916484125329,9.73269572648616,0.0549170698887898,-0.712457402129513,-0.269471413677106,-9.1244188959108,-3.38723512630479,1.93189797058978,620.061604936912,675.527536220683
0.73,0.570035772728249,0.0355722710969321,15.7316921064735,-1.77972782125044,-0.0920225092072304,0.56368255823654,-5.23197342766876,14.9425574016894,0.22414758479882,628.15746738774,675.527536220683
0.74,0.514458430170029,-0.0463861687214839,15.3233296040901,2.31145226594856,0.502624091345268,0.119114129392833,15.4963109606428,-0.107649172805648,-1.42802643119209,635.350288401071,675.527536220683
0.75,0.4706341795334,0.0577557083912901,14.6058374171927,-2.85355573396023,-0.00490471509344843,-0.474139427348864,4.46476646922584,-14.1964477021387,-3.02982838146252,641.814581958142,675.527536220683
0.76,0.508539848840548,-0.0026479227974541,10.0510690668691,0.154516271130737,-0.504172863399625,-0.0665545878608796,-9.99076042101488,-1.11021208554929,1.69683807058535,647.712711872163,675.527536220683
0.77,0.41008697340032,-0.00521256274430885,12.5571472455955,0.256829443018636,-0.0790807755181148,0.402423567285083,-2.01189398702763,12.3975881079882,0.181328607536133,653.048900423304,675.527536220683
0.78,0.335513914502235,-0.00360515770336572,14.1048489135963,0.161884456095675,0.322067613128684,0.0941012038194586,13.6242410231981,3.65417925043513,-1.29727542519936,657.867916190412,675.527536220683
0.79,0.299737974560472,-0.00737883102998031,13.8688017694415,0.402163227206346,0.123507742680409,-0.273208964053109,5.02977738388993,-12.9308444136448,-2.74163685442204,662.290739037717,675.527536220683
0.8,0.246543214823592,-0.0257300742865356,14.7472818243919,1.31632176370227,-0.195737578945962,-0.152093371606772,-13.2167660512232,-6.67323904418766,2.12738459195426,666.11675731091,675.527536220683
0.81,0.285801765067294,-0.00606081230499465,11.141854936511,0.318454578588076,-0.19723660877925,0.206922938599465,-7.27961616713316,8.44094385741854,0.74023297944928,669.644943610463,675.527536220683
0.82,0.236375513386652,0.0413649310167229,12.1560986522424,-2.07539684240211,0.171455576001224,0.16789111443108,5.40349685807933,11.0851354615642,-0.622659221871458,672.761889890408,675.527536220683
0.83,0.226873248876295,-0.0558279895883176,11.2718147871539,2.77613606550894,0.226618403413978,0.0568536253132398,11.2842566636306,-2.72512230907707,-1.56627305069475,675.668942478326,675.527536220683
0.84,0.155452335402195,-0.0660942282060584,13.5864390774717,3.2823655838032,0.103119451767895,-0.133791831780717,0.245705834381235,-13.9751522093513,-2.88696376662564,678.246507849015,675.527536220683
0.85,0.099174876886645,-0.000432255779012895,15.3172979769604,0.0435914858510448,-0.0857380105039785,-0.0498481354251025,-13.2970587793814,-7.6032720160671,2.09306907019418,680.47645902747,675.527536220683
0.86,0.0879281061185608,-0.000783808261063258,14.8494345318765,0.0648082367696241,-0.0639642250416276,0.0603369216633648,-10.6658037483976,10.3320151192644,0.805657501812629,682.549091554049,675.527536220683
0.87,0.0810428925926748,-0.00706402759796351,14.3131536478611,0.371259644380425,0.0302231969446972,0.0755275399581812,6.78286184332568,12.6094007107864,-0.467589718781089,684.339276744989,675.527536220683
0.88,0.0944260362538621,-0.0331078028878275,12.8248617786785,1.66330874074093,0.0984535367620292,0.0178690803826799,12.4045553335347,-3.65659439731982,-1.72848159872202,685.928616613378,675.527536220683
0.89,0.0562292529550503,-0.0091383719825663,13.9792668073114,0.448235352646511,0.0181661868223366,-0.053992854959807,1.83244088810123,-13.8658925350291,-2.97814617140367,687.405125159314,675.527536220683
0.9,0.0654934604549439,0.0419696489089411,12.8216754265331,-2.1219811163434,-0.0775684601074792,0.00582913273630769,-10.2755494378471,-7.95683657943537,2.065685178978,688.717951932923,675.527536220683
0.91,0.016903824209921,-0.0547811170909056,14.664676691727,2.71192818208446,-0.0492965945624835,-0.029266975026291,-9.05150392360618,11.8523235552615,0.835068838633969,689.784073998135,675.527536220683
0.92,-0.00553204420824685,-0.0536314613535469,15.223743371783,2.65177230293017,-0.0517382093725196,0.0151688777094524,8.21409968437017,13.0890345316881,-0.387978750446504,690.806905593991,675.527536220683
0.93,0.0173466576265471,0.00279991339108249,13.6262078578161,-0.129279980929676,0.0172422327882146,-0.00338399974693048,13.6228038488984,-0.33086128863362,-1.60456617832679,691.58061065788,675.527536220683
0.94,0.00796261583390305,-0.0300126797052437,13.6130305339923,1.52612767449162,0.0309810442656635,0.00208304829921675,2.92018820439897,-13.3834288151111,-2.81512361240234,692.436317636457,675.527536220683
0.95,0.00566780530606399,0.0278194749813047,13.3295734704855,-1.37298552226123,-0.0221138086790107,0.017805242793374,-9.38798678241153,-9.56181584860722,2.26272637858408,693.09609784472,675.527536220683
0.96,-0.00427255016251111,0.0159487218950285,13.4438116682721,-0.787394233459731,0.0114973905148654,0.0118501656665558,-12.1259507748057,5.85810375956619,1.06225365108596,693.675285291133,675.527536220683
0.97,-0.00158536592624388,0.020030909609916,12.9737591271553,-1.00235800074526,0.0196385899730318,-0.00425164777372903,0.742809209374435,12.9912040215514,-0.134222903859847,694.207423807735,675.527536220683
0.98,-0.0636827749195999,0.0201931641005205,15.7395721252799,-1.02444676619782,-0.0569225474891252,-0.0349726076408274,15.0264789445025,4.7946378793485,-1.3269244679364,694.683300622934,675.527536220683
0.99,0.0255147884899847,-0.00950789459052762,11.0076406196851,0.455505904544925,0.0226397456728625,-0.0151276702469794,6.07148272074805,-9.19308083358754,-2.51655559334838,695.055456366371,675.527536220683
1,0.0343013226236938,0.0240348986493981,10.279644973664,-1.23127414988021,-0.0386144621633504,-0.0162228357156432,-4.43469167921458,-9.35524700513266,2.57972399809646,695.447928178891,675.527536220683
1.01,-0.0468192753052801,-0.0322415132262227,14.0668178120628,1.57897182725319,0.0404820010972939,-0.0399094888765441,-13.5761865195807,4.0069533282261,1.39557901098074,695.759668386174,675.527536220683
1.02,-0.0863208229034323,0.0684377587196566,15.8273361314774,-3.46152849284041,0.0851709852823692,-0.0698635423617075,-6.73588505580436,14.7348091619982,0.213461058082374,696.004349871397,675.527536220683
1.03,-0.0706931208312054,0.0157213080418311,14.8703502781631,-0.767857042320411,-0.0492899542039427,-0.0530582441659614,11.8089401051575,9.07005266938998,-0.967423456115443,696.142548025799,675.527536220683
1.04,-0.106223734705291,0.0407909409820237,16.5122221543047,-2.02346845219904,-0.111282687371694,0.0237391274539083,14.9440953918478,-7.30902989250349,-2.14761484384425,696.21052779991,675.527536220683
1.05,-0.023502593644168,-0.0527785061495052,12.2091288353956,2.66017228509432,0.046655897346094,0.0340759425725391,-0.0332045901896594,-12.4955288387832,-2.9297189881231,696.340875038527,675.527536220683
1.06,-0.0477468912697211,-0.0216457209101179,13.3131395878818,1.09276921859355,0.051595396606742,0.00928535990871032,-11.5803465411076,-6.65803306085124,2.17448577877706,696.348243279419,675.527536220683
1.07,-0.0621573113774849,-0.000608254013286853,13.9042418430802,0.0289111947737285,0.0518320684952585,-0.0343123593785843,-11.6528134082859,7.58555975256397,0.995823166203666,696.403413163464,675.527536220683
1.08,-0.0387127430649378,0.0623170151600268,12.5932374465583,-3.13122820522227,0.0542691511374805,-0.0493654341506706,-0.797097118625226,12.9521757107467,-0.182237623547089,696.431313404186,675.527536220683
1.09,-0.0526863127390999,-0.0639271312464745,13.2262426003107,3.17817633884783,-0.0648578719724036,0.0515362212687109,13.5982154354797,-0.350478434952719,-1.36074227046668,696.34791227478,675.527536220683
1.1,-0.0891482703950632,0.0253855499765863,14.9839304517377,-1.30273098762992,-0.071380219885776,0.0591329389689311,9.55376674607554,-11.616403090898,-2.54004299578603,696.222023926079,675.527536220683
1.11,-0.0368073173337972,-0.0328109520581648,12.3119399920485,1.60820363040903,0.0475957462934803,0.0128834047922392,-8.07726803084968,-9.43016046748292,2.56320265148519,696.127311661402,675.527536220683
1.12,-0.0101164253853932,0.0424076832280331,10.9022509644013,-2.15616031730689,0.0178744942807635,0.039765011172567,-11.11314870995,-0.0776476352220494,1.38253085184198,696.086987488789,675.527536220683
1.13,-0.169895036494984,0.0407847813870504,18.8307589585672,-2.03206348904358,0.0739705070019037,-0.158291142873828,-5.76066289930799,18.0427694088158,0.201552099948426,695.992217715907,675.527536220683
1.14,-0.0971107012505309,0.0127409458927861,15.1541788159572,-0.618545584914467,-0.0735921664105044,-0.0646298154308164,12.24635849229,8.94753809184064,-0.980602897161238,695.830435117074,675.527536220683
1.15,-0.104845672843585,-0.023441022579971,15.484103167925,1.18927572951432,-0.0738692148398204,0.0780092029991797,12.1788196086974,-9.63577607743993,-2.1634872419989,695.738356842032,675.527536220683
1.16,0.0178176901501244,0.0133669062955403,9.28224517298269,-0.655914487605846,-0.0167227802746997,-0.01471369722686,-1.25280993601155,-9.22067061176368,2.93600379016177,695.678933221048,675.527536220683
1.17,-0.0106125055104564,-0.0481691625924275,10.6257331014483,2.41368288407446,0.0191216292477026,-0.0454670957174371,-10.8867633576075,0.458751134650945,1.75204696893867,695.623369434431,675.527536220683
1.18,-0.00548236102975088,0.0315879713615032,10.299946206529,-1.59016968830541,0.0295822727322679,0.0123590192648686,-6.87809610581815,7.83002716816012,0.56758999925315,695.547101462222,675.527536220683
1.19,-0.032541214656795,-0.0549368873649597,11.6116201003956,2.72990152769703,-0.0636322656425318,0.00528460158272551,8.9498700521677,7.88555069453905,-0.617625684704891,695.39521767543,675.527536220683
1.2,-0.0458726908389797,-0.0344354587680824,12.2383813514106,1.69439723925289,-0.0366769317711831,0.0441011027212347,11.5159241663531,-4.47576258326402,-1.80391265367033,695.246881711477,675.527536220683
1.21,0.00294913425817127,0.0342753980804514,9.80802955756311,-1.74858448276514,-0.0334498637510602,-0.0080378430864033,3.1945793301228,-9.43661244297713,-2.99159944142443,695.02952535992,675.527536220683
1.22,-0.0328959130166285,-0.000544913964003316,11.5300207587214,-0.00660262060014695,0.0286215288076757,0.0162248609589464,-9.93157091773865,-5.85707447426385,2.10306713436256,694.951807577599,675.527536220683
1.23,-0.0409869698163929,-0.053215373901945,11.8978899027674,2.68053457716865,-6.47127656281735e-05,-0.0671699600008194,-7.7813942183811,9.39121684213054,0.913522880117371,694.821859013636,675.527536220683
1.24,-0.0562097886604955,-0.011543066915695,12.648045196846,0.598834091162744,-0.0264890387213338,-0.0509029818644985,4.038238256669,12.0010116803782,-0.277279544331837,694.639273975272,675.527536220683
1.25,-0.0643075652283448,0.0104517653916858,13.0921665735011,-0.506375705568294,-0.0629272376342825,-0.0168779474202049,12.9745224296883,1.82291241287273,-1.46986912700737,694.363616120156,675.527536220683
1.26,-0.041476116025195,-0.000367829708630089,11.9188467699336,0.0281136165202453,-0.0187452312416878,0.0370002676331624,5.4556507721977,-10.5969605714284,-2.6637914949367,694.262846213726,675.527536220683
1.27,-0.0472241403742123,-0.0435545924546234,12.190925608504,2.17932556614068,0.05619289694989,0.0311364784513388,-5.90152212159497,-10.8876151550116,2.8217789694291,694.063157135464,675.527536220683
1.28,0.0274375773899652,0.0182211580192508,8.41647611292744,-0.921978402450447,-0.028398115893085,0.0166846715974799,-8.353035568328,-1.38344176903497,1.62581843461992,693.938549302897,675.527536220683
1.29,0.0179304735840425,-0.0562317031525455,8.87652774829041,2.79426242690651,-0.0585958772228285,-0.00707315310673005,-1.14944197556726,9.23468627087001,0.428805021526968,693.767680682657,675.527536220683
1.3,-0.0235573518235249,0.0467919975929188,10.9188116367612,-2.37322805878457,0.0172210965218185,-0.0494759911296303,5.89188500871763,9.4941218668249,-0.769439683207058,693.651969877701,675.527536220683
1.31,-0.0547420912614472,-0.0824013703492425,12.4653263621319,4.08972444396714,-0.0185546261942352,0.097172054819798,9.90841564526702,-8.59845955637814,-1.96850783082966,693.453442761792,675.527536220683
1.32,-0.0303223655606387,0.016976412590104,11.2333939128338,-0.873406989973193,-0.0161337314456469,0.0307790049751806,0.563282432816888,-11.253208052458,3.11401135007923,693.280199601263,675.527536220683
1.33,-0.105594234419076,0.0599291605840778,14.999057322343,-2.98185420186906,0.0794578331288315,0.0918046806286789,-13.1369849168381,-7.82833330504674,1.911951775389,693.076431648997,675.527536220683
1.34,-0.106094653207819,0.0268708515770485,15.0370618634412,-1.32769463702635,0.0894215095045835,-0.0631023909347723,-10.7897263670544,10.5573579771758,0.708216548343604,692.874335209174,675.527536220683
1.35,-0.0283492695881213,0.019754686316531,11.1889958244492,-0.974626438194151,0.00384447814163577,-0.034338734767941,4.47916269313721,10.2995449327617,-0.497103627431751,692.651065375703,675.527536220683
1.36,-0.0583656719964484,0.0440273138459697,12.6723645311006,-2.20100101138934,-0.0636828602286612,-0.0359089034249909,12.852239493174,0.50315829649435,-1.70363640784183,692.499221935161,675.527536220683
1.37,-0.116591431699378,-0.0152299190188907,15.5860422312256,0.751377751151388,-0.0117728637493021,0.116991076831411,2.82449611020135,-15.3463840262757,-2.91140889569698,692.27059669987,675.527536220683
1.38,-0.0788731334151689,-0.0879668258487628,13.7531478964234,4.38253920455288,0.114514362458185,-0.0290791061662659,-13.861615414983,-4.02633146020587,2.1619681505619,691.997634996629,675.527536220683
1.39,-0.00934613912731056,0.00157730409739396,10.2894749351918,-0.107081168241871,0.00852140454977528,-0.00415016497283787,-8.43420500795318,5.89482372105814,0.950389937631908,691.791402184092,675.527536220683
1.4,-0.00616474898275655,-0.0436577198238908,10.1362513564344,2.15241224736985,-0.0437618722741167,0.00537579438833365,4.70907247236397,9.23044454473726,-0.262508542513941,691.587104379882,675.527536220683
1.41,-0.0545125762754584,-0.0778568077731392,12.5298931399248,3.8635680168833,-0.0615898701194602,0.0723877847946685,12.8375932411876,-2.66862880386755,-1.47665561809536,691.477825731301,675.527536220683
1.42,-0.0958246147887232,-0.0140031789691631,14.5886527083099,0.719293189199724,-0.029055164043843,0.0923809680780353,5.69552886363275,-13.4501718018482,-2.6917671400121,691.297920868469,675.527536220683
1.43,-0.0789545308241505,0.0180432806664888,13.7767306135326,-0.884324223888808,0.0417967777866521,0.0693715163559558,-8.92330357073368,-10.5335174142038,2.37466289055957,691.060331803887,675.527536220683
1.44,-0.0333585670636085,0.0180493461725166,11.4719463882727,-0.888899614483459,0.0378016330782157,0.00309990812969607,-10.8598334400898,3.80259307756417,1.15665592097644,690.963500883725,675.527536220683
1.45,-0.0958206292072934,0.0168707997220466,14.6565234528047,-0.842640062015948,0.010836062349771,-0.0966891752870759,0.0770085684037271,14.6805242303237,-0.0626748525262104,690.683362531962,675.527536220683
1.46,-0.0858143763462677,-0.0160021650615368,14.1691240130836,0.791065671879951,-0.0868354671805837,-0.00893185948642893,13.8139706783727,3.25024218981125,-1.2839404373398,690.475467619291,675.527536220683
1.47,-0.107439084214232,-0.000630494482418639,15.2588925023864,0.00852901654040907,-0.0632261041106509,0.0868677966744542,9.04482501683847,-12.2892234725502,-2.50655525871754,690.289374384871,675.527536220683
1.48,-0.033434459675746,-0.0140815379938508,11.5313200356207,0.675130340207776,0.0302714210589034,0.0199948461648478,-6.96221081674496,-9.2170908253839,2.55315148839332,690.183961703422,675.527536220683
1.49,-0.12078758784495,-0.0476824247634305,15.9039933685797,2.3490512997141,0.126705038139924,-0.0284444778240388,-16.075955159432,-0.136794694517529,1.7259471351343,690.01071336207,675.527536220683
1.5,-0.0700260932177668,-0.014976884492801,13.3925544743122,0.724025617381975,0.02042156000048,-0.0686361470917538,-5.78405606247052,12.1008026142171,0.499893861910709,689.793972543873,675.527536220683
1.51,-0.0934511929114419,0.0496206401115403,14.5580897682986,-2.46529585495765,-0.0250812791000078,-0.102792328606555,7.83934113401088,12.5124095177115,-0.727445966434999,689.694281189968,675.527536220683
1.52,-0.0675653442280337,-0.0490924957266546,13.2659075570339,2.47590278135296,-0.0441831162982523,0.0708731339189922,11.3650561970868,-7.27666788657686,-1.95578508871729,689.51602254534,675.527536220683
1.53,-0.0188953770175437,-0.0209595643307062,10.8661824908072,1.06155759914863,0.0217701722484125,0.0179554507000682,-1.53834657395428,-10.8089923803395,3.09760573316759,689.308805237913,675.527536220683
1.54,-0.0533544287705025,0.0109730303654117,12.5888605554309,-0.550001194788242,0.0478429709578626,0.0260413631508028,-11.8825070568002,-4.19379749671421,1.86642505907267,689.175610798275,675.527536220683
1.55,-0.0262941084848872,4.21406086214041e-05,11.2449800688573,-0.0146825122180211,0.0156169904227519,-0.0211539955323241,-6.67609707839505,9.04873030457909,0.634337565836753,689.005486710931,675.527536220683
1.56,-0.05893423806928,0.010287899471242,12.901132829221,-0.540673573445644,-0.0247343503001465,-0.0544729034251581,6.82793912923118,10.9595074450333,-0.599055220886517,688.808821810065,675.527536220683
1.57,-0.0807851211233505,0.00611918728925531,13.9526422499023,-0.340915616166046,-0.0796060651207429,0.0150517322586947,13.5632367235377,-3.29105739730918,-1.83327005983788,688.747002087207,675.527536220683
1.58,-0.119583374304062,0.0167040509236777,15.9064676049982,-0.874290634249767,-0.0253887874098918,0.118044983803047,2.03309230584243,-15.8002098548696,-3.06853005409615,688.543225090445,675.527536220683
1.59,-0.0866672172279665,0.0247752131213233,14.2110571231742,-1.2301536915148,0.0697346094973922,0.057114813888279,-12.5578325530929,-6.76522462534296,1.97859441075399,688.523536054644,675.527536220683
1.6,-0.120204806420721,0.0130476993740579,15.8641274654493,-0.635601256930291,0.0908519966287687,-0.0797831602167087,-11.1895153189353,11.2636262422519,0.742053585391333,688.434744572111,675.527536220683
1.61,-0.0503352202520376,-0.0142228224820247,12.4035462356514,0.726968912785159,-0.0364526382349807,-0.0375117080774249,6.53915847261762,10.5648402491515,-0.495697590852755,688.237291940857,675.527536220683
1.62,-0.064070443671132,0.0902959862845893,13.088213138256,-4.51668424796336,-0.0779445245249514,-0.0786322960869241,13.6497670366191,2.32069377433623,-1.7346884967291,688.125084759695,675.527536220683
1.63,-0.0289835784409726,0.00144326287705402,11.3550696468941,-0.0800583107988258,-0.00624092535944822,0.0283404600815528,1.96641968765612,-11.1837922741323,-2.97459439301329,687.944005336835,675.527536220683
1.64,0.0169775248345371,-0.028371393169588,9.06594452522424,1.40142043982253,-0.00140427945572574,-0.0330333210425609,-8.63804727124889,-3.0886030375018,2.06755526665872,687.780548935577,675.527536220683
1.65,-0.0562069123444621,0.0699007402253621,12.7342773731085,-3.53119587202472,0.0887127678519932,0.0132429339419163,-11.7525800350759,6.04218727126217,0.825418101745802,687.644626572192,675.527536220683
1.66,-0.10180089393403,-0.0909564287280532,15.0262983397411,4.51585315903622,-0.124445131307394,-0.0561239986691482,10.2257566946154,11.9002719116587,-0.417918428111254,687.434600541602,675.527536220683
1.67,-0.151464858258995,-0.00937099822589603,17.4956501278486,0.455055138402745,-0.149976386897367,0.0231625186104302,17.3810056244448,-2.05072964041933,-1.66223643121561,687.35242288381,675.527536220683
1.68,-0.105297288696543,-0.0697699310158073,15.2123984447217,3.51121808028813,0.0434561328866022,0.11860407579563,0.111385836150037,-15.6119605445254,-2.90761780076356,687.191889446246,675.527536220683
1.69,-0.041998555693603,-0.02650590082912,12.0695049848648,1.3439692503468,0.0496626936195121,-0.00024149858444918,-10.9497327295398,-5.25190985044475,2.12891782657696,687.046601957365,675.527536220683
1.7,0.0371024004812079,0.0157285564304336,8.14943004145512,-0.777234562490139,-0.0186043538565375,0.0357470785720177,-6.78009356352244,4.58777013761392,0.880826715869462,686.852098806879,675.527536220683
1.71,-0.0411726108473548,0.0471015216149207,12.0863169989106,-2.36406159131381,0.0482792099565388,-0.0397851116424348,-2.71462508832867,12.0124375725952,0.0290918579280006,686.686189737209,675.527536220683
1.72,-0.0609362670505175,-0.0295802477785855,13.0875047891492,1.46075620020717,-0.0673822868702437,0.0069171610383659,12.7960990108024,3.11069773333714,-1.2211702428527,686.517416324679,675.527536220683
1.73,-0.0993792965731269,-0.0136849962181181,15.009494527185,0.652667722878767,-0.0509110413228853,0.0864383571123311,8.79847278012921,-12.1777575051981,-2.47246648051818,686.385715814467,675.527536220683
1.74,-0.0259013624648229,-0.0728468763240369,11.3347528241469,3.6123071994844,0.0750728102375773,-0.0184829957186701,-9.25587649105301,-7.47356242165175,2.55857422120286,686.274804804635,675.527536220683
1.75,-0.0628097975974034,-0.0384332185662174,13.1922803994719,1.90878302214129,0.0505310636261691,-0.0535611293046877,-12.2298453595223,5.30194278034723,1.30541940308358,686.137200740238,675.527536220683
1.76,-0.0222859662740813,-0.0172680245053138,11.1993371030885,0.885826747804986,-0.0161115672920044,-0.0231358242230706,0.314769150565152,11.229904761733,0.050909812823718,685.929731621328,675.527536220683
1.77,0.0076295595223125,0.000443198012304619,9.69737029974812,-0.00358651403598272,0.00728226470930035,0.00231845286479989,9.05293328678147,3.47611888441751,-1.20454850512502,685.87059595631,675.527536220683
1.78,-0.109403906331593,-0.0557546952139879,15.5317774541112,2.79522888006472,-0.0255757823783372,0.120098626614764,7.60851977305538,-13.8260566409591,-2.46045456660846,685.795657909726,675.527536220683
1.79,-0.10632506051015,0.0567783998218106,15.3888668291237,-2.85181995681138,0.0102575380457361,0.120098243501113,-5.98568271812786,-14.461040825213,2.56590767527005,685.686749971979,675.527536220683
1.8,-0.00992122225110583,0.0660066687554647,10.5938535924501,-3.32362386121169,0.0267130417820948,0.0611696360124656,-11.0934437549231,-0.460125162798342,1.30824351900902,685.544027270148,675.527536220683
1.81,9.82636246511411e-05,0.0606039188437974,10.0722634224673,-3.06336089375087,0.0605240203751404,0.00311248977429656,-3.56054852908963,9.90742976704516,0.0497590269914245,685.45264672683,675.527536220683
1.82,-0.0822134452620426,-0.0204045250039907,14.185371465144,0.984481337265776,-0.0841165834277733,-0.00998977551959044,13.616798422667,4.0959452906503,-1.20931485497535,685.333248953938,675.527536220683
1.83,-0.0775356841164059,-0.0434977125797137,13.9313894994937,2.17163598370584,-0.0142607274307544,0.0877522932134095,6.97788193711108,-12.2518888300567,-2.46923870580355,685.284123618524,675.527536220683
1.84,-0.0465625340865484,0.00247750097137176,12.364394575928,-0.103778668145057,0.0237622162096824,0.0401193802597752,-6.77099027256588,-10.3461448844494,2.5537053392196,685.2162299415,675.527536220683
1.85,-0.0768425292616112,-0.0158184535414847,13.8977273001988,0.80597208973782,0.0695475059859939,-0.0363062279353533,-13.1424951828043,4.59034154394795,1.29269597026122,685.092447093652,675.527536220683
1.86,0.0420033606869557,0.00796333070961941,7.96568075573159,-0.390919011952702,0.00666488256699949,0.042228856074459,-0.63625847792312,7.94984671081208,0.0308277606630348,684.98499500949,675.527536220683
1.87,-0.0607063459431757,-0.0602097176738803,13.081793098632,3.00396658601692,-0.0772856865934606,0.0365703867619455,13.3357357020605,1.52160415683982,-1.23147134143917,684.886110967,675.527536220683
1.88,-0.0317925658360994,-0.0152647333085206,11.6237210709638,0.741652877400768,-0.00698896436246176,0.0345678131006752,6.41615019286435,-9.72080023602643,-2.49447066298362,684.8142648129,675.527536220683
1.89,-0.0330535603820067,-0.0292540577424926,11.7186675952365,1.43227586183444,0.042982213436634,0.0100432602483304,-7.94640900488207,-8.73116076356224,2.52483267291578,684.631919823121,675.527536220683
1.9,-0.12239183413873,0.0255311338223718,16.1867282120346,-1.31659707821089,0.124334383970467,-0.0131362407401309,-15.8134282473741,3.6985247250464,1.25988181673454,684.541290366991,675.527536220683
1.91,-0.00878805947502694,0.0582594667080144,10.4476754307981,-2.89968581512551,0.0582117959607119,-0.00909847577714506,-2.84395524957148,10.4629832396013,-0.00533033745887127,684.606414997782,675.527536220683
1.92,-0.0392981218198604,-0.0169895978840602,11.9639974106727,0.870401315253456,-0.042564077496689,0.00461390525330852,11.6866427982837,2.70503467584103,-1.27071436860379,684.509725654976,675.527536220683
1.93,-0.0233427373810252,0.0539587211022757,11.1627816982066,-2.68791828653659,-0.0576591503741135,-0.0114825672028537,8.55876904014167,-7.65376198182479,-2.53672544577264,684.435530150297,675.527536220683
1.94,-0.0881673071266655,0.0235437271729377,14.4115259514219,-1.18015741575858,0.000322666094969497,0.0912561067641648,-2.62818241649858,-14.2189137756752,2.87711091257561,684.298546272779,675.527536220683
1.95,-0.0266885386733765,-0.0474476205513653,11.3727852138525,2.36193537542108,0.0285006037200963,-0.0463817893153842,-11.4555000096676,1.92106787141742,1.60941619704577,684.140013199717,675.527536220683
1.96,-0.00327337518728139,0.0333974548110923,10.2143689873134,-1.69732090582828,0.0325722507154532,0.00807176909390501,-5.01211986654238,9.06051248604419,0.340618231536599,684.012798578754,675.527536220683
1.97,-0.0664910957039986,0.0162385166911669,13.3733404484381,-0.848558362266251,-0.0435342359590221,-0.0528159590626905,10.2034337741271,8.68655428009312,-0.928893481954554,683.915176259723,675.527536220683
1.98,-0.14592592885253,-0.0138254615822115,17.3364347607634,0.654046376772132,-0.109914788402048,0.0969755607870762,13.6393327688795,-10.7213967605412,-2.19927331924656,683.828210553035,675.527536220683
1.99,-0.0580509984069295,0.0810691825257534,12.9218103603208,-4.03925227025987,-0.0580053585948718,0.0811018442806055,-0.345654520408643,-13.5340040211097,2.81308997487395,683.820588589298,675.527536220683
2,-0.0762850278294857,0.0204780345620968,13.8301083026276,-1.00881858680303,0.0768421572407441,0.0182767130814215,-13.8533922441564,-0.610846898196778,1.54204676342115,683.732224070308,675.527536220683
2.01,-0.0434193377707396,0.0189737703165894,12.1902463629392,-0.941981953182084,0.0298799862752798,-0.0367753894971264,-4.16322649376118,11.4959550082156,0.270334860658315,683.682949403043,675.527536220683
2.02,-0.0414802367434965,-0.0271949463240242,12.0920631282725,1.35569680526422,-0.0495970277709877,0.000556760403537609,10.9168180411427,5.37391741493222,-1.00171116958086,683.552440967406,675.527536220683
2.03,-0.0184659673719954,0.0680210094759473,10.9730897117837,-3.42443075572192,-0.0581074672142155,-0.0398920033974152,10.5804793400981,-4.49320384106319,-2.27488470899458,683.414442418812,675.527536220683
2.04,-0.053897932405607,-0.00877535457817077,12.7554030584708,0.407725274766038,0.029399382085138,0.0460181518379875,-5.4249880932402,-11.5514523447024,2.73448325101601,683.273989695056,675.527536220683
2.05,-0.0245751276291885,0.0525341944821464,11.2810384337886,-2.66495170163715,0.0302397305704558,0.0494907787664038,-11.5067169303965,-1.3997361181312,1.45986676088249,683.228809210893,675.527536220683
2.06,-0.15978888247057,0.0120238831887471,17.9886009426872,-0.604610274729227,0.041211635391409,-0.154850449907308,-3.90326973814886,17.5704240930834,0.185002025857728,683.240930241783,675.527536220683
2.07,0.0113121282377023,0.0290064574672049,9.46470046819089,-1.43018068761596,0.0234370488501202,-0.0204949642902852,7.73232780322075,5.64243551095995,-1.09037337281102,683.136421008672,675.527536220683
2.08,-0.0694517061742731,0.0081128004483999,13.5040098792656,-0.393531809111259,-0.0543967427497691,0.0439357644732462,9.7310399520712,-9.37123319287699,-2.36649451185867,683.057691402715,675.527536220683
2.09,-0.010543291350908,-0.0736413362780195,10.5908485989459,3.68936791276623,0.0696308182110493,-0.0261869539385986,-8.32971280375745,-7.50955353189939,2.63966855049473,682.935570125454,675.527536220683
2.1,-0.0261736817082098,-0.0277284927678347,11.3775421122168,1.37558727240664,0.0198604693377713,-0.0325498492012172,-10.8456274477692,3.70311627193499,1.36208855182945,682.812443693256,675.527536220683
2.11,-0.0137015417819768,0.00446528648662785,10.7309701254941,-0.248810315223528,0.00559903113471254,-0.0132786249650872,-1.14820445823404,10.6722655949569,0.0839934047218768,682.784502980371,675.527536220683
2.12,-0.0838174623887495,-0.0766758913088296,14.2618648372213,3.80253866892226,-0.106119063687911,0.0405376816220901,14.6617875200162,1.70061038504292,-1.19476156974872,682.64890849971,675.527536220683
2.13,-0.109486198215209,-0.00614295631571501,15.5626600419837,0.271178127627153,-0.0629111952888772,0.0898172868619486,9.41531874768727,-12.3944220534363,-2.47452625823109,682.510222525482,675.527536220683
2.14,-0.0446672370692808,0.0730143702600626,12.3649309064274,-3.6353759007644,-0.0339646399678273,0.0785663004330273,-4.14931497546631,-12.2020760321739,2.52785982473682,682.384768468063,675.527536220683
2.15,-0.00061977597469884,-0.0464447917777699,10.1485849299761,2.34389470502041,-0.0142134373339649,-0.0442208209409625,-8.87252493805209,5.45581521798571,1.24646263605934,682.330831472566,675.527536220683
2.16,-0.0142732572789912,0.0659496945070331,10.8378746241895,-3.29393248545345,0.0667296312281139,0.0100122122971497,-6.91926158692215,8.96846345145699,0.3620696807838,682.248087035799,675.527536220683
2.17,-0.0362637780491442,0.0618228190347643,11.9557606974879,-3.10256089496703,0.00855835751108435,-0.0711609237469222,7.63838194244579,9.70676152297423,-0.920613165842266,682.158599550619,675.527536220683
2.18,0.0182510861572672,0.0560511335851915,9.25343774370421,-2.82587394860034,-0.018443110033427,-0.0559882435373702,9.13232323665544,-3.19567613365793,-2.20380008645628,682.02015924423,675.527536220683
2.19,-0.120114510275227,-0.030762468682354,16.1648433486765,1.50445200383453,0.0696821065611231,0.102558417905576,-6.89845617790496,-14.696150471488,2.79552073624795,681.930334667493,675.527536220683
2.2,-0.0237404812704798,-0.00898212253619841,11.3582261020251,0.415157589948779,0.0231580676913595,-0.010391962134828,-11.3127779897038,1.09668143272737,1.51069147609594,681.837888667017,675.527536220683
2.21,-0.122455786214532,0.0118832710771947,16.3270689670722,-0.579300400186431,0.0389120801450919,-0.116715387707428,-4.20840930345309,15.7860083980656,0.225065736473261,681.727372422182,675.527536220683
2.22,-0.0851931336404436,0.0171109793648983,14.4558611330043,-0.83945812467966,-0.0660184376207039,-0.0564997480386035,12.2091960584352,7.7853800579345,-1.0611465035316,681.694845161148,675.527536220683
2.23,-0.10422403047358,-0.00265946249627502,15.3836267547745,0.14087930169054,-0.072483098143596,0.0749394539106915,10.874986011151,-10.8816588057671,-2.34734370453199,681.680107662515,675.527536220683
2.24,-0.126383785373578,-0.0192335571866222,16.5267785036896,0.955915737526065,0.0767284921340741,0.102252283212831,-8.6598012067503,-14.1087216170294,2.64887068505679,681.529427768268,675.527536220683
2.25,-0.0274178682638737,0.0354426458683081,11.6015936095524,-1.7924728311043,0.0341954399962297,0.0289584621440035,-11.7205696783919,0.661951316498026,1.36108828453551,681.434037800631,675.527536220683
2.26,-0.104872086466009,0.0582808096128782,15.494523481544,-2.95084124010043,0.0657510836961014,-0.100357372831571,-4.06952922105151,15.2389846729828,0.0727671117654044,681.325655956705,675.527536220683
2.27,-0.082617959321142,-0.00501773126427023,14.3860082800335,0.214027977870284,-0.0792232385845977,-0.0239704671960773,13.5659199124562,4.79258376424743,-1.21632501901159,681.271240442674,675.527536220683
2.28,-0.0612893508834714,0.0289656632706939,13.2872820293689,-1.44727778882463,-0.0597011701430639,0.0321117496249805,9.0549189411239,-9.83132339492962,-2.50577520461559,681.25410345048,675.527536220683
2.29,-0.0440250663757751,0.0611759275984725,12.4232726193843,-3.04314881439138,-0.02178899739424,0.0721522014874027,-5.13948848225738,-11.7125622910966,2.487865147923,681.217490759026,675.527536220683
2.3,0.00792502470518468,-9.99955458913296e-05,9.83637663443997,0.0193767104679398,-0.00741603318445168,0.00279615226589989,-9.15231435721503,3.60413965575429,1.19762002624723,681.167967345086,675.527536220683
2.31,-0.0732981447953491,-0.00400791071086024,13.9125923120103,0.198623249115976,-0.0108019058407815,-0.0726085408813115,1.49061181902054,13.8339348140829,-0.0930607287984629,681.070385342678,675.527536220683
2.32,-0.000845095291231332,0.000408213310380004,10.2676242272368,-0.0348628130104724,-0.000754582382872387,-0.000558058765267066,10.0825305169191,1.94110820483209,-1.38399685145921,681.063623008604,675.527536220683
2.33,0.0155053322548077,-0.0457379373548351,9.42932582395018,2.2631338011523,0.0478233314183566,0.00673076621617706,2.22124535307445,-9.43928117907169,-2.6749235262996,681.030250979456,675.527536220683
2.34,-0.0528128749845435,0.0212414388699083,12.8433328731739,-1.09928674033648,0.024364289607447,0.0514468646403405,-8.68519453909183,-9.52507356647488,2.31689909453231,680.964317570279,675.527536220683
2.35,-0.127533563461897,-0.00261206952757379,16.5587703368467,0.116090182120036,0.107677520976582,-0.0683899421906789,-14.0963996814785,8.68895091589489,1.02541947049953,680.930526185356,675.527536220683
2.36,-0.0683955450069876,0.0969146696802135,13.6450354933427,-4.83305184955362,0.0754469262805991,-0.0915323171936426,-1.06354937170873,14.4365593729598,-0.266872561494118,680.770204156147,675.527536220683
2.37,0.0271646117597465,0.0379782185719272,8.9398931739174,-1.88473388436112,0.0275505808386124,-0.0376991606459602,8.92020359291333,1.97582378690257,-1.56059603348917,680.62875537039,675.527536220683
2.38,0.0307254242598511,0.016819370162435,8.77374738208841,-0.838129548839148,-0.00745179714405511,-0.0342259204103076,3.28318147503575,-8.1793534993496,-2.85511910501387,680.557105973294,675.527536220683
2.39,-0.0767301607709474,-0.0170272102557086,14.1405950866475,0.836891401233634,0.0579651887517111,0.0530799430482555,-8.79765530095251,-11.1021654566846,2.53060115254842,680.48142820136,675.527536220683
2.4,-0.0101337460131144,0.0789831218848532,10.8126205152521,-3.9806924279754,0.0355637760409294,0.0712477661730282,-11.5203535171042,-0.200323373414387,1.2354293816611,680.430118824251,675.527536220683
2.41,-0.0334747093948165,-0.00993069923313116,11.9948265054302,0.462168682670332,-0.0119326903942261,-0.0328144153731538,1.18517523700058,11.9450752381144,-0.0603834439733268,680.319363210968,675.527536220683
2.42,-0.129713931549868,0.0150893100899361,16.8094562653929,-0.778794626941552,-0.123551620583111,-0.042289341073149,16.2607379982258,4.33044348331269,-1.35682192778116,680.284609476728,675.527536220683
2.43,-0.0120020618686215,-0.0032432569383306,10.922948307153,0.1833557519232,-0.00276351125042404,0.0121215184789294,4.96010650427918,-9.73353802677666,-2.65351838173893,680.23810389137,675.527536220683
2.44,-0.0652657898722491,0.0315105398114417,13.5866625124834,-1.56378426389628,0.0254766903168179,0.0678489181738219,-8.75188568408061,-10.509391819935,2.33259531082733,680.219922357421,675.527536220683
2.45,0.00569490865328776,0.0630597059776175,10.0687335066695,-3.15287564096458,0.0272917016862993,0.057132490945336,-10.2675654935146,2.42839825236832,1.03508884707205,680.119176616469,675.527536220683
2.46,0.00734616286578065,0.0409839548190044,10.0042237995753,-2.06310793464846,0.0414845868680085,-0.00356085858290173,0.60858661957887,10.196594064121,-0.262987213725637,680.039649631206,675.527536220683
2.47,-0.0249470431565889,0.0524516306849298,11.6423246088271,-2.65239277915103,-0.0244703291782958,-0.0526757203431602,11.6177910566138,2.75786887234648,-1.56172712251778,679.92238984604,675.527536220683
2.48,-0.0240695923507101,-0.0623610196675354,11.5729444650508,3.08748156981118,0.0532561829580819,0.0403982799960519,0.238257229711079,-11.9753421465762,-2.86098727911925,679.904223782249,675.527536220683
2.49,-0.112327461309415,-0.00523898224376607,16.0102656586439,0.236769911433179,0.0984079264076382,0.0544131006221615,-13.7590010567516,-8.18990576085103,2.12249592019449,679.808801753504,675.527536220683
2.5,-0.0661535132059226,0.0400014651588922,13.6576579114855,-1.98392405900672,0.0757002258670253,-0.0156805716740684,-11.3603645690694,7.83643357382044,0.822693660018877,679.866539634992,675.527536220683
2.51,-0.0398897189513918,0.0942815328568851,14.6018205188005,-4.70530110852244,0.0655663553830897,-0.0786209269701351,2.50021255112013,15.1361143687654,-0.475437920739254,680.335472852352,680.693263079417
2.52,-0.0712305758865691,-0.0611914627933623,15.9805711950663,3.0647499367198,-0.0576873664725285,0.0740969487184723,15.055945464776,-6.17169782611706,-1.77034393586799,680.715223831295,680.693263079417
2.53,-0.0522386398340897,-0.0261475624800945,14.8137932580819,1.29591484619315,0.0219258227947128,0.054146364699221,-0.117959080491028,-14.8699008617108,-3.06226708170814,681.175679704015,680.693263079417
2.54,0.071615688847545,-0.0386136627373084,8.45316730416803,1.91104018114269,-0.0533301234355429,-0.0614468857912973,-8.58270779782753,-1.20218089458609,1.93229736236974,681.559182212076,680.693263079417
2.55,-0.0652245742785238,0.030888466539991,15.1130124176651,-1.58224958048231,0.0639447702803327,-0.0334575672875702,-10.3665188948052,11.1104430188486,0.646459269014413,681.872434465462,680.693263079417
2.56,-0.0886151551235173,0.0601403161900638,16.153971024968,-3.04712676508298,-0.00441248174712251,-0.107004828647296,7.16570876003982,14.7948767944948,-0.63747855540477,682.164843643195,680.693263079417
2.57,-0.0533608187689152,0.0142715227747319,14.2703166267207,-0.695552772106554,-0.055025209260995,0.00482490287802873,13.6487351949351,-4.22347698752899,-1.91959452642621,682.378541965237,680.693263079417
2.58,-0.0449259953673281,0.0426794119647708,13.7398914024461,-2.12029841574111,-0.0399886644648878,0.0473369198376746,1.31595780830907,-13.8401060750833,3.08328135861727,682.611713386375,680.693263079417
2.59,-0.0179621691191834,-0.0625598807878756,12.3303064194142,3.13905543833517,0.0319373717961725,-0.0567131597286944,-12.7219746253284,0.20368376000078,1.80407234952037,682.735056957672,680.693263079417
2.6,-0.0137901283796873,0.0793906135907033,12.0215931809089,-3.98143384866424,0.0755788194208801,0.0279442162527887,-9.4801154903693,8.39630444825727,0.526131516039946,682.934176242389,680.693263079417
2.61,-0.0521809674323018,-0.0413414392258963,13.8267467383175,2.04706414475279,-0.0658190789890051,-0.00999083582482068,10.9239152755866,8.71994679055514,-0.750143878409273,683.124269375213,680.693263079417
2.62,-0.0740291534572377,0.0271982479161825,14.8483579224042,-1.39572867226728,-0.0754638189025469,-0.0229188195147346,14.9038860770738,0.544032462282602,-1.62803326525731,683.240375503019,680.693263079417
2.63,-0.0217260800566257,0.00640576236653229,12.165385219696,-0.356097131367211,-0.0113719899438827,0.0195891345097128,3.22893784643563,-11.7344519724792,-2.90233386638925,683.320480237118,680.693263079417
2.64,-0.0473128733729994,0.0323240862840461,13.3941784576558,-1.60699530529497,0.0241629059351527,0.0519567947209689,-10.6939884553961,-8.22344583387198,2.10692696805169,683.422658285614,680.693263079417
2.65,0.0339720067583032,-0.0295499118247403,9.26259777884009,1.50129553888262,-0.0450156083472036,0.000943152780466444,-5.85101550176298,7.33588600686866,0.833952673089619,683.592384120304,680.693263079417
2.66,-0.0400488642748864,-0.0171708509478894,12.8864686604439,0.871547385461546,-0.0325376341895635,-0.028983650793664,6.25550020553502,11.299972856616,-0.438061847401498,683.726417875264,680.693263079417
2.67,-0.0378828256344848,0.00930545050137566,12.7621896958862,-0.466343712089596,-0.0388058014455568,-0.00397613647330629,12.7040218489838,-1.30337682660523,-1.70955901221112,683.734172357594,680.693263079417
2.68,-0.00236070537275379,0.0697786159548792,10.9096676605546,-3.50691631788303,-0.0692518064316306,-0.00887780831013133,5.21369766187622,-10.204737488781,-2.980273562931,683.821455335115,680.693263079417
2.69,-0.0760569889154918,-0.0428639071729512,14.580487962845,2.11671593208947,0.0871881622171141,-0.00449493828932283,-13.9968051396962,-4.60006102711739,2.03249406971624,683.831209714506,680.693263079417
2.7,-0.0353744361663607,0.0281095593399755,12.4946985090247,-1.44246047810363,0.0447574238347725,-0.00618636177814307,-9.66943367344982,8.04364565959178,0.761989334174719,683.908359273677,680.693263079417
2.71,-0.00979415920176455,0.0371685089902407,11.175273282844,-1.89423229973365,0.0277151359468261,-0.0266325900820041,3.77917274672982,10.686098553821,-0.507831812714214,683.948904354735,680.693263079417
2.72,-0.0150648786198799,0.00823673255135703,11.4109638273309,-0.39213376428857,-0.0164348591943121,-0.00496887655485975,11.2484542619735,-1.95860692177869,-1.7775413950745,683.974163342528,680.693263079417
2.73,-0.00394418823062335,0.000518219384994191,10.7999083003742,-0.0076746684133313,-0.00088950839031709,0.00387736340225249,1.03067799827256,-10.750617706016,-3.04672388288671,684.065719877036,680.693263079417
2.74,-0.0361069801470847,0.0778303864802506,12.4182510587575,-3.88910958072276,0.00325063596382764,0.0857363192634126,-9.95311174557898,-8.38294096777612,1.96726847039543,684.022299366616,680.693263079417
2.75,0.0429895968812756,0.00192231274610848,8.49261914493769,-0.0995778151286338,-0.0261469476074025,0.0341780317912571,-5.53265680971068,6.44392770817535,0.697732096037621,683.937373428057,680.693263079417
2.76,0.031099188321782,-0.0180967104949173,9.04526486313914,0.887975711403221,0.00161154507592995,0.0359451438650447,5.64160967787369,7.12583732279256,-0.571810035220905,683.99938405456,680.693263079417
2.77,-0.082191250277631,-0.0953259431483284,14.6658215964749,4.73873683608824,-0.0537805774332574,0.113798447046803,12.8700352462592,-8.47963104512076,-1.84085372511044,684.030833118595,680.693263079417
2.78,-0.0631064290235368,-0.0613709490847941,13.6859764303857,3.03480568916788,0.0593399139830197,0.0650199152887706,-2.59949477004384,-13.7752903187045,-3.10989167876228,684.042300887379,680.693263079417
2.79,-0.117384569008541,-0.046373176298326,16.3632486022438,2.31498650735008,0.126098536534567,-0.00536354408550273,-16.218772442928,-3.17277288701331,1.90452223351498,684.092574800881,680.693263079417
2.8,-0.0942639264186863,0.0674982368257711,15.2336221648808,-3.36227675706468,0.110277744720886,-0.0357843376036284,-11.7493022364361,10.2626529810923,0.635602584971183,683.998199128226,680.693263079417
2.81,-0.0137116330870153,0.0599012159207862,11.2036421837729,-2.98443219641066,0.0401448463116939,-0.0465247876439223,4.23066114232355,10.7949034278136,-0.633850532906372,683.992080737116,680.693263079417
2.82,-0.0713648148854625,-0.0323378401773283,14.0823380683222,1.61942184033857,-0.0568933517054881,0.0538685366673942,12.78159877396,-6.12907051264608,-1.90343481597796,683.969344118295,680.693263079417
2.83,-0.00321296775725022,-0.0525485552988591,10.611146486539,2.61959326113467,0.0526228386566304,0.00158451176222517,-2.94686108795631,-10.5249564531574,3.11062746786253,684.064026804309,680.693263079417
2.84,-0.0461408007344391,0.0806367478163412,12.7197918273668,-4.06318574944289,-0.0137727691680497,0.0918780138022968,-7.46319000174918,-11.072640948022,2.23932288431067,684.129452714389,680.693263079417
2.85,-0.042546424253738,-0.0101813939210214,12.5129480740081,0.474617757219,0.0293745945446334,-0.0324190097673027,-10.0613154033585,7.45446603536639,0.971054255404982,684.127590270719,680.693263079417
2.86,-0.126616770927006,-0.0357125419063997,16.7115949011927,1.74818140664262,-0.0712402096731283,-0.110598484868134,6.56743651144774,15.4661669472499,-0.297329498505841,684.049643451299,680.693263079417
2.87,-0.00518244624797936,0.0778419525281981,10.6654509912868,-3.87780357086323,-0.00484670369673037,-0.0778635780438553,10.6486287393579,3.92376239763066,-1.56648380135442,684.012787900211,680.693263079417
2.88,-0.105262111294779,-0.0195283122493174,15.6640604078715,0.992660608663533,-0.0130717391064318,0.106257219473665,3.76976459714776,-15.2360440543972,-2.83575259770548,684.031122863043,680.693263079417
2.89,-0.0865372654460207,0.00368870404389347,14.7502377189557,-0.17724733089309,0.0689733823286454,0.0523925317058165,-12.0140222243239,-8.55945088048664,2.17781657425857,683.938596646806,680.693263079417
2.9,-0.0722615159545671,0.0108914735542212,14.0186912992198,-0.55036892427637,0.063664231427948,-0.0358777998339243,-11.3893549583007,8.19202083307054,0.908014740060811,683.933780731348,680.693263079417
2.91,0.00548688404852191,-0.0618652385999397,10.1522778306979,3.08064736984114,-0.0559121974384061,0.0270414463592111,6.47650584769081,8.40321399071902,-0.362015743539728,683.884097723685,680.693263079417
2.92,-0.0718178796623039,-0.0830610543289172,13.9854108755362,4.12669439180501,-0.0665746290349206,0.0873199023950623,13.705200092189,-4.97883665066296,-1.63232428759153,683.848590922187,680.693263079417
2.93,-0.00561843946674104,0.0522702317111589,10.684012200743,-2.65212961968398,-0.0521158778975346,-0.00690501673777433,5.10406571637241,-9.75348252616378,-2.90278914054173,683.827589886031,680.693263079417
2.94,-0.0618438299945214,-0.0174393810194086,13.4785341103704,0.851345893079322,0.0620262725324184,0.0167789402068644,-12.0042846819354,-6.18811933216649,2.10984031523282,683.824829763444,680.693263079417
2.95,-0.0892574067092252,-0.0706279195479248,14.8548955068002,3.55280855527504,0.0192155161355711,-0.112187127656286,-8.67814387960015,12.5690169843686,0.839038251376728,683.788032605607,680.693263079417
2.96,-0.0224277157607643,0.03187480637786,11.5359522088052,-1.58025822722715,0.0195490336225467,-0.0337170728310783,3.39727081729086,11.1370534892556,-0.432214361142573,683.73603619823,680.693263079417
2.97,-0.0942336433213244,0.020031171777224,15.1293494235744,-1.00102352136593,-0.0960575292624094,-0.00736060108826682,15.1285052930454,-1.01370097624274,-1.70377038775927,683.69918008115,680.693263079417
2.98,-0.0376844748611636,-0.0347823563422599,12.274483858158,1.73124306460327,0.0280620084837634,0.0429238353148785,0.325187401831529,-12.3917072950667,-2.97523654836135,683.731512215335,680.693263079417
2.99,-0.0702973957557817,0.00144135364744962,13.9179355424591,-0.0973454702693875,0.0621664904781483,0.0328500960731062,-12.3925448186892,-6.33586922382456,2.03642080401935,683.680854082363,680.693263079417
3,-0.134009655423402,-0.0427803526827687,17.0850795334243,2.10401013620463,0.0619222841150686,-0.126310637130583,-10.3117038087236,13.783887908636,0.764814981377441,683.65447877751,680.693263079417
3.01,-0.0992547146742735,-0.0154960491403865,15.3769827614535,0.736677132675103,-0.0617712230405617,-0.0792208427631636,8.11547414211706,13.0817954231242,-0.507387390342064,683.578042578619,680.693263079417
3.02,-0.123352716888798,0.0324436039122109,16.6209025278593,-1.61147088773223,-0.127403003724346,-0.00607904932325403,16.5926051045698,-1.88061030158127,-1.7803073587614,683.459600929992,680.693263079417
3.03,-0.0489096971031645,-0.0328764058877646,12.8726724233655,1.66349392734403,0.0284459722426483,0.0516124325912936,-0.524537812285517,-12.9691081979089,-3.05350124051759,683.513710531627,680.693263079417
3.04,-0.1286972786832,0.0481523719823694,16.8626616607079,-2.40372507747285,0.101117633167988,0.0930422738893127,-14.7186630186902,-8.57252655136285,1.9565999659202,683.486747900393,680.693263079417
3.05,-0.117151349071291,0.0408438521361112,16.2861644271261,-2.05025696722505,0.105639065307769,-0.0650618684594965,-11.8724552302811,11.3352332214213,0.683311773711759,683.429574353481,680.693263079417
3.06,-0.0606800642132451,0.0405001963130587,13.4612464424222,-2.04542771419965,-0.000125039439444162,-0.0729542353771077,5.79277101066063,12.3220426202676,-0.590250533332098,683.453093574852,680.693263079417
3.07,-0.108804144921037,0.0697460105386152,15.863875870995,-3.52401313362526,-0.100933974739005,-0.0807166691671339,15.409655253635,5.15982084770592,-1.46627865568308,683.394791837886,680.693263079417
3.08,-0.0199165938598568,0.0344937433526389,11.4214155585897,-1.76274541709608,-0.0395337199858689,0.00485530900511129,6.08537621604342,-9.82467307734467,-2.74016103088564,683.369787746324,680.693263079417
3.09,-0.0516706978175032,0.0151437533110275,12.9966886148348,-0.785944011974728,0.0298475470208814,0.0448142635120701,-9.45078867758914,-8.95623896021585,2.26893443007273,683.309038902928,680.693263079417
3.1,-0.043862412197401,0.0563988115945704,12.655921065245,-2.80507280071803,0.0675186607705874,0.0233659496019506,-12.1388788075698,4.54844948550303,0.994172715749035,683.243874143767,680.693263079417
3.11,-0.0397718923844961,0.0614690919816387,12.4288845992886,-3.06233061421867,0.0480476714993078,-0.0552419582960787,0.500141224611546,12.7908131066269,-0.280658139804483,683.266980600886,680.693263079417
3.12,0.026538147805244,-0.012616322698686,9.12881233754842,0.638526041433973,0.0263430268167728,0.013018825811153,9.13747432659372,-0.499492873428828,-1.55557369444255,683.228696828407,680.693263079417
3.13,-0.01377274615273,0.0901667427847444,11.1348401839512,-4.52286495051307,-0.0900553331018293,-0.0144833359733304,7.71362146659409,-9.21634510816586,-2.83055514591444,683.237601881365,680.693263079417
3.14,-0.124846239968526,-0.022750667008297,16.7337505546936,1.11172131479881,0.115558454766891,0.0524444469461707,-14.3847400207417,-8.62169278298404,2.17708630624342,683.093915598663,680.693263079417
3.15,-0.0139777728341844,0.00593277033703281,11.2252999932788,-0.330086931600776,0.0146405871814863,-0.0040285362425253,-9.00417697936166,6.71126770780694,0.900880401487128,683.000541448362,680.693263079417
3.16,-0.0966318315807106,-0.0232152154729045,15.3881489753646,1.12306181403704,-0.0570989716799277,-0.0813410384565566,6.69894833824337,13.8989383726855,-0.376271256010479,682.916240303303,680.693263079417
3.17,-0.0896884890081922,0.000285605062278961,15.0296660553123,0.000586139299147417,-0.0894044977636563,0.00713739521482307,14.9780667181495,-1.24433896685333,-1.65364439461872,682.903789853351,680.693263079417
3.18,-0.117988761749392,0.0244157843204585,16.4252680836932,-1.20764623637433,-0.0485424884954549,0.110277401283339,4.61475461991315,-15.8098665665277,-2.93098362430249,682.932638544406,680.693263079417
3.19,0.0511868435324511,0.0204790183038116,8.00650160542482,-1.01181329704713,-0.0547135802013924,-0.00677549135113312,-6.52333171986645,-4.75120799148341,2.07458318523871,682.852885589177,680.693263079417
3.2,-0.0486965127317559,0.00447334326697055,12.9772123218453,-0.22757522076927,0.0379509859472289,-0.0308396468503038,-9.43941498862535,8.90827002284264,0.796804233944387,682.884668956831,680.693263079417
3.21,-0.0232994383741189,-0.0254031870208536,11.7096845449733,1.25446637757478,-0.0332983628995354,-0.00891093528069149,6.52732205526939,9.80226835084849,-0.480747423936453,682.866756439673,680.693263079417
3.22,0.0048352684206228,-0.0430950272992687,10.2880484424459,2.12875576892593,0.012787865048168,0.0414370812936195,9.71051105097969,-4.01017668022872,-1.75839980010906,682.846678032204,680.693263079417
3.23,-0.116586295568428,-0.0395853036714902,16.3293999514373,1.94170326934582,0.0270849736361337,0.120107305290989,-0.2109134592545,-16.4430845607779,-3.0360661189731,682.839044304498,680.693263079417
3.24,-0.109049039625766,0.0400435311722809,15.9693464042075,-2.02677797744263,0.0849747927810233,0.0792115018407646,-13.9324793520461,-8.06311804776726,1.96918606361161,682.813863493325,680.693263079417
3.25,0.012228464039995,0.0587529666096666,9.90784959705229,-2.92091693627202,0.0374795992873452,0.0468692442383498,-8.56556715057281,5.77306666992837,0.691057004095328,682.813143909358,680.693263079417
3.26,-0.0370438027107603,0.0114899186351638,12.3943494459754,-0.56119572779419,-0.01096286238208,-0.0372031880073199,6.4010202082635,10.6283479020611,-0.587326463211539,682.736117335205,680.693263079417
3.27,-0.0252156286600162,-0.0480653274331659,11.7875478714583,2.4094509265853,-0.0101544399599665,0.0533197053543689,10.5781048628779,-5.7319661634994,-1.86574796718255,682.77595511854,680.693263079417
3.28,0.0108979573727419,-0.05697065914088,10.0051614127958,2.84219587001895,0.0569389631088101,-0.0110623667421578,-2.87106550149846,-9.99691528151341,3.13870599218222,682.714830231399,680.693263079417
3.29,-0.0825979452619692,0.0252873898210246,14.6989866201509,-1.29349308614478,0.0478800164287043,0.0718983773964804,-10.5523741612541,-10.3141035278969,2.25700346763311,682.62623703694,680.693263079417
3.3,0.0258847296069959,-0.033666039746202,9.26852793556653,1.65273484729253,-0.0402827625370947,-0.013443232550253,-6.76096034813935,6.55183621122504,0.977567525472685,682.614589795071,680.693263079417
3.31,-0.0554130249766273,-0.0538578046123259,13.3057342486385,2.6590685368249,-0.0678855330942473,-0.0369164035522104,6.49097164685521,11.9155569092949,-0.301556390316185,682.654232903245,680.693263079417
3.32,-0.128186901904845,0.0112009893892331,16.9445493997946,-0.546621297114642,-0.128292349613516,-0.00992053496054751,16.9491625571052,0.377409349860113,-1.58078110164979,682.613228366832,680.693263079417
3.33,-0.0302744387053969,-0.055467847007473,12.0410496722255,2.79400309400306,0.0448778859359654,0.0444881899439586,0.659990082576835,-12.343327897662,-2.86016927760289,682.67080944623,680.693263079417
3.34,0.0102546647855051,-0.0265792179036786,10.0135130604954,1.34024815319634,0.00579218914371996,-0.0278937899747897,-9.1409304623517,-4.30233648234409,2.14375678336807,682.641086497938,680.693263079417
3.35,-0.0604785205717728,-0.043784603368143,13.5488625992704,2.18525594380799,0.0175826686131015,-0.0725644038568347,-8.8877879241338,10.4572581057119,0.864355050009257,682.605899495248,680.693263079417
3.36,-0.0918794253663571,-0.0507526247047297,15.1256913579905,2.51825758455874,-0.0835032464502446,-0.0635992574826219,8.40581407505935,12.8246033098459,-0.415217458253074,682.593414194803,680.693263079417
3.37,-0.024617112846889,-0.0394301410665399,11.7335786215454,1.9424536649607,-0.0195585950605714,0.0421687043754049,11.4038247293153,-3.37679952789088,-1.69462289755629,682.612451611337,680.693263079417
3.38,-0.11281323130553,-0.0799725359757818,16.1236494522989,3.96366810999279,0.060024583240918,0.124577209291053,-1.21733953127818,-16.5590102666911,-2.97392626113401,682.620500878476,680.693263079417
3.39,-0.0379480585532805,-0.0665417506468542,12.3646090258145,3.32885712788242,0.0635103448469201,-0.0428286799298859,-12.559176779404,-2.4963823350574,2.02999750934829,682.663769752557,680.693263079417
3.4,-0.0825318746957751,-0.0283863768268736,14.6037606190192,1.43771049526085,0.0355465886151098,-0.079710330371819,-8.91125963317362,11.6587429612274,0.7507483332356,682.646444685217,680.693263079417
3.41,0.00836619832565666,-0.0322883843185977,10.0705218505207,1.63036945575866,-0.0236592980603734,0.0235110750843107,6.48762997268845,7.87300274619285,-0.528722955742859,682.614853207791,680.693263079417
3.42,0.0128677224678963,0.00381861502948174,9.86388204443878,-0.189506902443956,0.0116062070862733,-0.00674211089531507,9.63098177351539,-2.13922227243687,-1.8085765704061,682.54555888871,680.693263079417
3.43,-0.106540651028946,-0.0631684857085816,15.8463312966864,3.14465484802184,0.057447807403703,0.109731113786811,-2.30253015635611,-15.9904166473735,-3.08870230364234,682.488123775823,680.693263079417
3.44,-0.0622160147397808,0.013513287597422,13.6104033542819,-0.70576985104808,0.0540329728990434,0.033673123874724,-12.5780163081502,-5.24735136052511,1.91421968373952,682.526095255285,680.693263079417
3.45,-0.0226605469757848,-0.0220379942440497,11.6010871861386,1.0676010100256,-0.00432130667542816,-0.0313129348378496,-6.01536127790011,9.9769947636218,0.634333590618665,682.531303246447,680.693263079417
3.46,-0.144732136976285,-0.0107750698535258,17.706678896084,0.500070615124572,-0.0957073820664524,-0.109103577494309,11.055526407842,13.840227021066,-0.645772320865455,682.511838829906,680.693263079417
3.47,-0.00244432755765999,0.000936282494273932,10.6078000411859,-0.0271999792039077,-0.0026173670742783,-2.74174525389547e-05,9.9546174791578,-3.66493552416659,-1.92612483774028,682.491908592208,680.693263079417
3.48,-0.0948909428981629,0.0440775093508263,15.2694519692544,-2.19354368355102,-0.0377830211329644,0.0975682386268224,1.19113083405749,-15.3801496959286,3.07620481085068,682.414629353809,680.693263079417
3.49,-0.0525636933908728,0.0573562681938936,13.1441598819255,-2.86721515235107,0.0384798248328983,0.0676164657820046,-12.176337740959,-5.7207220654029,1.79524041681695,682.412099951325,680.693263079417
3.5,-0.0169571162310789,0.00575505058564869,11.3721310004099,-0.296783588664424,0.0133492231091031,-0.0119357714665238,-5.85019893602299,9.75646536394917,0.514050565486451,682.376222715993,680.693263079417
3.51,-0.105443264463369,0.0126642437033542,15.7857934591334,-0.660415618390489,-0.0640701812376808,-0.0846975617443658,10.4813228076144,11.8224065285378,-0.767153932631689,682.364630133523,680.693263079417
3.52,-0.0345488824248747,-0.00403163302720716,12.2223732262801,0.16772808126291,-0.0341156739755401,0.00678233963087533,12.1697900717334,-1.14487973240491,-1.65087363917463,682.421564273516,680.693263079417
3.53,-0.0122563643006089,0.063102529089627,11.0943672124778,-3.1951509370396,-0.0642715593017381,-0.00114643285874981,5.43438905715791,-10.1863334390354,-2.93191645011629,682.411622502863,680.693263079417
3.54,-0.0138804519812906,-0.00911617255687062,11.1414811236313,0.474119339247042,0.0165511892928306,-0.0013526574897017,-10.0069883422995,-4.92113554915553,2.07036696397279,682.475750079559,680.693263079417
3.55,-0.065339992580667,0.0329305498888356,13.6952109150354,-1.63223689391879,0.0695937831134693,-0.0225929435527578,-10.877765155852,8.47922310706033,0.790057193482332,682.499976729791,680.693263079417
3.56,-0.0182713726272521,0.0460931969108066,11.367737241582,-2.29753897769979,0.0320449322005501,-0.0378358055207555,3.33028528816129,11.1091554695736,-0.490677569274897,682.445481294904,680.693263079417
3.57,-0.0646922859026089,0.0756583777910015,13.696586332771,-3.79289579782309,-0.0784878600134397,-0.0612285702575316,14.1779729714278,0.983675823457943,-1.77167962130425,682.433637036823,680.693263079417
3.58,-0.0716886430566039,-0.0425665571305754,14.0298016348405,2.11083650234388,0.0360330543676627,0.0751850538483864,-0.85676590339588,-14.1618119193618,-3.05268363189804,682.421972418035,680.693263079417
3.59,-0.0523900840202043,-0.0881296812337736,13.0770467372571,4.38039306713399,0.0812586283837212,-0.0625187726303621,-13.7699996400951,-0.764267428837409,1.94946288892372,682.372891035408,680.693263079417
3.6,-0.0925071747218233,-0.0519051694053618,15.104051450716,2.55936931093935,0.0165484412517401,-0.10477534575534,-7.34601995280832,13.4431667529863,0.667968454374795,682.299600303291,680.693263079417
3.61,-0.0632456144954839,0.057369706900352,13.6238049965548,-2.8847749911751,0.0104751271923201,-0.0847441014646351,5.48798251238016,12.7989076595493,-0.613735465105344,682.317466051296,680.693263079417
3.62,-0.0101832386156479,-0.0573926649904298,10.9882734639714,2.89282066398916,0.00866316492778545,0.0576417029314794,9.49071519128156,-6.24795088577032,-1.8955766250066,682.313391215502,680.693263079417
3.63,-0.0310390615384769,-0.0622525767172457,12.0589362853806,3.12978572945205,0.0633343672388933,0.028767422122514,-3.56384414475341,-11.9378606944066,3.10542023556137,682.253667787239,680.693263079417
3.64,-0.0332876408384858,-0.0515827892404173,12.1710350922098,2.58344869744517,0.0451143332158569,-0.0416358993766433,-12.4305715494994,-0.537766994998453,1.82318871463141,682.241676804074,680.693263079417
3.65,-0.0152984099964724,-0.032241418082327,11.3137512019501,1.60118255743172,-0.0197744540708339,-0.0297072609740455,-4.44835852943742,10.5250585858432,0.540465511333671,682.082856785001,680.693263079417
3.66,0.0187326858483049,-0.0503048619596639,9.6660439109145,2.49315408232063,-0.0243533026863901,0.047837321247507,8.37749135461629,5.42824656489078,-0.74343197198208,682.005657506634,680.693263079417
3.67,-0.118358361755716,-0.0417745776020601,16.5074257397143,2.05223143975374,-0.0878240096451064,0.0896702875047456,13.9124430550979,-9.11869983457921,-2.0272956005041,681.98831977333,680.693263079417
3.68,-0.0898188928998722,0.00660067385160636,15.090816310984,-0.368285840411354,0.0086716757061645,0.0896426486528656,-2.18702843559403,-14.9360395692436,2.97179983367955,681.982323783244,680.693263079417
3.69,-0.0438213690953341,0.0887442645291277,12.7269787512374,-4.4249870225132,0.0331449627769073,0.093259146032562,-12.1223273450134,-5.88265909467809,1.68798298265797,682.100173227892,680.693263079417
3.7,0.0149709404244886,-0.0302962315010429,9.78658677446174,1.53422105366244,-0.0337433246354473,0.00183813571457205,-2.44155666582499,9.60051644356365,0.404537927366738,682.090041247024,680.693263079417
3.71,-0.0932020467519359,-0.0246971930225793,15.1950247059204,1.23934038312366,-0.0875303691527426,-0.040435223975257,12.4924137122005,8.73866923747525,-0.87901176725171,682.070854314163,680.693263079417
3.72,-0.0976627159744593,-0.0178266091570889,15.4386103583198,0.880874453831102,-0.0710938963770914,0.0692925102985229,12.3196076820541,-9.34633062542225,-2.16281879859788,682.002359823994,680.693263079417
3.73,-0.0886179700531263,-0.0271514959937801,14.9697271081772,1.33367545245637,0.0525063575850883,0.0763768994145736,-5.76681391952859,-13.8785906029147,2.83663698356004,682.043239730308,680.693263079417
3.74,-0.0661086911066657,-0.0823235297191275,13.8644982870501,4.08611864946786,0.0918971860660728,-0.0519848995227479,-14.3918985765699,-1.33937811348048,1.95019776412437,681.990875205818,680.693263079417
3.75,-0.0448556152829428,0.0446536404738483,12.7869324382483,-2.2728137359076,0.0628262232687846,-0.00767069095713742,-9.68886624693323,8.64853711950725,0.666162160401298,682.009790081653,680.693263079417
3.76,-0.081641522223164,-0.024035500190061,14.6177347544912,1.21846493728043,-0.0668773515387315,-0.0526351904287116,9.45926862918588,11.2109349813894,-0.617693611180131,681.990084947295,680.693263079417
3.77,-0.11315823932571,-0.00270306938962422,16.1862208966789,0.149756041086142,-0.106142165654155,0.0393183720627611,15.2595973302656,-5.40007991663817,-1.90167251320644,682.018614635311,680.693263079417
3.78,-0.0136978659488064,-0.000196264646773248,11.2168686357549,0.0197275164533698,0.000797369298314038,0.0136760467082103,-0.512094249654793,-11.2051903440396,3.09768164462044,681.991239272607,680.693263079417
3.79,-0.042307462452241,-0.0306046787791337,12.6573805230529,1.52735363300252,0.0484213845472916,-0.0195432152125757,-12.6535827475033,-1.55850392289905,1.81343451468344,681.978478923072,680.693263079417
3.8,0.0207411650900659,0.00697859677099267,9.48046961562861,-0.366529620350625,-0.00445289639052786,0.0214258828504382,-5.10473123276774,7.99720995952071,0.529473903666906,682.025975679377,680.693263079417
3.81,-0.0962725903123863,-0.0281992889875716,15.2939814161326,1.37793437337162,-0.0864601161450921,-0.0508749433516966,11.4740412175153,10.2054372191047,-0.753993953297703,682.089177389461,680.693263079417
3.82,0.0114541024980892,0.0290708046751063,9.92266955082897,-1.49052063691612,-0.00285299670115571,-0.031115407089063,9.53196403510037,-3.13411620996642,-2.03756086880156,682.011037629231,680.693263079417
3.83,-0.104022756542644,-0.0204753660157035,15.71047151023,1.01645953151345,0.038758371132654,0.0986801051851419,-3.81123079296745,-15.2750327297747,2.96168728749174,681.989980767562,680.693263079417
3.84,-0.0132686977213044,0.0740127562160514,11.1406624304688,-3.68590413719657,0.00529445889968928,0.0750061005977214,-10.6836912383878,-4.85376042064895,1.67771756685586,682.055228471125,680.693263079417
3.85,-0.0356674144574722,-0.00484719565530008,12.2715555953512,0.255046477706426,0.00921066974800034,-0.0347968866796317,-4.47348624080386,11.4299626547476,0.393835967084159,682.032093971925,680.693263079417
3.86,-0.0500108582369208,-0.023064903741593,13.0007931533675,1.15406545967051,-0.0533828802260026,-0.0135404514318615,10.8308284814535,7.28324406478229,-0.890260375682243,682.006169641435,680.693263079417
3.87,0.0473124251201485,0.010145440151788,8.15594662908358,-0.519559227808208,0.0331867102022087,-0.0352141703377744,7.00886158156035,-4.20300684488947,-2.17459059657863,681.946354815054,680.693263079417
3.88,-0.00156571244709388,0.0467323079724103,10.6250300489394,-2.36648193901808,-0.0439053213927878,0.0160836195332768,-1.07050206509433,-10.8326139798847,2.82394034128477,681.842632031912,680.693263079417
3.89,-0.112251819017269,-0.0205982356118972,16.1874867000021,0.992050371153819,0.111534991228961,-0.0241806516571502,-16.1474386982775,1.50967317225367,1.53878273245668,681.78268096643,680.693263079417
3.9,-0.0604394640507628,-0.031275726930712,13.5866047051964,1.53389603713831,-0.0151330995352679,-0.0663482419378508,-1.91954896318066,13.5375033239503,0.253277551144145,681.823103422059,680.693263079417
3.91,-0.00216644043182352,-0.00460215185677192,10.6403148633121,0.25032463348531,-0.00422143262509224,0.00283774072974184,9.26031370847276,5.24648004220176,-1.03180988605563,681.865450710755,680.693263079417
3.92,-0.0463645075255211,-0.0505171921783268,12.854305896652,2.54364449894983,0.000249851407901486,0.0685681546925399,7.71176800496241,-10.5939577901452,-2.31700107830869,681.881126877873,680.693263079417
3.93,-0.0380028629970478,0.0968977692943999,12.4343829611567,-4.84723008350882,-0.0699179091648237,0.0771030561535832,-1.18310458916524,-13.293223184701,2.68112201499454,681.850293745895,680.693263079417
3.94,-0.0399635204364059,-0.0227503508153551,12.5378535384184,1.1279648881324,0.0353988396449742,-0.0293527439889726,-12.1507230746425,3.29089727932059,1.39602529228459,681.84650692422,680.693263079417
3.95,-0.0146255953398818,0.0203368923322018,11.2877771336402,-1.04234644097344,0.0218284119270169,-0.0122889243435708,-2.28320109659526,11.103485555187,0.110720576376269,681.760619407338,680.693263079417
3.96,-0.0182012962370378,-0.02204880509544,11.4369609852488,1.06965898226351,-0.0252993089026803,0.013318481891412,10.9640379900337,3.42609367495077,-1.1746702062323,681.855509789664,680.693263079417
3.97,-0.0935896200510337,-0.0438212332918896,15.204031642359,2.15501547998389,-0.061828343370644,0.0828044287738331,12.3870676905041,-9.07563903709777,-2.06231216199377,681.798878266281,680.693263079417
3.98,-0.0364406448993258,-0.0120506249709535,12.3237220247489,0.620967689207064,0.0192511834242276,0.0332043686829922,-3.12916636154603,-11.9359977922287,2.93554587723444,681.86923728109,680.693263079417
3.99,0.00464738659590587,0.0444245990918832,10.2849894830888,-2.20573014198118,-0.0081658657579128,0.0439142555791408,-10.0769821214784,-3.01673423587449,1.65041294394632,681.83530409704,680.693263079417
4,-0.0726373359885393,0.0534980371325376,14.1258538364621,-2.67230971931945,0.0759188929172264,-0.0487292956522976,-7.54281568421405,12.2387465615983,0.365354092194175,681.872403180188,680.693263079417
4.01,-0.0691128498815443,0.00434315291786541,14.004815759868,-0.225441429148208,-0.0523615902901722,-0.0453179088032644,11.0069128053041,8.66219133950845,-0.920142636932059,681.752174109862,680.693263079417
4.02,0.0332729174161059,-0.00387822613243656,8.89880121627143,0.175313491102274,0.029078808761317,-0.0166298091491174,7.05732642341745,-5.42342527008626,-2.20632284383304,681.735769655379,680.693263079417
4.03,-0.0151802426095999,-0.0735885463189599,11.3292310324571,3.65192792401561,0.0743258280016868,-0.0110174954907047,-7.32085355425821,-9.38579546901055,2.79100001903779,681.714403554167,680.693263079417
4.04,-0.124300146079461,0.0160038052352464,16.7245705042405,-0.841859254419945,0.125080387419555,0.00784504814243908,-16.7438325325682,0.253096181075484,1.50538746783334,681.783965403661,680.693263079417
4.05,-0.0949173235714148,-0.0355086476101537,15.2521919693128,1.78302586435171,-0.0139584058696246,-0.100375919794747,-1.5854809216935,15.2739906818311,0.219806938511178,681.815494749757,680.693263079417
4.06,-0.0947719051310818,-0.0459108442580418,15.2302524368134,2.31406626080095,-0.105151612314474,-0.00571472224412453,14.446485668982,5.34925637489316,-1.06538389453388,681.829796329235,680.693263079417
4.07,-0.044355412209823,0.0892836353511709,12.7224315373899,-4.45967733892407,-0.0943196668373523,-0.032291958465151,12.1817602429325,-5.7752665371041,-2.35065572420725,681.799077699673,680.693263079417
4.08,0.0514197687456052,0.0317436372348837,7.95757013701684,-1.58859367652479,-0.0523570205818035,-0.0301727280594251,-2.38156671633625,-7.75723483789656,2.64667235280571,681.75969210982,680.693263079417
4.09,-0.0273488321970075,-0.0910246086228008,11.895641678926,4.53945086323213,0.00777631042269739,-0.0947257462028354,-10.688252002867,6.91911657773656,1.36083103588834,681.731040779125,680.693263079417
4.1,0.0138444610695312,0.0298661368026371,9.82007585163316,-1.5238297032863,0.0287446800042273,0.0160436467573359,-2.25544353693674,9.6782705659708,0.0750084919171781,681.749791880166,680.693263079417
4.11,-0.0386423825069269,-0.0185865620529415,12.4293506106728,0.893292752200978,-0.0427131897027955,0.00377855000926223,11.9469553551393,3.54358381959232,-1.21070645467531,681.760593123024,680.693263079417
4.12,-0.111446680343851,-0.064493823958355,16.0735785476059,3.21002890641434,-0.0154671813546362,0.127830286667044,7.0985787256976,-14.7741122569563,-2.49657222927907,681.761377596799,680.693263079417
4.13,-0.129842216896274,0.0522253133304965,16.9899025505731,-2.6000087771261,0.0357482979917771,0.135309067810323,-8.07169545613979,-15.1744708897027,2.50087717234885,681.75822570316,680.693263079417
4.14,0.0232002720860695,-0.000413732310617992,9.32874735227292,0.0358600668049965,-0.0218914091495783,0.00769350406110666,-8.73201899671052,3.28308655810608,1.21500856224407,681.791896049391,680.693263079417
4.15,0.0521445217862546,0.0351488357839101,7.84624985637431,-1.75541292210849,0.0387277808300108,0.0495444325960456,-1.19945487625297,7.95024649527248,-0.0703610029449729,681.866364721279,680.693263079417
4.16,-0.0416101264669216,-0.0778094510063373,12.5116982909653,3.88111868595921,-0.0572831062904811,0.0671145217088989,13.0521700178185,-1.11648296207543,-1.35534124239293,681.888098577016,680.693263079417
4.17,-0.0510413167993276,0.0654380931572596,13.0025995405583,-3.30437293310119,-0.0819141215340675,0.0133205386516284,9.14559760468747,-9.81552442543308,-2.64037494229655,681.840115535318,680.693263079417
4.18,-0.039716943142951,0.011469104715491,12.3789115798755,-0.610655077055988,0.0199081887160974,0.0362303734129191,-8.30464710450002,-9.20017325897884,2.35801844439425,681.909893734423,680.693263079417
4.19,-0.103064295824583,-0.0287754440089505,15.5730174577608,1.40188897289917,0.0996732529087175,-0.0389296533034171,-15.3550041867886,2.95093406496387,1.47070898418708,681.875561048757,680.693263079417
4.2,-0.0740649469110271,0.0140180251785003,14.1391195284522,-0.68545108230731,0.0274370374708695,-0.070209190037063,-3.28130849615122,13.7701691630561,0.185487384387196,681.828549572607,680.693263079417
4.21,-0.0412386511690196,0.00143924420507602,12.492528928236,-0.0571050742095664,-0.0360972440609008,-0.0199921670993839,11.1069275990941,5.71862739831828,-1.0998944590767,681.873854955586,680.693263079417
4.22,-0.0832879751086955,0.0334205992327619,14.5950759529105,-1.67028673747842,-0.0814807425277055,0.0376126554223087,11.2346473705345,-9.46513593755335,-2.38486334810204,681.848656137313,680.693263079417
4.23,-0.00841898735212989,0.00123878333274013,10.8408966488765,-0.0706528699509682,0.00317486073193196,0.007895200536632,-5.40473235344081,-9.39781358441016,2.61316208434411,681.858649176102,680.693263079417
4.24,0.0423867604970929,-0.046618713443706,8.32923856601767,2.31275508352307,-0.0523569984617202,-0.0350526264445864,-7.52824459200114,4.24859794861828,1.32784334961865,681.759506554378,680.693263079417
4.25,-0.0203902188896189,0.0187702988821854,11.4982038833567,-0.973734678059604,0.0196087941943344,-0.0195852070894688,-1.45502195593368,11.4472600596931,0.0419443873529909,681.687903436269,680.693263079417
4.26,-0.0690157658822353,0.0323347920759165,13.9595888056447,-1.65727575215607,-0.0550174098055873,-0.0527427657332106,12.6926878116723,6.04254570994627,-1.24464575956944,681.615333645317,680.693263079417
4.27,-0.0261133784013661,-0.00144054761321504,11.7872845378998,0.0893483462727599,-0.0137911266606884,0.0222213531178396,6.68471966137182,-9.70889195290906,-2.53103635246652,681.667976041994,680.693263079417
4.28,-0.0268312091520154,-0.0386055866932122,11.8336260356296,1.94994896933925,0.0469032647414049,-0.00322317624153649,-8.92499414575009,-8.01133482214322,2.465612793045,681.646534088601,680.693263079417
4.29,-0.00566210223315282,0.0610147313110442,10.8210792056936,-3.04540351453796,0.0285426628059969,0.0542233643238849,-11.1637210519125,1.31968557518112,1.17879383206741,681.577969770455,680.693263079417
4.3,-0.0821287814054861,0.0515055935511525,14.6131386744847,-2.58621951160851,0.0423287199446101,-0.0872137739698117,-0.991905110212815,14.8070414848571,-0.108276459955375,681.612011778476,680.693263079417
4.31,-0.0908730242052433,0.00248474605227499,15.0259800332883,-0.147274125310195,-0.0890353888841652,-0.0183515671645912,14.7682583097028,2.77494362585222,-1.39486376710376,681.66685268594,680.693263079417
4.32,-0.0674317658113362,-0.0422563765573427,13.8298851954494,2.08172633978851,0.00789180591258687,0.0791856287442923,4.28045573188823,-13.3145412162952,-2.68113901230987,681.695251017747,680.693263079417
4.33,-0.0986793814634403,-0.00209425379465825,15.4177316532432,0.0649022141442874,0.0739702337068434,0.0653483798599366,-11.3793589507493,-10.40292514146,2.31560706705811,681.629298682283,680.693263079417
4.34,-0.0808434098666055,0.00480457550294016,14.5173369302462,-0.240753522813667,0.0717317495837969,-0.0375938421323343,-12.5602041775268,7.28370131347221,1.02870270340038,681.641356884069,680.693263079417
4.35,-0.0309708190905922,0.0513312570132259,12.0076205933653,-2.55187673791255,0.0417398738254618,-0.0430333883715258,0.593536228047899,12.261433111415,-0.257774902196646,681.664196091527,680.693263079417
4.36,-0.011429052678488,0.0195386121643765,11.0732022000653,-0.966495370783075,-0.0109129255242985,-0.0198315069255639,11.044060315336,1.25644419553663,-1.54457859610915,681.575370516296,680.693263079417
4.37,-0.0450233471470686,0.0486213512090533,12.7356277404948,-2.43679428515702,-0.060041445234371,0.0280385883362125,6.20694761283992,-11.3845501300708,-2.83148783211669,681.623678495294,680.693263079417
4.38,-0.0628759254351249,-0.00540997904817965,13.6282931253853,0.25250701966303,0.0551336787833702,0.0307071219171918,-11.4352068906842,-7.41823271902764,2.16479631966519,681.616574429587,680.693263079417
4.39,0.0416245171184734,-0.00800211667582775,8.36042857364957,0.373371372924463,-0.0371462786191067,0.0204153932460617,-6.19646393629292,5.62494504892598,0.878336340780407,681.715715964178,680.693263079417
4.4,-0.0592733442857946,0.00920313773022923,13.3870577779782,-0.498887673776673,-0.0150558923824739,-0.0580633033117413,4.85057682735729,12.4873579793276,-0.407749619312456,681.705397701648,680.693263079417
4.41,-0.129031931469926,0.00867555922510799,16.9139884658706,-0.458243479148598,-0.129118997203019,0.00726561958918516,16.8418638383713,-1.62622733944189,-1.69414248438317,681.599611679208,680.693263079417
4.42,-0.00778738479646488,-0.049817171761757,10.8731367836396,2.5131105326603,0.0381476940727084,0.0329719183737261,3.62200062694359,-10.5556591231209,-2.58390643941564,681.602863914034,680.693263079417
4.43,0.0402153997815314,0.0336014375914816,8.53179947816405,-1.6661551843506,-0.0518571277712404,-0.00756130194608571,-4.44779224938199,-7.46892358645315,2.41162338933531,681.474548610915,680.693263079417
4.44,-0.0477291582885714,-0.00447618505008312,12.9268939303576,0.224866094337421,0.0411061418957343,-0.0246656417306716,-11.5599175193027,5.78994459334604,1.12385135090426,681.455402849492,680.693263079417
4.45,-0.0592531906263147,0.0438509355735571,13.4940211452888,-2.20985877294931,0.0335872172303043,-0.0656181681304728,0.0231784396605597,13.6737538820112,-0.164019965920152,681.478077175078,680.693263079417
4.46,0.028950936728295,-0.0166980314456725,9.07647440982976,0.811009277923727,0.026763029591358,0.0200180228468873,9.10855607013809,0.272635431159321,-1.45175723290446,681.483476493098,680.693263079417
4.47,-0.0569913609255254,0.0316046354221466,13.3733495370135,-1.6193100475958,-0.0513860009800626,0.0400792602674664,6.72338676083793,-11.6732477628796,-2.73953139648153,681.455883874323,680.693263079417
4.48,-0.000835049359277869,-0.0312927581928252,10.5516866258266,1.53189142672919,0.0204452978366491,-0.0237049323795233,-9.14048930643491,-5.48964818835263,2.25581894393701,681.480778153291,680.693263079417
4.49,-0.0359571329169938,-0.00966031388235982,12.3044008738542,0.501504220959764,0.0241499394235957,-0.0283375633700699,-9.85329694802668,7.38663161408179,0.968247838056776,681.489717407538,680.693263079417
4.5,0.0194438990361284,0.0119304381124719,9.52698922619534,-0.58008805738887,0.0174337422108175,0.0147127562274863,2.44155710637254,9.2270702157667,-0.319493304876659,681.523038431372,680.693263079417
4.51,-4.90055396418256,-0.0547196353012768,5.83278934231617,2.56208991486637,-4.79418710696844,1.01695298698143,5.21536112777699,-3.65865337939655,-1.76865456315549,632.45353966744,0
4.52,-4.85718717385385,-0.0951947221966607,3.66502195482014,4.57757495631094,2.31318023465078,4.27206349192114,-5.74890060427569,-1.15616618706712,2.66492072348297,576.974743448809,0
4.53,-4.78414934949014,-0.0301549863288086,0.0134094642671169,1.37722144817307,1.89331183630033,-4.39367324820047,1.25594474986189,0.565262342929557,0.413175366618062,523.109073698534,0
4.54,-4.36914270015945,-0.00882925787279154,1.57326832764195,0.299709255421885,-3.44568106302696,2.68640427003246,1.05889183818072,-1.20156021221623,-2.23098037205409,470.627874993366,0
4.55,-3.94652624787228,0.0113698867260438,0.784389007278921,-0.68224053175909,3.42013037744418,-1.96924018361209,-1.02075767123694,-0.196906156647999,1.04549562157063,423.614434413609,0
4.56,-3.59687918429606,0.0268037207932579,1.48732053534984,-1.43108731238417,-2.72654113166741,2.34610992137974,2.06161800891024,0.0993199671629905,-2.28878989642413,381.196605812049,0
4.57,-3.26692323858606,-0.0460619120244881,1.52793307289648,2.23144388845347,1.11672174454663,-3.07047906552214,1.54366684835062,2.22058865255826,0.362922445149974,342.514582098767,0
4.58,-2.9333341058284,0.0266358362058156,-0.13982742423916,-1.39933675822534,1.10714229025205,2.71650407570501,1.34494353540951,-0.410879493343405,2.7455046977491,307.401263229164,0
4.59,-2.63412834470501,0.0271806475540282,-1.68970640386986,-1.4178504769916,-2.59053609196379,-0.478010125638365,-1.9076106559472,1.10744268100016,-1.39864535469783,275.835764720712,0
4.6,-2.39793176263296,0.0611384520740785,-1.34284945197926,-3.08981346591743,1.2395129725419,-2.05363634547754,-2.02077611264569,-2.69567353501982,0.517549449128014,247.771335042746,0
4.61,-2.21888199348591,0.0648090308276654,1.21392937348518,-3.27936472491285,1.71052260303323,1.41483212290549,1.05787040949975,-3.33298180605861,2.23266539291399,221.192540597133,0
4.62,-1.99334478531348,-0.0487009814538367,-0.119976712419862,2.41070928913574,-1.13099272171172,1.64214819129278,-2.02184259245276,-1.31835739448465,-2.51404528385328,197.744569838789,0
4.63,-1.82859367056277,-0.0119928873187847,1.00954715553051,0.578075006690291,-1.67124766760603,-0.742179139352411,1.15803179838078,-0.110988857723195,-1.14631219666128,176.358258493978,0
4.64,-1.61975081761504,-0.0564661407850098,-1.16365009432366,2.81257114011987,0.0665239806549184,-1.61936891912176,2.89271373548879,-0.947019115313478,0.0759039961364598,156.930519664031,0
4.65,-1.50233081908935,0.0458232748482374,0.904120694569478,-2.31296849139386,1.39413852201871,-0.56167200742691,-1.75727524519842,-1.75477667671485,1.15731674549781,138.894949138919,0
4.66,-1.35547930954292,0.043463907152164,0.123297700861895,-2.18566965856637,1.13418859634931,0.743525048492019,1.03386902060397,-1.92962924616385,2.11901363837094,123.688652177731,0
4.67,-1.28632159708375,-0.0645575712207447,3.26327950730302,3.21568045099114,0.283379200062162,1.25637858947777,-3.72593764627967,-2.665892451264,2.96989815956543,108.414878468895,0
4.68,-1.05140094307881,-0.0727763501399784,-2.55422246871778,3.63113074436115,-0.508137768621152,0.923328949154863,-4.43580331162069,0.18114050613395,-2.56938610688607,95.0619222827268,0
4.69,-0.990589754516821,-0.000255809200207902,-0.673467922309883,0.00497147755923056,-0.932477127397337,0.334297074580161,-0.635694324069528,0.222433100763574,-1.91476895439438,83.7991264080961,0
4.7,-0.883625220140012,0.0440623596077389,-1.42081853289289,-2.21069305406912,-0.850008361919702,-0.24539927845915,-1.8896497169074,1.82622918334834,-1.33956061764361,73.2039469930666,0
4.71,-0.847445452262827,-0.0136101073785968,1.2833568266167,0.67630774592412,-0.640586367071413,-0.554975797585853,1.40734360870585,0.351825068258981,-0.840824329944871,62.9151332024799,0
4.72,-0.685002698746507,-0.0703132886291247,-2.58372699157188,3.51203891652198,-0.340747480335159,-0.598384333428843,2.17082393908941,-3.78121487667896,-0.415361690047375,53.4385456456873,0
4.73,-0.64869498294716,-0.0165528593043437,-0.794257697419854,0.821788526873183,-0.0515534952157842,-0.646855018673429,0.777705707517461,-0.837469704112244,-0.0540189484454742,45.3893863450216,0
4.74,-0.663606174931189,-0.00691561983123994,2.99466157971487,0.340335652306498,0.159614415608244,-0.644161640843735,-0.421031139448428,2.98438588538178,0.253314971390674,38.5774582591651,0
4.75,-0.472463668975491,-0.064061597539156,-3.85204603567068,3.20243946578255,0.176226262316744,-0.443023826956205,4.68140964009788,-1.78277339404828,0.513360235629981,32.5158643642408,0
4.76,-0.460466402300461,0.0250957405288098,-1.96866782197032,-1.26054693691634,0.326096239457595,-0.326068008936532,0.3758124982628,-2.30724869478346,0.730994618057732,26.992919979132,0
4.77,-0.407369503237411,-0.0175157911533223,-2.35296767698586,0.873153581962522,0.310918439232563,-0.263792416973667,2.39371103786562,-0.754321903324128,0.910185486802416,21.9695311058878,0
4.78,-0.446931629425318,-0.0600173956838758,1.70588802312245,3.00098195946187,0.358941022880137,-0.272967601116333,-0.000714392447584089,3.45194816851175,1.05411051163918,17.3754660197413,0
4.79,-0.33886389658409,-0.0222118541962463,-1.765444621305,1.10843973561933,0.302718878683954,-0.153894078389384,2.05932811813843,0.323420871681198,1.16592721996211,13.1522516511445,0
4.8,-0.323220560992971,0.0423936299058798,-0.743569744601295,-2.12592968500372,0.319958808914524,-0.0624108284130762,0.0301950581608329,-2.2520127106944,1.24774064165118,9.2573202854355,0
4.81,-0.241266882155299,-0.0362259004996659,-3.2067708299923,1.81003041761214,0.223028705428656,-0.0988949990988838,3.5718961776942,0.895068134023445,1.30246458464741,5.7344701022227,0
4.82,-0.166653538007554,0.00326968338981049,-5.43105455737586,-0.167291584686209,0.162719479678493,-0.0361450341411547,5.23823294580404,-1.44404144157743,1.33259722166319,2.55237342015089,0
4.83,-0.197029418399171,0.0682823871557397,-2.54819856999373,-3.42209707508907,0.207411440044559,0.0215306908631411,1.70026819281628,-3.91320232238873,1.34062615140413,-0.32969060668638,0
4.84,-0.295130431895798,0.0297777442546007,3.60838157685286,-1.49445464334464,0.293654764981079,-0.041899461664798,-3.86153948618989,-0.585085533731422,1.3285136187897,-2.92115685998166,0
4.85,-0.227574405365471,-0.0317285231463307,1.36796269029725,1.5847297594118,0.210642285529797,-0.0917967140222275,-0.891066011362975,1.89438425241669,1.29834589930005,-5.25054447867655,0
4.86,-0.181554354033686,0.0438764203982775,0.0925455668855425,-2.20033394860185,0.186158695866202,-0.0152336367604798,-0.777473222875214,-2.06047799188247,1.25202243766182,-7.32168233663425,0
4.87,-0.237148687042866,0.0191110126685823,3.76553978606122,-0.960526179572354,0.227385689133349,-0.0700034209787348,-3.85367175781172,0.501113165959688,1.19172950001275,-9.11569083130422,0
4.88,-0.119257530337814,0.0139301788374558,-1.28139281573107,-0.701134216732875,0.113361375639546,-0.0395677512354174,0.846358267681963,-1.19047655197707,1.11869562985372,-10.7897758646362,0
4.89,-0.11064101208607,-0.0732408261714225,-0.948254240495169,3.66299667677902,0.0576442042385913,-0.119510660158004,2.68766388825315,2.66330501116398,1.034158933216,-12.2523085123163,0
4.9,-0.131152797132155,-0.0104381660962804,0.75194511814185,0.518941704110588,0.0997267793989721,-0.0858171368536057,-0.300867940073974,0.862670525518408,0.939645464549771,-13.5254888609708,0
4.91,-0.143379903702355,-0.0528459968286617,1.9531923349046,2.64207661782548,0.071028799556181,-0.135297471521531,0.320315099827429,3.27000418782801,0.836557639588394,-14.6076108224339,0
4.92,-0.148618959538638,-0.0675843281252341,2.77110779444587,3.37996940181361,0.0480956822026342,-0.156019363849331,0.688744674030676,4.31611658086633,0.725820392049354,-15.5893040037813,0
4.93,-0.156874694266446,-0.0112755398083372,3.67275947344217,0.561125048689864,0.0804052307934807,-0.135173245726391,-1.63862217082067,3.33450758753393,0.608362761256901,-16.4392610811323,0
4.94,-0.0271820656032883,0.0139083877830469,-2.35013873080539,-0.699632345975586,0.024974889935808,-0.0175659561049023,0.476430691746108,-2.40533807801091,0.484885079150401,-17.2189923320454,0
4.95,-0.0400098521646009,0.0035174576659247,-1.30835280143072,-0.179292855841242,0.0172512224563621,-0.0362705955620514,0.288293502434009,-1.28872799209983,0.356269282032485,-17.8506624957726,0
4.96,-0.0479489239148967,0.0601291450239218,-0.549061399437793,-3.01327090720539,0.0692552402062091,-0.0334413679427839,-2.81684145616708,-1.20277769823917,0.223322332472098,-18.4075136499723,0
4.97,-0.0620503974435972,0.031188897755973,0.493121394359604,-1.56423747953923,0.0364340997320145,-0.0591232233801451,-1.60099782766594,0.356108912805237,0.0865193196066722,-18.9224158314265,0
4.98,0.0379551732556725,-0.0514518971692309,-4.18225847437576,2.57304790350644,-0.0493324587435624,0.0406718749690242,2.34400467024281,-4.31480052448623,-0.0538981270826683,-19.3901493897311,0
4.99,-0.0860840401264055,-0.00229385524766785,2.33168893553486,0.112332484951761,-0.019152514756569,-0.0839577567284956,0.567992095985489,2.26423869284339,-0.197642526874007,-19.826550470498,0
5,-0.102949430080216,0.011698138982233,3.45146147343185,-0.587992282596993,-0.0237419171029359,-0.100855108853078,0.611657798200765,3.447346220628,-0.344341512886626,-20.1902062264361,0
