timestamp,iq,id,iq_ref,id_ref,vq,vd,omega,omega_ref,r
0.0,0.0,0.0,0.0,0.0,0.0,0.0,0.0,456.15713367962536,0.0
0.001,0.0,0.0,10.0,0.0,0.0,1.0999999999999999,6.115472199294103,456.15713367962536,0.0
0.002,0.5307369851907212,-0.2913212625381807,10.0,0.0,0.14204533887919985,1.9316189316290207,13.317801563642547,456.15713367962536,0.0
0.003,1.0842913387634832,-0.6024330830807904,10.0,0.0,0.384357124667687,2.6386968949419622,20.697939467553027,456.15713367962536,0.0
0.004,1.5590443546685477,-0.8700465084428163,10.0,0.0,0.6994718867930164,3.2526109522886295,28.232747544420146,456.15713367962536,0.0
0.005,1.9399447555359186,-1.0838738622210777,10.0,0.0,1.065311453102468,3.7994935661768023,35.92944872443006,456.15713367962536,0.0
0.006,2.239750732602683,-1.2510087368845633,10.0,0.0,1.4655018868449925,4.299102221838433,43.75633668444442,456.15713367962536,0.0
0.007,2.4770151619816017,-1.382020589851471,10.0,0.0,1.8883740978591532,4.765668027847139,51.58766747378032,456.15713367962536,0.0
0.008,2.6680767290418097,-1.4872241871505252,10.0,0.0,2.325877945545995,5.209220346273558,59.45942083902103,456.15713367962536,0.0
0.009000000000000001,2.8266491704841292,-1.5730794701170803,10.0,0.0,2.772378685460125,5.636635464737965,67.35059094018146,456.15713367962536,0.0
0.01,2.962077666392183,-1.645500646948331,10.0,0.0,3.224078639851053,6.052647735211881,75.20908322432116,456.15713367962536,0.0
0.011,3.0811061533574158,-1.7084279320504514,10.0,0.0,3.678407615443203,6.460489925470405,83.0265951655913,456.15713367962536,0.0
0.012,3.188848746459569,-1.7638278597420747,10.0,0.0,4.133552631697047,6.862319393890706,90.74118064793086,456.15713367962536,0.0
0.013000000000000001,3.288205119878689,-1.8140726097274587,10.0,0.0,4.588339016389012,7.259628641949282,98.35820682563939,456.15713367962536,0.0
0.014,3.3820602099432007,-1.8592355758795645,10.0,0.0,5.041843166194517,7.653355107498287,105.90865295623543,456.15713367962536,0.0
0.015,3.4721069852858886,-1.899829032412081,10.0,0.0,5.493383198131427,8.044092747085895,113.37727610343421,456.15713367962536,0.0
0.016,3.5596145800153947,-1.9360338400176071,10.0,0.0,5.94241958510469,8.43218525824161,120.68508583176356,456.15713367962536,0.0
0.017,3.645144415105338,-1.9685384477868613,10.0,0.0,6.388575043274759,8.817838951066484,127.83962377537456,456.15713367962536,0.0
0.018000000000000002,3.730251927866576,-1.9959253041084188,10.0,0.0,6.83136783302799,9.201036292373047,134.85405702603322,456.15713367962536,0.0
0.019,3.81544967906247,-2.018253592643655,10.0,0.0,7.270383321112213,9.581672501020332,141.68976328564074,456.15713367962536,0.0
0.02,3.9014648862453374,-2.0350875541282063,10.0,0.0,7.705189334130692,9.959536942333155,148.3432823300447,456.15713367962536,0.0
0.021,3.9891051824829464,-2.0457889559126508,10.0,0.0,8.135310004560049,10.334315260302239,154.92060212100432,456.15713367962536,0.0
0.022,4.079618141396171,-2.0489696811670974,10.0,0.0,8.560139305503519,10.705547790999272,161.01925282597162,456.15713367962536,0.0
0.023,4.171109372430197,-2.048468292080302,10.0,0.0,8.979521969370257,11.072981092896333,166.534238406907,456.15713367962536,0.0
0.024,4.266936196769627,-2.039517194249811,10.0,0.0,9.392730090169543,11.435983292623375,171.8647834235234,456.15713367962536,0.0
0.025,4.367255527950721,-2.0225841458509217,10.0,0.0,9.79914449451603,11.793929226271104,177.02637022703064,456.15713367962536,0.0
0.026000000000000002,4.4734353073349595,-1.9962166741499119,10.0,0.0,10.197980960389518,12.146045424568259,181.63161391243256,456.15713367962536,0.0
0.027,4.582366840795821,-1.966358349113627,10.0,0.0,10.589124658468391,12.491912978736195,185.74793639675826,456.15713367962536,0.0
0.028,4.700058850757774,-1.9240450691803936,10.0,0.0,10.971384864613876,12.830451341534015,189.43662766964098,456.15713367962536,0.0
0.029,4.820934284790598,-1.879137197786803,10.0,0.0,11.344756153370636,13.161242511022618,192.73598774770625,456.15713367962536,0.0
0.03,4.952016225740939,-1.821000614527957,10.0,0.0,11.707923484756042,13.483081433273819,195.59831968863915,456.15713367962536,0.0
0.031,5.086039273572549,-1.7621311371320891,10.0,0.0,12.061063698547066,13.79562148058647,197.80891551030922,456.15713367962536,0.0
0.032,5.230431844273564,-1.6911110488141978,10.0,0.0,12.40292038074925,14.097678592248165,200.4421589734679,456.15713367962536,0.0
0.033,5.380124186618445,-1.6166151787533525,10.0,0.0,12.733312761073865,14.38869342901298,201.91742172589852,456.15713367962536,0.0
0.034,5.537594793894332,-1.535029134414507,10.0,0.0,13.051537880865839,14.667821176756876,203.18880493813168,456.15713367962536,0.0
0.035,5.698947813469154,-1.4530296333491768,10.0,0.0,13.357649178779205,14.934684535625108,203.60405746232266,456.15713367962536,0.0
0.036000000000000004,5.870474243492053,-1.3603000477825025,10.0,0.0,13.65045542338638,15.188218311291084,204.28541056101804,456.15713367962536,0.0
0.037,6.041188711220851,-1.275010780747051,10.0,0.0,13.930879897581198,15.42861600670124,205.2233356988433,456.15713367962536,0.0
0.038,6.228175208801664,-1.168399557236846,10.0,0.0,14.196427351981786,15.654155009933262,200.35169734043586,456.15713367962536,0.0
0.039,6.404895489618571,-1.0845312562500289,10.0,0.0,14.449814560392067,15.86612549236809,209.64773540576442,456.15713367962536,0.0
0.04,6.534612624563911,-1.0851225869390002,10.0,0.0,14.699963825590459,16.069735965364643,218.170241886545,456.15713367962536,0.0
0.041,6.621487035821765,-1.1484636683301073,10.0,0.0,14.952420817214799,16.26974130369247,220.68166573712315,456.15713367962536,0.0
0.042,6.6704785161669795,-1.2647840534085386,10.0,0.0,15.211794475054209,16.47047148862455,233.10654395573727,456.15713367962536,0.0
0.043000000000000003,6.709376245503157,-1.3867642159960276,10.0,0.0,15.477558399636717,16.673277185423842,235.10815372853793,456.15713367962536,0.0
0.044,6.744196093263161,-1.5028656568708394,10.0,0.0,15.74857785831126,16.87893749904121,248.8181267625822,456.15713367962536,0.0
0.045,6.750563942850831,-1.6564343609015326,10.0,0.0,16.02879294551472,17.090781462187255,251.61117095327992,456.15713367962536,0.0
0.046,6.764566527560506,-1.7840489455190416,10.0,0.0,16.314672837580048,17.307985931916857,266.60539535969383,456.15713367962536,0.0
0.047,6.752169677737121,-1.9446655565152717,10.0,0.0,16.610076868775216,17.533561623207692,270.0627790167984,456.15713367962536,0.0
0.048,6.7291903821171735,-2.110358990489937,10.0,0.0,16.91511817760721,17.768523902508925,283.13731951482634,456.15713367962536,0.0
0.049,6.714097190323873,-2.246352557911731,10.0,0.0,17.22645394156277,18.011924542904307,294.70561782835244,456.15713367962536,0.0
0.05,6.666841209228205,-2.4219663531358275,10.0,0.0,17.548953774962747,18.267165921658286,300.1294548425776,456.15713367962536,0.0
0.051000000000000004,6.612335516543512,-2.59336894353628,10.0,0.0,17.88182590988993,18.53465621226123,310.75154600411304,456.15713367962536,0.0
0.052000000000000005,6.568447424188529,-2.726701034625408,10.0,0.0,18.22111236450049,18.81296732052879,322.35703405819294,456.15713367962536,0.0
0.053,6.5036136539679195,-2.8764091099274185,10.0,0.0,18.569435851849082,19.104068797231378,330.9557012510771,456.15713367962536,0.0
0.054,6.434362099984388,-3.0149932598739144,10.0,0.0,18.925784313874168,19.407861808234543,339.4707232587175,456.15713367962536,0.0
0.055,6.370891759459199,-3.1253006473392393,10.0,0.0,19.28762520191878,19.723199586257838,348.00092263299223,456.15713367962536,0.0
0.056,6.314459991163816,-3.2071523724558277,10.0,0.0,19.65271639484943,20.048760466390505,356.29964302226927,456.15713367962536,0.0
0.057,6.266092078485367,-3.262894600420583,10.0,0.0,20.01916768432525,20.383030530514645,362.98468703488817,456.15713367962536,0.0
0.058,6.234656406121481,-3.2830044001420036,10.0,0.0,20.38405550695561,20.723492962007192,368.0316803659419,456.15713367962536,0.0
0.059000000000000004,6.228510489334133,-3.2600491726267444,10.0,0.0,20.743774617448285,21.0667596267365,372.35801287012686,456.15713367962536,0.0
0.06,6.247959954981508,-3.201438289803519,10.0,0.0,21.095630838529225,21.40947063565305,373.88739853789605,456.15713367962536,0.0
0.061,6.298571070969623,-3.1064761741463998,10.0,0.0,21.436712814499675,21.747723437683817,371.47602194372377,456.15713367962536,0.0
0.062,6.38094735961424,-2.982369480030801,10.0,0.0,21.76480975788002,22.077703876517536,366.2922057853833,456.15713367962536,0.0
0.063,6.53566146196873,-2.7695519558602215,10.0,0.0,22.070926190088084,22.39130117743337,372.07145994459506,456.15713367962536,0.0
0.064,6.708566607552835,-2.560747003310555,10.0,0.0,22.35695033962817,22.686677966487718,365.1882535794375,456.15713367962536,0.0
0.065,6.897199383751794,-2.3667028673086685,10.0,0.0,22.62465294768497,22.962098937664592,356.7297130485294,456.15713367962536,0.0
0.066,7.167218997264825,-2.0824440278168583,10.0,0.0,22.863799361069702,23.20893224280502,357.7888817172531,456.15713367962536,0.0
0.067,7.423387055578651,-1.859201647307153,10.0,0.0,23.082000390168847,23.42951856849048,345.1266644280509,456.15713367962536,0.0
0.068,7.736929428236853,-1.5824320316278497,10.0,0.0,23.27222771500701,23.617938384108047,342.9584987314189,456.15713367962536,0.0
0.069,8.04132723792414,-1.3546495884062866,10.0,0.0,23.43998591632552,23.77619061530866,334.2677598047511,456.15713367962536,0.0
0.07,8.395997401416553,-1.0747195592463576,10.0,0.0,23.578279041856877,23.89942370363377,322.7417355360636,456.15713367962536,0.0
0.07100000000000001,8.726669482066718,-0.8579631993863083,10.0,0.0,23.694022264374595,23.99133556844291,337.9106389559309,456.15713367962536,0.0
0.07200000000000001,8.91385728821635,-0.8925675486457335,10.0,0.0,23.81335639313859,24.06834663115294,344.8606079910171,456.15713367962536,0.0
0.073,8.941721008651788,-1.1508071676799903,10.0,0.0,23.95651852989837,24.148396869281978,362.43451347602996,456.15713367962536,0.0
0.074,8.927907180207171,-1.4305443375681337,10.0,0.0,24.121558169292424,24.236556455607346,368.59250641149885,456.15713367962536,0.0
0.075,8.859340450140312,-1.7499202918046703,10.0,0.0,24.31124378664675,24.33980824926249,387.10067316750514,456.15713367962536,0.0
0.076,8.767176841935807,-2.0562826706616475,10.0,0.0,24.52279212376306,24.461155754889383,396.7190369145668,456.15713367962536,0.0
0.077,8.62162972262067,-2.4016532593838043,10.0,0.0,24.76024751870129,24.606611890707832,408.83095327273656,456.15713367962536,0.0
0.078,8.47560200325128,-2.694417929744825,10.0,0.0,25.017253395580042,24.77587553037574,428.2762610097064,456.15713367962536,0.0
0.079,8.289593068490031,-3.001970310780605,10.0,0.0,25.296388163948027,24.972914099394785,438.0404594767293,456.15713367962536,0.0
0.08,8.078425759776728,-3.30171273584331,10.0,0.0,25.597209455327665,25.19953060295957,447.87571303424875,456.15713367962536,0.0
0.081,7.882675762310951,-3.525181384717318,10.0,0.0,25.912194395051316,25.45298841193994,460.26934286159303,456.15713367962536,0.0
0.082,7.687097883672571,-3.703693402600396,4.5871563997473634,0.0,26.23842825717906,25.136742204642413,465.97062210595385,456.15713367962536,0.0
0.083,7.223585057664856,-3.6806650966063144,1.6383818933036691,0.0,26.49609587852608,24.6635378766556,463.3397824107354,456.15713367962536,0.0
0.084,6.650398678961013,-3.4696556052320973,2.8819752536018033,0.0,26.6576955439485,24.48811913169675,459.2453198563719,456.15713367962536,0.0
0.085,6.237817488397277,-3.2263860429421163,4.898324669016075,0.0,26.760943811394633,24.595416797043576,454.08972679267094,456.15713367962536,0.0
0.08600000000000001,6.075467078575061,-2.9969197675789703,7.4967952697361,0.0,26.8417884239638,24.981710527700212,452.63283168220147,456.15713367962536,0.0
0.08700000000000001,6.186697878258694,-2.7980350672360874,8.260485844945077,0.0,26.933595294057614,25.38162171175046,453.9257907825108,456.15713367962536,0.0
0.088,6.417934394293177,-2.621898064099983,7.63631972376157,0.0,27.038826372205534,25.650103576555836,438.73042312086574,456.15713367962536,0.0
0.089,6.678340638057675,-2.386821110837093,10.0,0.0,27.136285434191656,26.14217453263978,429.78294393997174,456.15713367962536,0.0
0.09,7.132755827025129,-2.1151461361102704,10.0,0.0,27.245672207900224,26.52376588820278,428.08926883178793,456.15713367962536,0.0
0.091,7.580262983224536,-1.8929977180859008,10.0,0.0,27.360559863558827,26.833455150288078,409.56535915796053,456.15713367962536,0.0
0.092,8.07768028585493,-1.5897705322052014,10.0,0.0,27.463794173593456,27.07342342000335,405.7438883260078,456.15713367962536,0.0
0.093,8.554815396642365,-1.3111843345201009,10.0,0.0,27.553089669709607,27.252207604590254,389.85335822590645,456.15713367962536,0.0
0.094,9.060368809324512,-0.9836663223059658,10.0,0.0,27.61809291530612,27.371203396042908,376.47588685898927,456.15713367962536,0.0
0.095,9.532124125578811,-0.7118144694329827,10.0,0.0,27.661866891794368,27.437962382248806,390.6710598748128,456.15713367962536,0.0
0.096,9.801955927968114,-0.7669210431610542,10.0,0.0,27.716719610893204,27.47745892238266,403.4090249545948,456.15713367962536,0.0
0.097,9.838075818527397,-1.1246072504674807,10.0,0.0,27.808831129161966,27.517216210475382,420.16875521170607,456.15713367962536,0.0
0.098,9.808880802058495,-1.5004401498113031,10.0,0.0,27.93347198126787,27.565781572302875,434.0980811873326,456.15713367962536,0.0
0.099,9.678973811063319,-1.9535772403492915,10.0,0.0,28.096592035311673,27.63595230200299,448.473712825674,456.15713367962536,0.0
0.1,9.523661734623424,-2.3584933939910413,10.0,0.0,28.290426562916338,27.731203222635916,471.19096010494246,456.15713367962536,0.0
0.101,9.299873037867451,-2.7905488877244213,-0.4869533589951809,0.0,28.517879672598056,26.705811270355298,473.1778966325451,456.15713367962536,0.0
0.10200000000000001,8.492161507936354,-2.910673541510545,-1.650629252325711,0.0,28.628941433062703,25.869179390919378,478.55005413361977,456.15713367962536,0.0
0.10300000000000001,7.599358309306334,-2.9125715688776808,-4.5606372074029755,0.0,28.644241366009812,24.908983995898314,480.93015669123434,456.15713367962536,0.0
0.10400000000000001,6.638981139908499,-2.8133848099841177,-5.998418716326354,0.0,28.551062242408136,24.01399570389071,479.093480616852,456.15713367962536,0.0
0.105,5.739488783291975,-2.6354754741360487,-5.309444148507444,0.0,28.359124042611512,23.378693733806877,474.6144781277276,456.15713367962536,0.0
0.106,5.038745290385808,-2.4473255804341583,-3.254516348426261,0.0,28.10393207083745,23.074967313736007,468.09615291947586,456.15713367962536,0.0
0.107,4.615178014058412,-2.294410937363634,-0.11474393669890404,0.0,27.828947542432964,23.14050499125096,461.1159787140216,456.15713367962536,0.0
0.108,4.510673928222233,-2.194813122445821,3.3257547156842646,0.0,27.57858862141017,23.526307352497565,453.43927961457416,456.15713367962536,0.0
0.109,4.700316272660469,-2.152888693973924,7.191282806058493,0.0,27.38823011963158,24.21739099018798,448.4097892453017,456.15713367962536,0.0
0.11,5.176155914867642,-2.1384229388982443,9.78350143503797,0.0,27.28484384302629,25.016373245017103,450.7489175635219,456.15713367962536,0.0
0.111,5.800816479972056,-2.1509640412979314,8.668019437088894,0.0,27.273218598379156,25.512539174899167,439.46498934639027,456.15713367962536,0.0
0.112,6.338609443221143,-2.0873925809719136,10.0,0.0,27.305254199525088,26.062688048921665,426.5306380099705,456.15713367962536,0.0
0.113,6.950828535486091,-1.9038927040769154,10.0,0.0,27.3695518561035,26.485739619510753,425.7489817303569,456.15713367962536,0.0
0.114,7.506948816569459,-1.716834565018671,10.0,0.0,27.450983507555506,26.81786475870224,407.54437641322573,456.15713367962536,0.0
0.115,8.05939546406291,-1.4587194706136204,10.0,0.0,27.530962428787483,27.069712620706348,403.7825442918727,456.15713367962536,0.0
0.116,8.582244994078511,-1.1951897973504453,10.0,0.0,27.60172113098178,27.25238460680645,387.2845721637007,456.15713367962536,0.0
0.117,9.11157644097003,-0.8883972982881585,10.0,0.0,27.65255928340245,27.370867300658073,374.65706177481337,456.15713367962536,0.0
0.11800000000000001,9.60131008110195,-0.6275316610556549,10.0,0.0,27.684534594861237,27.434008154420987,397.89102715369364,456.15713367962536,0.0
0.11900000000000001,9.783713979454582,-0.8401575763515021,10.0,0.0,27.745623967605322,27.47886536153602,407.48857612097225,456.15713367962536,0.0
0.12,9.834198881584683,-1.1738708399649802,10.0,0.0,27.83967232363103,27.521616484963193,422.23207063753114,456.15713367962536,0.0
0.121,9.763245011727236,-1.6127798935179172,10.0,0.0,27.97353381965157,27.577807106355827,436.6952953253017,456.15713367962536,0.0
0.122,9.655300048401699,-2.0168785551179593,10.0,0.0,28.139689990449785,27.652929222478484,456.7179974263042,456.15713367962536,0.0
0.123,9.463722292984443,-2.4695597587134195,6.393231766398398,0.0,28.342496701559956,27.360404341835167,465.0545382428745,456.15713367962536,0.0
0.124,9.055798764896373,-2.7804492256584035,2.135987312480739,0.0,28.52544128282276,26.728139223307785,475.68710476903624,456.15713367962536,0.0
0.125,8.379098772691638,-2.949795180718009,-3.3755956614942324,0.0,28.642384054493654,25.684051156022985,479.9860958162222,456.15713367962536,0.0
0.126,7.425434113398107,-2.91903864629235,-5.763380806453175,0.0,28.638147063931573,24.646661749028272,480.3892707852178,456.15713367962536,0.0
0.127,6.418707220489536,-2.7713512622047265,-6.207289662006893,0.0,28.514656784820833,23.788838772642503,477.8462253951616,456.15713367962536,0.0
0.128,5.534683157248109,-2.5742708200147977,-5.152657884134158,0.0,28.29753126118258,23.21207302813325,472.7289321624071,456.15713367962536,0.0
0.129,4.879211775783758,-2.388480331822334,-2.75972925258473,0.0,28.025975566177962,22.987208748731476,465.70922025003614,456.15713367962536,0.0
0.13,4.523769408879344,-2.244381757284392,0.6546058378966384,0.0,27.745096074416367,23.141866847951704,458.82243713743856,456.15713367962536,0.0
0.131,4.494901507943697,-2.163294768443712,4.0713443596172985,0.0,27.50029175872586,23.594290119992095,451.2821301988417,456.15713367962536,0.0
0.132,4.751291564686927,-2.1339827963281808,7.89024786372357,0.0,27.322796754764155,24.33441104824277,448.24891322530766,456.15713367962536,0.0
0.133,5.277502883800925,-2.130478563167336,9.485938555033758,0.0,27.23697099809714,25.064787979740153,450.61202180839456,456.15713367962536,0.0
0.134,5.887649946509929,-2.1295688248678717,8.359835382202618,0.0,27.232700481365235,25.511862322789717,435.0510785049936,456.15713367962536,0.0
0.135,6.409055486550123,-2.036252070653347,10.0,0.0,27.263308705030873,26.054228180769837,425.5033644878178,456.15713367962536,0.0
0.136,7.020228499707367,-1.8380301375007893,10.0,0.0,27.32422144702332,26.467001653093625,422.060006264215,456.15713367962536,0.0
0.137,7.567015414464788,-1.663227919646343,10.0,0.0,27.403074237416448,26.790554221892542,405.0955026256259,456.15713367962536,0.0
0.138,8.132718704477579,-1.3867847010493715,10.0,0.0,27.477736273783012,27.032877320097036,398.36076199406955,456.15713367962536,0.0
0.139,8.645239207686332,-1.1438232471720307,10.0,0.0,27.545203088592846,27.207714089664915,386.50254643985755,456.15713367962536,0.0
0.14,9.181916240721026,-0.8293222186989226,10.0,0.0,27.591241400285213,27.31790459515526,384.38760615215796,456.15713367962536,0.0
0.14100000000000001,9.635785526078557,-0.6311908614442485,10.0,0.0,27.62504549234409,27.377121030206823,394.0349611804497,456.15713367962536,0.0
0.14200000000000002,9.78759326835996,-0.8788558098963234,10.0,0.0,27.690615276604515,27.421636072161743,409.89396029058145,456.15713367962536,0.0
0.14300000000000002,9.793828191131446,-1.2723615459299062,10.0,0.0,27.794888568113564,27.469088824265157,423.76505068266783,456.15713367962536,0.0
0.14400000000000002,9.742632584085579,-1.6615851250863236,10.0,0.0,27.93235934202892,27.527917496311904,440.616382315761,456.15713367962536,0.0
0.145,9.595682230207906,-2.1162690716882206,10.0,0.0,28.108088904092057,27.61026296140159,453.4250613968207,456.15713367962536,0.0
0.146,9.422524538139442,-2.5227686438813604,7.7706166060494155,0.0,28.314648169933083,27.47429250544282,473.32040076468735,456.15713367962536,0.0
0.147,9.069742426257069,-2.8856170416759546,-2.348685748734532,0.0,28.522802791629587,26.318820051963666,474.8556162228849,456.15713367962536,0.0
0.148,8.157248064175391,-2.9288086902433066,-3.3032783032659125,0.0,28.595717303173007,25.39274470726163,478.33248263789534,456.15713367962536,0.0
0.149,7.193367876440162,-2.867887911153984,-5.263465000353822,0.0,28.561599626906368,24.457395614079843,479.12031304667875,456.15713367962536,0.0
0.15,6.241656065985375,-2.7305325774127915,-5.887011998416059,0.0,28.422858930027584,23.65823085704627,476.4211143585839,456.15713367962536,0.0
0.151,5.414021999179804,-2.5443657300042446,-4.740052461158225,0.0,28.1989710272558,23.139032154351238,470.9802298984928,456.15713367962536,0.0
0.152,4.8142338334655435,-2.367482861029294,-2.167841193301337,0.0,27.927956597378518,22.978538533300714,464.1468859584119,456.15713367962536,0.0
0.153,4.514276898600382,-2.235755092543359,1.168933253951253,0.0,27.65527302254021,23.175313289064754,457.18247634116767,456.15713367962536,0.0
0.154,4.528162762061382,-2.1631797989315036,4.64088463595793,0.0,27.422869276149697,23.66916210498742,449.63155173484336,456.15713367962536,0.0
0.155,4.823838276144492,-2.136874330077312,8.481602758567908,0.0,27.26092293735265,24.445759696431246,447.9282921192978,456.15713367962536,0.0
0.156,5.381288628362337,-2.139443943560674,9.415520981943963,0.0,27.193376703751422,25.13446393459314,449.1169818643852,456.15713367962536,0.0
0.157,5.978724056374771,-2.1335068978372624,8.891577627552666,0.0,27.20077674616208,25.620426780802717,432.64705168929936,456.15713367962536,0.0
0.158,6.527181242014286,-2.026645308868,10.0,0.0,27.244337664623252,26.131343305005302,425.8139539554321,456.15713367962536,0.0
0.159,7.129735843882746,-1.8212631580485108,10.0,0.0,27.313110722958122,26.52364361056015,418.58500622561155,456.15713367962536,0.0
0.16,7.664352082467382,-1.6417184996324972,10.0,0.0,27.396540415097412,26.830808951167352,404.5118996076484,456.15713367962536,0.0
0.161,8.228251310469417,-1.348282872743801,10.0,0.0,27.471861199709895,27.058917974233395,394.1331776009578,456.15713367962536,0.0
0.162,8.730611619712164,-1.1070222047224365,10.0,0.0,27.538856490954274,27.22212753171739,386.6131864265813,456.15713367962536,0.0
0.163,9.2619398324051,-0.7915652771721509,10.0,0.0,27.583185553472294,27.322293162273642,380.18861071469286,456.15713367962536,0.0
0.164,9.669540936044996,-0.6636941868866928,10.0,0.0,27.622187022138245,27.377352296752612,400.8742699911369,456.15713367962536,0.0
0.165,9.786616484871136,-0.9516600752143973,10.0,0.0,27.6957492160044,27.422003365315796,410.80800977878454,456.15713367962536,0.0
0.166,9.803838385507316,-1.3076405149931354,10.0,0.0,27.802698486832647,27.46882189282757,426.69412072825355,456.15713367962536,0.0
0.167,9.709995809659052,-1.7526919643965042,10.0,0.0,27.94903053836582,27.53214839702065,440.2660006294371,456.15713367962536,0.0
0.168,9.58334891909832,-2.1577105552539466,10.0,0.0,28.127163565665263,27.616768188150942,461.86814619748446,456.15713367962536,0.0
0.169,9.381001572357071,-2.599415983162225,3.2912931123066596,0.0,28.340482680509155,26.99377328448781,466.73288960361117,456.15713367962536,0.0
0.17,8.794188730992225,-2.8262339359213184,0.7531638500034479,0.0,28.49070331402674,26.304828571781677,475.34398820257246,456.15713367962536,0.0
0.171,8.039761340456439,-2.9278888567323857,-3.7442539947066686,0.0,28.565921274683575,25.30758460794813,479.37078054587835,456.15713367962536,0.0
0.17200000000000001,7.091528867918411,-2.875509677565309,-5.989786635022141,0.0,28.527114783974895,24.31231372264984,478.6478290028704,456.15713367962536,0.0
0.17300000000000001,6.122923311555882,-2.7146079494068305,-5.853217816750631,0.0,28.37548645550149,23.547231459698043,475.4434125264046,456.15713367962536,0.0
0.17400000000000002,5.314065363503073,-2.5190017907591367,-4.443872366985504,0.0,28.142605073410575,23.076445220207706,469.7736819847218,456.15713367962536,0.0
0.17500000000000002,4.750520661106476,-2.3450795887618607,-1.745172579195077,0.0,27.86875782494651,22.96611432639971,462.8555278928413,456.15713367962536,0.0
0.176,4.493947085450076,-2.2193543876181816,1.6469205246130256,0.0,27.599171661842202,23.208162686965327,455.8209120680352,456.15713367962536,0.0
0.177,4.548794957649589,-2.1548379659019807,5.1675906531319535,0.0,27.374909396727556,23.743801376564445,448.44801648761944,456.15713367962536,0.0
0.178,4.884023829263708,-2.1325376031573775,8.931129615259906,0.0,27.224829351399524,24.545905858085508,447.7658538144605,456.15713367962536,0.0
0.179,5.4677016592389664,-2.1407021158027524,9.356123750491019,0.0,27.17108885877486,25.20105357959467,447.9407211743677,456.15713367962536,0.0
0.18,6.056097320963296,-2.1311587476964426,9.350854195590003,0.0,27.187105771945426,25.721596142809116,430.8223360270384,456.15713367962536,0.0
0.181,6.629681251484058,-2.013529366195666,10.0,0.0,27.240731451836353,26.20593459931323,426.1692924782463,456.15713367962536,0.0
0.182,7.223652237185481,-1.807074320440638,10.0,0.0,27.315894648170563,26.581109350989983,415.1683292909082,456.15713367962536,0.0
0.183,7.7537376682306665,-1.6162955774226293,10.0,0.0,27.40213788876458,26.873913259574522,404.5265521054389,456.15713367962536,0.0
0.184,8.313509003770912,-1.3139235271462328,10.0,0.0,27.477684058057427,27.08978710876102,390.94994148963036,456.15713367962536,0.0
0.185,8.811701986708908,-1.0680666557058496,10.0,0.0,27.54324245998397,27.242424675190385,386.22812106401386,456.15713367962536,0.0
0.186,9.333402628740696,-0.7609720797708159,10.0,0.0,27.586186943722335,27.33394918437535,385.84408055493026,456.15713367962536,0.0
0.187,9.71536322145186,-0.6684846585718178,10.0,0.0,27.62688675943283,27.383817032237758,398.00730054902874,456.15713367962536,0.0
0.188,9.79689702880963,-0.9980370281183824,10.0,0.0,27.705679013220628,27.427618964002725,414.2330420900654,456.15713367962536,0.0
0.189,9.799618565354885,-1.363360986081215,10.0,0.0,27.817862346486592,27.475435897023573,427.74398283513005,456.15713367962536,0.0
0.19,9.694960946183066,-1.812157499666907,10.0,0.0,27.969323416642844,27.54122902354329,442.4129319841536,456.15713367962536,0.0
0.191,9.561265879089337,-2.2152500142825082,10.0,0.0,28.152069903907282,27.629248825615235,463.9154923171745,456.15713367962536,0.0
0.192,9.350790402739939,-2.657682467265627,2.144314655336223,0.0,28.36998036733447,26.884431260020925,468.17490406488037,456.15713367962536,0.0
0.193,8.698460239823186,-2.8501967950657723,-0.10556892236926885,0.0,28.508370279387687,26.136607720385147,475.914014841983,456.15713367962536,0.0
0.194,7.895193128421091,-2.918614888196679,-4.17269312254415,0.0,28.563739693238414,25.134356780301147,479.2004115958384,456.15713367962536,0.0
0.195,6.933499363800594,-2.847518128756703,-6.046324278633979,0.0,28.50484224722596,24.170193333436725,478.0548565691152,456.15713367962536,0.0
0.196,5.9838383547410094,-2.680618595565531,-5.692523994167291,0.0,28.337770220071675,23.449056602860082,474.4817800604204,456.15713367962536,0.0
0.197,5.210575648634427,-2.488264189888868,-4.08923220362785,0.0,28.09580173328263,23.031712724321473,468.60377101396955,456.15713367962536,0.0
0.198,4.691394552217611,-2.324342578314601,-1.2746940537458569,0.0,27.820187874102235,22.974849957084228,461.6403716006726,456.15713367962536,0.0
0.199,4.483248482752421,-2.2065229921074305,2.1521732736921404,0.0,27.555128185749105,23.26262636184903,454.608573280102,456.15713367962536,0.0
0.2,4.580261318665491,-2.1511551774411477,5.6835580379726744,0.0,27.34043984295655,23.836549935453434,447.6708981587859,456.15713367962536,0.0
0.201,4.953799261366147,-2.131312263601468,9.237257953839114,0.0,27.202983649427992,24.6470864151827,447.97983300114174,456.15713367962536,0.0
0.202,5.55276661067121,-2.1436827450603566,9.164563539446037,0.0,27.16188590532408,25.25713921384773,445.289187105095,456.15713367962536,0.0
0.203,6.124704903184524,-2.124834082819286,10.0,0.0,27.18370615783597,25.83777837435732,428.6815541219436,456.15713367962536,0.0
0.20400000000000001,6.73423935068603,-1.9996232914614636,10.0,0.0,27.247823600720672,26.292851873161567,426.6854620291556,456.15713367962536,0.0
0.20500000000000002,7.320676757268198,-1.7947162434341961,10.0,0.0,27.329748981827912,26.65041699612484,411.96342170250483,456.15713367962536,0.0
0.20600000000000002,7.850550411781715,-1.5863512170098448,10.0,0.0,27.418367254694342,26.927996416971833,404.95100636957295,456.15713367962536,0.0
0.20700000000000002,8.399707293696565,-1.284954663952547,10.0,0.0,27.49481167178677,27.131571202555282,388.62794986157337,456.15713367962536,0.0
0.20800000000000002,8.898285483620217,-1.0266797847910771,10.0,0.0,27.558572854551116,27.273080919217175,384.47848686232686,456.15713367962536,0.0
0.209,9.405074551602258,-0.7360369212674216,10.0,0.0,27.60072092450923,27.356054766910518,389.47812514269935,456.15713367962536,0.0
0.21,9.740229429733379,-0.7132376236821364,10.0,0.0,27.647350078141724,27.403146890915735,399.52470561669935,456.15713367962536,0.0
0.211,9.81087443539013,-1.0438710680946046,10.0,0.0,27.73062320067271,27.445773316042757,418.0806147798859,456.15713367962536,0.0
0.212,9.794045551067269,-1.4257651673103027,10.0,0.0,27.8485336699329,27.49502203824226,429.0315256175725,456.15713367962536,0.0
0.213,9.683501334569147,-1.8696301278385423,10.0,0.0,28.004584169152974,27.563128510119384,445.52978083872813,456.15713367962536,0.0
0.214,9.541592733250031,-2.2724467175323353,10.0,0.0,28.19171144089978,27.65453388871093,465.6372553570204,456.15713367962536,0.0
0.215,9.321144431854387,-2.718812942702494,1.210930429617056,0.0,28.414338642202846,26.811544031016204,469.8430049108202,456.15713367962536,0.0
0.216,8.616451238199966,-2.8794927813515017,-1.0288030595947726,0.0,28.543615257605822,25.991947659399834,476.8891181454,456.15713367962536,0.0
0.217,7.760685478625778,-2.9142776997876805,-4.759179521542429,0.0,28.58022411694835,24.966381812179876,479.3186131997531,456.15713367962536,0.0
0.218,6.7759123400601755,-2.818254377494104,-6.205541843920248,0.0,28.499705090997978,24.02500473242055,477.62214209301425,456.15713367962536,0.0
0.219,5.837913047281836,-2.6417361429639215,-5.571956374684715,0.0,28.31464348709133,23.347203673701785,473.5901556520844,456.15713367962536,0.0
0.22,5.098331756482785,-2.451258922759017,-3.73029337394437,0.0,28.061120625826227,22.986897584913415,467.49818653963996,456.15713367962536,0.0
0.221,4.62711132334273,-2.2951288435737074,-0.7977193463223076,0.0,27.781649905300462,22.98587476664582,460.6269588626333,456.15713367962536,0.0
0.222,4.46844187528616,-2.1888528824730162,2.593196240350956,0.0,27.51989492007129,23.31342356736506,453.39433169933886,456.15713367962536,0.0
0.223,4.606547536566845,-2.1415218820640445,6.237137841801026,0.0,27.312926663002987,23.932188092560793,446.94665035094596,456.15713367962536,0.0
0.224,5.022061017966106,-2.1253079508334256,9.553083349284272,0.0,27.187221461729802,24.752368502997662,448.27352401815597,456.15713367962536,0.0
0.225,5.6421204884737595,-2.1371118140581076,8.968482612293961,0.0,27.157565385894646,25.31644340917792,442.85755421377416,456.15713367962536,0.0
0.226,6.1973464038721815,-2.1111389547891566,10.0,0.0,27.184307355109194,25.885583881185447,426.3549454538932,456.15713367962536,0.0
0.227,6.808100808358771,-1.9648212415662645,10.0,0.0,27.24945395474123,26.328538603697098,425.8682117174307,456.15713367962536,0.0
0.228,7.384056979974673,-1.7647641136783125,10.0,0.0,27.331838259725764,26.676464879087877,409.4519890472841,456.15713367962536,0.0
0.229,7.9211844898173,-1.538662775922909,10.0,0.0,27.417906185876706,26.944512493071507,404.56166736492736,456.15713367962536,0.0
0.23,8.460352116515235,-1.2504348118973723,10.0,0.0,27.49272801814567,27.14042497443353,386.7202321165565,456.15713367962536,0.0
0.231,8.968566049772967,-0.9757674303267354,10.0,0.0,27.552327782991423,27.273716534494863,380.8045191959355,456.15713367962536,0.0
0.232,9.460415586272367,-0.7095687295538151,10.0,0.0,27.59276154408942,27.350617605352284,389.023376057767,456.15713367962536,0.0
0.233,9.755576683874951,-0.7479686129742076,10.0,0.0,27.643728010347328,27.396322719862482,401.81605338215513,456.15713367962536,0.0
0.234,9.803655717440707,-1.1039278984647942,10.0,0.0,27.732939864000237,27.440216886831234,418.5645474511591,456.15713367962536,0.0
0.23500000000000001,9.78291613876285,-1.4791229843107137,10.0,0.0,27.855331815572868,27.49140496645864,432.1676553086306,456.15713367962536,0.0
0.23600000000000002,9.659867662774243,-1.931210085588239,10.0,0.0,28.016581010233047,27.56304136985252,446.5048014241591,456.15713367962536,0.0
0.23700000000000002,9.51021330514064,-2.3352113262413594,10.0,0.0,28.20878819122565,27.65887054695284,469.1189616052479,456.15713367962536,0.0
0.23800000000000002,9.290816851236071,-2.767529991643096,-0.604528546875934,0.0,28.434872612616708,26.620476450639213,471.04197629717567,456.15713367962536,0.0
0.23900000000000002,8.481327694574261,-2.8838998505669364,-1.714884319015332,0.0,28.542986680064885,25.779286199323234,476.4635180012674,456.15713367962536,0.0
0.24,7.5877394609090745,-2.88538630883492,-4.628719014277621,0.0,28.555170127456886,24.813807935262744,478.85567584552103,456.15713367962536,0.0
0.241,6.626189523344881,-2.787736082764371,-6.051783358063393,0.0,28.458831014253203,23.91553172227913,477.05768166960263,456.15713367962536,0.0
0.242,5.7252779692697215,-2.6140856493451836,-5.361791750003963,0.0,28.264173145656127,23.27706371117051,472.7513224595614,456.15713367962536,0.0
0.243,5.023448211862667,-2.429657642586515,-3.374554032782698,0.0,28.006583686398624,22.962865104900818,466.43352932744705,456.15713367962536,0.0
0.244,4.593240555925727,-2.2810826793890038,-0.3184214232037492,0.0,27.728834346555775,23.010934167792804,459.5366563230337,456.15713367962536,0.0
0.245,4.476819934334988,-2.183598363249643,3.0962198525688427,0.0,27.474429321843044,23.379974796466115,452.097424065176,456.15713367962536,0.0
0.246,4.652609395275154,-2.143519254063997,6.85643307764217,0.0,27.278935003619893,24.04564685488184,446.362331735076,456.15713367962536,0.0
0.247,5.108469079781079,-2.1305725245730645,9.82192726213768,0.0,27.168533973908485,24.865417832991206,449.07085629552364,456.15713367962536,0.0
0.248,5.738810294203112,-2.1454804116422164,8.538527755754874,0.0,27.152919479851676,25.356563786030065,439.7990738518636,456.15713367962536,0.0
0.249,6.2658537103546665,-2.0969651662422564,10.0,0.0,27.18249527463974,25.918958272657694,425.11284258692217,456.15713367962536,0.0
0.25,6.875254868786374,-1.9264320003064819,10.0,0.0,27.247079442812826,26.351692474392937,425.064435179637,456.15713367962536,0.0
0.251,7.437801518952588,-1.7355619112713767,10.0,0.0,27.329188236207628,26.691825552838,407.22767955538376,456.15713367962536,0.0
0.252,7.9821250469633025,-1.493505285769607,10.0,0.0,27.4123819301926,26.951906081198523,404.09496232173615,456.15713367962536,0.0
0.253,8.51185837953157,-1.2193044527926404,10.0,0.0,27.48552278224269,27.141470494819096,385.80209015942205,456.15713367962536,0.0
0.254,9.029591484606687,-0.9296625360253432,10.0,0.0,27.54118738793518,27.26773924405003,375.44679383043876,456.15713367962536,0.0
0.255,9.515439782574905,-0.6735152273186835,10.0,0.0,27.578632623191474,27.338681597201372,395.11453000623527,456.15713367962536,0.0
0.256,9.763563742246308,-0.7829933060663778,10.0,0.0,27.634031631986577,27.383839085979034,402.675129191743,456.15713367962536,0.0
0.257,9.804898906504608,-1.13922011341623,10.0,0.0,27.726496656800947,27.427955098286745,423.2291584832131,456.15713367962536,0.0
0.258,9.753697887799218,-1.5554257468528512,10.0,0.0,27.856347131969176,27.482951475545292,431.76990914909175,456.15713367962536,0.0
0.259,9.647464663128954,-1.9674788991395813,10.0,0.0,28.01987598776362,27.5566069071215,455.33315264020126,456.15713367962536,0.0
0.26,9.479137039414915,-2.391490443735557,6.3213193069589995,0.0,28.216938239518917,27.252048511246844,461.96822735141933,456.15713367962536,0.0
0.261,9.058623321300757,-2.7275975958779486,2.9456710146320253,0.0,28.396570097800925,26.707690907665054,471.7395061774031,456.15713367962536,0.0
0.262,8.438051997407182,-2.9081936918847706,-2.09579212333763,0.0,28.52030750893589,25.7789854964634,478.44572500438653,456.15713367962536,0.0
0.263,7.553731265594751,-2.9245418391724427,-5.671787450076964,0.0,28.538792973078753,24.703649080194204,478.8629266733764,456.15713367962536,0.0
0.264,6.546106449139061,-2.7912282013116174,-6.1074462145094195,0.0,28.433068267542858,23.827527863638046,476.59023053222205,456.15713367962536,0.0
0.265,5.645792572991594,-2.6008316562658598,-5.175429112458201,0.0,28.2306934273285,23.22428304526553,472.0492536737975,456.15713367962536,0.0
0.266,4.965369218875649,-2.414844637735868,-3.0638618831876583,0.0,27.96967698271049,22.949920879099366,465.55145454703194,456.15713367962536,0.0
0.267,4.567186882756644,-2.2690832447939404,0.09109447152106842,0.0,27.693152082899353,23.039818635245194,458.65010649954155,456.15713367962536,0.0
0.268,4.485882123025866,-2.177701231581648,3.5168387670670995,0.0,27.44467504115998,23.4433181349675,450.9486987189615,456.15713367962536,0.0
0.269,4.693462235257464,-2.142820392727092,7.4196270069637595,0.0,27.25847258142489,24.153022384034024,446.7223616841346,456.15713367962536,0.0
0.27,5.185080327984865,-2.134660066063861,9.627143244332109,0.0,27.161311965025558,24.924932676854247,449.20862684709783,456.15713367962536,0.0
0.271,5.800671805638153,-2.144807390420424,8.453495731175781,0.0,27.152256248494037,25.395960608317047,436.759152891018,456.15713367962536,0.0
0.272,6.323886826593465,-2.073983334780914,10.0,0.0,27.18331677739804,25.94943438215409,424.83127007804256,456.15713367962536,0.0
0.273,6.933145949495328,-1.8894424261834815,10.0,0.0,27.24702737140601,26.37341543549993,423.7492468522289,456.15713367962536,0.0
0.274,7.484866240314318,-1.709428220677868,10.0,0.0,27.32880885782813,26.70677280215092,405.50573296566824,456.15713367962536,0.0
0.275,8.03820697169126,-1.4509670864769628,10.0,0.0,27.409117349566095,26.959622303235747,401.6062062754257,456.15713367962536,0.0
0.276,8.55666000977073,-1.1948334113191426,10.0,0.0,27.481089849313403,27.14372127651091,385.95228104586994,456.15713367962536,0.0
0.277,9.085046760719445,-0.8889556091370678,10.0,0.0,27.53318977492504,27.263669590209734,372.9435014384937,456.15713367962536,0.0
0.278,9.572616319622425,-0.6297706064311395,10.0,0.0,27.566622967069563,27.328484281129995,396.049742665363,456.15713367962536,0.0
0.279,9.754336635802069,-0.8415857337768955,10.0,0.0,27.629085823126754,27.375047282981942,405.7491687586954,456.15713367962536,0.0
0.28,9.806211559986696,-1.1717043275680563,10.0,0.0,27.72415358780699,27.419311231755913,420.2525132614869,456.15713367962536,0.0
0.281,9.736885726690934,-1.6074194297462712,10.0,0.0,27.85876844619829,27.476800153024886,434.7377116496823,456.15713367962536,0.0
0.28200000000000003,9.63152684004588,-2.0076456915201186,10.0,0.0,28.025338448650707,27.552897887204093,454.53946639924186,456.15713367962536,0.0
0.28300000000000003,9.442440777966922,-2.457662289098792,6.712004680626622,0.0,28.2283607873917,27.296109241041776,463.127603472739,456.15713367962536,0.0
0.28400000000000003,9.054642395492717,-2.773979053056845,2.348231445946917,0.0,28.415696705701976,26.678933552200135,473.88295484205287,456.15713367962536,0.0
0.28500000000000003,8.392171070273411,-2.9486721893875885,-3.2067024503342942,0.0,28.538634540653867,25.643797889778927,478.2703000593838,456.15713367962536,0.0
0.28600000000000003,7.4476631970563245,-2.9209002786125264,-5.621506722797359,0.0,28.54096318431987,24.611661598888595,478.8467939503612,456.15713367962536,0.0
0.28700000000000003,6.445154718728622,-2.776258603451282,-6.136650270993397,0.0,28.424212469370264,23.751284907760837,476.4396692316607,456.15713367962536,0.0
0.28800000000000003,5.5593656520344625,-2.580750446789496,-5.135913267163493,0.0,28.213039676321657,23.167915032707224,471.39832712426954,456.15713367962536,0.0
0.289,4.8987205984285165,-2.393836895240205,-2.767654147914369,0.0,27.94604176596873,22.93607906416292,464.7026115192272,456.15713367962536,0.0
0.29,4.534561807366203,-2.2514289140601935,0.49474887621077457,0.0,27.668764307382375,23.069359659379842,457.83061602466717,456.15713367962536,0.0
0.291,4.490208522323855,-2.167454445869363,3.9140118000403827,0.0,27.424729542487153,23.50631661404047,450.2625194721168,456.15713367962536,0.0
0.292,4.731319257334346,-2.136419617764564,7.75700621839064,0.0,27.24621986313789,24.236745439824162,446.97846498869245,456.15713367962536,0.0
0.293,5.245974198587994,-2.1319487818172926,9.490820147012155,0.0,27.15842259062877,24.974369066871628,449.6817031880133,456.15713367962536,0.0
0.294,5.854756768234459,-2.1327740338698424,8.203955352267865,0.0,27.153302894160568,25.408737804006776,434.66759624387277,456.15713367962536,0.0
0.295,6.363865881249568,-2.044336204531067,10.0,0.0,27.182395627304906,25.95967708024436,424.476474798919,456.15713367962536,0.0
0.296,6.973064272305171,-1.8503198255321318,10.0,0.0,27.243215591362084,26.37855052380935,421.97110605903094,456.15713367962536,0.0
0.297,7.521052258092876,-1.6761798968143742,10.0,0.0,27.322625675001067,26.70743192489746,404.4329389297108,456.15713367962536,0.0
0.298,8.08285069494099,-1.4076383665052585,10.0,0.0,27.399184721338145,26.955048246045244,398.9465916008427,456.15713367962536,0.0
0.299,8.596564554336661,-1.1631692279136612,10.0,0.0,27.4686433052143,27.134668299546902,385.6520547123996,456.15713367962536,0.0
0.3,9.13051042641806,-0.8522273577628248,10.0,0.0,27.517359121722325,27.24967529875102,379.2654107391966,456.15713367962536,0.0
0.301,9.605835599311186,-0.6162770149705286,10.0,0.0,27.54985893749433,27.31110686938811,392.1916958647259,456.15713367962536,0.0
0.302,9.756283401347023,-0.8719100097456796,10.0,0.0,27.615731061606034,27.357849258043668,409.00436424352716,456.15713367962536,0.0
0.303,9.796685384948542,-1.2132516648962888,10.0,0.0,27.71468146429092,27.40356488006903,420.1564931020435,456.15713367962536,0.0
0.304,9.721038646236613,-1.6504314698596319,10.0,0.0,27.85298475090433,27.463329141254675,437.09522614947184,456.15713367962536,0.0
0.305,9.611034868310055,-2.0490746011664043,10.0,0.0,28.022913081369072,27.54229125316791,455.0061676347347,456.15713367962536,0.0
0.306,9.414541671649953,-2.5026974289874775,6.463678460424076,0.0,28.229656869725915,27.261868831436274,464.3104967424588,456.15713367962536,0.0
0.307,9.01106992379505,-2.808193369777254,1.7299802759337046,0.0,28.41675236228257,26.58723640611275,474.66744124719276,456.15713367962536,0.0
0.308,8.31336841630449,-2.9615941295145136,-3.633595052108957,0.0,28.53149418721442,25.528832916682873,478.31728643527583,456.15713367962536,0.0
0.309,7.347584856985463,-2.915359011715899,-5.680119173706999,0.0,28.522301610154862,24.515521235043977,478.57000363551896,456.15713367962536,0.0
0.31,6.351968939779514,-2.7621777645479595,-6.030606473387499,0.0,28.396309536626894,23.684393017413633,476.03094054321923,456.15713367962536,0.0
0.311,5.48778562671262,-2.5654062522343324,-4.959812995873573,0.0,28.17969079480586,23.13017457498213,470.73469742817554,456.15713367962536,0.0
0.312,4.853381742495158,-2.3802637548289094,-2.4574670758372283,0.0,27.910914123332326,22.935408813173808,463.97252445128163,456.15713367962536,0.0
0.313,4.520580248611773,-2.2422820292442776,0.8454655048931627,0.0,27.636211977985056,23.101805210563942,457.07336693587615,456.15713367962536,0.0
0.314,4.505837403176029,-2.163973438962046,4.285881930033393,0.0,27.39838555923632,23.567801932697545,449.47449585270687,456.15713367962536,0.0
0.315,4.7738349590999904,-2.13690922127698,8.15214384988722,0.0,27.228747476533297,24.32467382806945,446.9031076412074,456.15713367962536,0.0
0.316,5.312313475269083,-2.1356671064817863,9.530378216021141,0.0,27.151894401187135,25.04528522549068,449.27765102191165,456.15713367962536,0.0
0.317,5.920163767367434,-2.1337102674482296,8.411901352246144,0.0,27.15458494197197,25.487856629989466,433.3424865209076,456.15713367962536,0.0
0.318,6.439791562141229,-2.0352733150186957,10.0,0.0,27.19045507275129,26.02123501350338,424.4107256607265,456.15713367962536,0.0
0.319,7.045079769655632,-1.8336280372436935,10.0,0.0,27.25487941777312,26.427596160387466,420.3256963768504,456.15713367962536,0.0
0.32,7.585005977091616,-1.6586992369401599,10.0,0.0,27.33627172772554,26.74642462634251,403.9483856366424,456.15713367962536,0.0
0.321,8.14778279886967,-1.3782746970612187,10.0,0.0,27.412310241894566,26.985003288376067,396.46606076063256,456.15713367962536,0.0
0.322,8.654876895531565,-1.1373486213107626,10.0,0.0,27.48090514791629,27.157175353208146,385.69450467217007,456.15713367962536,0.0
0.323,9.188430314852335,-0.8228058497330584,10.0,0.0,27.527667325703003,27.265369767000514,383.38224760663843,456.15713367962536,0.0
0.324,9.624945469963553,-0.6496782633467992,10.0,0.0,27.56467412030357,27.324739824323302,394.9843239372461,456.15713367962536,0.0
0.325,9.781093212351538,-0.8837966491169578,10.0,0.0,27.631401539474936,27.3690624552623,407.53334752264175,456.15713367962536,0.0
0.326,9.780685781304065,-1.2823822306283121,10.0,0.0,27.737391709931618,27.417231859863623,424.2254044837543,456.15713367962536,0.0
0.327,9.727810156189218,-1.6700945178107958,10.0,0.0,27.87626229957772,27.47699558550265,439.41873011988287,456.15713367962536,0.0
0.328,9.578461130553361,-2.125568616112079,10.0,0.0,28.05344723076443,27.560569634111182,452.7880513978445,456.15713367962536,0.0
0.329,9.405696141331514,-2.528972878708027,7.600899381725936,0.0,28.26109080159587,27.407114361525426,472.41192265083635,456.15713367962536,0.0
0.33,9.04281340627682,-2.8875499607397455,-2.3735841344820834,0.0,28.468033924483112,26.25475624364505,473.96286772930614,456.15713367962536,0.0
0.331,8.130195402091061,-2.9262561678962737,-3.3271140142137883,0.0,28.539718835260505,25.329943951342912,477.42626211983855,456.15713367962536,0.0
0.332,7.167535470038258,-2.8631041002424507,-5.271502493882128,0.0,28.50442023621646,24.39720035786648,478.1430448064269,456.15713367962536,0.0
0.333,6.218761112549427,-2.72419922292547,-5.849752948444301,0.0,28.364729121900833,23.604776178631372,475.4453469262632,456.15713367962536,0.0
0.334,5.396607797803191,-2.5380953596607205,-4.693786140828842,0.0,28.140682324907317,23.091513280318733,469.99779157107616,456.15713367962536,0.0
0.335,4.802267685136387,-2.362424973435839,-2.108415042149833,0.0,27.870251213929777,22.937159024162426,463.18932298061736,456.15713367962536,0.0
0.336,4.507693958979193,-2.2323051734969788,1.2254973600696477,0.0,27.59887131430336,23.138533444531976,456.26515873987563,456.15713367962536,0.0
0.337,4.525655995905485,-2.161568365715385,4.686499229838011,0.0,27.368286995819943,23.63508195323078,448.77704008053007,456.15713367962536,0.0
0.338,4.823940030531768,-2.1364539450355977,8.504359495501744,0.0,27.20836074185779,24.411640166297072,446.9972088810543,456.15713367962536,0.0
0.339,5.381985743228559,-2.139346121938094,9.485874343225344,0.0,27.14265221826456,25.105935775203093,448.74057763703036,456.15713367962536,0.0
0.34,5.981501093040082,-2.1353088317739153,8.688355525663262,0.0,27.15247108423415,25.566322521097817,431.80736421849946,456.15713367962536,0.0
0.341,6.51668737221823,-2.0249076179094048,10.0,0.0,27.195242977572818,26.08103322214122,424.9517320616452,456.15713367962536,0.0
0.342,7.1169093303649165,-1.8184845705788437,10.0,0.0,27.263606228614243,26.474761045066423,417.9489644164193,456.15713367962536,0.0
0.343,7.650319195090365,-1.6403889158188987,10.0,0.0,27.346979645293743,26.78327954526491,403.80623380355706,456.15713367962536,0.0
0.34400000000000003,8.213224108726981,-1.349106076102699,10.0,0.0,27.422607414503965,27.012698095258727,393.6448317753368,456.15713367962536,0.0
0.34500000000000003,8.7150417507215,-1.1091307125548286,10.0,0.0,27.49012980019945,27.177166675691158,385.9804794430598,456.15713367962536,0.0
0.34600000000000003,9.245628385039145,-0.794785484018372,10.0,0.0,27.53516858386509,27.278594283294893,379.7914313076437,456.15713367962536,0.0
0.34700000000000003,9.653984142454643,-0.6652331934990127,10.0,0.0,27.574738950252772,27.334769741532288,400.5583305609871,456.15713367962536,0.0
0.34800000000000003,9.776477510726535,-0.9445292514599244,10.0,0.0,27.64798791510632,27.37989397764896,409.4917698472343,456.15713367962536,0.0
0.34900000000000003,9.792067124585598,-1.303865689436173,10.0,0.0,27.755158454683965,27.42734076279754,426.21739102307873,456.15713367962536,0.0
0.35000000000000003,9.70045113776975,-1.7463447119067685,10.0,0.0,27.901435946910706,27.490993578077376,439.2866040107097,456.15713367962536,0.0
0.35100000000000003,9.575278668501939,-2.1502028595366776,10.0,0.0,28.079450577457333,27.575761672803182,460.98767541217364,456.15713367962536,0.0
0.352,9.375267637648067,-2.589585262338498,3.4255200485641293,0.0,28.292434037253784,26.967411115154377,465.79976293323057,456.15713367962536,0.0
0.353,8.796759789375539,-2.819866750478309,0.9230499954996141,0.0,28.444221234973078,26.293302805928818,474.48976688162116,456.15713367962536,0.0
0.354,8.052923734715169,-2.9261196158851583,-3.6052783107156428,0.0,28.522803882311237,25.304729521774618,478.7071409561806,456.15713367962536,0.0
0.355,7.111979064430505,-2.8780125061151174,-5.939465420760903,0.0,28.488316625771382,24.307460084911526,478.06519089754653,456.15713367962536,0.0
0.356,6.143597480484504,-2.7191335867047925,-5.837570963623088,0.0,28.34055554116177,23.538131654997592,474.94340119867024,456.15713367962536,0.0
0.357,5.331396204441834,-2.524028361847445,-4.464538789375395,0.0,28.110764936481527,23.060632878735195,469.34166918903117,456.15713367962536,0.0
0.358,4.7619063982430125,-2.3497968011308084,-1.7955181396499142,0.0,27.838989095212817,22.94228873527978,462.46874715060693,456.15713367962536,0.0
0.359,4.497961537678236,-2.223208861609534,1.5778267448523877,0.0,27.57037406598524,23.17631818944117,455.4947711314229,456.15713367962536,0.0
0.36,4.545068503984452,-2.157717611394056,5.071438379926423,0.0,27.346085326968087,23.70282581137745,448.11905993967804,456.15713367962536,0.0
0.361,4.8716577186655154,-2.134828626471872,8.839674713198331,0.0,27.19501334820699,24.498369933575706,447.2793621310352,456.15713367962536,0.0
0.362,5.448493236983895,-2.141948155150472,9.348301333005645,0.0,27.139615017545697,25.157332995655892,447.8074876434876,456.15713367962536,0.0
0.363,6.035995080191189,-2.132968789049633,9.167735037140828,0.0,27.154593900600673,25.66105451214911,430.6255866818287,456.15713367962536,0.0
0.364,6.59816274771689,-2.015631011697184,10.0,0.0,27.205629685151706,26.153293149175916,425.6493759655068,456.15713367962536,0.0
0.365,7.192574153564308,-1.8095400578299907,10.0,0.0,27.279289127798464,26.533325273358596,415.48484955892303,456.15713367962536,0.0
0.366,7.722424355885165,-1.623080935796906,10.0,0.0,27.365136244713835,26.83038072119086,404.08430301540676,456.15713367962536,0.0
0.367,8.28302591213671,-1.323042099482644,10.0,0.0,27.440964513946657,27.049947666766965,391.2078565204558,456.15713367962536,0.0
0.368,8.78099993728855,-1.0800530047975254,10.0,0.0,27.507438238761594,27.205969617504564,386.0634372441575,456.15713367962536,0.0
0.369,9.304787291951417,-0.7708920983047398,10.0,0.0,27.551288977401434,27.30039987688849,383.06789262550626,456.15713367962536,0.0
0.37,9.696948195680449,-0.6626871976867093,10.0,0.0,27.591386738112632,27.351872358334454,397.48237150598686,456.15713367962536,0.0
0.371,9.784587977077154,-0.9865470124806652,10.0,0.0,27.669328599530825,27.39648860079059,413.5004475343858,456.15713367962536,0.0
0.372,9.793403876147247,-1.345879617270346,10.0,0.0,27.780225887431726,27.444344054059187,426.1986211784142,456.15713367962536,0.0
0.373,9.692889999513719,-1.7916988117852377,10.0,0.0,27.930265777218146,27.509648376211402,441.55877933409573,456.15713367962536,0.0
0.374,9.562704402005869,-2.1929836659972337,10.0,0.0,28.111515252259316,27.596741532086575,462.09486893556937,456.15713367962536,0.0
0.375,9.353011787385059,-2.63858936511417,2.8715099586735295,0.0,28.328352873744635,26.93088074696563,467.22045337597746,456.15713367962536,0.0
0.376,8.74303724587168,-2.848184092731061,0.19808454150596333,0.0,28.475520017615995,26.195498180450418,475.5050835657855,456.15713367962536,0.0
0.377,7.957305776308946,-2.9296743987615868,-4.137710052259673,0.0,28.541300176835904,25.17849815006808,478.8639360235828,456.15713367962536,0.0
0.378,6.99219711756775,-2.8601960633568,-6.044204304597898,0.0,28.49034479714076,24.201724354592326,477.86590777505586,456.15713367962536,0.0
0.379,6.032231749195086,-2.6925666834652002,-5.76227792128872,0.0,28.32906312743352,23.463554349315608,474.4122865089037,456.15713367962536,0.0
0.38,5.244262855373687,-2.4978528353631493,-4.218018816505434,0.0,28.090350394677017,23.027199339925534,468.6698649432949,456.15713367962536,0.0
0.381,4.708765614366555,-2.3298667721018123,-1.4719353463377178,0.0,27.815342105779436,22.948260156442004,461.69808508622873,456.15713367962536,0.0
0.382,4.481679707212712,-2.2087236794692022,1.9585450681293324,0.0,27.5482948478663,23.219230550683623,454.67728742035735,456.15713367962536,0.0
0.383,4.562874136591094,-2.150178154892676,5.483742363657704,0.0,27.329820778391532,23.778663831770046,447.5693265223665,456.15713367962536,0.0
0.384,4.921843336174169,-2.1300556549775105,9.123600884225711,0.0,27.187509424227976,24.586764174447197,447.5384770139365,456.15713367962536,0.0
0.385,5.5151290982196315,-2.141810102535785,9.22521220509762,0.0,27.14173345397906,25.212930265701335,446.0562482651866,456.15713367962536,0.0
0.386,6.092595710406695,-2.1270083290026474,10.0,0.0,27.161405950316222,25.79852422531559,429.5094930388377,456.15713367962536,0.0
0.387,6.700886277056532,-2.0118876553305047,10.0,0.0,27.225155336612485,26.258640864443496,426.3554574119421,456.15713367962536,0.0
0.388,7.289712191375468,-1.8083630395328756,10.0,0.0,27.307304947190893,26.620432833379667,412.88373003919077,456.15713367962536,0.0
0.389,7.818409518612989,-1.6045092253399975,10.0,0.0,27.39703012020184,26.901992119627117,404.7187822807945,456.15713367962536,0.0
0.39,8.369248977089388,-1.301362811951717,10.0,0.0,27.474631137205655,27.109062627390884,389.34171432256767,456.15713367962536,0.0
0.391,8.865059864789577,-1.0475429672907235,10.0,0.0,27.54029038450664,27.254155383016403,385.15284391009016,456.15713367962536,0.0
0.392,9.375889350497834,-0.7497514245751584,10.0,0.0,27.583674111387975,27.340071653258562,390.02814073812493,456.15713367962536,0.0
0.393,9.728321869111312,-0.6991843990425588,10.0,0.0,27.62872663522397,27.388075386974236,398.5378404897109,456.15713367962536,0.0
0.394,9.808392323538762,-1.018979955386885,10.0,0.0,27.709757461501123,27.430500574901053,418.6131579661528,456.15713367962536,0.0
0.395,9.782132153149664,-1.4232082709079856,10.0,0.0,27.828194883087118,27.48047564994998,427.30736675100854,456.15713367962536,0.0
0.396,9.69793386972961,-1.82748063531559,10.0,0.0,27.98021374694905,27.54629616912495,449.95396258953934,456.15713367962536,0.0
0.397,9.53728828931484,-2.267736431045255,9.002992840274004,0.0,28.167998190228445,27.52789476621014,458.35834928094374,456.15713367962536,0.0
0.398,9.282620149763291,-2.661763053283571,4.778787338558621,0.0,28.374104419377367,27.101826453869883,470.5995675659792,456.15713367962536,0.0
0.399,8.765022517816693,-2.9192666536386374,-1.4862461428226537,0.0,28.541378324194024,26.146453025862343,477.88511326134096,456.15713367962536,0.0
0.4,7.897451645132537,-2.9605725085767505,-5.346298786320683,0.0,28.59835610376791,25.03164569484205,479.561799493237,456.15713367962536,0.0
0.401,6.861112383022139,-2.8421858650963476,-6.418688560404821,0.0,28.524719782950154,24.059976136272194,477.8482355664982,456.15713367962536,0.0
0.402,5.8869838042523766,-2.6519155011859197,-5.778817615904149,0.0,28.34153426476184,23.35601035415705,473.9272037498942,456.15713367962536,0.0
0.403,5.120138389168009,-2.452276038730258,-3.9960024083048378,0.0,28.086213082949836,22.968445271697085,467.8477838251979,456.15713367962536,0.0
0.404,4.624113312255303,-2.290642334289349,-1.0731989474124086,0.0,27.801884198209088,22.94467911223364,460.8328744431009,456.15713367962536,0.0
0.405,4.445544533665487,-2.179680280817182,2.387498336001345,0.0,27.533022097158536,23.26098766168481,453.6792161790319,456.15713367962536,0.0
0.406,4.571014340689289,-2.1315741213073314,5.989106643041755,0.0,27.318495004146786,23.864761720467584,447.00180704890755,456.15713367962536,0.0
0.40700000000000003,4.973507734709008,-2.1170116028296873,9.419364474411122,0.0,27.184677210877066,24.68499836717922,447.8601464168808,456.15713367962536,0.0
0.40800000000000003,5.587737801330214,-2.134504836698991,9.073164663051937,0.0,27.14833474251587,25.273904638941374,443.4108751477796,456.15713367962536,0.0
0.40900000000000003,6.155772099904126,-2.1128586461932453,10.0,0.0,27.171961134872696,25.849358449692154,426.84605236793425,456.15713367962536,0.0
0.41000000000000003,6.769214555824735,-1.9761712508454548,10.0,0.0,27.2359511174857,26.298562838068523,426.1232512928975,456.15713367962536,0.0
0.41100000000000003,7.349804010063296,-1.7773390564289275,10.0,0.0,27.317957873242715,26.651515370461535,410.2008891211932,456.15713367962536,0.0
0.41200000000000003,7.8863565775379385,-1.5569567492384089,10.0,0.0,27.404805474816534,26.9241584373111,404.7959342979439,456.15713367962536,0.0
0.41300000000000003,8.428734116502005,-1.2660061841148775,10.0,0.0,27.480431883826242,27.123925954021807,387.23691824728894,456.15713367962536,0.0
0.41400000000000003,8.933944322005509,-0.9972583198026571,10.0,0.0,27.54181964418294,27.26113001274667,383.1777958231291,456.15713367962536,0.0
0.41500000000000004,9.431036840578871,-0.7227866489461807,10.0,0.0,27.58328462922537,27.341124366646678,387.0998951593095,456.15713367962536,0.0
0.41600000000000004,9.740289372305034,-0.7409962663493972,10.0,0.0,27.633350325776465,27.388218930356775,402.91192550898893,456.15713367962536,0.0
0.417,9.799471499149115,-1.0845265977243557,10.0,0.0,27.720725149320696,27.4321930987154,416.6884922638338,456.15713367962536,0.0
0.418,9.785899671816294,-1.4533744992410245,10.0,0.0,27.84089787319943,27.482592054867624,431.66917415205495,456.15713367962536,0.0
0.419,9.666871306210714,-1.9043631801195744,10.0,0.0,28.000013496186988,27.55292578973579,445.4963910761149,456.15713367962536,0.0
0.42,9.52012420205062,-2.309235922171185,10.0,0.0,28.190277045179506,27.647089611217453,468.06785201103264,456.15713367962536,0.0
0.421,9.30435789452179,-2.7410406285150453,-0.14841725246533333,0.0,28.414380411698236,26.656804330465565,470.2373023386052,456.15713367962536,0.0
0.422,8.52087313271652,-2.8716089107004135,-1.3739441028414205,0.0,28.527089377466872,25.838659794147336,476.0850448343858,456.15713367962536,0.0
0.423,7.646622360542701,-2.886776483125186,-4.497094462279329,0.0,28.547075743171682,24.87064207432444,478.7146880589212,456.15713367962536,0.0
0.424,6.687783503850563,-2.7968258205972045,-6.037491618339966,0.0,28.458215451721404,23.95994234599643,477.07904885557116,456.15713367962536,0.0
0.425,5.77841295926368,-2.6261178305472135,-5.428891168424411,0.0,28.26929284430313,23.304218953745146,472.8930607425175,456.15713367962536,0.0
0.426,5.061767223870609,-2.4417483726830147,-3.503256382526499,0.0,28.015116597936984,22.970646787374136,466.7188108509113,456.15713367962536,0.0
0.427,4.614232807486602,-2.2908049583634473,-0.5217482084362759,0.0,27.73824067857384,22.995786092742875,459.89154100381796,456.15713367962536,0.0
0.428,4.4779922588790235,-2.1898402938707164,2.8545426418684796,0.0,27.481969602732907,23.342811903614045,452.5797744026284,456.15713367962536,0.0
0.429,4.634246129816139,-2.145993658065629,6.54619953523323,0.0,27.28221473226953,23.98327704429192,446.4589969469212,456.15713367962536,0.0
0.43,5.06841485959083,-2.1307085218397317,9.703569630413863,0.0,27.165238964293483,24.80391830382604,448.51974274868337,456.15713367962536,0.0
0.431,5.690915147925503,-2.1472950414047407,8.749570638842208,0.0,27.14400226758286,25.33015092616539,440.7436025550022,456.15713367962536,0.0
0.432,6.232163388008296,-2.1071506319141173,10.0,0.0,27.172930752537617,25.895411532717056,425.4413436924941,456.15713367962536,0.0
0.433,6.842702526782906,-1.9456414373954645,10.0,0.0,27.23812788234992,26.33278781063307,426.39550923351436,456.15713367962536,0.0
0.434,7.410597981434389,-1.7504902727323048,10.0,0.0,27.32069139080484,26.6765830651148,407.63853439814534,456.15713367962536,0.0
0.435,7.949148397812852,-1.5186019114581986,10.0,0.0,27.40582186576892,26.94069355373874,404.3064940909303,456.15713367962536,0.0
0.436,8.482191252081378,-1.2388403479594756,10.0,0.0,27.48039545372686,27.133656831190926,386.3241568749475,456.15713367962536,0.0
0.437,8.997345565493106,-0.9523075155070204,10.0,0.0,27.538087014699443,27.263444593761097,377.12701670558073,456.15713367962536,0.0
0.438,9.483538783583255,-0.6947150547272334,10.0,0.0,27.577518353470534,27.3376930253157,391.9442817864791,456.15713367962536,0.0
0.439,9.760719376373304,-0.7594544438893718,10.0,0.0,27.63012865893561,27.38283181456595,401.8811045660787,456.15713367962536,0.0
0.44,9.802704395001873,-1.119846633954504,10.0,0.0,27.720987559794743,27.42687120931645,418.09561126136435,456.15713367962536,0.0
0.441,9.773266264166752,-1.5042781728786894,10.0,0.0,27.84584805742403,27.479250599255955,433.63954994368675,456.15713367962536,0.0
0.442,9.647402366036559,-1.956095968220712,10.0,0.0,28.009316086382714,27.552428747450406,447.12672951434536,456.15713367962536,0.0
0.443,9.494118479243964,-2.3612860118451193,10.0,0.0,28.203807854110238,27.650238472287157,469.78967124864647,456.15713367962536,0.0
0.444,9.276223190483268,-2.785968595618621,-1.0223822803509819,0.0,28.431294601327526,26.567689993470147,471.584302239283,456.15713367962536,0.0
0.445,8.441039370475405,-2.892863422996658,-2.0739694612658113,0.0,28.53528943111523,25.700385537472684,476.2543146839854,456.15713367962536,0.0
0.446,7.528049962985941,-2.8800864467339133,-4.6099474936606235,0.0,28.53967991666174,24.753846294923232,478.5690650674674,456.15713367962536,0.0
0.447,6.571998895187581,-2.7785778171963798,-5.991441999280054,0.0,28.43793924991215,23.871831133272114,476.75930759417537,456.15713367962536,0.0
0.448,5.683773268954504,-2.6045752469449606,-5.292585001779528,0.0,28.240045937240133,23.24667694410005,472.31677498232193,456.15713367962536,0.0
0.449,4.994568784624301,-2.422046916957266,-3.2329151088797756,0.0,27.981088446321973,22.95075419783594,465.8882266414359,456.15713367962536,0.0
0.45,4.580324268392266,-2.2753131050939905,-0.11595186805486168,0.0,27.704118993864135,23.01947208661041,459.0172966028847,456.15713367962536,0.0
0.451,4.48099874640758,-2.1813790434753306,3.290911521988142,0.0,27.4528528668701,23.403989944014114,451.47859059842267,456.15713367962536,0.0
0.452,4.671352441284991,-2.1439965493627584,7.107049955031183,0.0,27.261992404579658,24.088703835055984,446.4286226950041,456.15713367962536,0.0
0.453,5.142977057115318,-2.1329551454001043,9.729319016586683,0.0,27.157848648127676,24.88617333241274,448.81432970120926,456.15713367962536,0.0
0.454,5.764110128607272,-2.148689092289035,8.609893553268261,0.0,27.145707365253976,25.380513621102224,437.96751515031275,456.15713367962536,0.0
0.455,6.297028243086987,-2.0892875891744143,10.0,0.0,27.177522734725095,25.935902054531226,424.9276495178396,456.15713367962536,0.0
0.456,6.906644657904178,-1.9118002793463913,10.0,0.0,27.242765821542072,26.363303492612022,424.4166416738206,456.15713367962536,0.0
0.457,7.461612472970585,-1.7279185545665312,10.0,0.0,27.32577262685792,26.699538800057297,406.5395983861665,456.15713367962536,0.0
0.458,8.009963184222029,-1.4761506499723014,10.0,0.0,27.408246630129145,26.95568235720264,403.07298230021416,456.15713367962536,0.0
0.459,8.531790231795858,-1.212589549232809,10.0,0.0,27.48161354675238,27.14254149083996,386.06990006725755,456.15713367962536,0.0
0.46,9.056090195277196,-0.9111897732750891,10.0,0.0,27.535811320729067,27.26559667726867,373.5890616734809,456.15713367962536,0.0
0.461,9.541801150070233,-0.6538148569321254,10.0,0.0,27.57159759291281,27.333580917059752,396.7701803825887,456.15713367962536,0.0
0.462,9.760493691706118,-0.8082103254474209,10.0,0.0,27.630160912557404,27.3791462900581,403.63803981029344,456.15713367962536,0.0
0.463,9.806155662002695,-1.152858875393103,10.0,0.0,27.723791823346232,27.42317556640479,421.03377660951736,456.15713367962536,0.0
0.464,9.74400275261631,-1.582579294245373,10.0,0.0,27.856285331265152,27.479458445931165,433.67779274336726,456.15713367962536,0.0
0.465,9.641964783117967,-1.9827903142604053,10.0,0.0,28.02088378435795,27.553965035847746,453.9107838847029,456.15713367962536,0.0
0.466,9.457398862975515,-2.4305408795616597,7.000580429645992,0.0,28.221723503116102,27.326826530863702,462.3879229790026,456.15713367962536,0.0
0.467,9.086995071974894,-2.7561155639997548,2.699702989502354,0.0,28.411101109135217,26.738282283350255,473.45077595130584,456.15713367962536,0.0
0.468,8.444757617755883,-2.943690163363515,-3.004659919366067,0.0,28.540063988886708,25.710001157670053,478.17016505377586,456.15713367962536,0.0
0.46900000000000003,7.509263125056133,-2.9247083594104817,-5.584484784342581,0.0,28.549338723666562,24.66718934612908,478.9373975050395,456.15713367962536,0.0
0.47000000000000003,6.501701777104548,-2.7843194347380376,-6.1959036482285335,0.0,28.438151840139895,23.789605166190185,476.61804653823845,456.15713367962536,0.0
0.47100000000000003,5.602772909499285,-2.5894553492128356,-5.2408372934141445,0.0,28.23029406681096,23.188638765518007,471.7938457047263,456.15713367962536,0.0
0.47200000000000003,4.926908576457966,-2.4004105747342903,-2.9851039969090927,0.0,27.964279146410306,22.93091901460607,465.1631329282055,456.15713367962536,0.0
0.47300000000000003,4.541816356844098,-2.2552022290718656,0.2401923988655028,0.0,27.685011272680438,23.04019651814251,458.23335304243193,456.15713367962536,0.0
0.47400000000000003,4.477068806948723,-2.167085444605901,3.684320148124237,0.0,27.436357173842577,23.460491880705398,450.5563096768211,456.15713367962536,0.0
0.47500000000000003,4.701123950927935,-2.134867583486681,7.578850070957687,0.0,27.251935224266333,24.182555769810627,446.7692076398404,456.15713367962536,0.0
0.47600000000000003,5.2056170985460755,-2.129665076201713,9.566280349845908,0.0,27.157911761368084,24.940389411698884,449.40231943410464,456.15713367962536,0.0
0.47700000000000004,5.820154877059432,-2.136396015312612,8.31727259516898,0.0,27.14986643732354,25.393217963144863,435.8084690223027,456.15713367962536,0.0
0.47800000000000004,6.336413771897789,-2.058895219069257,10.0,0.0,27.179316103850155,25.946906118472867,424.5924274254174,456.15713367962536,0.0
0.47900000000000004,6.946654481740679,-1.8704114444907538,10.0,0.0,27.24123141201572,26.369379261738104,422.9932797552615,456.15713367962536,0.0
0.48,7.497594883231588,-1.6933221067528565,10.0,0.0,27.32160751428587,26.701295584427797,404.87910192481695,456.15713367962536,0.0
0.481,8.055052764405195,-1.4311426659987347,10.0,0.0,27.400068793492387,26.952246922161347,400.47691859746027,456.15713367962536,0.0
0.482,8.571842166422835,-1.1804451409708632,10.0,0.0,27.4708241452061,27.134676998632,385.691827121524,456.15713367962536,0.0
0.483,9.102918175445039,-0.8725832045005305,10.0,0.0,27.52138913163403,27.25268913565468,375.0875114047075,456.15713367962536,0.0
0.484,9.589517537130646,-0.6165046883202753,10.0,0.0,27.553608815706315,27.31574138792269,394.03306432360864,456.15713367962536,0.0
0.485,9.751041125110271,-0.85871413585751,10.0,0.0,27.618115580989077,27.362808782310232,407.3492533177355,456.15713367962536,0.0
0.486,9.801772021369517,-1.1877777507622609,10.0,0.0,27.714653312346474,27.40765495107857,419.75914925832,456.15713367962536,0.0
0.487,9.728178314022063,-1.6267544629264212,10.0,0.0,27.851018689633968,27.46627289287662,436.035401541576,456.15713367962536,0.0
0.488,9.622325844477164,-2.0238107963563756,10.0,0.0,28.018895752928167,27.543573412800093,454.2182723821951,456.15713367962536,0.0
0.489,9.429105010485351,-2.4770602100198147,6.844089665646022,0.0,28.223602034053982,27.30297721732535,463.7167092590348,456.15713367962536,0.0
0.49,9.047992016589419,-2.793864085360046,2.019275471432068,0.0,28.414093999670513,26.64773103247929,474.39114646910923,456.15713367962536,0.0
0.491,8.366939019229122,-2.9591544458302,-3.5002832614999786,0.0,28.535026051139127,25.589260043769784,478.19942471015617,456.15713367962536,0.0
0.492,7.40544290616267,-2.9195030892978657,-5.624845292328754,0.0,28.53200324576665,24.56917716547996,478.67204695235256,456.15713367962536,0.0
0.493,6.405371475958576,-2.7702036824952607,-6.0863055461542235,0.0,28.411248011919483,23.721678183061133,476.2497763661634,456.15713367962536,0.0
0.494,5.528653411783399,-2.574152454657802,-5.076096679925032,0.0,28.197745762221047,23.149029426080165,471.1163508547282,456.15713367962536,0.0
0.495,4.878315750607907,-2.3876187552544996,-2.658976095958444,0.0,27.929770667138378,22.930846457489036,464.33812795643945,456.15713367962536,0.0
0.496,4.526104125927621,-2.2467431889899565,0.6483254104177814,0.0,27.65314380940979,23.079556138213547,457.43547548677947,456.15713367962536,0.0
0.497,4.494904222764473,-2.1649805071642034,4.086868227176232,0.0,27.411465466188332,23.53080873297357,449.9356283622898,456.15713367962536,0.0
0.498,4.748920892731517,-2.13562472497138,7.899006842594433,0.0,27.236668707542066,24.269464220735845,447.02878695286375,456.15713367962536,0.0
0.499,5.272240194267843,-2.1327709743244143,9.443711014575062,0.0,27.15319681878741,24.993545600151634,449.38281506032206,456.15713367962536,0.0
0.5,5.876758109863996,-2.131850465969351,8.33444014703894,0.0,27.150407538437214,25.43814103790139,433.92477939485104,456.15713367962536,0.0
0.501,6.393678245419352,-2.038671013391625,10.0,0.0,27.182116195197032,25.981486260587097,424.48676015027195,456.15713367962536,0.0
0.502,7.001736975697304,-1.8422532352979024,10.0,0.0,27.244314347484877,26.395294969175573,421.1685914790921,456.15713367962536,0.0
0.503,7.545960663338671,-1.6692620155886155,10.0,0.0,27.324608699015723,26.72015860379623,404.23321532259985,456.15713367962536,0.0
0.504,8.108943336230485,-1.3949528708883872,10.0,0.0,27.40091588513561,26.964079452966207,397.7604198667687,456.15713367962536,0.0
0.505,8.619270382377005,-1.15313494188175,10.0,0.0,27.470127556816777,27.140732787483984,385.7308816217737,456.15713367962536,0.0
0.506,9.153497059935436,-0.8400535817132369,10.0,0.0,27.518062624453123,27.25298029164813,382.06938321484614,456.15713367962536,0.0
0.507,9.614950199627454,-0.6263684381300063,10.0,0.0,27.552054383549788,27.31337897356896,392.2212057228176,456.15713367962536,0.0
0.508,9.766125011865258,-0.875715075099643,10.0,0.0,27.618251816431375,27.359122265258137,411.7341686369692,456.15713367962536,0.0
0.509,9.781255536464597,-1.2556865674678201,10.0,0.0,27.721707232984528,27.406758361483014,420.6115975793665,456.15713367962536,0.0
0.51,9.728329787050477,-1.6497527562782155,10.0,0.0,27.859128283350284,27.465949527422246,441.46250915252375,456.15713367962536,0.0
0.511,9.587875301870794,-2.096293986852171,10.0,0.0,28.033905218748444,27.547884417679775,451.58036861799866,456.15713367962536,0.0
0.512,9.413709524130644,-2.507951739266804,8.197177689032909,0.0,28.240214890092403,27.458546748944602,472.0447964700634,456.15713367962536,0.0
0.513,9.088753106839416,-2.8773213764201935,-2.1939128649038278,0.0,28.453473909991175,26.3077856245186,473.4483129202382,456.15713367962536,0.0
0.514,8.187680502837527,-2.925153896034164,-3.068582882397374,0.0,28.531898796243457,25.39699214040744,477.2220556841097,456.15713367962536,0.0
0.515,7.234177214073283,-2.8708186088939867,-5.166103484377966,0.0,28.504946638677872,24.459014563013763,478.2207182177512,456.15713367962536,0.0
0.516,6.28239620342082,-2.737459673465331,-5.886070596579971,0.0,28.372765809103697,23.649079229564602,475.67368881200736,456.15713367962536,0.0
0.517,5.446993496552792,-2.5521178849657766,-4.80772144503187,0.0,28.15375552176138,23.115113911944196,470.3311330788703,456.15713367962536,0.0
0.518,4.834650464947467,-2.374408169645924,-2.278183572455803,0.0,27.885555080591054,22.939113478227405,463.5800622795339,456.15713367962536,0.0
0.519,4.5203058952426725,-2.241238689577358,1.0231225412133353,0.0,27.613703094511727,23.12019580989458,456.7102869286438,456.15713367962536,0.0
0.52,4.519495459011033,-2.16677556560564,4.4524786841681765,0.0,27.380285291370868,23.597146526663863,449.1843172570559,456.15713367962536,0.0
0.521,4.799249897821293,-2.1395508104871177,8.28519168418783,0.0,27.215654248397687,24.359584167383314,447.1337861077404,456.15713367962536,0.0
0.522,5.343171091421269,-2.1401347619031883,9.400690734564446,0.0,27.14406655600073,25.056658918366843,448.78029381278856,456.15713367962536,0.0
0.523,5.939835912480126,-2.135158237477052,8.651205280708723,0.0,27.14879185074079,25.523075116203948,432.5929813732997,456.15713367962536,0.0
0.524,6.4727362200801695,-2.0322892716044825,10.0,0.0,27.18842041478883,26.046532111766513,424.8494749267174,456.15713367962536,0.0
0.525,7.0760046777319285,-1.8296220579962723,10.0,0.0,27.255167118150137,26.447087789719042,419.20704987752083,456.15713367962536,0.0
0.526,7.612215179621952,-1.654222870490452,10.0,0.0,27.338027480481013,26.761312099581055,403.94156282951354,456.15713367962536,0.0
0.527,8.175301185186067,-1.3676470364177096,10.0,0.0,27.414254887692067,26.9958226590968,395.14279988839945,456.15713367962536,0.0
0.528,8.678875581949193,-1.128048383974424,10.0,0.0,27.482820516705548,27.164742579793774,385.95087286636715,456.15713367962536,0.0
0.529,9.211131444725677,-0.8127918703360812,10.0,0.0,27.5291393449116,27.27011467038462,381.9446634617456,456.15713367962536,0.0
0.53,9.632021511624085,-0.663942227653262,10.0,0.0,27.568142603797398,27.32860608600592,398.5139975659477,456.15713367962536,0.0
0.531,9.785059184267977,-0.8983348149300339,10.0,0.0,27.63636635938402,27.372523442631827,407.4738311723786,456.15713367962536,0.0
0.532,9.784943752974046,-1.2908375919217603,10.0,0.0,27.742990854670897,27.42041451332258,425.7163761404473,456.15713367962536,0.0
0.533,9.72393505906928,-1.687704121982656,10.0,0.0,27.88347229803493,27.480888728489532,439.5124335866699,456.15713367962536,0.0
0.534,9.572590238849852,-2.1426947617672756,10.0,0.0,28.062033323654976,27.565401509761283,453.4469525921426,456.15713367962536,0.0
0.535,9.3984090740712,-2.5446119263115263,7.257623001722662,0.0,28.2708505065422,27.37530412558082,472.7306578772209,456.15713367962536,0.0
0.536,9.013749794978668,-2.8966904047399384,-2.5499648827924277,0.0,28.474485693704334,26.214258009845615,474.0837829398404,456.15713367962536,0.0
0.537,8.091888103087717,-2.9257238324741097,-3.4057939067043197,0.0,28.54132564284322,25.291172903932075,477.5339305217533,456.15713367962536,0.0
0.538,7.127589016814323,-2.8588337591918984,-5.344635666082056,0.0,28.50152484413847,24.359220282802504,478.08413908839265,456.15713367962536,0.0
0.539,6.1806321874086345,-2.7167017670407234,-5.839010003489406,0.0,28.357543244787436,23.576012344766287,475.2752702483161,456.15713367962536,0.0
0.54,5.3659009615826765,-2.5296052862148626,-4.625756949138029,0.0,28.13047971859855,23.0752794864981,469.7416687145282,456.15713367962536,0.0
0.541,4.782178433776376,-2.3551096843720547,-1.9948015325931205,0.0,27.858725707807285,22.93524829251471,462.892989172029,456.15713367962536,0.0
0.542,4.500259997615474,-2.226808020865727,1.3621796837324496,0.0,27.587775751729527,23.15017699918053,455.9490623436403,456.15713367962536,0.0
0.543,4.530422981824897,-2.1586096485463497,4.836223811286635,0.0,27.359194857606074,23.658955768815048,448.4989556815318,456.15713367962536,0.0
0.544,4.8403796594970085,-2.134868967954397,8.637858922321826,0.0,27.202420438716498,24.443644388310265,447.1794786106613,456.15713367962536,0.0
0.545,5.406288203026724,-2.140031179094814,9.387374008446717,0.0,27.14059757369675,25.11946663931884,448.0987214382269,456.15713367962536,0.0
0.546,5.99880565954975,-2.1337704425306647,9.008336717077903,0.0,27.151798917146383,25.612817291030527,431.38853294935274,456.15713367962536,0.0
0.547,6.5523773940481425,-2.022921747621149,10.0,0.0,27.199084442347818,26.11585862972154,425.4207017792657,456.15713367962536,0.0
0.548,7.150660236021445,-1.8177094852761435,10.0,0.0,27.270480686989362,26.50313235896229,416.98837500495034,456.15713367962536,0.0
0.549,7.681948106910991,-1.6364125721167926,10.0,0.0,27.355574142266736,26.806359502365,404.0039524777144,456.15713367962536,0.0
0.55,8.24384403131766,-1.3401804982398446,10.0,0.0,27.431708407361775,27.03127760397934,392.5646178062659,456.15713367962536,0.0
0.551,8.742744543387275,-1.0997708958622439,10.0,0.0,27.499238320585977,27.192057224858168,386.17645684563416,456.15713367962536,0.0
0.552,9.270476496191371,-0.7866473741456125,10.0,0.0,27.54405371321059,27.29045036528376,379.4999491944908,456.15713367962536,0.0
0.553,9.672377134251049,-0.6649365375999003,10.0,0.0,27.58396992381244,27.344553980270746,399.5216520278311,456.15713367962536,0.0
0.554,9.778180366599436,-0.9664025768622786,10.0,0.0,27.65968324753712,27.38961950564149,411.2690257278616,456.15713367962536,0.0
0.555,9.795024983953521,-1.3187260162395038,10.0,0.0,27.768072709365278,27.436954935262158,426.0262196949015,456.15713367962536,0.0
0.556,9.698603173689515,-1.764198866361263,10.0,0.0,27.915835547092314,27.50117061340616,440.14061482862644,456.15713367962536,0.0
0.557,9.571331725485136,-2.1670808853141006,10.0,0.0,28.09510596244464,27.586776648708295,461.45836960161546,456.15713367962536,0.0
0.558,9.367199355631046,-2.609312400824675,3.184658276702777,0.0,28.30962658630859,26.953243378654676,466.39699978165993,456.15713367962536,0.0
0.559,8.775061319114402,-2.8307920071814774,0.6129445256601969,0.0,28.459282262324905,26.252874262929385,474.91273715854277,456.15713367962536,0.0
0.56,8.013234282861417,-2.926726935822018,-3.832480197570397,0.0,28.532273505253965,25.252107637955987,478.76313335208533,456.15713367962536,0.0
0.561,7.061909298699506,-2.869804414521921,-5.983738291066279,0.0,28.490668134763357,24.263560134615872,477.98836009973166,456.15713367962536,0.0
0.562,6.097067083125001,-2.7074767914866875,-5.814663929090508,0.0,28.337081737666924,23.506436999184558,474.741277290909,456.15713367962536,0.0
0.5630000000000001,5.294631246642378,-2.5125151936569905,-4.376963960792017,0.0,28.103319167206095,23.04474331033718,469.0854499880571,456.15713367962536,0.0
0.5640000000000001,4.738890665097987,-2.340125543411987,-1.6783334724503902,0.0,27.829750239357956,22.941422192968087,462.19899317959505,456.15713367962536,0.0
0.5650000000000001,4.489044786526888,-2.216198360649247,1.7044763367809486,0.0,27.56129799895627,23.18812470951051,455.16478876855086,456.15713367962536,0.0
0.5660000000000001,4.54883800688487,-2.1530394923011196,5.231501991413786,0.0,27.338653030558323,23.728380761250726,447.8454670953022,456.15713367962536,0.0
0.5670000000000001,4.888391652294793,-2.1315662180682384,8.974279493881358,0.0,27.190567692692056,24.532029010910712,447.3079887667189,456.15713367962536,0.0
0.5680000000000001,5.473863173825615,-2.1407593456773064,9.33151010730207,0.0,27.13888169035775,25.181365163355395,447.26131899956744,456.15713367962536,0.0
0.5690000000000001,6.059435171191758,-2.13089870178823,9.443803137678376,0.0,27.156121301397445,25.710820823034396,430.2618983843594,456.15713367962536,0.0
0.5700000000000001,6.637171922226136,-2.0135877663640738,10.0,0.0,27.21177692084329,26.19141827976095,425.8504520956312,456.15713367962536,0.0
0.5710000000000001,7.22923480931548,-1.808196253252191,10.0,0.0,27.28850676692917,26.564610034066753,414.46681974932164,456.15713367962536,0.0
0.5720000000000001,7.758126988032954,-1.6160322585065092,10.0,0.0,27.375798679546122,26.855898086762526,404.25874960122576,456.15713367962536,0.0
0.5730000000000001,8.3158732920249,-1.313690657390533,10.0,0.0,27.452154269995656,27.070723353798478,390.4133196212322,456.15713367962536,0.0
0.5740000000000001,8.812747784258672,-1.0672456944682938,10.0,0.0,27.518271298193543,27.222622922069988,385.8348406150912,456.15713367962536,0.0
0.5750000000000001,9.332031402149973,-0.7619013794587008,10.0,0.0,27.561843155376962,27.31379178328843,385.9540850343878,456.15713367962536,0.0
0.5760000000000001,9.711910518535516,-0.6709854347300941,10.0,0.0,27.60322740219383,27.363607077479877,397.6286468289897,456.15713367962536,0.0
0.577,9.79266424506366,-0.9998843276879215,10.0,0.0,27.682542791420794,27.40749514817962,413.8717432166187,456.15713367962536,0.0
0.578,9.794489659478316,-1.3652436845625635,10.0,0.0,27.795215989121694,27.45553269241176,427.50640004392375,456.15713367962536,0.0
0.579,9.689418428194326,-1.8137551548989785,10.0,0.0,27.947108289643946,27.521609891576162,442.071979994852,456.15713367962536,0.0
0.58,9.555827990105609,-2.2160361479818644,10.0,0.0,28.13018487456618,27.60991283675326,463.6236409876853,456.15713367962536,0.0
0.581,9.345764034946805,-2.6574254354694307,2.094864733172054,0.0,28.34831410720672,26.859899397240383,467.8006967175067,456.15713367962536,0.0
0.582,8.691028133885249,-2.8482018028305616,-0.11009876211746228,0.0,28.486200580166745,26.113125902694467,475.49793902067654,456.15713367962536,0.0
0.583,7.8879538964326015,-2.915709980043825,-4.152127967112897,0.0,28.541139192196027,25.114035634411717,478.79626568489596,456.15713367962536,0.0
0.584,6.928187519788149,-2.844967844028197,-6.027682619275311,0.0,28.482218199460263,24.152001093528625,477.6628565461029,456.15713367962536,0.0
0.585,5.980455075554826,-2.678687887868025,-5.6760352785435515,0.0,28.315402478092306,23.432367566561602,474.1089565650749,456.15713367962536,0.0
0.586,5.208667740682745,-2.4870051850903043,-4.078603516884049,0.0,28.073882678420492,23.015636122923304,468.2534173545297,456.15713367962536,0.0
0.587,4.690206634151921,-2.323692567315009,-1.271796748360491,0.0,27.798794153424513,22.95851311897233,461.30952187497707,456.15713367962536,0.0
0.588,4.481999935866736,-2.2062922249469707,2.1486271094623035,0.0,27.53422126905031,23.24549024533818,454.2995124622081,456.15713367962536,0.0
0.589,4.578332182186663,-2.1512151196795255,5.672208028020959,0.0,27.319918907594378,23.818023419015205,447.3765750472983,456.15713367962536,0.0
0.59,4.9505951717335375,-2.1315780248102896,9.221482321799144,0.0,27.182690790268797,24.627071795922003,447.6805602092852,456.15713367962536,0.0
0.591,5.548072440529745,-2.1440007105362304,9.154255475509078,0.0,27.141653188745007,25.236604957703754,445.0585153035144,456.15713367962536,0.0
0.592,6.11887561370779,-2.1253665659526533,10.0,0.0,27.163498680790305,25.81797163295023,428.47878662132223,456.15713367962536,0.0
0.593,6.727641327023548,-2.0011599111463134,10.0,0.0,27.22781990057286,26.273672547898713,426.4480243109258,456.15713367962536,0.0
0.594,7.313707657224737,-1.7967780303182428,10.0,0.0,27.31003914952899,26.63185585414165,411.83723290213743,456.15713367962536,0.0
0.595,7.842880030418061,-1.5893318547500859,10.0,0.0,27.399079543709586,26.910094456906645,404.7462133349751,456.15713367962536,0.0
0.596,8.391708666980177,-1.288086224090757,10.0,0.0,27.475977201131776,27.1143338125233,388.52553059804615,456.15713367962536,0.0
0.597,8.889441401250945,-1.0306654802597133,10.0,0.0,27.540305202858587,27.25657668391634,384.39644032164654,456.15713367962536,0.0
0.598,9.396176188176307,-0.7395124785675717,10.0,0.0,27.582972068804196,27.340264569123676,390.54450944593816,456.15713367962536,0.0
0.599,9.732956843179618,-0.7138837993348215,10.0,0.0,27.629833411977295,27.387871828223734,399.19846917149295,456.15713367962536,0.0
0.6,9.809687494750413,-1.0347441495324041,10.0,0.0,27.712320272057163,27.43033193060834,418.1999882672519,456.15713367962536,0.0
0.601,9.775524325842998,-1.447776663598579,10.0,0.0,27.833029429412804,27.481319963858002,428.462065881981,456.15713367962536,0.0
0.602,9.69324203363821,-1.8443053233998281,10.0,0.0,27.98625430179531,27.547989529971712,449.45505074426023,456.15713367962536,0.0
0.603,9.525058021042708,-2.2931388079858053,9.257096799151272,0.0,28.176230040257398,27.5592726930824,459.2909072086586,456.15713367962536,0.0
0.604,9.286983459400972,-2.6844113729887606,4.307830831661753,0.0,28.386888168488795,27.075941250967492,471.95091230500975,456.15713367962536,0.0
0.605,8.739395345997064,-2.935356168688503,-2.180109502767663,0.0,28.55183854156252,26.0556819356329,477.5022265152484,456.15713367962536,0.0
0.606,7.83404630351719,-2.950033362882541,-5.169217536243229,0.0,28.59737298919974,24.984133622339858,479.4744771638097,456.15713367962536,0.0
0.607,6.808234421096522,-2.8313712359228367,-6.388516295365708,0.0,28.51799955483644,24.023847618612603,477.75669348181987,456.15713367962536,0.0
0.608,5.84546012519473,-2.642489333894991,-5.74562005239274,0.0,28.330944475583276,23.330211499864983,473.6866764149802,456.15713367962536,0.0
0.609,5.090018875643478,-2.443775968711182,-3.885906946326447,0.0,28.073261641230733,22.958843758796004,467.5108540674497,456.15713367962536,0.0
0.61,4.608249739773019,-2.2839425252423946,-0.9115329764394549,0.0,27.788615771076806,22.952868706475805,460.51675605833447,456.15713367962536,0.0
0.611,4.44490830158173,-2.1760863465177795,2.5419198043310782,0.0,27.521571137481242,23.28231250540046,453.29501846891384,456.15713367962536,0.0
0.612,4.583348524762409,-2.1302048319905507,6.181409751148506,0.0,27.310206942326943,23.901054988483505,446.80060595823966,456.15713367962536,0.0
0.613,4.999456797448302,-2.116480422552997,9.522181283699453,0.0,27.180802545103525,24.723489265091615,448.04806700840635,456.15713367962536,0.0
0.614,5.619346500581472,-2.134312315020967,8.979541425328298,0.0,27.148680767529108,25.293614789952443,442.4743109917787,456.15713367962536,0.0
0.615,6.18038032616641,-2.108305354946184,10.0,0.0,27.173744635665308,25.865677602584345,426.15579408903716,456.15713367962536,0.0
0.616,6.794450084890052,-1.9631882690528035,10.0,0.0,27.237805588403553,26.3108985998162,425.94393893058873,456.15713367962536,0.0
0.617,7.371010970655698,-1.7666856237954274,10.0,0.0,27.319818425471794,26.66072259275171,409.38318851604544,456.15713367962536,0.0
0.618,7.909724299133551,-1.5410114522084937,10.0,0.0,27.40575324570476,26.930272612825572,404.64482292794474,456.15713367962536,0.0
0.619,8.448769830810798,-1.2547437899882439,10.0,0.0,27.480816884793466,27.127553237715645,386.7616974007843,456.15713367962536,0.0
0.62,8.957917511818822,-0.9795398643678234,10.0,0.0,27.54069246726626,27.26199637443147,380.6642862065036,456.15713367962536,0.0
0.621,9.449292729643995,-0.7145694003972338,10.0,0.0,27.581630093382802,27.340022958572288,388.23477152397567,456.15713367962536,0.0
0.622,9.749058930318588,-0.7464981556891382,10.0,0.0,27.63243848302359,27.38628011701474,401.8638586885108,456.15713367962536,0.0
0.623,9.80057140810057,-1.0982928735544357,10.0,0.0,27.721169880956793,27.430323688027748,417.4358048163927,456.15713367962536,0.0
0.624,9.781415988390417,-1.4723236135007818,10.0,0.0,27.843057930413433,27.481458262678718,432.2796854139681,456.15713367962536,0.0
0.625,9.659488012540175,-1.9241363498208373,10.0,0.0,28.00382972598524,27.55288870795668,446.14101831403906,456.15713367962536,0.0
0.626,9.510455012271015,-2.3287878737747834,10.0,0.0,28.1956609267994,27.648427638535107,468.78888888668564,456.15713367962536,0.0
0.627,9.293124480534964,-2.759202911972852,-0.5164740194327937,0.0,28.421162039552243,26.619199682487803,470.6865605831879,456.15713367962536,0.0
0.628,8.488580881805486,-2.87898081695175,-1.61060413671954,0.0,28.53006166459076,25.78658155115616,476.17732522174714,456.15713367962536,0.0
0.629,7.601093494171336,-2.8841587867421725,-4.556188371420386,0.0,28.544181311619433,24.824620407469787,478.67141202300434,456.15713367962536,0.0
0.63,6.642683643791938,-2.789733953087258,-6.028374555482773,0.0,28.450254368176644,23.92433291462045,476.94060109390387,456.15713367962536,0.0
0.631,5.740892544588318,-2.6177055897602077,-5.370803765075323,0.0,28.257712498163777,23.281349047905817,472.6918284883252,456.15713367962536,0.0
0.632,5.035541757845417,-2.433544362319323,-3.4117644103729887,0.0,28.001588977095512,22.960898677524227,466.4202990530338,456.15713367962536,0.0
0.633,4.600034199423671,-2.2844231464675993,-0.37863134646135954,0.0,27.724471049626622,23.001787559116185,459.5395425018584,456.15713367962536,0.0
0.634,4.477420677896253,-2.1858341566929176,3.0279228409039867,0.0,27.469800226347115,23.364397801556922,452.14624779975753,456.15713367962536,0.0
0.635,4.647227631390362,-2.1446937564122557,6.7646790507531085,0.0,27.273317955506517,24.022352678535768,446.20137140773096,456.15713367962536,0.0
0.636,5.096389580807155,-2.1309824570647127,9.83667486948534,0.0,27.161182560522438,24.847706073793823,448.75889386179927,456.15713367962536,0.0
0.637,5.725113315893183,-2.1502878588269025,8.631896040629446,0.0,27.145056751749898,25.35139696930089,439.7848216571276,456.15713367962536,0.0
0.638,6.259283050641915,-2.102734808724222,10.0,0.0,27.17548872387638,25.91317398472782,425.21367081775384,456.15713367962536,0.0
0.639,6.868957134556499,-1.933727951756412,10.0,0.0,27.240939976567496,26.34641300434788,425.2606486336495,456.15713367962536,0.0
0.64,7.4305794655905135,-1.7437368538968818,10.0,0.0,27.323961053756623,26.687191531700456,407.4536527971088,456.15713367962536,0.0
0.641,7.973994513333203,-1.5017224720179865,10.0,0.0,27.408036204934014,26.948034882095317,404.31035333756404,456.15713367962536,0.0
0.642,8.503188099536949,-1.2268452290980685,10.0,0.0,27.481971823130745,27.138424268563448,385.9827882728101,456.15713367962536,0.0
0.643,9.019973708164285,-0.9373845658953863,10.0,0.0,27.53846091763153,27.26561379711748,375.8636633796762,456.15713367962536,0.0
0.644,9.505454609292915,-0.6807944225428977,10.0,0.0,27.57668974640089,27.33749823922831,394.19214551526704,456.15713367962536,0.0
0.645,9.763425095725458,-0.7746086432657471,10.0,0.0,27.631169602217433,27.382495175508694,402.3450011080935,456.15713367962536,0.0
0.646,9.804226455272467,-1.1330177089469338,10.0,0.0,27.723188021098068,27.42653195905685,423.7270249464631,456.15713367962536,0.0
0.647,9.761988696117964,-1.5353144237271192,10.0,0.0,27.85107682441445,27.48042107324072,431.3759791882406,456.15713367962536,0.0
0.648,9.646378159062069,-1.9652154075312476,10.0,0.0,28.014831799888256,27.554004937822445,451.09846146587046,456.15713367962536,0.0
0.649,9.490745413496999,-2.36931655975837,8.430892259113463,0.0,28.209721781179777,27.479967558637462,465.82310574797344,456.15713367962536,0.0
0.65,9.175064751999436,-2.774438598241523,0.9719103973784895,0.0,28.418241439134533,26.661194533427217,471.51965978166936,456.15713367962536,0.0
0.651,8.451836003810689,-2.9123078804717077,-2.0299918804899093,0.0,28.535146229433273,25.76592970027109,477.7961385346404,456.15713367962536,0.0
0.652,7.553494118898323,-2.9140209445847,-5.38462130552559,0.0,28.54964380161665,24.724476935343688,478.9640389611347,456.15713367962536,0.0
0.653,6.556086759640088,-2.7882238546510294,-6.1966405715878174,0.0,28.444691529555126,23.833574769780157,476.7152914357433,456.15713367962536,0.0
0.654,5.6513607910960655,-2.5988910764121025,-5.277848386453314,0.0,28.24157563343645,23.220000709539494,472.1377350645038,456.15713367962536,0.0
0.655,4.964400210745993,-2.4115912775080566,-3.1488762146823213,0.0,27.978704270808517,22.938989886907567,465.6304020933033,456.15713367962536,0.0
0.656,4.560674472901023,-2.2649723844358767,0.010057586781133665,0.0,27.69976388193129,23.02352623207876,458.7213638672595,456.15713367962536,0.0
0.657,4.474876942490367,-2.173252688826829,3.4389343979266798,0.0,27.44854818887262,23.4227024860232,451.0688476260683,456.15713367962536,0.0
0.658,4.678847064041941,-2.1384964509918882,7.316075379057861,0.0,27.259465701308528,24.125741596405536,446.561621343492,456.15713367962536,0.0
0.659,5.165869273010463,-2.1303300133070286,9.665643643707352,0.0,27.159044627772083,24.90771690452233,448.97536612232403,456.15713367962536,0.0
0.66,5.78502973961225,-2.1434458374175174,8.530588929864344,0.0,27.148387597429963,25.389863444068062,437.09601609944207,456.15713367962536,0.0
0.661,6.314061198273977,-2.0775488004609723,10.0,0.0,27.179631091770307,25.9437135356916,424.80893746768885,456.15713367962536,0.0
0.662,6.924299948173658,-1.8958096723603088,10.0,0.0,27.243802912117456,26.36877290898311,423.93060639424726,456.15713367962536,0.0
0.663,7.477386656713739,-1.7148161824365817,10.0,0.0,27.32597159514844,26.703006376539765,405.7940194488281,456.15713367962536,0.0
0.664,8.029207258105911,-1.4586758950536742,10.0,0.0,27.406981259919114,26.956863966576122,402.03460614162816,456.15713367962536,0.0
0.665,8.548688681895728,-1.2003542843871968,10.0,0.0,27.47942174291687,27.14181201348295,385.9721225460284,456.15713367962536,0.0
0.666,9.075896996083848,-0.895711357283286,10.0,0.0,27.532185476430765,27.262711203676076,372.77724076891917,456.15713367962536,0.0
0.667,9.562804293460069,-0.6371807808368657,10.0,0.0,27.566370821474514,27.32850912863178,396.5301055941845,456.15713367962536,0.0
0.668,9.755468037539268,-0.8320790812118561,10.0,0.0,27.627741543315178,27.374821856721336,404.99991937387796,456.15713367962536,0.0
0.669,9.805912712716387,-1.1658091317558528,10.0,0.0,27.72236778833682,27.419018107357303,420.4187530788246,456.15713367962536,0.0
0.67,9.738896453750662,-1.5994284575269342,10.0,0.0,27.856311859249278,27.47613359266986,434.3359114555653,456.15713367962536,0.0
0.671,9.634114424147862,-2.000418332139005,10.0,0.0,28.022345764551346,27.551787797209023,454.38877022397304,456.15713367962536,0.0
0.672,9.446788070496345,-2.4491245991696156,6.7572808656547325,0.0,28.22468949040439,27.29933894565217,462.8275594061529,456.15713367962536,0.0
0.673,9.06195867747238,-2.7672816960712012,2.471182017299534,0.0,28.4120641765053,26.693783639556788,473.6709556305896,456.15713367962536,0.0
0.674,8.406563785057319,-2.946041821983936,-3.1256543144284743,0.0,28.53662790626797,25.662975468909927,478.20990236951855,456.15713367962536,0.0
0.675,7.466239117787797,-2.9216722774430046,-5.6156553707918695,0.0,28.54118619483106,24.626654499896837,478.8374637893478,456.15713367962536,0.0
0.676,6.462195863921226,-2.7784728128028364,-6.156239381803719,0.0,28.426148311971517,23.760898737246304,476.45118829209576,456.15713367962536,0.0
0.677,5.5723682615261705,-2.583175402048,-5.1660421793024085,0.0,28.215987920596245,23.172382898684926,471.48872228438773,456.15713367962536,0.0
0.678,4.9066015206703835,-2.3967024877932293,-2.838125061496017,0.0,27.949432938041888,22.93220758124604,464.7417690625382,456.15713367962536,0.0
0.679,4.536415402202481,-2.252438423463212,0.4495051955996239,0.0,27.671511604065326,23.061817260020973,457.9240990237888,456.15713367962536,0.0
0.68,4.487408179090316,-2.168176126857448,3.840670561532681,0.0,27.426517159380577,23.4925146585601,450.3576094537558,456.15713367962536,0.0
0.681,4.723192740658531,-2.1367571598778414,7.681910588807884,0.0,27.24647843561651,24.21784124811415,446.8989184835427,456.15713367962536,0.0
0.682,5.233306436000566,-2.1315422071169725,9.503838225875274,0.0,27.15671678805037,24.960876285269112,449.6355753294928,456.15713367962536,0.0
0.683,5.8431890024296,-2.133429221840375,8.200725386401546,0.0,27.150494530103515,25.397084019885412,434.9927900720579,456.15713367962536,0.0
0.684,6.3519833427171655,-2.047995274935218,10.0,0.0,27.179098667106178,25.950131539368606,424.4695618445006,456.15713367962536,0.0
0.685,6.961556039069545,-1.8556077777136426,10.0,0.0,27.23983885713157,26.37077692127188,422.2881357971298,456.15713367962536,0.0
0.686,7.51084674102369,-1.6807679237853759,10.0,0.0,27.319261057384857,26.70110553373594,404.5209738939535,456.15713367962536,0.0
0.687,8.071572714677115,-1.4146612503441096,10.0,0.0,27.396250563319967,26.950156554896594,399.44087910162676,456.15713367962536,0.0
0.6880000000000001,8.586524373434672,-1.1685361936845178,10.0,0.0,27.466033531279482,27.130964001807882,385.61181529216066,456.15713367962536,0.0
0.6890000000000001,9.119792297370664,-0.8587188411295092,10.0,0.0,27.51530028891971,27.247159045778613,377.71381100824465,456.15713367962536,0.0
0.6900000000000001,9.6008176527676,-0.6131133499003762,10.0,0.0,27.547341444683354,27.309081151261992,392.51743120868076,456.15713367962536,0.0
0.6910000000000001,9.752603538069605,-0.8684525680015847,10.0,0.0,27.61291406432239,27.35612896794415,408.69335326086957,456.15713367962536,0.0
0.6920000000000001,9.79708578297894,-1.2050059208230668,10.0,0.0,27.71110168029509,27.401654076834983,419.7933527852328,456.15713367962536,0.0
0.6930000000000001,9.723104316666113,-1.6412004470463026,10.0,0.0,27.84863890991594,27.461028220177504,436.7819417646022,456.15713367962536,0.0
0.6940000000000001,9.614245989847332,-2.0397886397668206,10.0,0.0,28.017842586845973,27.53945327343481,454.58987434054967,456.15713367962536,0.0
0.6950000000000001,9.418721933742034,-2.493656968517698,6.654716724294836,0.0,28.223908035644136,27.27939409163519,464.08156894882643,456.15713367962536,0.0
0.6960000000000001,9.026314999091346,-2.8044264683041167,1.8296250674644465,0.0,28.413006983071522,26.609849645651607,474.57262134760504,456.15713367962536,0.0
0.6970000000000001,8.33442407201856,-2.962176261096739,-3.6000560086046534,0.0,28.530486373367133,25.549339469841314,478.24739539344813,456.15713367962536,0.0
0.6980000000000001,7.3690558043548435,-2.9175792433167156,-5.658345648664428,0.0,28.523683637168425,24.53378480116801,478.57897060810524,456.15713367962536,0.0
0.6990000000000001,6.371491764786104,-2.765486495792577,-6.04835162527778,0.0,28.3997214756724,23.69686592639122,476.0851398953269,456.15713367962536,0.0
0.7000000000000001,5.502691677796495,-2.5688323829191653,-5.000716331045629,0.0,28.184352617907457,23.135975034247334,470.85420279727333,456.15713367962536,0.0
0.7010000000000001,4.862582562116053,-2.3828986400907755,-2.5322184731953223,0.0,27.915945386122246,22.932418758817523,464.0889686392342,456.15713367962536,0.0
0.7020000000000001,4.5224784565168985,-2.2439001913849177,0.7710802562281422,0.0,27.640592758043212,23.092065629869353,457.17753249400425,456.15713367962536,0.0
0.7030000000000001,4.501558900815787,-2.1641962559966252,4.216594340699339,0.0,27.4013626314716,23.55308622307681,449.6448652112958,456.15713367962536,0.0
0.704,4.765100851014061,-2.1355164432637475,8.048050666736872,0.0,27.22979983683117,24.301887989246957,447.0574395826823,456.15713367962536,0.0
0.705,5.296956687218157,-2.1341647913552784,9.432760422013033,0.0,27.15041161468919,25.01678808667559,449.16920723199894,456.15713367962536,0.0
0.706,5.899399560510324,-2.132102598545358,8.446755861830987,0.0,27.150238899814273,25.46900159527428,433.40507695398816,456.15713367962536,0.0
0.707,6.4224461617885975,-2.035342204043532,10.0,0.0,27.184681785819613,26.005182684918324,424.5661054539635,456.15713367962536,0.0
0.708,7.029136843766901,-1.8364877189773372,10.0,0.0,27.248392102776553,26.414152003811985,420.4935214116576,456.15713367962536,0.0
0.709,7.570231717544239,-1.6633245735696907,10.0,0.0,27.329568918782982,26.735141893216237,404.08965266463673,456.15713367962536,0.0
0.71,8.133718380076026,-1.3841048824849618,10.0,0.0,27.40574450756396,26.97557789113999,396.75505565704367,456.15713367962536,0.0
0.711,8.64140817890154,-1.143598826658569,10.0,0.0,27.474682668029164,27.149376836903983,385.79877819556975,456.15713367962536,0.0
0.712,9.175277832182385,-0.8293101405131669,10.0,0.0,27.52194021210651,27.259040940265457,383.53015511906347,456.15713367962536,0.0
0.713,9.62278990491603,-0.6379507605887347,10.0,0.0,27.557531767182027,27.318576756230613,393.3372422256813,456.15713367962536,0.0
0.714,9.774412538824,-0.8820033705767023,10.0,0.0,27.624277129244433,27.36351477710427,408.6449874960353,456.15713367962536,0.0
0.715,9.779237367481468,-1.2747454860832996,10.0,0.0,27.72960286379381,27.411619027283574,422.8153277748582,456.15713367962536,0.0
0.716,9.727467281074482,-1.6629329814688203,10.0,0.0,27.86797965324353,27.471188383691217,439.64038570070244,456.15713367962536,0.0
0.717,9.581002156393096,-2.115703390429031,10.0,0.0,28.044398569420807,27.554231946253953,452.3734025315792,456.15713367962536,0.0
0.718,9.408836903265282,-2.5201975492855593,7.796720224624921,0.0,28.251446603621243,27.421725795484132,472.3243175328024,456.15713367962536,0.0
0.719,9.058945328410516,-2.8815379774210035,-2.3404091145184607,0.0,28.460241724830976,26.266890054362058,473.77762665871063,456.15713367962536,0.0
0.72,8.147958644823646,-2.9241851817463957,-3.243268607263424,0.0,28.53375154800198,25.347183768108653,477.2403264394634,456.15713367962536,0.0
0.721,7.1883907842031,-2.8638673205829477,-5.185450425238183,0.0,28.500878323459304,24.418630285580324,478.10098823807766,456.15713367962536,0.0
0.722,6.241567222672436,-2.7284421174171234,-5.835219870129842,0.0,28.364143479381468,23.622146921254384,475.4835411703985,456.15713367962536,0.0
0.723,5.416609904315446,-2.543962974108984,-4.719760411197991,0.0,28.142495329546577,23.102113713288638,470.1023789885741,456.15713367962536,0.0
0.724,4.816682707779039,-2.3681138892315885,-2.1686317733752887,0.0,27.87351006599516,22.939130985142587,463.3298782385674,456.15713367962536,0.0
0.725,4.514610559219037,-2.2369805416615116,1.1458911560386476,0.0,27.602458878600352,23.13186290368954,456.4261423462946,456.15713367962536,0.0
0.726,4.524827690886368,-2.1646064403496768,4.595069015508344,0.0,27.37113618413113,23.62033624092085,448.92343539348656,456.15713367962536,0.0
0.727,4.81544974193804,-2.138390062056682,8.418759474773765,0.0,27.209633032232837,24.391077892607584,447.1626795292444,456.15713367962536,0.0
0.728,5.367298042168474,-2.1406556107738153,9.389081948398669,0.0,27.141865734834866,25.07929653892707,448.4611942385707,456.15713367962536,0.0
0.729,5.961800241040981,-2.1349964077162955,8.816783988146037,0.0,27.14905186398514,25.559383831637103,432.1346573490817,456.15713367962536,0.0
0.73,6.504146992917734,-2.029498962661201,10.0,0.0,27.191979982565908,26.074344628179905,425.10753697744343,456.15713367962536,0.0
0.731,7.105604351833004,-1.8257643489701123,10.0,0.0,27.260755535887398,26.469533154846047,418.3824916524535,456.15713367962536,0.0
0.732,7.639496352713908,-1.648344713367496,10.0,0.0,27.344693572763994,26.77936683766998,403.9714521447283,456.15713367962536,0.0
0.733,8.202023040105459,-1.357723609758219,10.0,0.0,27.42102704919432,27.010071940294917,394.1542848051779,456.15713367962536,0.0
0.734,8.703719250230144,-1.1174940729325473,10.0,0.0,27.48927865022939,27.175778564060604,386.0815564794601,456.15713367962536,0.0
0.735,9.234418411734165,-0.8023921671274352,10.0,0.0,27.535016839267193,27.27837973988902,380.51297037313606,456.15713367962536,0.0
0.736,9.64641306707783,-0.666547860392571,10.0,0.0,27.57464947230128,27.33528219656561,400.7153582315078,456.15713367962536,0.0
0.737,9.783087279520128,-0.9237661856779145,10.0,0.0,27.645661546548357,27.37954345406275,408.26261337954674,456.15713367962536,0.0
0.738,9.789878520136632,-1.2999561281919023,10.0,0.0,27.752807249544126,27.42709949889148,428.2414136178807,456.15713367962536,0.0
0.739,9.704052033573287,-1.7353969156031175,10.0,0.0,27.898130573913292,27.490123335465054,438.16626899443906,456.15713367962536,0.0
0.74,9.57831471722143,-2.1423330128968177,10.0,0.0,28.07563251233109,27.574349960751253,461.4723344874596,456.15713367962536,0.0
0.741,9.387796318456713,-2.5671029278471487,3.1697147508623633,0.0,28.286462249107316,26.93627239064607,466.0213262994314,456.15713367962536,0.0
0.742,8.787686111987579,-2.8063679805870048,0.7965769186784009,0.0,28.43447271184729,26.25445018090413,473.71951062252,456.15713367962536,0.0
0.743,8.039853665358901,-2.9058982294966795,-3.228139012294837,0.0,28.50805558419174,25.312884331389625,478.41822467993455,456.15713367962536,0.0
0.744,7.120437271965178,-2.8707300639123847,-5.800106951005216,0.0,28.475259783646926,24.323821518919633,477.9085008645849,456.15713367962536,0.0
0.745,6.162579227394589,-2.7209148100457234,-5.7627587151799755,0.0,28.330709285640093,23.55638361393886,474.8857413722202,456.15713367962536,0.0
0.746,5.353601730253006,-2.530844379145718,-4.438665045923581,0.0,28.104460452075536,23.0759202151553,469.4080630250212,456.15713367962536,0.0
0.747,4.782025219996284,-2.35876296422752,-1.832335165778038,0.0,27.83576191065709,22.94911726417392,462.60291804006414,456.15713367962536,0.0
0.748,4.5113059323940385,-2.2320044949833986,1.5057794830961004,0.0,27.569030310814664,23.173317423257203,455.6703099190307,456.15713367962536,0.0
0.749,4.549718550431671,-2.164853389202414,4.976951781218781,0.0,27.345272849921344,23.689939631892507,448.26041650423196,456.15713367962536,0.0
0.75,4.866846225042637,-2.140418659272553,8.760865660372072,0.0,27.19353704674642,24.479542759273762,447.2449815657836,456.15713367962536,0.0
0.751,5.436967356141536,-2.1456203886809573,9.357704650734682,0.0,27.13675167416134,25.143283096072985,448.01403591794315,456.15713367962536,0.0
0.752,6.024275994016382,-2.136542452425616,9.054608452271719,0.0,27.15096828223251,25.636759151343966,430.9064354761284,456.15713367962536,0.0
0.753,6.578799388271795,-2.0200795104889733,10.0,0.0,27.200390690773194,26.134208807140382,425.5345906061704,456.15713367962536,0.0
0.754,7.1738347013043455,-1.813484818204196,10.0,0.0,27.273055037307472,26.517493172242894,416.1345072681951,456.15713367962536,0.0
0.755,7.703644196285198,-1.6294071153025595,10.0,0.0,27.35859878530226,26.817386844171033,404.0229247363438,456.15713367962536,0.0
0.756,8.264747772983748,-1.330834478081305,10.0,0.0,27.43457531262505,27.03942222521879,391.7607892255388,456.15713367962536,0.0
0.757,8.7629031793177,-1.0892480921771812,10.0,0.0,27.5015689492431,27.197665661964308,386.1009272530955,456.15713367962536,0.0
0.758,9.288495734923396,-0.7782070960338923,10.0,0.0,27.545888920157175,27.29395049164379,381.4679026226233,456.15713367962536,0.0
0.759,9.68579202050905,-0.6626467572945338,10.0,0.0,27.58580414964789,27.346592169588366,397.8824475805445,456.15713367962536,0.0
0.76,9.780509837140034,-0.9783407165475848,10.0,0.0,27.662873962889233,27.391515205714004,412.8676647785606,456.15713367962536,0.0
0.761,9.794042256221125,-1.3327805037291212,10.0,0.0,27.772560535416442,27.439111531618607,425.7282843366938,456.15713367962536,0.0
0.762,9.695117978957876,-1.7788603883275402,10.0,0.0,27.921562472715397,27.503933876875234,440.83009114944,456.15713367962536,0.0
0.763,9.566755085473066,-2.1800316503022152,10.0,0.0,28.10181449078135,27.5903048568468,461.71693434151456,456.15713367962536,0.0
0.764,9.3591516606274,-2.6249267161211485,3.0560195014377562,0.0,28.3176051496582,26.94377883358412,466.8257015918299,456.15713367962536,0.0
0.765,8.759616689814253,-2.8409820388289346,0.39495019715804247,0.0,28.46648127516076,26.224079472591242,475.2281079886632,456.15713367962536,0.0
0.766,7.985244574585869,-2.9294535329950877,-3.996962744349,0.0,28.536071163144978,25.213923512691927,478.79803979470756,456.15713367962536,0.0
0.767,7.026137798399784,-2.8657104286300457,-6.0083377085219905,0.0,28.489790009919027,24.232168045165174,477.91996619109716,456.15713367962536,0.0
0.768,6.063988495665862,-2.7004019479557813,-5.7869292318315075,0.0,28.332414923432474,23.484674046685075,474.5663895656235,456.15713367962536,0.0
0.769,5.268923160243515,-2.505419017514355,-4.294233477954671,0.0,28.096232908204748,23.036010081432977,468.8810476641475,456.15713367962536,0.0
0.77,4.723934206802977,-2.334502751712116,-1.5788016670618816,0.0,27.821951738040767,22.944362984367007,461.98175300642225,456.15713367962536,0.0
0.771,4.485050777427081,-2.2122398715747154,1.812599468532774,0.0,27.554194221029483,23.201179574494656,454.91095641006046,456.15713367962536,0.0
0.772,4.55467581187208,-2.150693168681545,5.360459539409317,0.0,27.333346606215233,23.75184176226619,447.6556351260372,456.15713367962536,0.0
0.773,4.904122251809403,-2.1299275031308404,9.073135166956817,0.0,27.1879812154779,24.560525830051922,447.40211401457816,456.15713367962536,0.0
0.774,5.495013953511693,-2.141100369957991,9.287445919336822,0.0,27.13945744259937,25.198748755683805,446.6894427066482,456.15713367962536,0.0
0.775,6.077431390463378,-2.1289040413050517,9.73845848303157,0.0,27.15815501475179,25.75760828489962,429.94808102964066,456.15713367962536,0.0
0.776,6.671396406463477,-2.013005093116939,10.0,0.0,27.218241861596383,26.227199082248177,426.07827512563904,456.15713367962536,0.0
0.777,7.261720666426432,-1.8085182225133947,10.0,0.0,27.297944537206877,26.59422805094072,413.63228273040875,456.15713367962536,0.0
0.778,7.790154864340547,-1.6105101431470752,10.0,0.0,27.386643822101306,26.88029987115415,404.47107419378744,456.15713367962536,0.0
0.779,8.344386515014254,-1.307305433769741,10.0,0.0,27.463707923289782,27.09095329824069,389.8183816344505,456.15713367962536,0.0
0.78,8.840527931680807,-1.0570396563801694,10.0,0.0,27.529633768648996,27.239214553410854,385.5036588446756,456.15713367962536,0.0
0.781,9.355366794848734,-0.7555028184319776,10.0,0.0,27.573126760588906,27.327571406818116,388.58596032854905,456.15713367962536,0.0
0.782,9.722069562576412,-0.6835920037641858,10.0,0.0,27.616211317441557,27.37625295826028,397.93575123901695,456.15713367962536,0.0
0.783,9.801004102616131,-1.0099591880296725,10.0,0.0,27.696475072169065,27.4193590385164,414.4904974793905,456.15713367962536,0.0
0.784,9.794553618934547,-1.3842811101137191,10.0,0.0,27.81093479903601,27.467679784825023,428.4162936277186,456.15713367962536,0.0
0.785,9.688241733507802,-1.8305140229543917,10.0,0.0,27.964123029038756,27.534244231749604,442.8064648403302,456.15713367962536,0.0
0.786,9.550986982277541,-2.2348198837997093,10.0,0.0,28.148660196298255,27.62350596076307,464.68525486582064,456.15713367962536,0.0
0.787,9.339840267955465,-2.6740217526594874,1.5611254932565277,0.0,28.367938966699292,26.815872628922474,468.3415238406371,456.15713367962536,0.0
0.788,8.65447182673181,-2.8509588306298257,-0.3888528957618096,0.0,28.499597586764295,26.054100690972856,475.6478111516937,456.15713367962536,0.0
0.789,7.835544774000834,-2.907110216839464,-4.236903326010804,0.0,28.546320432731196,25.061114336775645,478.80421491757886,456.15713367962536,0.0
0.79,6.875503851913863,-2.8326787371764763,-6.041576021332918,0.0,28.480323382056657,24.109480641314175,477.5366302108324,456.15713367962536,0.0
0.791,5.9354792142991135,-2.666096617362207,-5.621578633271765,0.0,28.308182948520482,23.404459350888093,473.872870167036,456.15713367962536,0.0
0.792,5.17617982615475,-2.476139362750205,-3.966855976247671,0.0,28.063524952486144,23.004668350862776,467.9727277768406,456.15713367962536,0.0
0.793,4.672467047235404,-2.3160135435366334,-1.134940722122117,0.0,27.78763938848533,22.963169514419807,461.03984179761267,456.15713367962536,0.0
0.794,4.478621978571377,-2.201961623062253,2.2826751863119767,0.0,27.52424804418026,23.262136432371396,453.976269363616,456.15713367962536,0.0
0.795,4.587004007628773,-2.149275697938024,5.836270046470412,0.0,27.312437593541937,23.847726325747466,447.18950511736625,456.15713367962536,0.0
0.796,4.971418807935062,-2.130667769149306,9.31932845521787,0.0,27.178847164389527,24.6599748533396,447.77851488129585,456.15713367962536,0.0
0.797,5.574306656758832,-2.144294401794146,9.108609761236366,0.0,27.141525639790395,25.257156329464294,444.23323547801607,456.15713367962536,0.0
0.798,6.141152576378863,-2.1229710431743927,10.0,0.0,27.16517257948903,25.834723446050447,427.6148663485618,456.15713367962536,0.0
0.799,6.750588244625752,-1.991655082455166,10.0,0.0,27.229980014783493,26.286615178249267,426.35399117981046,456.15713367962536,0.0
0.8,7.332537547801668,-1.78980765614486,10.0,0.0,27.312605822481444,26.64187841409076,410.95996788240853,456.15713367962536,0.0
0.801,7.865327501477054,-1.5742908689948538,10.0,0.0,27.400807000670365,26.917090505245376,404.8861722464115,456.15713367962536,0.0
0.802,8.410033369123271,-1.2784017068361577,10.0,0.0,27.477316630189897,27.119011759199083,387.8275597316634,456.15713367962536,0.0
0.803,8.911100774965888,-1.01516982294745,10.0,0.0,27.54037080654667,27.258721494743153,384.05486331439386,456.15713367962536,0.0
0.804,9.413384559330947,-0.73116222640388,10.0,0.0,27.582482022041276,27.340525132146755,387.52378977090166,456.15713367962536,0.0
0.805,9.732748825351857,-0.7335902495996338,10.0,0.0,27.631669638243736,27.388252295940806,400.0231847765499,456.15713367962536,0.0
0.806,9.804616269311257,-1.0594861346183437,10.0,0.0,27.71653547632546,27.431413728800386,415.83815011981596,456.15713367962536,0.0
0.807,9.790227388882009,-1.4334571474145754,10.0,0.0,27.835108726442375,27.481047053468977,431.08009561697327,456.15713367962536,0.0
0.808,9.673313749512394,-1.8852331625530856,10.0,0.0,27.992743635551733,27.550290982208782,444.8320993818212,456.15713367962536,0.0
0.809,9.529186722217624,-2.2897646532765554,10.0,0.0,28.18152015045233,27.64305884559426,467.5009057915308,456.15713367962536,0.0
0.81,9.31575408846258,-2.721453127463633,0.13633747809030528,0.0,28.404136217454752,26.682461016161298,469.7586670511074,456.15713367962536,0.0
0.811,8.547982293965603,-2.8621348909387794,-1.128558485412828,0.0,28.51958900405403,25.882003216662728,475.83050291811793,456.15713367962536,0.0
0.812,7.687609295456937,-2.8868812797344217,-4.361210111303015,0.0,28.544766017176304,24.917157068452052,478.6775382202144,456.15713367962536,0.0
0.8130000000000001,6.733190952271739,-2.8036870173540596,-6.009931807757134,0.0,28.46154188141548,23.9986626537889,477.1083818181544,456.15713367962536,0.0
0.8140000000000001,5.818371294571338,-2.6370315221759393,-5.434866088112423,0.0,28.27729055591864,23.33452569205664,473.09661732063194,456.15713367962536,0.0
0.8150000000000001,5.094038227106301,-2.452570546311185,-3.5983786757612632,0.0,28.026426514404903,22.98516869295424,467.04926089593937,456.15713367962536,0.0
0.8160000000000001,4.633559127006794,-2.299874531212618,-0.6836217355781198,0.0,27.750761225230114,22.991328749243642,460.24422839805226,456.15713367962536,0.0
0.8170000000000001,4.481635397455123,-2.195473421435018,2.6780235661811664,0.0,27.493321308677185,23.322046504028002,453.00232442510605,456.15713367962536,0.0
0.8180000000000001,4.623114134454637,-2.1482796596438734,6.330523645199462,0.0,27.290549856558748,23.945025148987597,446.6728019766895,456.15713367962536,0.0
0.8190000000000001,5.041744882340505,-2.13116898778569,9.590128186437084,0.0,27.16894317786162,24.762825688087887,448.3080419435293,456.15713367962536,0.0
0.8200000000000001,5.659109008198178,-2.1445554104875075,8.850999120378155,0.0,27.14292083416002,25.309061516364096,441.8891459827194,456.15713367962536,0.0
0.8210000000000001,6.206052815736222,-2.111716617427688,10.0,0.0,27.170378176192585,25.877862737290897,425.82351167453675,456.15713367962536,0.0
0.8220000000000001,6.816305906548272,-1.9587604618183982,10.0,0.0,27.235473116928162,26.319381159618118,425.8761853595622,456.15713367962536,0.0
0.8230000000000001,7.387977595186027,-1.7621944313211162,10.0,0.0,27.3181177040243,26.666475878944137,408.8378979667569,456.15713367962536,0.0
0.8240000000000001,7.926330339450526,-1.5327795966017685,10.0,0.0,27.403937332829273,26.933623500064463,404.50979694118365,456.15713367962536,0.0
0.8250000000000001,8.462446023153177,-1.2488408066485934,10.0,0.0,27.478950642318107,27.129049124188594,386.5182147716804,456.15713367962536,0.0
0.8260000000000001,8.973401266835232,-0.9693773920599462,10.0,0.0,27.53810359556527,27.2615895968812,379.3181696952389,456.15713367962536,0.0
0.8270000000000001,9.461948317943925,-0.7081914077955317,10.0,0.0,27.578659476633764,27.338160694444138,389.6844268057341,456.15713367962536,0.0
0.8280000000000001,9.754365128131935,-0.7502646891660503,10.0,0.0,27.630056800145113,27.383849891748028,401.5143796062319,456.15713367962536,0.0
0.8290000000000001,9.801519787776824,-1.1062086556356734,10.0,0.0,27.719616414533675,27.427847057213597,418.3189720204979,456.15713367962536,0.0
0.8300000000000001,9.77885444038838,-1.4833049042945166,10.0,0.0,27.84254093171771,27.479365202380645,432.2922567388482,456.15713367962536,0.0
0.8310000000000001,9.654696181676291,-1.9362351378304699,10.0,0.0,28.004376174902404,27.551454739733853,446.5850097155587,456.15713367962536,0.0
0.8320000000000001,9.504974095142977,-2.33940339277843,10.0,0.0,28.19705605321288,27.647746694601743,468.98088330792547,456.15713367962536,0.0
0.833,9.284987098532081,-2.7718928829832596,-0.6133566223403157,0.0,28.42363930055213,26.60890956211832,470.90896156587667,456.15713367962536,0.0
0.834,8.475602589065485,-2.886352619465678,-1.7249140301784287,0.0,28.531946186020136,25.767309145053602,476.36676211111967,456.15713367962536,0.0
0.835,7.581572987199824,-2.8868464565942205,-4.655910587114874,0.0,28.5441720659542,24.799654822168073,478.70452299622013,456.15713367962536,0.0
0.836,6.619028786637494,-2.7875781203342935,-6.050264922831053,0.0,28.44748547024641,23.902859074248294,476.87841620353447,456.15713367962536,0.0
0.837,5.718880449034363,-2.6130420417120472,-5.344424351727312,0.0,28.252581674031582,23.267051122859,472.5578725251973,456.15713367962536,0.0
0.838,5.018934102574047,-2.4285234333237558,-3.348159901014445,0.0,27.995035776162815,22.95585688558915,466.2330379394564,456.15713367962536,0.0
0.839,4.591148464415866,-2.2802335791204547,-0.28650165074229683,0.0,27.71765834647546,23.006904202014994,459.34276036050534,456.15713367962536,0.0
0.84,4.477200651053914,-2.183261166434562,3.126780871924425,0.0,27.46393932454601,23.378209941908384,451.89360175815153,456.15713367962536,0.0
0.841,4.655049758031064,-2.143612620219658,6.893995492316066,0.0,27.26933116284207,24.046571108734792,446.2702598285987,456.15713367962536,0.0
0.842,5.113075638101578,-2.1309727096484563,9.804535195602757,0.0,27.160026029290478,24.862518208127792,448.7669061458531,456.15713367962536,0.0
0.843,5.739480200233425,-2.149571666002564,8.630114312313264,0.0,27.145418403338006,25.363324146997833,439.0458579741116,456.15713367962536,0.0
0.844,6.273840419520478,-2.0977072819333196,10.0,0.0,27.176461062056628,25.922504785363806,425.0913203695949,456.15713367962536,0.0
0.845,6.883802444424642,-1.9252141892069332,10.0,0.0,27.24186192238077,26.35342054834158,424.87390899788966,456.15713367962536,0.0
0.846,7.442698125897932,-1.7378595077109678,10.0,0.0,27.32493018893298,26.69240591634097,407.1406704458053,456.15713367962536,0.0
0.847,7.988149976310751,-1.4918265567572013,10.0,0.0,27.408400087839976,26.951388827464974,404.1609542602605,456.15713367962536,0.0
0.848,8.514787295223998,-1.220757226097597,10.0,0.0,27.482063991105633,27.14034485079094,385.89045645413705,456.15713367962536,0.0
0.849,9.033878180763992,-0.9275916285879062,10.0,0.0,27.53771958395786,27.26593803789061,374.82367062247795,456.15713367962536,0.0
0.85,9.51881389418647,-0.6717955633926596,10.0,0.0,27.575163025038453,27.33638544594446,395.4581966372584,456.15713367962536,0.0
0.851,9.762993642933958,-0.786755346146927,10.0,0.0,27.631110399571284,27.381522042072987,402.73366997307255,456.15713367962536,0.0
0.852,9.805197217447029,-1.140535520589896,10.0,0.0,27.723742917624868,27.425539120332974,422.6791995704354,456.15713367962536,0.0
0.853,9.75078831509501,-1.5613675706516443,10.0,0.0,27.85426761546146,27.48082475757619,431.95897392720883,456.15713367962536,0.0
0.854,9.64777811680278,-1.9671498176673974,10.0,0.0,28.017696133909833,27.55442133366736,455.1601119227146,456.15713367962536,0.0
0.855,9.472625658674168,-2.402420667304576,6.360959566208104,0.0,28.215963429112414,27.254943324688362,461.4527280565957,456.15713367962536,0.0
0.856,9.060673407349277,-2.728026998025367,3.161695555497852,0.0,28.395920181779758,26.733274432351777,471.9779820384119,456.15713367962536,0.0
0.857,8.449276973247896,-2.917570282181552,-2.259139918998116,0.0,28.523308067896675,25.78060292766603,478.5125224231188,456.15713367962536,0.0
0.858,7.55675072116336,-2.928804881108596,-5.749963998786515,0.0,28.542030387973746,24.698218991417058,478.90246174837404,456.15713367962536,0.0
0.859,6.542699816766188,-2.7914930036155567,-6.172386942101615,0.0,28.435425429904697,23.81700773479677,476.5704528322684,456.15713367962536,0.0
0.86,5.638040141489643,-2.598047195569263,-5.210515675575234,0.0,28.231453921870365,23.212659232019103,471.97579065534444,456.15713367962536,0.0
0.861,4.95621514172043,-2.4104846354555445,-3.0713711568704376,0.0,27.96874729082965,22.93998976632988,465.4505176072678,456.15713367962536,0.0
0.862,4.5590571354346,-2.2645267429963525,0.0983315278914656,0.0,27.690864633754725,23.032461564936025,458.53680858220827,456.15713367962536,0.0
0.863,4.479977179227252,-2.173714657210091,3.5313892913953957,0.0,27.441487671736002,23.438564460231824,450.82286108004286,456.15713367962536,0.0
0.864,4.690080184531161,-2.1397026500481533,7.441705768473926,0.0,27.254825495518773,24.151021474494254,446.65624768283914,456.15713367962536,0.0
0.865,5.184283383269846,-2.132491417775483,9.620021327043649,0.0,27.15762212287114,24.921816794572404,449.158050738547,456.15713367962536,0.0
0.866,5.800411068873764,-2.142843944857791,8.439110628600506,0.0,27.14842950979787,25.391296899534485,436.5908800238902,456.15713367962536,0.0
0.867,6.323394437040964,-2.071639584454984,10.0,0.0,27.179168163613003,25.945049776889043,424.7512150815073,456.15713367962536,0.0
0.868,6.933009292192539,-1.8870275285086686,10.0,0.0,27.24261295723201,26.369064537790667,423.6204601792763,456.15713367962536,0.0
0.869,7.484754096560332,-1.70762923050893,10.0,0.0,27.32422705535877,26.702426522035093,405.37022403227786,456.15713367962536,0.0
0.87,8.038599827435574,-1.4489430178885025,10.0,0.0,27.404354441689048,26.955208135315146,401.4386094590848,456.15713367962536,0.0
0.871,8.556866191453,-1.193541106368004,10.0,0.0,27.476239902573255,27.139253483167053,385.88340271483986,456.15713367962536,0.0
0.872,9.085488098921426,-0.8875801892710395,10.0,0.0,27.528239670388768,27.259117096140848,372.93757736276103,456.15713367962536,0.0
0.873,9.573109340475796,-0.6284442285130498,10.0,0.0,27.56158047620771,27.323842207102523,395.84699128881215,456.15713367962536,0.0
0.874,9.75292499053925,-0.8431645415169031,10.0,0.0,27.62427030657891,27.370525378458474,405.80926970684243,456.15713367962536,0.0
0.875,9.80478671447571,-1.1730789192779252,10.0,0.0,27.719502849472267,27.414902582583586,420.155193391668,456.15713367962536,0.0
0.876,9.735360536389559,-1.6086443578187835,10.0,0.0,27.85426291295069,27.47252081741436,434.71713868857074,456.15713367962536,0.0
0.877,9.62991976610217,-2.0087116367537643,10.0,0.0,28.020960539861786,27.54875745806065,454.49737004647216,456.15713367962536,0.0
0.878,9.440680790383508,-2.4587471581444937,6.701526943042337,0.0,28.224115302710022,27.290970040694244,463.08695704790955,456.15713367962536,0.0
0.879,9.052318050324889,-2.7746102728577458,2.337435208640798,0.0,28.411420434941352,26.67303899278399,473.8268257091122,456.15713367962536,0.0
0.88,8.389315851956018,-2.9487494483319114,-3.209196042255396,0.0,28.53419862731355,25.638189657053307,478.2053665193763,456.15713367962536,0.0
0.881,7.4448434052220325,-2.9206764307219863,-5.618948775784955,0.0,28.53638464318363,24.60675853311068,478.77606234856114,456.15713367962536,0.0
0.882,6.442806771467623,-2.775919307105212,-6.1304859770667335,0.0,28.41956639165069,23.747296863589266,476.36817113338907,456.15713367962536,0.0
0.883,5.557734179563687,-2.5804393698382757,-5.128650744018335,0.0,28.208428576455702,23.16475440228672,471.32004008813306,456.15713367962536,0.0
0.884,4.897895959580019,-2.3934836798554757,-2.756214285475406,0.0,27.941539970124516,22.934033541983343,464.6406368359906,456.15713367962536,0.0
0.885,4.534489072097667,-2.2514342784117494,0.49865230903215974,0.0,27.664512261137126,23.067383243310804,457.76192053306914,456.15713367962536,0.0
0.886,4.490482439235237,-2.1674634681312632,3.9219625919584598,0.0,27.42070599806482,23.504917329523654,450.1953011756923,456.15713367962536,0.0
0.887,4.732012230296339,-2.1364747519887,7.764890595686215,0.0,27.24246471924815,24.23579801504343,446.93391059009554,456.15713367962536,0.0
0.888,5.2469911580905615,-2.1321135030375853,9.487818119379892,0.0,27.154965786641924,24.972626867551817,449.62414012715874,456.15713367962536,0.0
0.889,5.855403167271999,-2.132873382766477,8.208033286372956,0.0,27.15002683180685,25.407241802949045,434.59104698547895,456.15713367962536,0.0
0.89,6.364633224265721,-2.0442139092803626,10.0,0.0,27.179283125114253,25.957884349974588,424.4355467681278,456.15713367962536,0.0
0.891,6.9736489128409955,-1.8501409457712312,10.0,0.0,27.24021661254231,26.376569179318693,421.90349103167415,456.15713367962536,0.0
0.892,7.521357847392834,-1.6761216823232568,10.0,0.0,27.3197238448178,26.70532104855626,404.3913587024269,456.15713367962536,0.0
0.893,8.083096402688827,-1.407407108299872,10.0,0.0,27.396337130281395,26.95283430236057,398.87394420144136,456.15713367962536,0.0
0.894,8.59656982730074,-1.1631024694073315,10.0,0.0,27.46585404804112,27.13239286817646,385.62593265251735,456.15713367962536,0.0
0.895,9.130439338391067,-0.8521074528015535,10.0,0.0,27.514608725168753,27.247356357212915,379.2793679294262,456.15713367962536,0.0
0.896,9.605467531709538,-0.6164954439967177,10.0,0.0,27.547176912684794,27.308784558904364,392.14414840942993,456.15713367962536,0.0
0.897,9.75582683385488,-0.8720797221752699,10.0,0.0,27.613101492306065,27.355537517875458,408.9688783027634,456.15713367962536,0.0
0.898,9.79608926032079,-1.2134963889323718,10.0,0.0,27.712108900423807,27.401282365021782,420.1287603997336,456.15713367962536,0.0
0.899,9.720375931721406,-1.650678449179101,10.0,0.0,27.85046591240399,27.461084558675843,437.058589007348,456.15713367962536,0.0
0.9,9.61038507793314,-2.0492219435737073,10.0,0.0,28.020435406332492,27.54008409479322,454.9728241667601,456.15713367962536,0.0
0.901,9.41391842096835,-2.502751375501039,6.460821078816377,0.0,28.227210707047934,27.259382369089764,464.27051287825464,456.15713367962536,0.0
0.902,9.010328020454995,-2.808097250159737,1.730842931082826,0.0,28.414291057014676,26.58495281647616,474.6251991447081,456.15713367962536,0.0
0.903,8.312717534601099,-2.961437799930502,-3.6311808567947432,0.0,28.529034418451587,25.526852668370186,478.27622900904163,456.15713367962536,0.0
0.904,7.347137283210686,-2.9152232859121745,-5.6778867422556605,0.0,28.519876426894477,24.513757184490988,478.530138093682,456.15713367962536,0.0
0.905,6.351712372898275,-2.76208018494013,-6.028571328716419,0.0,28.393941090138423,23.682788141808395,475.9927304113945,456.15713367962536,0.0
0.906,5.487674944052149,-2.565353674974233,-4.958223454890364,0.0,28.17739389770319,23.12865744977387,470.6984549217006,456.15713367962536,0.0
0.907,4.853354502853952,-2.3802530110878664,-2.4564989224641574,0.0,27.90869454738018,22.933906201771233,463.9385279430727,456.15713367962536,0.0
0.908,4.520569921213529,-2.242302318051548,0.8456506242153203,0.0,27.63406643769407,23.100242447915495,457.04151218975727,456.15713367962536,0.0
0.909,4.505774691622452,-2.164014604999009,4.285314715771716,0.0,27.3963026220856,23.566123442519768,449.4444480924042,456.15713367962536,0.0
0.91,4.773663463528752,-2.1369609194082857,8.150973620320478,0.0,27.22671025921393,24.322850077481945,446.87291390227807,456.15713367962536,0.0
0.911,5.311998916450671,-2.1357183197659393,9.529582913157,0.0,27.149883647020893,25.04339723372491,449.2497701920226,456.15713367962536,0.0
0.912,5.91973626929396,-2.1337681380120577,8.410228403160765,0.0,27.152592317674973,25.4858241698128,433.319618249484,456.15713367962536,0.0
0.913,6.439192811502303,-2.035362596806931,10.0,0.0,27.188467707157397,26.019284853995096,424.38504800081296,456.15713367962536,0.0
0.914,7.04441480592494,-1.833776416935693,10.0,0.0,27.25291120173602,26.42570943877461,420.3104094585294,456.15713367962536,0.0
0.915,7.584302297201087,-1.6588927297214449,10.0,0.0,27.33433146153988,26.744600510437877,403.92826990949567,456.15713367962536,0.0
0.916,8.14701002236567,-1.3785569816455494,10.0,0.0,27.410410707113478,26.983245526059868,396.45987399376014,456.15713367962536,0.0
0.917,8.654069965862863,-1.1376516473930738,10.0,0.0,27.479050300404907,27.155484448143973,385.6749462449756,456.15713367962536,0.0
0.918,9.187571227744247,-0.8231462562570098,10.0,0.0,27.52586328689315,27.263748897976825,383.3701801101607,456.15713367962536,0.0
0.919,9.624513968173519,-0.6492381129456315,10.0,0.0,27.562836577862967,27.323139512646808,394.85970557986224,456.15713367962536,0.0
0.92,9.780489816876049,-0.8836904745344238,10.0,0.0,27.62958044241068,27.367500478993797,407.52628620584426,456.15713367962536,0.0
0.921,9.780172257434597,-1.2822262758421852,10.0,0.0,27.73558043166629,27.41569442518644,424.1849079985447,456.15713367962536,0.0
0.922,9.727523219737886,-1.6696407244763205,10.0,0.0,27.874430047952274,27.4754571942376,439.36669245021625,456.15713367962536,0.0
0.923,9.578299953116314,-2.1249840434443423,10.0,0.0,28.05158460011493,27.559016716963654,452.74045952512137,456.15713367962536,0.0
0.924,9.405623004387095,-2.5283429655010607,7.612604997062503,0.0,28.25919569757047,27.406824524004236,472.3851829400372,456.15713367962536,0.0
0.925,9.043457358075676,-2.8871843185335875,-2.372037202999545,0.0,28.46626542559753,26.254287419715837,473.9281945712851,456.15713367962536,0.0
0.926,8.13095874401576,-2.926052829336317,-3.3212536275400666,0.0,28.53806159305102,25.32989680504361,477.3928982011784,456.15713367962536,0.0
0.927,7.168553631187347,-2.863067172711669,-5.265963087702266,0.0,28.502921974955203,24.397438568482052,478.1185282651505,456.15713367962536,0.0
0.928,6.219946712654815,-2.7243684483339203,-5.848392065543548,0.0,28.3634234918975,23.604814810716444,475.38656547520367,456.15713367962536,0.0
0.929,5.397531840796432,-2.538611630612346,-4.674704988525928,0.0,28.139566218663415,23.093413015391075,469.981746536874,456.15713367962536,0.0
0.93,4.80407507571372,-2.3632631631012653,-2.1105416479335943,0.0,27.8695237299712,22.938142864410327,463.19693013682087,456.15713367962536,0.0
0.931,4.509153612506687,-2.233152328306314,1.21146858752103,0.0,27.598399767897796,23.137681765454463,456.272203400735,456.15713367962536,0.0
0.932,4.525973469019746,-2.1620208595458164,4.672681258352863,0.0,27.367818738920434,23.63286827277529,448.7700096138874,456.15713367962536,0.0
0.933,4.823112217320364,-2.136534259244177,8.497649392434049,0.0,27.207722252227317,24.40909533075898,446.94151802861336,456.15713367962536,0.0
0.934,5.380655483833804,-2.139152750125242,9.504051341581187,0.0,27.14180102000182,25.10578619550689,448.7828877853103,456.15713367962536,0.0
0.935,5.98130944888559,-2.135321815407908,8.657108922175855,0.0,27.151693409745945,25.562491661440834,431.81503923055436,456.15713367962536,0.0
0.936,6.514542612154205,-2.025002661413934,10.0,0.0,27.19417030951688,26.07805415420148,424.87151731850713,456.15713367962536,0.0
0.937,7.114881838955236,-1.8182440554758337,10.0,0.0,27.26231551347355,26.472174193569494,418.0014364368016,456.15713367962536,0.0
0.9380000000000001,7.648405712740253,-1.640312577972657,10.0,0.0,27.345553324505378,26.781012515548024,403.7623776240613,456.15713367962536,0.0
0.9390000000000001,8.211303342465596,-1.3494635494992946,10.0,0.0,27.421137108274827,27.010707285899933,393.7048410371933,456.15713367962536,0.0
0.9400000000000001,8.713315543525567,-1.1095281483340234,10.0,0.0,27.48864758685909,27.175398591774282,385.93296036969787,456.15713367962536,0.0
0.9410000000000001,9.24406037992637,-0.7951615401174528,10.0,0.0,27.533695175280187,27.277010004926098,379.8154929648692,456.15713367962536,0.0
0.9420000000000001,9.65268137296265,-0.6653512358010207,10.0,0.0,27.57326367878172,27.33332417473489,400.6283547717139,456.15713367962536,0.0
0.9430000000000001,9.776429512686198,-0.9428357619321863,10.0,0.0,27.64632814983156,27.37843769247372,409.3465510433292,456.15713367962536,0.0
0.9440000000000001,9.791410451535924,-1.3034611330654648,10.0,0.0,27.75349147111366,27.425935883667407,426.27862020538123,456.15713367962536,0.0
0.9450000000000001,9.700240566765144,-1.745493647795322,10.0,0.0,27.899705602295864,27.489579084583227,439.22668190658953,456.15713367962536,0.0
0.9460000000000001,9.575222358247444,-2.1493289946057446,10.0,0.0,28.077664203453285,27.574319682614927,460.96184034985055,456.15713367962536,0.0
0.9470000000000001,9.375514909737152,-2.5884183258235174,3.4305963024882073,0.0,28.290562477263975,26.966465311483844,465.75027848595624,456.15713367962536,0.0
0.9480000000000001,8.797293961662131,-2.819026340009757,0.9404457863720497,0.0,28.4423614748288,26.294070914852444,474.44270582542805,456.15713367962536,0.0
0.9490000000000001,8.054501101358065,-2.9257750235593813,-3.58862360482188,0.0,28.5211774080226,25.306724734923172,478.68561449144585,456.15713367962536,0.0
0.9500000000000001,7.114433229218481,-2.8782898185193675,-5.935362745948984,0.0,28.487086270514194,24.3091236920265,478.05122348045046,456.15713367962536,0.0
0.9510000000000001,6.146045094030658,-2.7196922381340545,-5.837108138459541,0.0,28.339673260674978,23.53927105405302,474.93564380010247,456.15713367962536,0.0
0.9520000000000001,5.333439685406212,-2.524658356722406,-4.467103399490316,0.0,28.110148536870906,23.061083067701503,469.3409098524558,456.15713367962536,0.0
0.9530000000000001,4.763324128017511,-2.350388215877647,-1.8015741873952908,0.0,27.838538110133285,22.941856230772004,462.4713449718341,456.15713367962536,0.0
0.9540000000000001,4.49859084881575,-2.223686256400076,1.570066139993462,0.0,27.569971528242384,23.175035683891803,455.5009195605257,456.15713367962536,0.0
0.9550000000000001,4.544901331778549,-2.1580470433498253,5.0618409868386784,0.0,27.3456262560118,23.700677877471698,448.12213351300085,456.15713367962536,0.0
0.9560000000000001,4.870666877387852,-2.135064467939104,8.831584012267344,0.0,27.1944080391976,24.495704203611854,447.26508393663005,456.15713367962536,0.0
0.9570000000000001,5.4469364824103135,-2.142058895298117,9.349029297882696,0.0,27.138813489442423,25.155195625523596,447.8267714636905,456.15713367962536,0.0
0.9580000000000001,6.03450149911431,-2.133122967675644,9.15148915651183,0.0,27.153674640541883,25.657405126074487,430.63703979776045,456.15713367962536,0.0
0.9590000000000001,6.595705444719579,-2.0158121038986323,10.0,0.0,27.204455790847238,26.1503346020281,425.624947131176,456.15713367962536,0.0
0.96,7.190227371758296,-1.8096890456127206,10.0,0.0,27.27795134594373,26.53077876446379,415.53863249385364,456.15713367962536,0.0
0.961,7.720116818789727,-1.6235599223640493,10.0,0.0,27.363728788799655,26.8281854462625,404.0660249864901,456.15713367962536,0.0
0.962,8.280825290879884,-1.3237230488149128,10.0,0.0,27.43954839069194,27.048050166707323,391.2512244318895,456.15713367962536,0.0
0.963,8.778849436970038,-1.0809307797490986,10.0,0.0,27.506063723577732,27.204334803947877,386.05737104338306,456.15713367962536,0.0
0.964,9.302842026405395,-0.771613154199988,10.0,0.0,27.549958970779258,27.29898356737597,382.91395216604485,456.15713367962536,0.0
0.965,9.695429989112204,-0.6628648715257891,10.0,0.0,27.590060434764762,27.350612229178008,397.4460024500769,456.15713367962536,0.0
0.966,9.783926032091992,-0.9857119504680623,10.0,0.0,27.66791528004231,27.39527948609769,413.4832666098914,456.15713367962536,0.0
0.967,9.793230843621117,-1.3445551885196094,10.0,0.0,27.778695651880327,27.44312693301475,426.08995506358673,456.15713367962536,0.0
0.968,9.692979308479186,-1.790245754966669,10.0,0.0,27.928620261154908,27.50838838940481,441.53842450302534,456.15713367962536,0.0
0.969,9.563076845678198,-2.191363621360834,10.0,0.0,28.10974461477992,27.595402916640012,461.9610155787921,456.15713367962536,0.0
0.97,9.35336924992989,-2.6373218508933216,2.9344336133880624,0.0,28.32650221235058,26.93638493489119,467.1745145654124,456.15713367962536,0.0
0.971,8.747023953129414,-2.8483826287959797,0.21751031122005848,0.0,28.474439355263264,26.201339518392516,475.5065013813819,456.15713367962536,0.0
0.972,7.962389521303898,-2.930841758457716,-4.141976773782265,0.0,28.541038138718577,25.182464346039207,478.8619226038599,456.15713367962536,0.0
0.973,6.996575641098921,-2.8612425138720243,-6.046735274263617,0.0,28.490609018391993,24.204601187568123,477.87220180406047,456.15713367962536,0.0
0.974,6.035621329171407,-2.693423727048817,-5.769025555608247,0.0,28.329672420146263,23.465123922478373,474.4248659774611,456.15713367962536,0.0
0.975,5.246488818205604,-2.4984571138927434,-4.228034965286912,0.0,28.091113615637173,23.027427624908782,468.6952198843401,456.15713367962536,0.0
0.976,4.710112411764701,-2.329641478300633,-1.4885927807735566,0.0,27.81602100803848,22.946683890637342,461.75493230149607,456.15713367962536,0.0
0.977,4.481306070730322,-2.208681165547426,1.92557302442974,0.0,27.548745809725574,23.21447401920977,454.70051039604886,456.15713367962536,0.0
0.978,4.560466278952438,-2.1493985253146555,5.467350209989112,0.0,27.32966565680314,23.773215761138395,447.54708412893956,456.15713367962536,0.0
0.979,4.918287418370274,-2.129297709875438,9.130163839050617,0.0,27.186749430069806,24.583098317669332,447.48835365946314,456.15713367962536,0.0
0.98,5.512242459441774,-2.141370679015081,9.246216873990448,0.0,27.14064211642267,25.21208185030294,446.1631212869059,456.15713367962536,0.0
0.981,6.091369392526305,-2.127247958109698,10.0,0.0,27.160369658412606,25.797547499591527,429.6089873405546,456.15713367962536,0.0
0.982,6.699527525891424,-2.013201502647477,10.0,0.0,27.22426712824063,26.25779538155084,426.31280022370055,456.15713367962536,0.0
0.983,7.288639374420319,-1.8093883275746472,10.0,0.0,27.30652065457839,26.6196875002925,413.0058450078063,456.15713367962536,0.0
0.984,7.816880066109208,-1.606150844157574,10.0,0.0,27.39642004873139,26.901400402193275,404.6792833218323,456.15713367962536,0.0
0.985,8.367874691565842,-1.3025714135765036,10.0,0.0,27.47413943112941,27.10860495143594,389.41498103400744,456.15713367962536,0.0
0.986,8.863366987831338,-1.049065348068949,10.0,0.0,27.539957457311893,27.253866777659493,385.21172631675097,456.15713367962536,0.0
0.987,9.374575407204821,-0.7504763187811774,10.0,0.0,27.583410130931888,27.339906220710517,389.92922234343416,456.15713367962536,0.0
0.988,9.728157079003593,-0.6979226438856889,10.0,0.0,27.628326467549364,27.387905087114312,398.4814843741113,456.15713367962536,0.0
0.989,9.808181637627746,-1.0180528576472092,10.0,0.0,27.709290917408186,27.4303288158088,418.84421519269347,456.15713367962536,0.0
0.99,9.783465758526749,-1.4199009116740178,10.0,0.0,27.82740327895592,27.480125608907066,427.17295934184745,456.15713367962536,0.0
0.991,9.697523844084309,-1.827452670976897,10.0,0.0,27.979496296641756,27.545960410647957,450.3315603439034,456.15713367962536,0.0
0.992,9.540042131532648,-2.262520879452665,8.807223481361614,0.0,28.166745478072404,27.50567918616936,458.1267018975752,456.15713367962536,0.0
0.993,9.27152417078289,-2.6576531670297077,4.889957022346225,0.0,28.370355488460827,27.09714161553333,470.1603274512963,456.15713367962536,0.0
0.994,8.762967317516473,-2.9120581760867026,-1.2668876922310597,0.0,28.536783968867326,26.164994623238226,478.21551330425217,456.15713367962536,0.0
0.995,7.906598593397372,-2.964112309769096,-5.5150644149552495,0.0,28.596536806618147,25.02608917697982,479.49137336519357,456.15713367962536,0.0
0.996,6.862924450822024,-2.8421743534956505,-6.386336842281631,0.0,28.522490099441143,24.059931827785782,477.7765845578095,456.15713367962536,0.0
0.997,5.889059745770725,-2.651852429280762,-5.7451369473714315,0.0,28.339516295961538,23.358918631636715,473.914261739544,456.15713367962536,0.0
0.998,5.123395432826921,-2.4534003228483474,-3.991546818837863,0.0,28.08481204074956,22.970676717317488,467.8560526646514,456.15713367962536,0.0
0.999,4.62717470114701,-2.292166243630937,-1.079431471241822,0.0,27.801002791977275,22.945512993214574,460.8511437286734,456.15713367962536,0.0
1.0,4.447557651225488,-2.181146696193974,2.3760828962566958,0.0,27.532458286246033,23.260265811768168,453.70582854138075,456.15713367962536,0.0
1.0010000000000001,4.571653003906722,-2.132757394274334,5.9732535412854535,0.0,27.318030885206483,23.862375865877297,447.01497592349733,456.15713367962536,0.0
1.002,4.972587977715928,-2.1179287865518606,9.410101427788444,0.0,27.184109975851523,24.682051841944407,447.8445301917703,456.15713367962536,0.0
1.0030000000000001,5.585926907593931,-2.1351746226966317,9.078450328530524,0.0,27.147594083091917,25.272060097137416,443.4899599348343,456.15713367962536,0.0
1.004,6.1540945660945505,-2.1136834669313465,10.0,0.0,27.17119411963195,25.847737859253098,426.9138236721136,456.15713367962536,0.0
1.0050000000000001,6.767234842774231,-1.9776100438192965,10.0,0.0,27.23524876374487,26.297228598246758,426.13952420623644,456.15713367962536,0.0
1.006,7.3480187189256965,-1.7785074609960954,10.0,0.0,27.31730646746644,26.650420904142486,410.27209180328316,456.15713367962536,0.0
1.0070000000000001,7.884259191701516,-1.5585781866625972,10.0,0.0,27.404276437056968,26.92332113657697,404.80446120067495,456.15713367962536,0.0
1.008,8.426865805180219,-1.267178745929595,10.0,0.0,27.4799847871946,27.123304019972164,387.2856788645987,456.15713367962536,0.0
1.0090000000000001,8.931672798010219,-0.9989910065921626,10.0,0.0,27.5415339337382,27.260756746965082,383.1909556253956,456.15713367962536,0.0
1.01,9.42916112798071,-0.7237920841030001,10.0,0.0,27.58308343424629,27.340943469544616,386.88087576518916,456.15713367962536,0.0
1.0110000000000001,9.738999118576789,-0.7411919408973366,10.0,0.0,27.6331626304338,27.388159174251143,403.9974485072288,456.15713367962536,0.0
1.012,9.798743084923725,-1.0842466354395892,10.0,0.0,27.720517495304918,27.432187771713572,416.12715104552825,456.15713367962536,0.0
1.0130000000000001,9.786249124935644,-1.4516127904086762,10.0,0.0,27.840519463536346,27.48252077117902,432.02404557726487,456.15713367962536,0.0
1.014,9.667238251134695,-1.9029741732162369,10.0,0.0,27.999530625450298,27.55278692403928,445.423927680748,456.15713367962536,0.0
1.0150000000000001,9.520414139986055,-2.308419691890324,10.0,0.0,28.18975267968498,27.646888121293273,468.0186487619855,456.15713367962536,0.0
1.016,9.306222213275241,-2.737847580075283,-0.1251407611619113,0.0,28.41354526073519,26.658928791344223,470.27406227265544,456.15713367962536,0.0
1.0170000000000001,8.52313562567797,-2.870771101066269,-1.3940168024271813,0.0,28.526489959112624,25.83781730093612,476.0092366030662,456.15713367962536,0.0
1.018,7.648037900333749,-2.8855381741692634,-4.460124996866968,0.0,28.546324181442923,24.873958172342732,478.68452129751546,456.15713367962536,0.0
1.0190000000000001,6.690902578586566,-2.7967352258428155,-6.0230412202705,0.0,28.45787307363393,23.96374258435049,477.08046544938077,456.15713367962536,0.0
1.02,5.7821136639018835,-2.626909611190688,-5.430246613900707,0.0,28.269452729678136,23.306935440709122,472.9201034159444,456.15713367962536,0.0
1.0210000000000001,5.064971350679869,-2.44266726015519,-3.5176952945457263,0.0,28.01562530328639,22.97121744140923,466.7506434578518,456.15713367962536,0.0
1.022,4.615890776431646,-2.2915998871567975,-0.5389004132816897,0.0,27.73883383208437,22.994457863180735,459.9142648832416,456.15713367962536,0.0
1.0230000000000001,4.478048785773541,-2.1902534563796916,2.8417175619872737,0.0,27.482408116524212,23.340446937351746,452.61117183747405,456.15713367962536,0.0
1.024,4.633098776540344,-2.1462251994118344,6.52872370329255,0.0,27.282394235978465,23.979525109449597,446.4779265413299,456.15713367962536,0.0
1.025,5.065976126642097,-2.1308874726808162,9.692138422747574,0.0,27.16504269332635,24.799733625406564,448.4975710280799,456.15713367962536,0.0
1.026,5.687871799012906,-2.1472985060613574,8.75891180588803,0.0,27.14340574747431,25.327817309993755,440.8299459926351,456.15713367962536,0.0
1.027,6.2296379809895415,-2.107767328102753,10.0,0.0,27.17222832475694,25.893405575764206,425.46541420992475,456.15713367962536,0.0
1.028,6.840154418532854,-1.9469645479408058,10.0,0.0,27.237434476850137,26.33116724443476,426.4048871461111,456.15713367962536,0.0
1.029,7.408438892629966,-1.7515447394732364,10.0,0.0,27.32000802947125,26.675267233672333,407.7214384685707,456.15713367962536,0.0
1.03,7.946728622455778,-1.5202151356581663,10.0,0.0,27.405242167419026,26.939685553708394,404.3240130732712,456.15713367962536,0.0
1.031,8.480050192993192,-1.2400446792623276,10.0,0.0,27.47988926941023,27.132902980074753,386.34760285418736,456.15713367962536,0.0
1.032,8.99490183350068,-0.9539844802174817,10.0,0.0,27.53772848650799,27.26296290925316,377.2933227103926,456.15713367962536,0.0
1.033,9.481195418107648,-0.6962142419748729,10.0,0.0,27.577295650597566,27.337456989321808,391.652893918039,456.15713367962536,0.0
1.034,9.760095379727783,-0.7583598207877756,10.0,0.0,27.6297692223369,27.382642317860405,401.8388479943199,456.15713367962536,0.0
1.035,9.802480226132571,-1.1184979809721116,10.0,0.0,27.720507711588297,27.426683137230743,418.31399630000413,456.15713367962536,0.0
1.036,9.774599177377226,-1.5006494302831035,10.0,0.0,27.845011711673965,27.478884487416337,433.36074575437146,456.15713367962536,0.0
1.037,9.648002974030879,-1.9540997616682774,10.0,0.0,28.00834346872888,27.551962874472476,447.08293693474434,456.15713367962536,0.0
1.038,9.4954572724029,-2.3584851519493872,10.0,0.0,28.202597778400996,27.649580663674104,469.8688161653752,456.15713367962536,0.0
1.039,9.276449078530101,-2.7855686314421297,-1.0641277500113784,0.0,28.43012376486744,26.56237349673126,471.3744872780889,456.15713367962536,0.0
1.04,8.440186644962816,-2.8898673082615227,-1.9691368423528557,0.0,28.533378455648172,25.70752870822557,476.25600532806385,456.15713367962536,0.0
1.041,7.532723388170305,-2.8799572214876683,-4.610884583824713,0.0,28.53869010218694,24.758410040921536,478.5812187741155,456.15713367962536,0.0
1.042,6.576881158806733,-2.779482094501396,-5.997732157795431,0.0,28.437605554240676,23.874666661941788,476.75724691781136,456.15713367962536,0.0
1.043,5.6877104526579965,-2.605511728953431,-5.2917473620252276,0.0,28.240123134250656,23.248966324722545,472.32959358823217,456.15713367962536,0.0
1.044,4.997660016166268,-2.423069693127061,-3.2396452963217026,0.0,27.98149000225228,22.95177299944851,465.91402980759773,456.15713367962536,0.0
1.045,4.582236729095007,-2.276284269247108,-0.12943236728420437,0.0,27.704678874657823,23.01883415225205,459.0485211510096,456.15713367962536,0.0
1.046,4.481469373680253,-2.1821303320007344,3.2744080862960194,0.0,27.453365896244854,23.401758573844162,451.5216000924097,456.15713367962536,0.0
1.047,4.670368370853475,-2.14447640277443,7.084223951468124,0.0,27.26227626498996,24.08451403282568,446.41204093752674,456.15713367962536,0.0
1.048,5.140346714024451,-2.1331593698787765,9.73645445633059,0.0,27.157702808432454,24.883723551889634,448.8047215569996,456.15713367962536,0.0
1.049,5.761777080940615,-2.1491480800774907,8.61363826782042,0.0,27.14537957788791,25.37886513067763,438.06362505894884,456.15713367962536,0.0
1.05,6.294853194696955,-2.0904097013363026,10.0,0.0,27.177181719513104,25.934564112113204,424.93907927112724,456.15713367962536,0.0
1.051,6.904407020983002,-1.9134033672867647,10.0,0.0,27.242490232161288,26.36228963249203,424.46445752105586,456.15713367962536,0.0
1.052,7.459639499685478,-1.7292224025645258,10.0,0.0,27.3255506028036,26.698793417703385,406.6145000619118,456.15713367962536,0.0
1.053,8.007659210228672,-1.4779677876309667,10.0,0.0,27.40815911690733,26.955223018085107,403.1820902214101,456.15713367962536,0.0
1.054,8.529813484913007,-1.2138088462877064,10.0,0.0,27.481604802240447,27.142313736729175,386.07288654864544,456.15713367962536,0.0
1.055,9.05371548305819,-0.912961028291396,10.0,0.0,27.535963320338496,27.26563227499303,373.6791330037466,456.15713367962536,0.0
1.056,9.539342324768121,-0.6556883375064895,10.0,0.0,27.571926322646746,27.333874878633665,396.69156941967555,456.15713367962536,0.0
1.057,9.760623055777344,-0.8061264593900783,10.0,0.0,27.630238205403288,27.379404910147144,403.5375248810956,456.15713367962536,0.0
1.058,9.806252645706865,-1.1511637980570826,10.0,0.0,27.723721629070056,27.42340667920278,421.0543373905019,456.15713367962536,0.0
1.059,9.744550430873467,-1.5805778543485252,10.0,0.0,27.856042060081084,27.479600153250495,433.5896659641687,456.15713367962536,0.0
1.06,9.642819532074588,-1.980704569727855,10.0,0.0,28.0204695935246,27.553979699714084,453.86463863651306,456.15713367962536,0.0
1.061,9.458532962728693,-2.428407832519274,7.023293784111761,0.0,28.221138420023394,27.32918057476801,462.3324368004472,456.15713367962536,0.0
1.062,9.089464634027843,-2.75477464074734,2.727641670936462,0.0,28.410683767654877,26.74292822513967,473.41401743320824,456.15713367962536,0.0
1.063,8.44885887836818,-2.943328211345026,-2.985717482979876,0.0,28.540126570243828,25.71551860927383,478.1662925943485,456.15713367962536,0.0
1.064,7.514234572032228,-2.9251156922039874,-5.581946652697224,0.0,28.549995218175813,24.67174523426406,478.94705626018185,456.15713367962536,0.0
1.065,6.506260914755738,-2.785050179200314,-6.200227711419476,0.0,28.439274582574633,23.79281829602326,476.6339372247168,456.15713367962536,0.0
1.066,5.606295990888394,-2.5902167725543888,-5.248436229137873,0.0,28.23170229710848,23.19050826673726,471.7612050501136,456.15713367962536,0.0
1.067,4.929009060634119,-2.4014117175507943,-2.9681108555411333,0.0,27.9658360152764,22.934491801195364,465.1846480037358,456.15713367962536,0.0
1.068,4.5442816879322105,-2.256451198284054,0.22989252440665542,0.0,27.686897108504034,23.04201461377741,458.2943244330964,456.15713367962536,0.0
1.069,4.478417654906232,-2.168356209667235,3.6536824021916434,0.0,27.43836353011193,23.458925877086727,450.60739908670575,456.15713367962536,0.0
1.07,4.700210687346575,-2.135531312531664,7.5526424213161585,0.0,27.25364464709122,24.178884485653036,446.75050595951984,456.15713367962536,0.0
1.071,5.20288089865428,-2.129628177279424,9.57515526211017,0.0,27.15907241732282,24.938786364437306,449.36008335036905,456.15713367962536,0.0
1.072,5.81774419313377,-2.1367150760631834,8.338337069978127,0.0,27.150786188628434,25.394357442544187,435.9208285904788,456.15713367962536,0.0
1.073,6.33524978237757,-2.0601627310570128,10.0,0.0,27.18039406367564,25.947916912322633,424.61038786888446,456.15713367962536,0.0
1.074,6.945554110610486,-1.8721663761786471,10.0,0.0,27.242483022609424,26.37050617311456,423.07642084081283,456.15713367962536,0.0
1.075,7.496696533259893,-1.694718716619009,10.0,0.0,27.32298273272624,26.702522780511558,404.9319911211179,456.15713367962536,0.0
1.076,8.053736453743005,-1.4329719404270986,10.0,0.0,27.401616463785558,26.95362473115389,400.5974509112692,456.15713367962536,0.0
1.077,8.570754487423706,-1.1816588282199625,10.0,0.0,27.472470042222326,27.136178275337876,385.7104114032791,456.15713367962536,0.0
1.078,9.101555233866673,-0.874023560623181,10.0,0.0,27.523166868920228,27.254343921175224,374.89186837876343,456.15713367962536,0.0
1.079,9.5881947888,-0.6177530592847136,10.0,0.0,27.555497175060808,27.31754034152039,394.2803907092249,456.15713367962536,0.0
1.08,9.75135947322077,-0.8575333358104427,10.0,0.0,27.61985262805307,27.364568430708147,407.1941833339398,456.15713367962536,0.0
1.081,9.802306913449744,-1.1864968585345501,10.0,0.0,27.71626352939927,27.409356684695375,419.79312144248166,456.15713367962536,0.0
1.082,9.729043576581038,-1.6252531829508925,10.0,0.0,27.852485726468135,27.467875644876347,435.95626533898565,456.15713367962536,0.0
1.083,9.62336319010472,-2.022346264212604,10.0,0.0,28.02023027554283,27.545057137889806,454.2293185295752,456.15713367962536,0.0
1.084,9.430377299673973,-2.4755074693582086,6.838454148387739,0.0,28.22479532076481,27.303696536914682,463.68680038250193,456.15713367962536,0.0
1.085,9.049027298161153,-2.7923490394598516,2.0344165548956132,0.0,28.415088762026794,26.65011846505334,474.36711046614175,456.15713367962536,0.0
1.086,8.368832617615565,-2.9581818431524045,-3.4878382547894624,0.0,28.53606824468162,25.592527806218786,478.19835336344124,456.15713367962536,0.0
1.087,7.408023068512099,-2.9191971781536847,-5.623871900277366,0.0,28.53324407200072,24.57194011222228,478.68205238799266,456.15713367962536,0.0
1.088,6.407842100831893,-2.7702441115404044,-6.090970599636745,0.0,28.41264855651078,23.723520060836467,476.26445073138876,456.15713367962536,0.0
1.089,5.530507069343089,-2.5743175231173967,-5.083242941852433,0.0,28.199208193370854,23.14990853617708,471.15592819188043,456.15713367962536,0.0
1.09,4.8792162338524925,-2.388049289340646,-2.678969617220819,0.0,27.931220474247777,22.929575558390354,464.3429978426631,456.15713367962536,0.0
1.091,4.525751431006609,-2.246556371385763,0.6456369157574589,0.0,27.65429669062107,23.078509311809423,457.45747065534493,456.15713367962536,0.0
1.092,4.494091103586467,-2.164925477982757,4.075397139659358,0.0,27.41239419160415,23.5288328588111,449.96426988467846,456.15713367962536,0.0
1.093,4.747399251041135,-2.1356104443528587,7.883926162942065,0.0,27.237305952423817,24.26639389203877,447.02611645685863,456.15713367962536,0.0
1.094,5.269907261919367,-2.1326310640698245,9.444313049079646,0.0,27.15344805898947,24.991304465545902,449.40002838569603,456.15713367962536,0.0
1.095,5.8746035366393,-2.1318151399278418,8.324928137600239,0.0,27.15040705439646,25.435310473124357,433.97447616648606,456.15713367962536,0.0
1.096,6.391009677437589,-2.038992542004694,10.0,0.0,27.181868424490503,25.979305820723823,424.48256167913445,456.15713367962536,0.0
1.097,6.999193515407,-1.8428238233053043,10.0,0.0,27.243932859257367,26.393560891180094,421.229079703018,456.15713367962536,0.0
1.098,7.543717321598407,-1.6698311030737623,10.0,0.0,27.324148845554696,26.71878111776607,404.2480670330504,456.15713367962536,0.0
1.099,8.106646163906715,-1.3959799061769835,10.0,0.0,27.400471551424566,26.96302398573118,397.85298405904877,456.15713367962536,0.0
1.1,8.61722623163616,-1.1540171694834913,10.0,0.0,27.469708884436645,27.139940318459605,385.7255710302871,456.15713367962536,0.0
1.101,9.151464131374969,-0.8410755959357534,10.0,0.0,27.517710171697033,27.252428382922425,381.84568618973435,456.15713367962536,0.0
1.102,9.614181896042133,-0.6253558284572148,10.0,0.0,27.551560377990512,27.312911194549006,392.144822256045,456.15713367962536,0.0
1.103,9.765159292128981,-0.8754707803262151,10.0,0.0,27.617743687197674,27.358750409719384,412.8121022624676,456.15713367962536,0.0
1.104,9.783479095645593,-1.250336809038604,10.0,0.0,27.72062670064083,27.406118629867493,420.2712487583862,456.15713367962536,0.0
1.105,9.72670261819217,-1.6513405843443516,10.0,0.0,27.85831998975099,27.46546693990014,442.40503483706203,456.15713367962536,0.0
1.106,9.59074761608928,-2.090593165283143,10.0,0.0,28.032486527103593,27.54703703329733,451.4139187531829,456.15713367962536,0.0
1.107,9.412605543921297,-2.5093632023657806,8.281651113643761,0.0,28.239065598330384,27.467084471508315,467.0449148525192,456.15713367962536,0.0
1.108,9.09697982172543,-2.8728853905165974,0.357275252246672,0.0,28.452791246581334,26.594224625850636,475.9364282142567,456.15713367962536,0.0
1.109,8.329321889604422,-2.9910366074995673,-4.286274373968396,0.0,28.56721975742806,25.47976274462549,478.8496625092943,456.15713367962536,0.0
1.11,7.311487198055518,-2.9151173354333353,-5.969816809783898,0.0,28.549226596970467,24.45372096767914,478.69479505048076,456.15713367962536,0.0
1.111,6.294310206031136,-2.7456905725847487,-6.1177596940856755,0.0,28.412550823671335,23.630756881673825,475.9473131020124,456.15713367962536,0.0
1.112,5.430497197877669,-2.5434484986413164,-4.941920514075365,0.0,28.18669385859628,23.092091026559906,470.50147563900737,456.15713367962536,0.0
1.113,4.807545922410995,-2.3592498054740547,-2.3624452021666675,0.0,27.91131656900837,22.91657646317953,463.65881529816335,456.15713367962536,0.0
1.114,4.4918472650547905,-2.224700746163621,0.983868152069963,0.0,27.63296714244874,23.101872682579856,456.73743689083295,456.15713367962536,0.0
1.115,4.494765082528238,-2.1514652841777258,4.438754323623083,0.0,27.39427187025976,23.58390073621702,449.19110296968097,456.15713367962536,0.0
1.116,4.779942850376137,-2.1268704820291657,8.281581591298519,0.0,27.225675857036922,24.350678218711813,447.11181051195365,456.15713367962536,0.0
1.117,5.329289062689201,-2.1300718661089184,9.411681051838897,0.0,27.1512152936561,25.05222471394156,448.78575091662793,456.15713367962536,0.0
1.118,5.9311870535397935,-2.127462001081824,8.648424677131729,0.0,27.154036337142568,25.520195990616642,432.56785604159893,456.15713367962536,0.0
1.119,6.467281759428838,-2.0265200478401955,10.0,0.0,27.192294887741575,26.045006655496138,424.80056452871804,456.15713367962536,0.0
1.12,7.073039680546966,-1.8250302104499045,10.0,0.0,27.258054187188115,26.4463739314548,419.15074376543316,456.15713367962536,0.0
1.121,7.611023057392286,-1.65045709312699,10.0,0.0,27.340186139754266,26.761059817520444,403.89834853612047,456.15713367962536,0.0
1.122,8.175315170820245,-1.3645322889491056,10.0,0.0,27.41586748838401,26.995798011527523,395.06416142491173,456.15713367962536,0.0
1.123,8.679729500495185,-1.1254022699632524,10.0,0.0,27.484009467504826,27.164787865866902,385.9153574936865,456.15713367962536,0.0
1.124,9.212507350600994,-0.8105718931913755,10.0,0.0,27.529996192892455,27.27013151246954,381.72755086207286,456.15713367962536,0.0
1.125,9.63139807785997,-0.6660101233129554,10.0,0.0,27.56916511948268,27.328789265453246,399.26482580150923,456.15713367962536,0.0
1.1260000000000001,9.784655135420861,-0.9002263852260057,10.0,0.0,27.637492335221456,27.37282876673849,407.5194618988818,456.15713367962536,0.0
1.127,9.785190116665067,-1.291400264436601,10.0,0.0,27.744077743608933,27.42077076210784,427.43468361600725,456.15713367962536,0.0
1.1280000000000001,9.722758840909103,-1.6904514705362081,10.0,0.0,27.884782704573446,27.481449888924594,438.5034906547779,456.15713367962536,0.0
1.129,9.571646923428984,-2.144777824037914,10.0,0.0,28.063470468947358,27.566129597321382,454.1890398714827,456.15713367962536,0.0
1.1300000000000001,9.399976968840829,-2.5418316114370296,6.87931215922657,0.0,28.271890080802454,27.334307024660703,471.65903627989377,456.15713367962536,0.0
1.131,8.992183531984905,-2.888805106020471,-2.010705070981653,0.0,28.470482020736156,26.242954232044696,474.18152761218437,456.15713367962536,0.0
1.1320000000000001,8.098770921168787,-2.9302457441027063,-3.4521946764525433,0.0,28.541168222658115,25.305129681205166,477.78757850555627,456.15713367962536,0.0
1.133,7.1355047785301,-2.8653330709726306,-5.4715245713978025,0.0,28.50344854887878,24.357469962834607,478.15193782429543,456.15713367962536,0.0
1.1340000000000001,6.181122957002482,-2.719011756153271,-5.873652272214084,0.0,28.359288652741494,23.57211283972448,475.2450285885799,456.15713367962536,0.0
1.135,5.362919570338554,-2.5293604033853434,-4.611076603445856,0.0,28.131610598250646,23.074238594202065,469.7257556548857,456.15713367962536,0.0
1.1360000000000001,4.7797162057763485,-2.3542316912188057,-1.9871263563513608,0.0,27.859545279846,22.935363074510708,462.88009647245116,456.15713367962536,0.0
1.137,4.4988052618374095,-2.2257419169884005,1.3684736069376466,0.0,27.58841635326901,23.15111323862655,455.92717155005255,456.15713367962536,0.0
1.1380000000000001,4.529955122137419,-2.1575066168366415,4.847235689432679,0.0,27.359754350486917,23.66104772904227,448.4680316473077,456.15713367962536,0.0
1.139,4.841129957273646,-2.1337337769764817,8.653696661128267,0.0,27.203019337641493,24.447127922937796,447.1821198118757,456.15713367962536,0.0
1.1400000000000001,5.408292049371641,-2.1391623979274224,9.386402717521786,0.0,27.141400722173376,25.122183570866127,447.9261097900338,456.15713367962536,0.0
1.141,6.001021809724538,-2.13277191313433,9.096717967338632,0.0,27.152692293508146,25.6248507566529,431.4253678239434,456.15713367962536,0.0
1.1420000000000001,6.559449821224005,-2.0236974348740038,10.0,0.0,27.201187138527423,26.125138468427643,425.45699700901224,456.15713367962536,0.0
1.143,7.15780411096786,-1.8186516587601336,10.0,0.0,27.273396979632317,26.51097938144339,416.94737006316916,456.15713367962536,0.0
1.1440000000000001,7.688641444654942,-1.6365911741479429,10.0,0.0,27.358993732382103,26.81304862345992,404.0273944458011,456.15713367962536,0.0
1.145,8.25000528442495,-1.339538012317373,10.0,0.0,27.43538249110331,27.03702896751195,392.4876546957573,456.15713367962536,0.0
1.1460000000000001,8.748290744724978,-1.0987589374027364,10.0,0.0,27.503015241735312,27.197052390795577,386.1974587257853,456.15713367962536,0.0
1.147,9.275522383056238,-0.7854828584482232,10.0,0.0,27.54783448169661,27.294824121200605,379.76052023544156,456.15713367962536,0.0
1.1480000000000001,9.67638182209554,-0.6647253232477555,10.0,0.0,27.587798402619782,27.348478380650278,399.31856855139057,456.15713367962536,0.0
1.149,9.779678853176653,-0.9692517939467935,10.0,0.0,27.6638368445245,27.393409527218754,411.58344683567776,456.15713367962536,0.0
1.1500000000000001,9.79616514026385,-1.3212766803892375,10.0,0.0,27.772442029697267,27.440670882052057,426.0606499363465,456.15713367962536,0.0
1.151,9.698862030911082,-1.7673638296328207,10.0,0.0,27.920462169388465,27.504934824818996,440.34658454222773,456.15713367962536,0.0
1.1520000000000001,9.571332174455545,-2.169872258789205,10.0,0.0,28.099921745102,27.590629640394944,461.54530419610796,456.15713367962536,0.0
1.153,9.366343862276288,-2.6128093654428817,3.142100994916502,0.0,28.314702842242124,26.95260545720064,466.525576375646,456.15713367962536,0.0
1.154,8.771827102592681,-2.832665228444744,0.5482804781872854,0.0,28.463958185212466,26.246467495693782,475.015146596837,456.15713367962536,0.0
1.155,8.00622442003868,-2.926614818148704,-3.885084761580332,0.0,28.535810093972515,25.24240802091162,478.78592825446594,456.15713367962536,0.0
1.156,7.052344381371757,-2.867837449928241,-5.996763536143217,0.0,28.492665857977034,24.255259449107243,477.9839395240835,456.15713367962536,0.0
1.157,6.087898690355594,-2.704773624723777,-5.814037229396575,0.0,28.337771941310397,23.500278217996634,474.7115398912222,456.15713367962536,0.0
1.158,5.287159710529968,-2.5098689427612375,-4.363381475081882,0.0,28.10306041643551,23.04148741910823,469.04685449898955,456.15713367962536,0.0
1.159,4.733958157260048,-2.3378953387558665,-1.6599359871592103,0.0,27.828972914538323,22.94082177481096,462.15526389026655,456.15713367962536,0.0
1.16,4.486708374529177,-2.2144981859571744,1.7258780150958737,0.0,27.560373647633305,23.189884490690222,455.1105915800991,456.15713367962536,0.0
1.161,4.548885734648184,-2.1518393244678866,5.258679591174872,0.0,27.3378820757709,23.732619034196805,447.8021289951449,456.15713367962536,0.0
1.162,4.890838274182688,-2.130694629316798,8.996460930496754,0.0,27.190213787593652,24.537665891983494,447.31099517539457,456.15713367962536,0.0
1.163,5.477915328422839,-2.140254170410095,9.330489225414242,0.0,27.139080010484584,25.185647583650418,447.167160636448,456.15713367962536,0.0
1.164,6.063352742021327,-2.13036010188859,9.492306225319304,0.0,27.156673837304815,25.719649970526696,430.20132870226433,456.15713367962536,0.0
1.165,6.643878536620301,-2.0131855308000395,10.0,0.0,27.213118257996108,26.198236183343305,425.8787207518632,456.15713367962536,0.0
1.166,7.235625541370036,-1.8078904550850265,10.0,0.0,27.29036614528219,26.570244366624078,414.3008216524639,456.15713367962536,0.0
1.167,7.764414280859798,-1.614693510317304,10.0,0.0,27.377891349000425,26.86052722900901,404.2892190720142,456.15713367962536,0.0
1.168,8.32156136232476,-1.3121565160669566,10.0,0.0,27.454345218665473,27.074536033961028,390.28055269909316,456.15713367962536,0.0
1.169,8.818335724702502,-1.064991857735818,10.0,0.0,27.520391839385304,27.225715636337444,385.76681830912963,456.15713367962536,0.0
1.17,9.336769483420731,-0.760437176752701,10.0,0.0,27.563922389945954,27.316321970712977,386.73880475092346,456.15713367962536,0.0
1.171,9.713558183627208,-0.67418760056399,10.0,0.0,27.605718612317165,27.36595830727149,397.5976982745492,456.15713367962536,0.0
1.172,9.79465908488488,-1.001363249815097,10.0,0.0,27.685150663286617,27.409657420274993,413.51114825782764,456.15713367962536,0.0
1.173,9.79483069399884,-1.3684123664119598,10.0,0.0,27.798113066792627,27.45772195908513,428.08818930780456,456.15713367962536,0.0
1.174,9.688587299692449,-1.8180813028581035,10.0,0.0,27.950378775672142,27.5239647738297,442.2961535947184,456.15713367962536,0.0
1.175,9.554272055472218,-2.2208257976545163,10.0,0.0,28.13384740020131,27.612522120908928,463.8565695718889,456.15713367962536,0.0
1.176,9.344356113303034,-2.661108067892287,1.97737589979947,0.0,28.352228501763676,26.849829545907497,467.89531442106215,456.15713367962536,0.0
1.177,8.683019682641378,-2.8485983113478452,-0.1593783322015332,0.0,28.488723339747402,26.10107546199542,475.52789058462804,456.15713367962536,0.0
1.178,7.877072725399449,-2.9139856725741446,-4.169373983034503,0.0,28.542010992841874,25.10315509199131,478.79805932206756,456.15713367962536,0.0
1.179,6.917340167752101,-2.8425259291279965,-6.030867608178685,0.0,28.48166339823515,24.143202293808322,477.6362067744977,456.15713367962536,0.0
1.18,5.971193886337096,-2.676166036588305,-5.664732065342468,0.0,28.313770292525902,23.426578627325558,474.05800108977684,456.15713367962536,0.0
1.181,5.20190649377451,-2.4849390396352025,-4.054637897083562,0.0,28.071632759999858,23.013437170368007,468.18658001749014,456.15713367962536,0.0
1.182,4.686597924342764,-2.3221678780348665,-1.2392218243188626,0.0,27.796402277224164,22.95998200088699,461.25533611782265,456.15713367962536,0.0
1.183,4.481575180954042,-2.205549489579841,2.1754181011329106,0.0,27.53214901466388,23.249204947227007,454.23530880376666,456.15713367962536,0.0
1.184,4.580340196779886,-2.150935993260577,5.704650006919494,0.0,27.318402072283053,23.824235003884255,447.3362486767341,456.15713367962536,0.0
1.185,4.9549923331458405,-2.131437441386101,9.242388920464684,0.0,27.18193412406303,24.634022237227803,447.6975241818449,456.15713367962536,0.0
1.186,5.55358105387823,-2.1440966216284374,9.146347262887076,0.0,27.14167918934479,25.241143743029127,444.8922100804751,456.15713367962536,0.0
1.187,6.123637970593512,-2.124919167775984,10.0,0.0,27.163925786952294,25.82166944880531,428.30173250974974,456.15713367962536,0.0
1.188,6.732522853009675,-1.9992542540865452,10.0,0.0,27.228368929409353,26.276553948494886,426.4574691872368,456.15713367962536,0.0
1.189,7.318005092236404,-1.7949183035558902,10.0,0.0,27.310635902168187,26.634080114970416,411.6525125589534,456.15713367962536,0.0
1.19,7.847447858735565,-1.586524387051527,10.0,0.0,27.39954882298852,26.911696480151654,404.76087743867635,456.15713367962536,0.0
1.191,8.39575959134049,-1.285837552825753,10.0,0.0,27.476340475645145,27.115422637975232,388.3832481872779,456.15713367962536,0.0
1.192,8.893943526710572,-1.0275750223982483,10.0,0.0,27.540423568813708,27.25713822971747,384.25741190363254,456.15713367962536,0.0
1.193,9.399837433259894,-0.7377662779195564,10.0,0.0,27.582973575251255,27.34042408123561,389.90394095096246,456.15713367962536,0.0
1.194,9.735260022592618,-0.7140475260811359,10.0,0.0,27.629886190939427,27.387798802484582,399.2302944122838,456.15713367962536,0.0
1.195,9.80818706117719,-1.040545013631887,10.0,0.0,27.712996928332636,27.430459564826506,420.42324094817627,456.15713367962536,0.0
1.196,9.780368055513971,-1.4417040826332217,10.0,0.0,27.83292519093535,27.48095468568234,427.9080705708616,456.15713367962536,0.0
1.197,9.687580458296608,-1.8553257766172793,10.0,0.0,27.987396935011628,27.548321566350168,451.1750487133898,456.15713367962536,0.0
1.198,9.53435255965092,-2.2774054515320605,8.380431828443921,0.0,28.175450740047825,27.462173627366514,459.49611819815,456.15713367962536,0.0
1.199,9.232408523266288,-2.6745694211927264,4.186507240878582,0.0,28.375551610595572,26.98999140488406,470.28937903801256,456.15713367962536,0.0
1.2,8.687597616811637,-2.9021562303753714,-1.3514456326365742,0.0,28.52948708115379,26.074711680839783,478.16700014653145,456.15713367962536,0.0
1.201,7.828024334440437,-2.9499462501651603,-5.510354851565083,0.0,28.579482066336794,24.953357942905058,479.2172148263644,456.15713367962536,0.0
1.202,6.795366886739065,-2.8282665099877713,-6.266063002948947,0.0,28.49847950759063,24.0125968592426,477.41927926827935,456.15713367962536,0.0
1.203,5.840924169994202,-2.6416410125161116,-5.579716679792965,0.0,28.312189089032724,23.33552892949769,473.4971603338461,456.15713367962536,0.0
1.204,5.096052345667724,-2.447931914797442,-3.792057479118558,0.0,28.057379173581772,22.969709273222573,467.40440820967126,456.15713367962536,0.0
1.205,4.619946380626559,-2.2908403792715766,-0.8581541623315854,0.0,27.776125306117752,22.964766301780962,460.4580111904975,456.15713367962536,0.0
1.206,4.458204320860808,-2.183645182410651,2.5720355721465875,0.0,27.512281971956533,23.293204645285662,453.23915593947015,456.15713367962536,0.0
1.207,4.595952275940386,-2.137028453644935,6.2106429750618,0.0,27.303610917366274,23.911590042343253,446.7825331649586,456.15713367962536,0.0
1.208,5.011131729949666,-2.1220654213860586,9.532700367464255,0.0,27.17646574167999,24.732017772980935,448.09790857920234,456.15713367962536,0.0
1.209,5.62911175597957,-2.138575415961517,8.955604911346605,0.0,27.146043586351993,25.297161130566074,442.3702548680812,456.15713367962536,0.0
1.21,6.186593040803745,-2.1107505646955627,10.0,0.0,27.1719521487303,25.86825921010258,426.0953264010776,456.15713367962536,0.0
1.211,6.799248009167356,-1.9638143432813613,10.0,0.0,27.23649492698152,26.312577153364973,425.94707575232883,456.15713367962536,0.0
1.212,7.374355513954377,-1.7671006731790921,10.0,0.0,27.318846080236753,26.661782304283328,409.3045360663754,456.15713367962536,0.0
1.213,7.91264477269191,-1.5405384993355482,10.0,0.0,27.404927930836525,26.9308413120221,404.64047884210026,456.15713367962536,0.0
1.214,8.450900009222666,-1.2545509101637102,10.0,0.0,27.480114484079735,27.12777742061597,386.73206439323405,456.15713367962536,0.0
1.215,8.96018986291758,-0.9784809396261589,10.0,0.0,27.53996817199061,27.261899242133655,380.4576606528909,456.15713367962536,0.0
1.216,9.450898658413978,-0.7141760169807365,10.0,0.0,27.580935831476523,27.339709181322974,388.428626789678,456.15713367962536,0.0
1.217,9.74989185052751,-0.7469305521096832,10.0,0.0,27.631833767023426,27.385852729364444,401.65962853214705,456.15713367962536,0.0
1.218,9.800574201592347,-1.0996059989386264,10.0,0.0,27.720723017619672,27.42988658946046,418.0445510538471,456.15713367962536,0.0
1.219,9.781202235368447,-1.4735820673434787,10.0,0.0,27.84273734222215,27.48104372840177,431.8841424224114,456.15713367962536,0.0
1.22,9.659195519472075,-1.925096368839386,10.0,0.0,28.003592760739018,27.55251360499557,446.23412728450916,456.15713367962536,0.0
1.221,9.51050047982675,-2.3287487688679436,10.0,0.0,28.195396246051754,27.64805842298369,468.6105118150657,456.15713367962536,0.0
1.222,9.291335200291897,-2.7620671623190574,-0.4247567623539563,0.0,28.42120236391136,26.629127094197724,470.688804558625,456.15713367962536,0.0
1.223,8.492697134296689,-2.882252702215725,-1.6092198429236042,0.0,28.531421962560533,25.794284673301306,476.32391385430884,456.15713367962536,0.0
1.224,7.605139207151658,-2.8878282673293314,-4.628442292512355,0.0,28.546546816018676,24.823323607036397,478.7314448794396,456.15713367962536,0.0
1.225,6.642173662690391,-2.7908836950410603,-6.05795091707588,0.0,28.45234341890167,23.920968039156982,476.9561107476931,456.15713367962536,0.0
1.226,5.737966486975662,-2.617066794502808,-5.378273621883313,0.0,28.2591743913721,23.27832041095462,472.6888405170605,456.15713367962536,0.0
1.227,5.032170002292655,-2.43220330686677,-3.409955574941355,0.0,28.002460689140676,22.958934396589218,466.4049547633388,456.15713367962536,0.0
1.228,4.597303111400164,-2.282969641091795,-0.3704909089176516,0.0,27.72491268733695,23.00125093938174,459.51903707399396,456.15713367962536,0.0
1.229,4.475857535187906,-2.1845925687430476,3.038848901811095,0.0,27.470021998692246,23.365224104708993,452.1175411089247,456.15713367962536,0.0
1.23,4.646940195385661,-2.1437613182969706,6.779992810052739,0.0,27.273510028619157,24.024709768054464,446.19887539781683,456.15713367962536,0.0
1.231,5.097507092219612,-2.130324117643186,9.838908248424747,0.0,27.16152804232047,24.84981339514682,448.7716820530039,456.15713367962536,0.0
1.232,5.7266195304115834,-2.149739627121373,8.626359437097445,0.0,27.14552469541003,25.352542238037586,439.7096330395307,456.15713367962536,0.0
1.233,6.260668867516025,-2.1018112011877244,10.0,0.0,27.175928285532216,25.91416950928121,425.0903533578526,456.15713367962536,0.0
1.234,6.870455944779596,-1.9324728651574279,10.0,0.0,27.24130631106255,26.34720192165571,425.2238788506883,456.15713367962536,0.0
1.235,7.432034866139275,-1.74257751903548,10.0,0.0,27.3242546705642,26.687793084768877,407.4044794817595,456.15713367962536,0.0
1.236,7.975609041256646,-1.5003989508014175,10.0,0.0,27.408226621382468,26.948442597471566,404.2740942259633,456.15713367962536,0.0
1.237,8.50472836940704,-1.225750422053039,10.0,0.0,27.4820767759092,27.138656969640444,385.9534892346984,456.15713367962536,0.0
1.238,9.021695701479215,-0.9360996893717528,10.0,0.0,27.53844825689269,27.265659706798683,375.76586462818864,456.15713367962536,0.0
1.239,9.507170572788944,-0.6795914879356011,10.0,0.0,27.57656346866248,27.337366755816095,394.34206585302366,456.15713367962536,0.0
1.24,9.763413256237621,-0.7760841067950563,10.0,0.0,27.631217134245954,27.382382674642486,402.39210295623013,456.15713367962536,0.0
1.241,9.804288745226264,-1.1340980847661664,10.0,0.0,27.723323636541927,27.426428491190315,423.95232556583534,456.15713367962536,0.0
1.242,9.75993637919417,-1.5397676770740412,10.0,0.0,27.851667585637248,27.480567891466382,431.3992405387987,456.15713367962536,0.0
1.243,9.64673276019591,-1.9652234556372479,10.0,0.0,28.015334519569524,27.554136621053853,451.9919713055535,456.15713367962536,0.0
1.244,9.48926786726553,-2.3720589252902307,7.97589753463075,0.0,28.210488976943516,27.430253001917563,464.95284445003495,456.15713367962536,0.0
1.245,9.150014985064796,-2.7639954261787016,1.4075038546859195,0.0,28.412784287067666,26.67173407840482,471.720869457402,456.15713367962536,0.0
1.246,8.44991225052614,-2.9106660255364547,-2.1321460067753684,0.0,28.531212574748604,25.759237802271734,477.90532209701655,456.15713367962536,0.0
1.247,7.549577615793663,-2.9139905326427713,-5.441854210756562,0.0,28.54544739583625,24.71319836117191,478.85006381394675,456.15713367962536,0.0
1.248,6.550119988725594,-2.786386306447767,-6.141154370564873,0.0,28.439585080752643,23.83029740338189,476.6296599044238,456.15713367962536,0.0
1.249,5.648867745337967,-2.5982186360754502,-5.235677678051394,0.0,28.236596499919386,23.22083891813904,472.0861218628779,456.15713367962536,0.0
1.25,4.965076859401506,-2.412358658759141,-3.1231985391109687,0.0,27.9743980078441,22.941549836714596,465.5935061768842,456.15713367962536,0.0
1.2510000000000001,4.56319532536898,-2.266486256682856,0.02874557891329843,0.0,27.69630309237867,23.02692793570255,458.6936954050813,456.15713367962536,0.0
1.252,4.47829304494409,-2.175018673365696,3.4532853475601843,0.0,27.445952768214468,23.426459102122493,451.0366365095615,456.15713367962536,0.0
1.2530000000000001,4.682595431421169,-2.140190889329265,7.333019767020728,0.0,27.25767421269783,24.130205222621477,446.5792788902285,456.15713367962536,0.0
1.254,5.16996832356776,-2.1318772003585442,9.657477124581188,0.0,27.158031896836334,24.910073846384588,449.0049618217956,456.15713367962536,0.0
1.2550000000000001,5.788074719332851,-2.1443207138804747,8.516157377375958,0.0,27.147792598314428,25.39008365580437,437.0345432861166,456.15713367962536,0.0
1.256,6.315745444526412,-2.077469675959503,10.0,0.0,27.17910016128016,25.94384172457704,424.8053803698036,456.15713367962536,0.0
1.2570000000000001,6.925594110711527,-1.8952049710294014,10.0,0.0,27.243272167663488,26.368709670514356,423.89964535808866,456.15713367962536,0.0
1.258,7.478311952495025,-1.7143249355162324,10.0,0.0,27.325439611145057,26.702807546561928,405.74533383842873,456.15713367962536,0.0
1.2590000000000001,8.030249010655986,-1.4578233184156502,10.0,0.0,27.406393720357325,26.956526481373036,401.9680912971582,456.15713367962536,0.0
1.26,8.549505716504097,-1.1998079334265794,10.0,0.0,27.478807635951654,27.141370066562573,385.9645689629247,456.15713367962536,0.0
1.2610000000000001,9.076826920211193,-0.8949825234981796,10.0,0.0,27.531513877263276,27.262157919443286,372.7686968091966,456.15713367962536,0.0
1.262,9.56378220358136,-0.6363619208729401,10.0,0.0,27.565628267542323,27.327845742033453,396.4847299193542,456.15713367962536,0.0
1.2630000000000001,9.755126776695676,-0.8332704696071045,10.0,0.0,27.627146147439483,27.374197871183625,405.0728220745185,456.15713367962536,0.0
1.264,9.805803113758197,-1.166447509048829,10.0,0.0,27.721827841113207,27.418405624062764,420.38542556421305,456.15713367962536,0.0
1.2650000000000001,9.738528909034706,-1.6002768089717003,10.0,0.0,27.85585159330456,27.47556769691158,434.36227759381774,456.15713367962536,0.0
1.266,9.633662013531527,-2.001209203095148,10.0,0.0,28.02195344791601,27.551278554152745,454.40013162493176,456.15713367962536,0.0
1.2670000000000001,9.446173174588477,-2.4500060026168478,6.751744973716922,0.0,28.224374526796584,27.298295561568516,462.8470820811639,456.15713367962536,0.0
1.268,9.060988108307098,-2.7679517939069775,2.461370261585479,0.0,28.411741267577376,26.691889776960664,473.68079976237453,456.15713367962536,0.0
1.2690000000000001,8.405034464528475,-2.9463340435486707,-3.130725239847341,0.0,28.536173345366993,25.660937537008202,478.209534293138,456.15713367962536,0.0
1.27,7.464477186208533,-2.9216939117992737,-5.615616511364204,0.0,28.540572754393544,24.625008408154837,478.83194604588374,456.15713367962536,0.0
1.2710000000000001,6.460622250027301,-2.7783621920681663,-6.153570511399654,0.0,28.425419221779187,23.75980457599747,476.44356766910687,456.15713367962536,0.0
1.272,5.571208641359082,-2.5830331971290046,-5.1622456629060345,0.0,28.215207786964516,23.171827994720744,471.4986716775145,456.15713367962536,0.0
1.2730000000000001,4.906217688382077,-2.39605765907822,-2.843213047088738,0.0,27.948605818267453,22.931063136085985,464.7584245096177,456.15713367962536,0.0
1.274,4.535688364288852,-2.252082398569675,0.44089762855972303,0.0,27.670620037301198,23.059884730728648,457.89839846125005,456.15713367962536,0.0
1.2750000000000001,4.486439363727553,-2.167427372352962,3.853498004927312,0.0,27.425442693617068,23.492282619275166,450.32258915275014,456.15713367962536,0.0
1.276,4.723071835036486,-2.13624627000131,7.69974810444602,0.0,27.24543950215948,24.219362429932403,446.8993919795117,456.15713367962536,0.0
1.2770000000000001,5.234375670487567,-2.131507432197452,9.50392410806639,0.0,27.15593514977849,24.961853702594684,449.641247394831,456.15713367962536,0.0
1.278,5.844361433492475,-2.1334827440563666,8.198155263254673,0.0,27.149895032584332,25.39748368421112,434.94402142271804,456.15713367962536,0.0
1.2790000000000001,6.3530565853054,-2.047712088412527,10.0,0.0,27.178567400031824,25.950350656367217,424.4644882139403,456.15713367962536,0.0
1.28,6.962549769426205,-1.8551455448084777,10.0,0.0,27.239334614710163,26.370822421949857,422.24742657532676,456.15713367962536,0.0
1.281,7.511646888703099,-1.6804213487723354,10.0,0.0,27.318778288351012,26.70101798116281,404.5053752971418,456.15713367962536,0.0
1.282,8.07246637146066,-1.4140504522589064,10.0,0.0,27.39574359389294,26.94993917990798,399.38332295542006,456.15713367962536,0.0
1.283,8.587243982015941,-1.1681331870167067,10.0,0.0,27.465517298543702,27.130647446999344,385.61159540048317,456.15713367962536,0.0
1.284,9.120565894310909,-0.8581912197188535,10.0,0.0,27.514750015688172,27.246744623599728,377.83754775643604,456.15713367962536,0.0
1.285,9.601128847328457,-0.613332536073588,10.0,0.0,27.546834143250237,27.308626648545562,392.44786082269513,456.15713367962536,0.0
1.286,9.752697383940616,-0.8688479685508019,10.0,0.0,27.612453344959615,27.355661974255842,408.7484802389066,456.15713367962536,0.0
1.287,9.796863093018695,-1.2057506306826875,10.0,0.0,27.71071829757883,27.401213144933568,419.7953125743603,456.15713367962536,0.0
1.288,9.72285257982466,-1.6418225792003822,10.0,0.0,27.848310759719514,27.46061850734756,436.8091751169791,456.15713367962536,0.0
1.289,9.613862597390899,-2.0404681356885503,10.0,0.0,28.01757480361606,27.53909137267002,454.60285428534075,456.15713367962536,0.0
1.29,9.418244347949846,-2.4943485701331385,6.648307336961725,0.0,28.223700121879215,27.278385270529835,464.09419846691594,456.15713367962536,0.0
1.291,9.0254463155741,-2.8048985378654825,1.8232645983012254,0.0,28.41276399020815,26.608376136874632,474.5785313089753,456.15713367962536,0.0
1.292,8.333189909839813,-2.9623730126156724,-3.6031157990219533,0.0,28.530137250883865,25.547843111405918,478.2485367901294,456.15713367962536,0.0
1.293,7.367711652260541,-2.9175917440823236,-5.659032570704032,0.0,28.52321919865897,24.532493717916232,478.5750109976883,456.15713367962536,0.0
1.294,6.370266190409904,-2.7653884549376047,-6.046448447664128,0.0,28.399163463187005,23.695995098032007,476.0785831012752,456.15713367962536,0.0
1.295,5.501778972898076,-2.5687007813885634,-4.997448993674086,0.0,28.183749828074873,23.13556400460531,470.84276344075414,456.15713367962536,0.0
1.296,4.8620531061670285,-2.382797790168995,-2.52639546102483,0.0,27.915351994832616,22.932645524226885,464.07802681472543,456.15713367962536,0.0
1.297,4.5224606707374155,-2.2438522543508643,0.7767639206385226,0.0,27.640077117848953,23.0927740144485,457.1677762580141,456.15713367962536,0.0
1.298,4.5019700223099495,-2.1642362839731515,4.221782773210301,0.0,27.400974276202447,23.554140694888574,449.63405663112275,456.15713367962536,0.0
1.299,4.765873661478221,-2.1355638564665798,8.053873357141004,0.0,27.22956057944265,24.30330589203386,447.0592210490927,456.15713367962536,0.0
1.3,5.29803989953847,-2.1342500937624833,9.432270274461363,0.0,27.150346982450976,25.01781670505963,449.160484571819,456.15713367962536,0.0
1.301,5.900377497785852,-2.132125223757588,8.451605004176276,0.0,27.150285228387556,25.470362454752483,433.38482201308625,456.15713367962536,0.0
1.302,6.4236780409955685,-2.0352147633289452,10.0,0.0,27.184845322752658,26.00623787254257,424.57117837469355,456.15713367962536,0.0
1.303,7.030304969023232,-1.836259977379448,10.0,0.0,27.248621027610092,26.415001851380982,420.46356837636114,456.15713367962536,0.0
1.304,7.57127742335101,-1.6630689158614853,10.0,0.0,27.32983409095815,26.735826302125517,404.0845175340807,456.15713367962536,0.0
1.305,8.13477661147065,-1.38365212927423,10.0,0.0,27.406004357136435,26.976114427980516,396.713789336383,456.15713367962536,0.0
1.306,8.642361478380154,-1.143189367194807,10.0,0.0,27.474929673319537,27.149791424388994,385.8022082511776,456.15713367962536,0.0
1.307,9.176208718081869,-0.8288607709173068,10.0,0.0,27.52215863955543,27.25934590507684,383.5259511268533,456.15713367962536,0.0
1.308,9.62294792477605,-0.6387593478449115,10.0,0.0,27.557852286661344,27.318864993980153,393.4073559998934,456.15713367962536,0.0
1.309,9.774842619722776,-0.8821711788601613,10.0,0.0,27.624604793589388,27.363760514326536,408.58955060002745,456.15713367962536,0.0
1.31,9.779364476677193,-1.2751987526847732,10.0,0.0,27.729970516669827,27.411863276015552,422.8391969551731,456.15713367962536,0.0
1.311,9.727370626227325,-1.6635946727293147,10.0,0.0,27.868403219077784,27.471456875962748,439.679394752936,456.15713367962536,0.0
1.312,9.580770199084682,-2.1164426025441525,10.0,0.0,28.04488132431884,27.554540494637205,452.4032309293784,456.15713367962536,0.0
1.313,9.408503196023407,-2.5209588413168227,7.781897459532177,0.0,28.251988287870077,27.420455648582188,472.3275390959018,456.15713367962536,0.0
1.314,9.057731752564017,-2.8819234437338386,-2.341960677892268,0.0,28.46063701433884,26.2659088025257,473.7882775901781,456.15713367962536,0.0
1.315,8.146665460233718,-2.9243121185619705,-3.2486413641359517,0.0,28.534019291762007,25.345894797330892,477.2510608716572,456.15713367962536,0.0
1.316,7.1869195377761965,-2.8638121478182272,-5.19097227679583,0.0,28.500983057393277,24.417092215414787,478.1020458880219,456.15713367962536,0.0
1.317,6.239993249166439,-2.728159140536235,-5.83591390706214,0.0,28.364053357176232,23.62091043057322,475.4770648263127,456.15713367962536,0.0
1.318,5.41524240092593,-2.5435875685990226,-4.71662268767441,0.0,28.14225210565646,23.10147863504977,470.0938000821125,456.15713367962536,0.0
1.319,4.8157765744304655,-2.367770629352693,-2.1643569795991935,0.0,27.873193652138603,22.939059942053174,463.32005933016234,456.15713367962536,0.0
1.32,4.51422234888819,-2.2367090384917274,1.150884139870529,0.0,27.60214056907062,23.132307445610074,456.4147101752301,456.15713367962536,0.0
1.321,4.5249292362093545,-2.1644265458350103,4.600982952380608,0.0,27.370877086381498,23.621290048825145,448.9121294156994,456.15713367962536,0.0
1.322,4.816038349025433,-2.1382664288026176,8.42472337478522,0.0,27.209483424335804,24.392443568252634,447.1638441118168,456.15713367962536,0.0
1.323,5.368274309749251,-2.140618752669168,9.388798922404604,0.0,27.14186483723306,25.080318410995446,448.449568984266,456.15713367962536,0.0
1.324,5.962728174297414,-2.134939944443927,8.823012133133577,0.0,27.149147400971447,25.56089904296463,432.1160808567524,456.15713367962536,0.0
1.325,6.5054483564484356,-2.029327062962091,10.0,0.0,27.192199142652154,26.075521719967618,425.11708232272684,456.15713367962536,0.0
1.326,7.106836631074186,-1.8255557011133505,10.0,0.0,27.261049256876543,26.47049191638239,418.34753106343584,456.15713367962536,0.0
1.327,7.640651426781005,-1.6480454721346427,10.0,0.0,27.345022967750808,26.780144359796644,403.97185205823223,456.15713367962536,0.0
1.328,8.203165817744,-1.35726043821749,10.0,0.0,27.42135330043797,27.010690494908033,394.11301728487365,456.15713367962536,0.0
1.329,8.704788520670565,-1.1170159129516364,10.0,0.0,27.48958616592748,27.176261696364698,386.08845189178936,456.15713367962536,0.0
1.33,9.235429450143867,-0.8019241152505869,10.0,0.0,27.535295212519248,27.278744789011856,380.461191308886,456.15713367962536,0.0
1.331,9.64712609235102,-0.6665030694892011,10.0,0.0,27.57493626665982,27.33557025570542,400.78606000348964,456.15713367962536,0.0
1.332,9.78277041550494,-0.9252659323788812,10.0,0.0,27.646113887431163,27.379873372018825,408.34284974652496,456.15713367962536,0.0
1.333,9.790126891585835,-1.3003141923875003,10.0,0.0,27.753271737728763,27.427411169640664,428.0551784982265,456.15713367962536,0.0
1.334,9.70366544337647,-1.736623159590011,10.0,0.0,27.898711086550982,27.49049529659392,438.3132966160613,456.15713367962536,0.0
1.335,9.578314656690235,-2.1427208533042097,10.0,0.0,28.076222569822836,27.57473891778746,461.54228109998417,456.15713367962536,0.0
1.336,9.386395492067525,-2.569776200434239,3.1343733808809855,0.0,28.28732237813402,26.932947997327382,465.90750073621115,456.15713367962536,0.0
1.337,8.785674624466001,-2.805806296517434,0.854259892201636,0.0,28.43482587066594,26.25845003597083,473.7735303948105,456.15713367962536,0.0
1.338,8.040518245291283,-2.907101604103583,-3.2549189042498945,0.0,28.508911400682642,25.312903680313454,478.4481437052663,456.15713367962536,0.0
1.339,7.120060110767689,-2.8713737644540025,-5.815135659734209,0.0,28.47609072669463,24.322587289090578,477.9196980767494,456.15713367962536,0.0
1.34,6.161295699737749,-2.7208522171087095,-5.768538489446989,0.0,28.33132038917164,23.555007829745676,474.8884894614713,456.15713367962536,0.0
1.341,5.35203881074105,-2.530375686933077,-4.440247739626397,0.0,28.104821936620592,23.074785907039704,469.40202719095237,456.15713367962536,0.0
1.342,4.780599932564002,-2.3581412993664785,-1.8294655394802035,0.0,27.835910119723483,22.948605173576603,462.59190150206814,456.15713367962536,0.0
1.343,4.510371514700042,-2.2313914097713416,1.5112496267374826,0.0,27.569051267189977,23.17353291523585,455.65689049773215,456.15713367962536,0.0
1.344,4.549415645085029,-2.164365549306231,4.98375756072441,0.0,27.345265728320534,23.690853580031217,448.2498214537998,456.15713367962536,0.0
1.345,4.86721681516049,-2.1400393011932426,8.766365204948826,0.0,27.193585181129794,24.480857698580472,447.247024648756,456.15713367962536,0.0
1.346,5.437802019203117,-2.145372106820287,9.356864697779436,0.0,27.136902971613154,25.144235857580913,448.00495824101705,456.15713367962536,0.0
1.347,6.025109391361191,-2.1362900135952763,9.059419656034992,0.0,27.151174440637213,25.638086071312493,430.88189494756034,456.15713367962536,0.0
1.348,6.579996516403774,-2.019688427348484,10.0,0.0,27.200668430577124,26.135252188793814,425.5400591829235,456.15713367962536,0.0
1.349,7.174989064638783,-1.8131083416591944,10.0,0.0,27.273371839707814,26.51834498102591,416.0868725671575,456.15713367962536,0.0
1.35,7.70481007275358,-1.6288989263662752,10.0,0.0,27.35891695232333,26.818068449537602,404.02432782424984,456.15713367962536,0.0
1.351,8.265907071771837,-1.3302372026234224,10.0,0.0,27.434869205069667,27.039951622648807,391.71862655881927,456.15713367962536,0.0
1.352,8.764066928043547,-1.0885744194595155,10.0,0.0,27.501818260941885,27.198055089523812,386.09608418416155,456.15713367962536,0.0
1.353,9.289550371138551,-0.7776734163404866,10.0,0.0,27.546100275402935,27.29422153512082,381.56526183364025,456.15713367962536,0.0
1.354,9.686504352528296,-0.6626260653059051,10.0,0.0,27.586024534394966,27.346789434082297,397.8367391233337,456.15713367962536,0.0
1.355,9.780715125501896,-0.9789322894582169,10.0,0.0,27.663157315551047,27.39169932383364,412.92895787660706,456.15713367962536,0.0
1.356,9.793880200463784,-1.3337985040691835,10.0,0.0,27.772940028932336,27.439325452209385,425.74385467056663,456.15713367962536,0.0
1.357,9.694979359180795,-1.7796361481250722,10.0,0.0,27.922000562513098,27.504177982376433,440.8081126056024,456.15713367962536,0.0
1.358,9.566341073562645,-2.181076906358328,10.0,0.0,28.1023404027176,27.590612515890015,461.8221101067639,456.15713367962536,0.0
1.359,9.35885355164918,-2.6255753931621406,3.0025984325709976,0.0,28.31817013821909,26.9382606522098,466.84528193554866,456.15713367962536,0.0
1.36,8.756208144486479,-2.840516230069204,0.38413103561937945,0.0,28.466380220994143,26.218885670026122,475.2027601199166,456.15713367962536,0.0
1.361,7.981261894162781,-2.9282972371550615,-3.985064320967508,0.0,28.535338299683715,25.21106001254727,478.78869526285973,456.15713367962536,0.0
1.362,7.023218055256766,-2.8649205898031163,-6.004347508271416,0.0,28.488768763476862,24.230118891424123,477.90643459052734,456.15713367962536,0.0
1.363,6.0619465981675615,-2.699907895863123,-5.780710181214239,0.0,28.331244438918496,23.483567288532672,474.54698598634764,456.15713367962536,0.0
1.364,5.2677489707936695,-2.505169982019691,-4.284884402191611,0.0,28.095046342943448,23.035971900336687,468.8634024094711,456.15713367962536,0.0
1.365,4.723644350752228,-2.3345125863290663,-1.5701553010518108,0.0,27.820883583358768,22.945087716628777,461.96621102227635,456.15713367962536,0.0
1.366,4.485486692417081,-2.212402634012805,1.820349619119062,0.0,27.553323160563878,23.202440221757026,454.8954848851882,456.15713367962536,0.0
1.367,4.555633029548679,-2.150945391546187,5.368329175607521,0.0,27.332714833413156,23.753576462437167,447.6457591618964,456.15713367962536,0.0
1.368,4.905531649548673,-2.1301616083846815,9.07830578243069,0.0,27.18760931932241,24.5623684926912,447.40738694023264,456.15713367962536,0.0
1.369,5.496572912423314,-2.14136174319772,9.284989360656507,0.0,27.139333412327186,25.199890643331152,446.65577512244016,456.15713367962536,0.0
1.37,6.0786899944531845,-2.128981566997262,9.755808855124599,0.0,27.1581634903653,25.76043383042228,429.92881037111727,456.15713367962536,0.0
1.371,6.673515124160986,-2.0131451080461016,10.0,0.0,27.218546670586093,26.229348944152157,426.0926564682858,456.15713367962536,0.0
1.372,7.263686897299198,-1.8086656465739976,10.0,0.0,27.29844866798539,26.595998309334256,413.5888161850698,456.15713367962536,0.0
1.373,7.79205278641531,-1.6102877364884032,10.0,0.0,27.38724862666825,26.881754407666676,404.483619991634,456.15713367962536,0.0
1.374,8.346042550561961,-1.3070225813428418,10.0,0.0,27.46436881135093,27.092159676869173,389.7898205859278,456.15713367962536,0.0
1.375,8.842112700589707,-1.0565318394739611,10.0,0.0,27.530296174431456,27.2402086187581,385.48488489833136,456.15713367962536,0.0
1.3760000000000001,9.356694973074204,-0.7551782703964167,10.0,0.0,27.57379171021298,27.32840205429317,388.6902164711949,456.15713367962536,0.0
1.377,9.722427193908327,-0.6846984155156196,10.0,0.0,27.617017787623755,27.377040978285983,397.96568363192574,456.15713367962536,0.0
1.3780000000000001,9.801528498105618,-1.010474479824722,10.0,0.0,27.697325315315542,27.420094796367216,414.3647302394973,456.15713367962536,0.0
1.379,9.79533491375127,-1.3840064618476664,10.0,0.0,27.811738229425707,27.468346292730473,428.610743989112,456.15713367962536,0.0
1.3800000000000001,9.687734389274,-1.8321965302722534,10.0,0.0,27.965100589467653,27.53498805271737,442.8994201785377,456.15713367962536,0.0
1.381,9.550706417814741,-2.235946015784151,10.0,0.0,28.14972143222616,27.624298944325517,464.698659551169,456.15713367962536,0.0
1.3820000000000001,9.339386658112451,-2.675210149947704,1.554745735569588,0.0,28.36909283977249,26.816037755814015,468.3683009681113,456.15713367962536,0.0
1.383,8.653757049766872,-2.8516237412029226,-0.4021866457864416,0.0,28.500713841409485,26.053035866924425,475.6817530234046,456.15713367962536,0.0
1.3840000000000001,7.8340178267305465,-2.9073709631290376,-4.254158866870875,0.0,28.547240612493155,25.058663665032306,478.8162554279132,456.15713367962536,0.0
1.385,6.8731172954187905,-2.8322951664868903,-6.048001286608036,0.0,28.48086167642933,24.107080082691457,477.53646056512423,456.15713367962536,0.0
1.3860000000000001,5.932959937100772,-2.6653904108745072,-5.621897124068551,0.0,28.308353510586876,23.402635151156886,473.86417719068277,456.15713367962536,0.0
1.387,5.17405940389745,-2.4753638437097836,-3.962825871958393,0.0,28.063417793343206,23.003698177367443,467.95909818140814,456.15713367962536,0.0
1.3880000000000001,4.671053912460481,-2.3153376489305124,-1.1283060123389062,0.0,27.78737933469089,22.963109399995638,461.0256286205969,456.15713367962536,0.0
1.389,4.478020556607685,-2.201468170316046,2.2897438186570094,0.0,27.52396046346682,23.262819551538584,453.95853092530865,456.15713367962536,0.0
1.3900000000000001,4.587144351978266,-2.1489459875660932,5.845278693844289,0.0,27.312215749203105,23.849211187716172,447.1792662178604,456.15713367962536,0.0
1.391,4.972320902888695,-2.1304374466267286,9.324689722186063,0.0,27.178773952307697,24.661690870568915,447.78414304432994,456.15713367962536,0.0
1.3920000000000001,5.575588825454174,-2.144162364947986,9.105981215304249,0.0,27.14161912981183,25.25821865343333,444.1869223165844,456.15713367962536,0.0
1.393,6.142274217199084,-2.1227158343556907,10.0,0.0,27.16533620030362,25.835604613280786,427.56825754887745,456.15713367962536,0.0
1.3940000000000001,6.751795951375344,-1.9910253152303117,10.0,0.0,27.230148667933115,26.28730295950377,426.3407544031155,456.15713367962536,0.0
1.395,7.333557389630991,-1.7893266207124365,10.0,0.0,27.312779772216253,26.642414177001058,410.9186238644518,456.15713367962536,0.0
1.3960000000000001,7.866539704500632,-1.573430126676818,10.0,0.0,27.400927260422044,26.917466942923813,404.88596720953956,456.15713367962536,0.0
1.397,8.411043223849678,-1.277836276768436,10.0,0.0,27.477408917849978,27.119263617095175,387.7923917444686,456.15713367962536,0.0
1.3980000000000001,8.912316487546956,-1.0142738606873576,10.0,0.0,27.540386149682423,27.258833765778977,384.0127152708767,456.15713367962536,0.0
1.399,9.414288652944249,-0.7307897453853576,10.0,0.0,27.5824750446776,27.34054041722093,387.53797973382217,456.15713367962536,0.0
1.4000000000000001,9.732810644863438,-0.7345742476144883,10.0,0.0,27.63177685171567,27.38826759556106,399.9725590138345,456.15713367962536,0.0
1.401,9.804503917249523,-1.060565236116359,10.0,0.0,27.716742359596875,27.431451196727707,416.3167406709069,456.15713367962536,0.0
1.4020000000000001,9.790318163282922,-1.4339386526161064,10.0,0.0,27.835340842736557,27.481090354225998,430.75990045335226,456.15713367962536,0.0
1.403,9.673061148409676,-1.8860389464692275,10.0,0.0,27.993040691470956,27.55038185838481,444.9290777798407,456.15713367962536,0.0
1.4040000000000001,9.529385843866192,-2.2895504517310847,10.0,0.0,28.181764968388066,27.643145910352235,467.0552867047706,456.15713367962536,0.0
1.405,9.313485007005742,-2.7254147115799703,0.3637522968639413,0.0,28.404803176340966,26.707831076478882,469.75905391413374,456.15713367962536,0.0
1.4060000000000001,8.55989373923376,-2.868296240533524,-1.1241505101627167,0.0,28.523364405697656,25.901780746132907,476.11896783775364,456.15713367962536,0.0
1.407,7.699436928148201,-2.894443649530874,-4.503725813553949,0.0,28.550911878784234,24.918431652996105,478.803446191375,456.15713367962536,0.0
1.408,6.735644746693665,-2.806322282237818,-6.0724281154821105,0.0,28.467414870756276,23.994823288152592,477.1597617556288,456.15713367962536,0.0
1.409,5.815177214033985,-2.636241511605998,-5.460612178369047,0.0,28.28207905595019,23.329826341870405,473.1145834312012,456.15713367962536,0.0
1.41,5.088824717047605,-2.4501618050686913,-3.6075975136710143,0.0,28.030009167983707,22.981203061823358,467.04994841181986,456.15713367962536,0.0
1.411,4.628417432961501,-2.2970507196237926,-0.684208151302288,0.0,27.7533025184756,22.98865908047755,460.23301245825337,456.15713367962536,0.0
1.412,4.477571343044719,-2.192816570559238,2.6835010376946746,0.0,27.495077490241076,23.3209019465315,452.98175968248785,456.15713367962536,0.0
1.413,4.620533185599516,-2.1460570461539015,6.340881165548811,0.0,27.29179804524145,23.945498481750377,446.6574234463961,456.15713367962536,0.0
1.414,5.0408033656566635,-2.1294126489008924,9.598046385926986,0.0,27.169942909809897,24.764221690529723,448.30665121774416,456.15713367962536,0.0
1.415,5.659187924339289,-2.143540854854958,8.85193732487176,0.0,27.143866155426913,25.3104238163136,441.80621930515167,456.15713367962536,0.0
1.416,6.206865469699424,-2.1105937114191535,10.0,0.0,27.171251821223144,25.879085354552675,425.78939743908825,456.15713367962536,0.0
1.417,6.817646673183633,-1.9572782933156865,10.0,0.0,27.23622984970663,26.320429521866515,425.88896724895955,456.15713367962536,0.0
1.418,7.389279121739531,-1.7610645585319116,10.0,0.0,27.318794135427968,26.66736531799102,408.77197981293705,456.15713367962536,0.0
1.419,7.927942273407198,-1.5313762608854598,10.0,0.0,27.404491996796352,26.93432734087732,404.5031316243899,456.15713367962536,0.0
1.42,8.463897660892654,-1.2478759864418216,10.0,0.0,27.479428127104203,27.1295944865051,386.50063449731294,456.15713367962536,0.0
1.421,8.975244614811352,-0.9679218069864945,10.0,0.0,27.538437401948386,27.261939919544695,379.1489008793205,456.15713367962536,0.0
1.422,9.463595075004054,-0.7071544603669349,10.0,0.0,27.578895426278507,27.338346655682727,389.8409721438015,456.15713367962536,0.0
1.423,9.754984149946374,-0.7508147548800528,10.0,0.0,27.630358627652072,27.383989226998246,401.549526412289,456.15713367962536,0.0
1.424,9.801637416998114,-1.1072970014730519,10.0,0.0,27.720016210199923,27.427995892693303,418.3026957309898,456.15713367962536,0.0
1.425,9.778571209582221,-1.4847621697076478,10.0,0.0,27.84306504710237,27.479571465559886,432.40976897920734,456.15713367962536,0.0
1.426,9.654116260737844,-1.9378944049041427,10.0,0.0,28.0050364517905,27.5517537471288,446.63355211168755,456.15713367962536,0.0
1.427,9.504143240558964,-2.3411858837946267,10.0,0.0,28.197859684492695,27.648167423740862,469.25725792406456,456.15713367962536,0.0
1.428,9.284946625140217,-2.7719265038716108,-0.7541148187009394,0.0,28.42439051500544,26.593881323399103,470.96381599740675,456.15713367962536,0.0
1.429,8.466968842621828,-2.8843160171178863,-1.7554606785498503,0.0,28.530895092689057,25.752855609669265,476.2407005418985,456.15713367962536,0.0
1.43,7.571340096295231,-2.8831377659776223,-4.594738619418449,0.0,28.54139313847344,24.794615194454458,478.64186779787644,456.15713367962536,0.0
1.431,6.61326516981307,-2.7856251981920206,-6.020169588589937,0.0,28.444302738212894,23.90127595258916,476.8455264170781,456.15713367962536,0.0
1.432,5.716509307877235,-2.6125862969384417,-5.32888282556528,0.0,28.249528300331814,23.266919844056883,472.5277438668635,456.15713367962536,0.0
1.433,5.01853196547196,-2.428799082234764,-3.3336976523303683,0.0,27.99230949078076,22.956889353060543,466.20243291788887,456.15713367962536,0.0
1.434,4.59202400286351,-2.2808484849350594,-0.2714951702256947,0.0,27.71537281952925,23.008966553970783,459.31510450273987,456.15713367962536,0.0
1.435,4.479005469216715,-2.184045630247849,3.1405893291176605,0.0,27.462168727451324,23.381016596846628,451.8605006346785,456.15713367962536,0.0
1.436,4.65751009553728,-2.144430770409003,6.910857593597821,0.0,27.26810044283336,24.05038419609474,446.2835203878597,456.15713367962536,0.0
1.437,5.116272379329819,-2.1317489661820233,9.798083849924867,0.0,27.15937689673543,24.864621607553453,448.7679802485896,456.15713367962536,0.0
1.438,5.741917021586446,-2.1500299679862365,8.629745453870282,0.0,27.145087174633893,25.364940149316922,438.9540176251927,456.15713367962536,0.0
1.439,6.276042495239636,-2.0974477136564604,10.0,0.0,27.176291420924546,25.923711893049422,425.0945872334987,456.15713367962536,0.0
1.44,6.885833588473024,-1.9244702038349417,10.0,0.0,27.241750713422313,26.354288576057304,424.83940531780206,456.15713367962536,0.0
1.441,7.444266934790593,-1.7373844416392248,10.0,0.0,27.32487208622778,26.693023762851563,407.1077228211256,456.15713367962536,0.0
1.442,7.98989670438458,-1.4907952302125633,10.0,0.0,27.40830088479714,26.95176262705478,404.1441328444614,456.15713367962536,0.0
1.443,8.516119083493331,-1.2202357689556425,10.0,0.0,27.4819650413059,27.1405423206886,385.8883261077619,456.15713367962536,0.0
1.444,9.035501301627999,-0.926518250409534,10.0,0.0,27.537537419099667,27.26594064040618,374.691669078307,456.15713367962536,0.0
1.445,9.5203363562713,-0.6708131521497813,10.0,0.0,27.574902005462697,27.336218332101968,395.77607514168045,456.15713367962536,0.0
1.446,9.763367518880562,-0.7874071295566816,10.0,0.0,27.63094029085636,27.381319635923887,402.76199435393073,456.15713367962536,0.0
1.447,9.805175704190644,-1.1415631161687871,10.0,0.0,27.723676096846116,27.425346049144963,422.6615581808127,456.15713367962536,0.0
1.448,9.750357833544719,-1.562808983889555,10.0,0.0,27.854336449142163,27.480691449267066,432.02090388022265,456.15713367962536,0.0
1.449,9.647319304903204,-1.968354153992431,10.0,0.0,28.017862816254926,27.55435440405067,455.1780362907291,456.15713367962536,0.0
1.45,9.471783394689183,-2.4040057911162065,6.351973250745418,0.0,28.216269070517363,27.25399932248632,461.469726617675,456.15713367962536,0.0
1.451,9.059480584129776,-2.7288938136020016,3.153002157891967,0.0,28.396180357299308,26.731711771842704,472.00827444966257,456.15713367962536,0.0
1.452,8.447442884513778,-2.9182160168571847,-2.2747831658021846,0.0,28.523448322471918,25.77777854911598,478.5184488873071,456.15713367962536,0.0
1.453,7.554179077137669,-2.928799898891582,-5.75348353670127,0.0,28.541867173845826,24.695724899432452,478.90317949680116,456.15713367962536,0.0
1.454,6.540135737567507,-2.7911904722468055,-6.173309299620056,0.0,28.434995899362715,23.81493679892155,476.5640740857739,456.15713367962536,0.0
1.455,5.635828416047416,-2.5975774415371724,-5.207825998167904,0.0,28.23081160316523,23.211275173773853,471.94387567734407,456.15713367962536,0.0
1.456,4.95337672796828,-2.412107641865118,-3.055594213930183,0.0,27.96821402641588,22.940678557246315,465.2928611770652,456.15713367962536,0.0
1.457,4.558775637093463,-2.2643765550277504,0.1785557612348425,0.0,27.690420824133323,23.04169762723781,458.53317499845883,456.15713367962536,0.0
1.458,4.484167335896008,-2.1756729734938647,3.5346384373497015,0.0,27.44222876597781,23.445923966845847,450.8750556945977,456.15713367962536,0.0
1.459,4.69488818394927,-2.1414262268291475,7.416518869130556,0.0,27.25639844128089,24.154429111114453,446.7007588936626,456.15713367962536,0.0
1.46,5.1871898552742435,-2.1331351957678386,9.59823101745771,0.0,27.159432117530415,24.92262426511946,449.2042817241926,456.15713367962536,0.0
1.461,5.801635637970451,-2.1420681253303564,8.415998121747059,0.0,27.15004747411798,25.389774511954148,436.5383661709523,456.15713367962536,0.0
1.462,6.323016216227488,-2.069913985998487,10.0,0.0,27.180290035108126,25.944126399547745,424.74711372763795,456.15713367962536,0.0
1.463,6.9327149470349525,-1.8850023471757233,10.0,0.0,27.24332478988143,26.36837428109221,423.5795484284443,456.15713367962536,0.0
1.464,7.484655801333913,-1.7059266270146933,10.0,0.0,27.32463164450237,26.701884343294758,405.31759725184037,456.15713367962536,0.0
1.465,8.039052236703458,-1.4471338730380072,10.0,0.0,27.404482374145644,26.954709885391477,401.36364580234465,456.15713367962536,0.0
1.466,8.557439598716527,-1.192217742298221,10.0,0.0,27.476177738192646,27.13875930077511,385.8698418864894,456.15713367962536,0.0
1.467,9.08641275301599,-0.8862285150736384,10.0,0.0,27.52799885368601,27.258570137672265,373.03933541617755,456.15713367962536,0.0
1.468,9.574198801667212,-0.6272001028547556,10.0,0.0,27.56118570824793,27.323215268620405,395.73752684781556,456.15713367962536,0.0
1.469,9.752515883774862,-0.8444015825145552,10.0,0.0,27.624000837333234,27.3699775533846,405.9171469628669,456.15713367962536,0.0
1.47,9.80442147886068,-1.1741905261687164,10.0,0.0,27.719315450991783,27.414418677942535,420.1341769956066,456.15713367962536,0.0
1.471,9.73483247202766,-1.6098459077164624,10.0,0.0,27.854166918273975,27.47212099811302,434.76948450057546,456.15713367962536,0.0
1.472,9.62929745604773,-2.0098545332825926,10.0,0.0,28.0209478658418,27.54845119468414,454.52285178722263,456.15713367962536,0.0
1.473,9.439838467055148,-2.4600431021241804,6.688517786719162,0.0,28.22420439462687,27.289348561523433,463.1200832756842,456.15713367962536,0.0
1.474,9.050702115979453,-2.7754855351969083,2.320272546527801,0.0,28.411421789166944,26.670000098997445,473.84454716807335,456.15713367962536,0.0
1.475,8.386730561380434,-2.948994673831182,-3.218833534551262,0.0,28.53391417891946,25.634834513156427,478.2067240666065,456.15713367962536,0.0
1.476,7.441834727348258,-2.920491227085216,-5.620417887687656,0.0,28.535770300584225,24.603950333038103,478.76824013179953,456.15713367962536,0.0
1.477,6.440064417041517,-2.7755272643549644,-6.127286984805906,0.0,28.418691390637804,23.745346201739856,476.35634365318987,456.15713367962536,0.0
1.478,5.555647085945531,-2.5800199402115185,-5.12333084523672,0.0,28.207403792527717,23.16366666221807,471.3235212440275,456.15713367962536,0.0
1.479,4.896845710515128,-2.3926689667803696,-2.7585835162995664,0.0,27.940423466440475,22.932732939611245,464.6454998162236,456.15713367962536,0.0
1.48,4.533470877646969,-2.2509081416473844,0.4955435362364069,0.0,27.66332761967097,23.065884277007143,457.727882857283,456.15713367962536,0.0
1.481,4.489659388152618,-2.166670501955452,3.9386445239301233,0.0,27.419407959203212,23.505396249623164,450.15514461031717,456.15713367962536,0.0
1.482,4.732357469436717,-2.1359643713049454,7.785033538106132,0.0,27.241296164069194,24.23810193677703,446.93652290484187,456.15713367962536,0.0
1.483,5.248671345064306,-2.1320972448019293,9.486550498591617,0.0,27.154147794555143,24.974061305707554,449.6055808547457,456.15713367962536,0.0
1.484,5.857031814002591,-2.132949802968497,8.217537051888492,0.0,27.1494426515489,25.409346739224496,434.5302528136047,456.15713367962536,0.0
1.485,6.366889986277389,-2.0439556532839216,10.0,0.0,27.178938684148008,25.959393379587567,424.43454020438577,456.15713367962536,0.0
1.486,6.975796405883013,-1.8496977620120512,10.0,0.0,27.240011350980453,26.37767920525925,421.8456940881387,456.15713367962536,0.0
1.487,7.523158259299012,-1.675789970924114,10.0,0.0,27.319618055589864,26.706122975367304,404.3777778655522,456.15713367962536,0.0
1.488,8.084954274950082,-1.4066164605749427,10.0,0.0,27.39623845852161,26.953359095738048,398.7901141687532,456.15713367962536,0.0
1.489,8.598121668649991,-1.1625290983607992,10.0,0.0,27.465762558457193,27.132703191214397,385.63380017639565,456.15713367962536,0.0
1.49,9.132009534313973,-0.8513265645527128,10.0,0.0,27.5144772528501,27.247469295850635,379.47880690384267,456.15713367962536,0.0
1.491,9.606161671743669,-0.6170630900961189,10.0,0.0,27.547140131415198,27.308812403001923,392.1046361852128,456.15713367962536,0.0
1.492,9.756389839909113,-0.8724999932981632,10.0,0.0,27.613111726935706,27.355503910170683,408.98645227931036,456.15713367962536,0.0
1.493,9.7960893272955,-1.2145028116273986,10.0,0.0,27.712221254605232,27.401258764243764,420.1910310525301,456.15713367962536,0.0
1.494,9.719988696712361,-1.6520531738278983,10.0,0.0,27.850705826573883,27.461117149914507,437.07993736596416,456.15713367962536,0.0
1.495,9.609873951856052,-2.0505317611406797,10.0,0.0,28.02078492089514,27.540189769843405,455.0351882178961,456.15713367962536,0.0
1.496,9.413306318773293,-2.5039564010274016,6.429208359457392,0.0,28.22765529229158,27.256097248942392,464.29139311783086,456.15713367962536,0.0
1.497,9.007902491303646,-2.8084438194197796,1.719763315107964,0.0,28.414388744082558,26.58139872348894,474.62638798036534,456.15713367962536,0.0
1.498,8.309640128453589,-2.9612179439254875,-3.632426659166672,0.0,28.528739277660797,25.52395177067203,478.27900943390006,456.15713367962536,0.0
1.499,7.344231301707348,-2.9148969720613684,-5.67995614347678,0.0,28.51928701444942,24.51119057027686,478.5232763101455,456.15713367962536,0.0
1.5,6.349160779363923,-2.7616570255487147,-6.025751007904698,0.0,28.393110673121907,23.681001792546404,475.9801267791574,456.15713367962536,0.0
1.5010000000000001,5.485770588832327,-2.564932415251202,-4.952406173405966,0.0,28.1764257804865,23.127762354630438,470.6776751509232,456.15713367962536,0.0
1.502,4.852212902967822,-2.379947370265076,-2.446385774001862,0.0,27.907704324477542,22.934164610371756,463.9185447507215,456.15713367962536,0.0
1.5030000000000001,4.520386586212968,-2.2421297944443777,0.8555653153880476,0.0,27.63318515675319,23.10137422876129,457.0234860177694,456.15713367962536,0.0
1.504,4.50638878792622,-2.164021548128714,4.29443115848264,0.0,27.395625136303714,23.567888195029937,449.4284235511609,456.15713367962536,0.0
1.5050000000000001,4.7750073849236845,-2.1368976660791428,8.15924949307154,0.0,27.22626996996376,24.325048097348024,446.8947133390984,456.15713367962536,0.0
1.506,5.31373709835098,-2.1357995496198185,9.518728802508052,0.0,27.149716756499565,25.043876950985386,449.21542269852705,456.15713367962536,0.0
1.5070000000000001,5.92068454176104,-2.1336532098193866,8.427791232604719,0.0,27.15247663353208,25.48819275048804,433.2682079293388,456.15713367962536,0.0
1.508,6.441225315163549,-2.0349660624875834,10.0,0.0,27.18855798000311,26.021015287216013,424.41172675197146,456.15713367962536,0.0
1.5090000000000001,7.046402481828527,-1.8333442395867936,10.0,0.0,27.253121916454084,26.42707753664523,420.2402898737834,456.15713367962536,0.0
1.51,7.586048619711316,-1.658539637517024,10.0,0.0,27.334623396204194,26.74568065127614,403.926886711808,456.15713367962536,0.0
1.5110000000000001,8.148853449180368,-1.3777552609573807,10.0,0.0,27.410696804041528,26.98406153255622,396.36843151065193,456.15713367962536,0.0
1.512,8.655676343765027,-1.136998389539292,10.0,0.0,27.479325547132746,27.1560891963824,385.694369037699,456.15713367962536,0.0
1.5130000000000001,9.189136904462417,-0.822412041184053,10.0,0.0,27.526097252692562,27.264164535404227,383.3358940257768,456.15713367962536,0.0
1.514,9.624832592670302,-0.6505055735627501,10.0,0.0,27.563235473643786,27.323517590983943,395.1148022733197,456.15713367962536,0.0
1.5150000000000001,9.781002698939002,-0.8843096123293689,10.0,0.0,27.630032686998412,27.367827408293344,407.47641601145466,456.15713367962536,0.0
1.516,9.780553507189442,-1.2826695994467676,10.0,0.0,27.736062718943757,27.4159970773624,424.2349393527011,456.15713367962536,0.0
1.5170000000000001,9.727360038168031,-1.6706922803085114,10.0,0.0,27.875005609625084,27.475799572393953,439.4212936923417,456.15713367962536,0.0
1.518,9.577865898116297,-2.1262487318998273,10.0,0.0,28.05226544360787,27.559428527705943,452.7892134824156,456.15713367962536,0.0
1.5190000000000001,9.405061716834098,-2.5295732928597623,7.588076057892054,0.0,28.259972326913257,27.404622455793685,472.3900263983752,456.15713367962536,0.0
1.52,9.041433688913177,-2.8877976702115338,-2.3746593272752348,0.0,28.46679935059597,26.25255706771434,473.9454485403112,456.15713367962536,0.0
1.5210000000000001,8.128786574738424,-2.926260624460604,-3.3302535468500896,0.0,28.538385814296355,25.32764781278965,477.4085058502464,456.15713367962536,0.0
1.522,7.166086730438759,-2.862962676479806,-5.274295923523904,0.0,28.502975302313857,24.39486992222031,478.1184924297468,456.15713367962536,0.0
1.5230000000000001,6.217355749611155,-2.723904833848688,-5.848902800775331,0.0,28.363164669263064,23.602795846226783,475.4189350713785,456.15713367962536,0.0
1.524,5.395471174150767,-2.5377505256109067,-4.691742135508694,0.0,28.139041296438137,23.08990184997172,469.9679246969481,456.15713367962536,0.0
1.5250000000000001,4.8014649767363995,-2.362111290870504,-2.10434485846673,0.0,27.868582088531152,22.93604884584262,463.15869788550697,456.15713367962536,0.0
1.526,4.5073136280178545,-2.2320679636891825,1.2302529051950222,0.0,27.597235127359397,23.13788358895299,456.2350340131582,456.15713367962536,0.0
1.5270000000000001,4.525677020757977,-2.1614413467638895,4.69130583803407,0.0,27.3667378420259,23.634808519922235,448.7494364190162,456.15713367962536,0.0
1.528,4.824317317355683,-2.13639635889947,8.508181607711165,0.0,27.20693409582684,24.411570235898942,446.9902425012788,456.15713367962536,0.0
1.5290000000000001,5.382559882402973,-2.1393821445722763,9.479447478363348,0.0,27.141365782147993,25.104925614543813,448.69836728272736,456.15713367962536,0.0
1.53,5.981621227017225,-2.1352596226283307,8.699972751608033,0.0,27.15120650243098,25.56661942304963,431.7772069321372,456.15713367962536,0.0
1.5310000000000001,6.517472131556528,-2.0248349900383666,10.0,0.0,27.194127047170777,26.080972681270627,424.9577936526787,456.15713367962536,0.0
1.532,7.117600510345849,-1.8185322523449092,10.0,0.0,27.26260180843832,26.47452678303817,417.90468867012726,456.15713367962536,0.0
1.5330000000000001,7.650912620685765,-1.6403909692981054,10.0,0.0,27.346051989997648,26.782909902406203,403.80181429761234,456.15713367962536,0.0
1.534,8.213768201696862,-1.3489664508142845,10.0,0.0,27.421720181135086,27.01221873518555,393.6009260266079,456.15713367962536,0.0
1.5350000000000001,8.71546088006039,-1.1090031129766986,10.0,0.0,27.48927071445943,27.176605864990826,385.98058241805603,456.15713367962536,0.0
1.536,9.245937209139056,-0.794694656596175,10.0,0.0,27.53433061060838,27.277973865733003,379.7648879290537,456.15713367962536,0.0
1.537,9.654163628729272,-0.6652350385162125,10.0,0.0,27.57392384379166,27.334110913151697,400.5084317921484,456.15713367962536,0.0
1.538,9.776189530359838,-0.9451629905796413,10.0,0.0,27.647258129306266,27.37925299416341,409.5250065805434,456.15713367962536,0.0
1.539,9.792009591067604,-1.3039855036227879,10.0,0.0,27.754444391284686,27.426694347963853,426.17427593513185,456.15713367962536,0.0
1.54,9.700239967735872,-1.7465978966424331,10.0,0.0,27.900755300547036,27.490363051755665,439.2853019223002,456.15713367962536,0.0
1.541,9.575038699616007,-2.1504182985269367,10.0,0.0,28.07879610953944,27.575150419354408,460.97297314408206,456.15713367962536,0.0
1.542,9.374945652859363,-2.5898734160963137,3.425384310582958,0.0,28.291813433306263,26.96681362771867,465.79398769734854,456.15713367962536,0.0
1.543,8.796455146625439,-2.8200546288261275,0.9185084937724861,0.0,28.443620727757416,26.29223508988636,474.48387836666313,456.15713367962536,0.0
1.544,8.052367435504594,-2.9261615647423014,-3.6097042877551884,0.0,28.522159389803704,25.30332523064343,478.6938134707584,456.15713367962536,0.0
1.545,7.111203477652451,-2.877866439858235,-5.940038637714158,0.0,28.487579666624654,24.306192731101724,478.0503130531847,456.15713367962536,0.0
1.546,6.142857395286602,-2.718914604175552,-5.8372202226629,0.0,28.339742915133098,23.537035307833232,474.9276256606671,456.15713367962536,0.0
1.547,5.330790731566148,-2.5238053447169815,-4.463581446214516,0.0,28.10990159628022,23.05972590518684,469.3250475436665,456.15713367962536,0.0
1.548,4.761475458219177,-2.349601862475903,-1.793971526354639,0.0,27.83810217859606,22.941588027770862,462.452245635002,456.15713367962536,0.0
1.549,4.497719680231095,-2.2230602974433302,1.579478308423866,0.0,27.569491377607545,23.175787361800325,455.47836779173156,456.15713367962536,0.0
1.55,4.544991326028283,-2.157619721993774,5.073204888938019,0.0,27.345228542471702,23.70244366901919,448.1041527769369,456.15713367962536,0.0
1.551,4.871726034481951,-2.1347655669465695,8.840842205362218,0.0,27.194198070270637,24.49804279953218,447.2683156061962,456.15713367962536,0.0
1.552,5.448631387540409,-2.141921481820858,9.347648971466867,0.0,27.13884625052762,25.156859099129125,447.79057914411675,456.15713367962536,0.0
1.553,6.036072195649028,-2.1329417234468115,9.170182747861684,0.0,27.153851910148713,25.660819799173105,430.611353851691,456.15713367962536,0.0
1.554,6.598363616533948,-2.0156098795380615,10.0,0.0,27.204936368565868,26.15296190692979,425.64238175356166,456.15713367962536,0.0
1.555,7.192731077041065,-1.8095517094473967,10.0,0.0,27.278633511646095,26.532942570784225,415.4661687894041,456.15713367962536,0.0
1.556,7.7225535897815405,-1.6230617101134737,10.0,0.0,27.364505688577914,26.829958080764854,404.0777468389125,456.15713367962536,0.0
1.557,8.283114787284102,-1.323011581605713,10.0,0.0,27.440351584672108,27.04949575084273,391.1934496535339,456.15713367962536,0.0
1.558,8.781055048920308,-1.0800119993151234,10.0,0.0,27.506837205397783,27.20549642671728,386.0564381869955,456.15713367962536,0.0
1.559,9.304789846043812,-0.7708842850386395,10.0,0.0,27.55070027889083,27.29991417200971,383.0689314174394,456.15713367962536,0.0
1.56,9.696907712347429,-0.6627039661518346,10.0,0.0,27.590810261629024,27.351380832800043,397.47475250521217,456.15713367962536,0.0
1.561,9.784486454816697,-0.9866115538936446,10.0,0.0,27.668767550012905,27.395999342776573,413.4917526341325,456.15713367962536,0.0
1.562,9.793273538348807,-1.345953372569178,10.0,0.0,27.77967948473295,27.443860938830007,426.19437252446266,456.15713367962536,0.0
1.563,9.692749417586688,-1.7917607618387352,10.0,0.0,27.92973178021922,27.50917309286925,441.5496104818798,456.15713367962536,0.0
1.564,9.562559062693294,-2.1930327446599507,10.0,0.0,28.11099190577843,27.59627495888385,462.09060858139685,456.15713367962536,0.0
1.565,9.352878741424137,-2.6386035877886846,2.868855909268067,0.0,28.327836278299124,26.93012973266307,467.21172462631534,456.15713367962536,0.0
1.566,8.742762660799048,-2.848122991202236,0.19775197734191963,0.0,28.474973116889874,26.194789440367952,475.4942269648575,456.15713367962536,0.0
1.567,7.95702395578933,-2.929574220093331,-4.136870124781474,0.0,28.540726683535922,25.17792956599193,478.85376528963275,456.15713367962536,0.0
1.568,6.991991710154736,-2.860115529714373,-6.043605603269176,0.0,28.48976393784917,24.201232514075407,477.85596591548807,456.15713367962536,0.0
1.569,6.032099068759324,-2.692508968552067,-5.761694238555465,0.0,28.32848562671538,23.4631243657824,474.4027439932806,456.15713367962536,0.0
1.57,5.244189632069085,-2.497818072147522,-4.217539380588272,0.0,28.089784398872787,23.02680823355653,468.6607956391923,456.15713367962536,0.0
1.571,4.708730519819416,-2.329853699589032,-1.4716018231398094,0.0,27.81479250857449,22.947886582489225,461.6894796190593,456.15713367962536,0.0
1.572,4.481664337235318,-2.2087234271241796,1.9587327275323672,0.0,27.547762955953722,23.218858021460008,454.6693075232242,456.15713367962536,0.0
1.573,4.562859233345556,-2.150188730058758,5.483697037013933,0.0,27.329305988539577,23.778269989409935,447.562007927251,456.15713367962536,0.0
1.574,4.921810681835345,-2.1300702309621764,9.123298092524271,0.0,27.187008226731855,24.586328826461997,447.53143741299084,456.15713367962536,0.0
1.575,5.515060376241115,-2.141824578739885,9.22484031232069,0.0,27.141240288056643,25.21245768535085,446.0493432866425,456.15713367962536,0.0
1.576,6.092487165229546,-2.1270212973125733,10.0,0.0,27.160916124703046,25.79806455808538,429.50333953881795,456.15713367962536,0.0
1.577,6.700758357200153,-2.011912993132506,10.0,0.0,27.224671184312726,26.258191167107427,426.34989901711197,456.15713367962536,0.0
1.578,7.289569862445304,-1.8084021556142382,10.0,0.0,27.306828289778437,26.61999406753099,412.8793812917315,456.15713367962536,0.0
1.579,7.818252230414121,-1.604563403091298,10.0,0.0,27.3965628203376,26.90156544303463,404.7140426479452,456.15713367962536,0.0
1.58,8.369079251906324,-1.3014258892924395,10.0,0.0,27.47417429639855,27.108648985359366,389.3384291667936,456.15713367962536,0.0
1.581,8.864873456786697,-1.0476197729155472,10.0,0.0,27.53984568142242,27.25375622873581,385.14995587990876,456.15713367962536,0.0
1.582,9.375695494657702,-0.749825602139326,10.0,0.0,27.583241354659926,27.33968740416,390.02003398552915,456.15713367962536,0.0
1.583,9.728206641032694,-0.6991175075639986,10.0,0.0,27.628290629420576,27.387697023642964,398.5282343971539,456.15713367962536,0.0
1.584,9.808283210544575,-1.0189123051936124,10.0,0.0,27.709320447338467,27.430127297471152,418.6145874459258,456.15713367962536,0.0
1.585,9.782092144140439,-1.4230367986846033,10.0,0.0,27.82774605715511,27.480099308707878,427.29446362802815,456.15713367962536,0.0
1.586,9.697839805199058,-1.8274206902635561,10.0,0.0,27.97976729025252,27.54592252642211,449.9602947691031,456.15713367962536,0.0
1.587,9.537314069970483,-2.267492417911217,8.996635734639382,0.0,28.16753277293708,27.52681078397071,458.3403735663638,456.15713367962536,0.0
1.588,9.282217693811674,-2.6615337543641266,4.78476393714165,0.0,28.373554362841386,27.101569852986955,470.57503296843004,456.15713367962536,0.0
1.589,8.76504985350784,-2.9189993004224557,-1.4767447567795244,0.0,28.54083049735877,26.147145434407495,477.8896718848804,456.15713367962536,0.0
1.59,7.8979820082916445,-2.9607253747032347,-5.351389597057249,0.0,28.597951789276774,25.031501010217106,479.55446115025507,456.15713367962536,0.0
1.591,6.861413393109832,-2.842240766716518,-6.417757504450886,0.0,28.524345941962604,24.05993100544489,477.8412480066879,456.15713367962536,0.0
1.592,5.887244888308064,-2.6519608342522902,-5.777992075937938,0.0,28.341197732411405,23.355988142005213,473.9228981363652,456.15713367962536,0.0
1.593,5.120374676037204,-2.4523448074223264,-3.996474785343965,0.0,28.085915093844726,22.968308029936367,467.84457413461826,456.15713367962536,0.0
1.594,4.624262423624712,-2.290711050647663,-1.0741871890204333,0.0,27.801609154950906,22.944407773550047,460.82989727200345,456.15713367962536,0.0
1.595,4.445579924837093,-2.179731943793682,2.3864236063631887,0.0,27.53275242012166,23.26060521278446,453.6771020268846,456.15713367962536,0.0
1.596,4.570939370105904,-2.131610911086424,5.987621545450022,0.0,27.318217580169506,23.86424653599077,446.99875823817104,456.15713367962536,0.0
1.597,4.973308630505802,-2.117041130345603,9.418377194221346,0.0,27.184378890978785,24.68443436066391,447.8545318879332,456.15713367962536,0.0
1.598,5.587466079477727,-2.1345264076793495,9.073516387257182,0.0,27.148011931488565,25.27344366191398,443.4140596664583,456.15713367962536,0.0
1.599,6.1555160358341245,-2.1129074985559426,10.0,0.0,27.17162966529548,25.848933221851897,426.84846958389846,456.15713367962536,0.0
1.6,6.768936250054127,-1.976291943542892,10.0,0.0,27.235623059755277,26.298175039048637,426.12132448585993,456.15713367962536,0.0
1.601,7.349546364196552,-1.7774485360975887,10.0,0.0,27.31763467721992,26.651159103558214,410.2045396462868,456.15713367962536,0.0
1.602,7.886069518578104,-1.5571198735299112,10.0,0.0,27.40449582058107,26.92383447752277,404.79388597549035,456.15713367962536,0.0
1.603,8.428466093560747,-1.26613588406607,10.0,0.0,27.480133434787202,27.12363003672269,387.2388898760415,456.15713367962536,0.0
1.604,8.93363321573201,-0.9974492745971868,10.0,0.0,27.541541156345783,27.260865383734227,383.12494884694064,456.15713367962536,0.0
1.605,9.430684052313248,-0.7230404999617237,10.0,0.0,27.583033541334444,27.34089404739825,387.08704209042696,456.15713367962536,0.0
1.606,9.740107852399625,-0.7409847157090494,10.0,0.0,27.633097505669195,27.38800297355104,402.9488000802861,456.15713367962536,0.0
1.607,9.799350646817407,-1.0844554820618257,10.0,0.0,27.7204683083271,27.431984934136935,416.6551194489492,456.15713367962536,0.0
1.608,9.785970849003045,-1.4530121137289056,10.0,0.0,27.840606748597637,27.48236998463379,431.6782465345483,456.15713367962536,0.0
1.609,9.66685530136182,-1.90419257198843,10.0,0.0,27.999714133982692,27.5526992863704,445.48769408964523,456.15713367962536,0.0
1.61,9.520161751253433,-2.3090292498266143,10.0,0.0,28.18996394098251,27.646851531507373,468.05774051225956,456.15713367962536,0.0
1.611,9.304440415549566,-2.74080560470036,-0.14519744828489767,0.0,28.414051024053762,26.656904224945627,470.2271097944925,456.15713367962536,0.0
1.612,8.521145471190358,-2.8714724587082388,-1.3705818505500371,0.0,28.52679025855385,25.839025278103346,476.0785882764957,456.15713367962536,0.0
1.613,7.6470869457469215,-2.886763287720693,-4.495535637520334,0.0,28.546842997570998,24.8710305652064,478.71069981098435,456.15713367962536,0.0
1.614,6.688303661852767,-2.7968926379828716,-6.037127066078259,0.0,28.458052311635445,23.96024065420312,477.07666222593747,456.15713367962536,0.0
1.615,5.77887926868984,-2.626219884848879,-5.429303559017939,0.0,28.269186406845765,23.30437601617781,472.89371424825885,456.15713367962536,0.0
1.616,5.062126253005064,-2.441836899060321,-3.505195375864962,0.0,28.015045227827112,22.97053350434597,466.7201245228809,456.15713367962536,0.0
1.617,4.614382511048606,-2.290872184590084,-0.5240304216085416,0.0,27.738171626793303,22.9954324703905,459.8916708962627,456.15713367962536,0.0
1.618,4.477936942543068,-2.1898606403115215,2.85285101953417,0.0,27.4818736597414,23.342331063826375,452.5811431869659,456.15713367962536,0.0
1.619,4.634040731085593,-2.1459971003058067,6.543874779109175,0.0,27.28208047478042,23.982617927930566,446.4588661258905,456.15713367962536,0.0
1.62,5.068044977509821,-2.1307125200090464,9.701995985184228,0.0,27.16505262629337,24.803200452979492,448.5142421772798,456.15713367962536,0.0
1.621,5.690466205301194,-2.147281998361998,8.750736874513024,0.0,27.143761303581712,25.329675933847437,440.7525291797061,456.15713367962536,0.0
1.622,6.231780938048804,-2.107223895147026,10.0,0.0,27.172674575090838,25.894985860943372,425.44222260311017,456.15713367962536,0.0
1.623,6.8423168143050095,-1.945814893708624,10.0,0.0,27.23787310303257,26.33241769216506,426.39472331534586,456.15713367962536,0.0
1.624,7.410262579865804,-1.7506345909839989,10.0,0.0,27.320439218016972,26.676257517609614,407.6477746909389,456.15713367962536,0.0
1.625,7.94877577747757,-1.5188264686919277,10.0,0.0,27.405585613622506,26.940412977926478,404.3068256266933,456.15713367962536,0.0
1.6260000000000001,8.48185206194602,-1.2390159480591754,10.0,0.0,27.480171839652492,27.133414272456793,386.3257960551032,456.15713367962536,0.0
1.627,8.996963412385732,-0.952548181631645,10.0,0.0,27.537886223431812,27.26324257443339,377.14775470536296,456.15713367962536,0.0
1.6280000000000001,9.483165628708452,-0.6949357716993965,10.0,0.0,27.577339311602586,27.33752835429916,391.90174380559887,456.15713367962536,0.0
1.629,9.760587475361806,-0.7593095542743082,10.0,0.0,27.629932909125422,27.382676484026792,401.8720824375186,456.15713367962536,0.0
1.6300000000000001,9.802643390840908,-1.1196406280435802,10.0,0.0,27.7207746401576,27.426717228297765,418.04428149622424,456.15713367962536,0.0
1.631,9.773201022688136,-1.5041470146348361,10.0,0.0,27.84562866430102,27.479097290896476,433.65428263850225,456.15713367962536,0.0
1.6320000000000001,9.647463696287858,-1.9558146844690945,10.0,0.0,28.009073672105814,27.552261431872147,447.1132559574574,456.15713367962536,0.0
1.633,9.494185872326797,-2.3610544187145397,10.0,0.0,28.203550287296363,27.650056846902455,469.7614327853027,456.15713367962536,0.0
1.6340000000000001,9.276437018605098,-2.7855422845429456,-1.0092357950908806,0.0,28.431000050369537,26.56892404015855,471.58844866375824,456.15713367962536,0.0
1.635,8.44188707825914,-2.8929459706961658,-2.077056884159979,0.0,28.535161083279583,25.700904533450494,476.2487707461475,456.15713367962536,0.0
1.6360000000000001,7.528759767188001,-2.88016563573099,-4.608134296019829,0.0,28.539624188520133,24.75446128110474,478.5661720103401,456.15713367962536,0.0
1.637,6.572691368571495,-2.7786860862428377,-5.9909253114232754,0.0,28.43796171090799,23.872348677678932,476.7605285756742,456.15713367962536,0.0
1.6380000000000001,5.684369025888329,-2.604713877898526,-5.294137543050808,0.0,28.240132073291495,23.246910425218474,472.3193283813789,456.15713367962536,0.0
1.639,4.994956294172032,-2.422159309642779,-3.235159392920705,0.0,27.981200293765905,22.950704930134968,465.8914015647755,456.15713367962536,0.0
1.6400000000000001,4.580471167135241,-2.2753808407648206,-0.11853866347049724,0.0,27.704221056790516,23.019164542002358,459.0205126983508,456.15713367962536,0.0
1.641,4.480914479195695,-2.1814001457889636,3.288271979554602,0.0,27.452915612940842,23.403469616826712,451.48349180626195,456.15713367962536,0.0
1.6420000000000001,4.671067300277727,-2.1439846936526696,7.103518844332652,0.0,27.261995328173334,24.08791031128058,446.42428034455725,456.15713367962536,0.0
1.643,5.142468696014309,-2.132916329441829,9.730453108535686,0.0,27.157767775786127,24.88567258290665,448.8108760464423,456.15713367962536,0.0
1.6440000000000001,5.763675614213657,-2.1487071247317298,8.610617833925003,0.0,27.145586876924256,25.380165902237636,437.98043966438473,456.15713367962536,0.0
1.645,6.296647497023914,-2.089423017937293,10.0,0.0,27.17739424018138,25.93560735283655,424.92785640228425,456.15713367962536,0.0
1.6460000000000001,6.9062689125363885,-1.9120201409563606,10.0,0.0,27.242643536772725,26.363062936162276,424.42237751810023,456.15713367962536,0.0
1.647,7.461284888623067,-1.7281010471779583,10.0,0.0,27.325656390491698,26.699342347600144,406.5496868902183,456.15713367962536,0.0
1.6480000000000001,8.009589689063304,-1.476416602936123,10.0,0.0,27.408149802053735,26.955531734978564,403.0882243219278,456.15713367962536,0.0
1.649,8.531467302810178,-1.2127705754327232,10.0,0.0,27.481528592614453,27.142428035267596,386.0691689284361,456.15713367962536,0.0
1.6500000000000001,9.05571147385001,-0.9114507421421282,10.0,0.0,27.53575041276108,27.265524501906874,373.6017309890744,456.15713367962536,0.0
1.651,9.541406555023459,-0.6540976163407514,10.0,0.0,27.571564052051713,27.333549486678226,396.757735777234,456.15713367962536,0.0
1.6520000000000001,9.760492324139086,-0.8078922519115806,10.0,0.0,27.630089767061236,27.379110853110518,403.6214199082391,456.15713367962536,0.0
1.653,9.806148798512124,-1.1526010842157515,10.0,0.0,27.723699072410778,27.42313729991064,421.03543888950145,456.15713367962536,0.0
1.6540000000000001,9.744066020434413,-1.5822725744844193,10.0,0.0,27.85616686751189,27.479407702897987,433.6632575840105,456.15713367962536,0.0
1.655,9.642076772190148,-1.9824679504577047,10.0,0.0,28.020739699856005,27.553895834622814,453.9019140878659,456.15713367962536,0.0
1.6560000000000001,9.457554765950183,-2.4302100588523237,7.0043029188299855,0.0,28.221553740301875,27.32714328568482,462.378195918555,456.15713367962536,0.0
1.657,9.087371617718146,-2.755908301730309,2.703951381096159,0.0,28.41096050744197,26.7389406235893,473.44402407637057,456.15713367962536,0.0
1.6580000000000001,8.445383806893311,-2.943632681869852,-3.001831601779087,0.0,28.53999903104509,25.710783119386818,478.16809797176586,456.15713367962536,0.0
1.659,7.510018660405825,-2.924764592576358,-5.583978192398138,0.0,28.549365218243963,24.667837210830942,478.93754360143635,456.15713367962536,0.0
1.6600000000000001,6.502399668058981,-2.784426854270953,-6.196505106451491,0.0,28.438251725546696,23.790050454904122,476.6192657572569,456.15713367962536,0.0
1.661,5.603315024512335,-2.5895698576877377,-5.2419875051380975,0.0,28.230440014285378,23.188876351451942,471.7579677520107,456.15713367962536,0.0
1.6620000000000001,4.926981843942025,-2.400996465139082,-2.967346843238838,0.0,27.96449756059046,22.933109587441894,465.1414990631939,456.15713367962536,0.0
1.663,4.5429955316708375,-2.2557994105367922,0.2510438473338672,0.0,27.685486733783264,23.043076986351494,458.2556303272071,456.15713367962536,0.0
1.6640000000000001,4.478706992151116,-2.1680769859149676,3.6729932488514665,0.0,27.43717623338536,23.461608966175078,450.5841056031708,456.15713367962536,0.0
1.665,4.701979895337589,-2.135506081043615,7.564485891634142,0.0,27.25284440571998,24.18209848992172,446.76744499837577,456.15713367962536,0.0
1.666,5.205403351559791,-2.1297697752756175,9.566713080844169,0.0,27.158689428610042,24.940292091759872,449.3925934947558,456.15713367962536,0.0
1.667,5.819779123103073,-2.136348764736457,8.32178423450286,0.0,27.150550361293277,25.39373929040602,435.83735004230965,456.15713367962536,0.0
1.668,6.336242800744177,-2.059007292959593,10.0,0.0,27.179996568782745,25.94741363829888,424.5957609072596,456.15713367962536,0.0
1.669,6.946512717171675,-1.870612743243071,10.0,0.0,27.2419156045615,26.369917960465827,423.0110895695542,456.15713367962536,0.0
1.67,7.497544529034014,-1.6934266656658674,10.0,0.0,27.322286645942732,26.701852953853365,404.889700042333,456.15713367962536,0.0
1.671,8.054944642572764,-1.4313537086127548,10.0,0.0,27.400757918024553,26.95282785766964,400.501605339868,456.15713367962536,0.0
1.672,8.571818091652808,-1.1805278067664067,10.0,0.0,27.47150943364724,27.13527032004905,385.6947979082077,456.15713367962536,0.0
1.673,9.102861107217317,-0.8727220166302425,10.0,0.0,27.522079666049084,27.253297690531486,375.07550817241776,456.15713367962536,0.0
1.674,9.589473864034069,-0.6166349767029149,10.0,0.0,27.554304095768334,27.31636237411167,394.06814164499474,456.15713367962536,0.0
1.675,9.751182147179163,-0.8585886296257943,10.0,0.0,27.618788323094492,27.363421248727978,407.33983913306344,456.15713367962536,0.0
1.676,9.80193647589313,-1.187652527058214,10.0,0.0,27.715307507337975,27.408256765288172,419.768846644082,456.15713367962536,0.0
1.677,9.728364291794712,-1.6266352456569066,10.0,0.0,27.851655784884667,27.466861132154662,436.03975263728324,456.15713367962536,0.0
1.678,9.62253387700043,-2.0236892061060843,10.0,0.0,28.019515779826783,27.54414551387557,454.2245590220316,456.15713367962536,0.0
1.679,9.429321228824852,-2.476951933133336,6.840622566065511,0.0,28.224206573815255,27.30315102633717,463.72061384236173,456.15713367962536,0.0
1.68,9.048023428328188,-2.7936874415844937,2.016960354273082,0.0,28.414637118310416,26.647726629566503,474.39375936996606,456.15713367962536,0.0
1.681,8.366838266402828,-2.9589314125180413,-3.5019786664324917,0.0,28.53549165039716,25.589158446569563,478.2015501276851,456.15713367962536,0.0
1.682,7.405266372097476,-2.9192726630839525,-5.626318209772606,0.0,28.532389008828456,24.56900563227497,478.67330478892126,456.15713367962536,0.0
1.683,6.40515360818683,-2.769984272892585,-6.087357251483645,0.0,28.41155621456045,23.721483621185264,476.2504288413827,456.15713367962536,0.0
1.684,5.528426756853357,-2.5739614854857136,-5.076852229331941,0.0,28.197984875897436,23.1488353006391,471.11932067147524,456.15713367962536,0.0
1.685,4.87808818811437,-2.3874849678579526,-2.6609200142967078,0.0,27.92995364998112,22.930512145761572,464.3375113519216,456.15713367962536,0.0
1.686,4.525836569895263,-2.246589860090226,0.6481808687571524,0.0,27.653259534490513,23.079304251082434,457.4360552925647,456.15713367962536,0.0
1.687,4.494666435011552,-2.1648720248753124,4.086119682306218,0.0,27.411534030285083,23.530536193637047,449.9367880864582,456.15713367962536,0.0
1.688,4.748685634944456,-2.135550911311204,7.8979567412911305,0.0,27.236696126615755,24.269141266527033,447.0277754592627,456.15713367962536,0.0
1.689,5.27198461434364,-2.132712522804328,9.44375663709249,0.0,27.15318350900225,24.993298963974812,449.38317484815013,456.15713367962536,0.0
1.69,5.876540099739163,-2.1318167314686702,8.33379653096354,0.0,27.150367769733013,25.437867905684747,433.92759926642435,456.15713367962536,0.0
1.691,6.39344174502546,-2.0386754065312482,10.0,0.0,27.182053910731938,25.981266735824523,424.48579466049296,456.15713367962536,0.0
1.692,7.001519455782007,-1.842284374384859,10.0,0.0,27.244239720358223,26.3951127306295,421.1723412387537,456.15713367962536,0.0
1.693,7.5457705955763545,-1.66929884895016,10.0,0.0,27.324527051026017,26.720005858646793,404.2337146627223,456.15713367962536,0.0
1.694,8.108752357936023,-1.3950270345730704,10.0,0.0,27.400834917101633,26.963952924467517,397.766681033128,456.15713367962536,0.0
1.695,8.61909918420033,-1.153201431643517,10.0,0.0,27.47004860497328,27.140627737048256,385.729988490327,456.15713367962536,0.0
1.696,9.153327124335071,-0.8401321970140416,10.0,0.0,27.51798904553589,27.252894832005914,382.0514214640577,456.15713367962536,0.0
1.697,9.614878630623236,-0.6262893627145187,10.0,0.0,27.551970132111343,27.313300875233693,392.2141008803143,456.15713367962536,0.0
1.698,9.766037940467873,-0.8756960587142784,10.0,0.0,27.618166879255,27.359052413776226,411.8017502572428,456.15713367962536,0.0
1.699,9.78144197817981,-1.2552262431696724,10.0,0.0,27.721573358868643,27.406665622128997,420.58372380811505,456.15713367962536,0.0
1.7,9.728154402365654,-1.6499393336921298,10.0,0.0,27.85902364946912,27.465873831324537,441.3807449153609,456.15713367962536,0.0
1.701,9.587828093737375,-2.0963187055437364,10.0,0.0,28.03380433192754,27.547809266851544,451.5910817578646,456.15713367962536,0.0
1.702,9.413852535529893,-2.5076651381101334,8.191331157285811,0.0,28.240084803556623,27.45780970268967,470.969933913124,456.15713367962536,0.0
1.703,9.08928584635073,-2.875620604334971,-1.646222922678894,0.0,28.45309890856567,26.36735646196554,473.87735208905156,456.15713367962536,0.0
1.704,8.216534103576464,-2.9389796382831506,-3.277134194736929,0.0,28.53905621807345,25.418982281501364,477.55704274376944,456.15713367962536,0.0
1.705,7.252312771768947,-2.8813167004727416,-5.330978612737314,0.0,28.514603865085416,24.461764305846028,478.35447361053684,456.15713367962536,0.0
1.706,6.287229453014545,-2.7405719926412004,-5.951667445430128,0.0,28.381969661347284,23.64660251678612,475.75777386994855,456.15713367962536,0.0
1.707,5.444662211340853,-2.5510621399134488,-4.849323977039214,0.0,28.16164406235523,23.110189719504874,470.3786327992713,456.15713367962536,0.0
1.708,4.828959842803259,-2.371302049219313,-2.3019684328970555,0.0,27.891831232085174,22.933872905346668,463.5995420363681,456.15713367962536,0.0
1.709,4.513781780167973,-2.2374468222095847,1.0131528649871138,0.0,27.618441529362194,23.11590884010763,456.7149634454787,456.15713367962536,0.0
1.71,4.513672462262774,-2.163092158905362,4.44986386277329,0.0,27.38375392969423,23.59414945224106,449.18463176893334,456.15713367962536,0.0
1.711,4.794720845258764,-2.136414229807527,8.28475472015289,0.0,27.218168125638687,24.357651712219614,447.129068314267,456.15713367962536,0.0
1.712,5.339964415118046,-2.137602646651182,9.40281710113965,0.0,27.145888633130326,25.05571681027496,448.7728424436938,456.15713367962536,0.0
1.713,5.937841329158063,-2.1332150393955693,8.654772948785574,0.0,27.150149078711802,25.522967943859314,432.57951780708095,456.15713367962536,0.0
1.714,6.471805109214427,-2.0308081766301735,10.0,0.0,27.189487714261908,26.046618179134693,424.8467592894027,456.15713367962536,0.0
1.715,7.075686873777003,-1.8284428630367668,10.0,0.0,27.25602139391693,26.447297627624092,419.17973679939394,456.15713367962536,0.0
1.716,7.612306869877505,-1.653232492016322,10.0,0.0,27.338720162779083,26.76157311730462,403.9353475684689,456.15713367962536,0.0
1.717,8.17569246316188,-1.366748638342765,10.0,0.0,27.414815483529168,26.996084719603033,395.10739581854784,456.15713367962536,0.0
1.718,8.679445095599661,-1.1272587726488323,10.0,0.0,27.483273385744504,27.164975760111304,385.9473183293014,456.15713367962536,0.0
1.719,9.211809020437064,-0.8121057069589257,10.0,0.0,27.52950266322018,27.27030098138254,381.87017928792227,456.15713367962536,0.0
1.72,9.63194360818131,-0.6647340152814212,10.0,0.0,27.568582179647777,27.328825442870734,398.7875477682595,456.15713367962536,0.0
1.721,9.7850134643687,-0.8990586737817912,10.0,0.0,27.636855619933247,27.372769071549698,407.4892339121958,456.15713367962536,0.0
1.722,9.78513756357629,-1.29101940862859,10.0,0.0,27.743468513306233,27.420662729038348,426.59102613379906,456.15713367962536,0.0
1.723,9.722185408041923,-1.6911833084022467,10.0,0.0,27.8843079047174,27.48135428821628,438.8894073795101,456.15713367962536,0.0
1.724,9.573277833995085,-2.141847211968549,10.0,0.0,28.062703903299806,27.565810942207353,453.4917821950249,456.15713367962536,0.0
1.725,9.398982038282501,-2.5436094601582857,7.234705617932754,0.0,28.271393175688285,27.373162610418078,472.6975139887542,456.15713367962536,0.0
1.726,9.012392471851292,-2.896162207653363,-2.5335640820232053,0.0,28.47471186740155,26.21457321022239,474.1468195072997,456.15713367962536,0.0
1.727,8.090979492259162,-2.9262000081006185,-3.4381136995726918,0.0,28.541618380498164,25.287846390377542,477.5398627084455,456.15713367962536,0.0
1.728,7.12524469212443,-2.8584331552677265,-5.348462590433802,0.0,28.501406828484555,24.35640672022653,478.07141630867375,456.15713367962536,0.0
1.729,6.178194315404386,-2.7159916057031297,-5.833382216838396,0.0,28.357081562733413,23.574370385331203,475.2607518364688,456.15713367962536,0.0
1.73,5.364131770495932,-2.5290126945078573,-4.619086162304349,0.0,28.12984192533203,23.074603295785828,469.7276362337433,456.15713367962536,0.0
1.731,4.781209350362691,-2.354742456010954,-1.9882333864827775,0.0,27.858049605593543,22.93532063701545,462.87882177200544,456.15713367962536,0.0
1.732,4.5000218374135885,-2.2266087595154698,1.3689569634623453,0.0,27.587156247722316,23.150870825107077,455.9344659072067,456.15713367962536,0.0
1.733,4.5307867756192,-2.1585548249919295,4.8433615735859075,0.0,27.358702648614752,23.66019324388445,448.48628720289634,456.15713367962536,0.0
1.734,4.841284705470123,-2.134861013493655,8.644159390508374,0.0,27.20210087137611,24.445234651732026,447.18318623912063,456.15713367962536,0.0
1.735,5.407541530630114,-2.140106532611226,9.385449346801273,0.0,27.140477357864008,25.12046238662488,448.0087571283981,456.15713367962536,0.0
1.736,5.9998821890440315,-2.133732591159083,9.054147667674817,0.0,27.151785380441474,25.61865400823647,431.4147110770172,456.15713367962536,0.0
1.737,6.555830192156346,-2.02375582542337,10.0,0.0,27.199748058105957,26.12028316953346,425.44773852040936,456.15713367962536,0.0
1.738,7.154029661449445,-1.8186375324781605,10.0,0.0,27.27161413956706,26.506844697552832,416.9796464057723,456.15713367962536,0.0
1.739,7.685004387815956,-1.6369369916100327,10.0,0.0,27.357013889117965,26.809511455709007,404.02323178568406,456.15713367962536,0.0
1.74,8.246567559559644,-1.3402659187725945,10.0,0.0,27.43332352692595,27.033989311376494,392.5417362853327,456.15713367962536,0.0
1.741,8.74510952405191,-1.0996460663823138,10.0,0.0,27.500948513485334,27.194426360881323,386.19405822816174,456.15713367962536,0.0
1.742,9.272571387323218,-0.7863965009515166,10.0,0.0,27.54580345266577,27.292546818776692,379.57897196171007,456.15713367962536,0.0
1.743,9.673860743360256,-0.665281417809287,10.0,0.0,27.585794780226376,27.3464735142692,399.5252667652693,456.15713367962536,0.0
1.744,9.778969044160489,-0.9674163270220597,10.0,0.0,27.661625635424983,27.391457653440867,411.3549179907951,456.15713367962536,0.0
1.745,9.795574389972852,-1.3197423150081709,10.0,0.0,27.770106328607255,27.43875095918387,426.0737444745235,456.15713367962536,0.0
1.746,9.6988654563827,-1.7653450137907736,10.0,0.0,27.917961320031814,27.502967039823837,440.21180612594395,456.15713367962536,0.0
1.747,9.571418535289162,-2.1682066850720867,10.0,0.0,28.09731117723104,27.588599083526642,461.520741665155,456.15713367962536,0.0
1.748,9.367064544082297,-2.6105199638372096,3.153577252932056,0.0,28.311915097031974,26.951700876223455,466.4461757803881,456.15713367962536,0.0
1.749,8.773157092669715,-2.831112252290001,0.5879697743078847,0.0,28.461210823064647,26.249486566196012,474.94184520859693,456.15713367962536,0.0
1.75,8.009878675278868,-2.9262043034123946,-3.8477120550862445,0.0,28.53360974823024,25.248175884726333,478.7696855350645,456.15713367962536,0.0
1.7510000000000001,7.057944002346006,-2.8687836074442616,-5.987757736874434,0.0,28.491370515664602,24.260267987066122,477.98469393771734,456.15713367962536,0.0
1.752,6.093440435867762,-2.7063149268915483,-5.81353754078176,0.0,28.337267068688384,23.504067679886724,474.7285770636159,456.15713367962536,0.0
1.7530000000000001,5.291776622771591,-2.511462288315225,-4.37119353757094,0.0,28.103144832253978,23.04353068089571,469.07033449217386,456.15713367962536,0.0
1.754,4.737067486387212,-2.3392870455669055,-1.6712042599754096,0.0,27.82939036924736,22.941211905535077,462.1829777024547,456.15713367962536,0.0
1.7550000000000001,4.488215235504556,-2.2155954043371064,1.712215694655872,0.0,27.560895146897543,23.188752519876562,455.1450645197915,456.15713367962536,0.0
1.756,4.548878326704656,-2.1526309634489644,5.241292977585812,0.0,27.338314336131454,23.729892389584084,447.82949374768646,456.15713367962536,0.0
1.7570000000000001,4.889290761961406,-2.131280519917283,8.982354762957726,0.0,27.19038668903313,24.534047477839604,447.31026649240937,456.15713367962536,0.0
1.758,5.475326372582176,-2.1406235896331216,9.330437062468429,0.0,27.138908557574258,25.182812934836495,447.22618371426955,456.15713367962536,0.0
1.7590000000000001,6.060810835466466,-2.1307215997394793,9.461787951191894,0.0,27.156272135375488,25.713978872941198,430.23989794387046,456.15713367962536,0.0
1.76,6.639575052592322,-2.013460218701215,10.0,0.0,27.212216217191802,26.193845172242213,425.86189609049563,456.15713367962536,0.0
1.7610000000000001,7.231517048981727,-1.8081150834548434,10.0,0.0,27.28913716968985,26.5666111518751,414.4059370085024,456.15713367962536,0.0
1.762,7.760370769432209,-1.6155754012334378,10.0,0.0,27.376516711209508,26.857538139508858,404.27122536209157,456.15713367962536,0.0
1.7630000000000001,8.317896314730513,-1.3131643984261818,10.0,0.0,27.452911183853992,27.072071109752887,390.3647525919014,456.15713367962536,0.0
1.764,8.814734025801307,-1.0664547557987052,10.0,0.0,27.519005555597474,27.223713337472162,385.81124464238843,456.15713367962536,0.0
1.7650000000000001,9.333703619318827,-0.7614025697913327,10.0,0.0,27.56256606890399,27.31468250141762,386.3285330276003,456.15713367962536,0.0
1.766,9.712137552235246,-0.6727425101228306,10.0,0.0,27.604165362570953,27.364472763613577,397.58135856408825,456.15713367962536,0.0
1.7670000000000001,9.793564254989317,-1.0001076904978818,10.0,0.0,27.683480523528758,27.40827133098285,413.7115487509716,456.15713367962536,0.0
1.768,9.79466308514679,-1.366265974146116,10.0,0.0,27.796247784525267,27.456314953421185,427.73694639020044,456.15713367962536,0.0
1.7690000000000001,9.689080753649229,-1.8153594400046655,10.0,0.0,27.9482813800739,27.52245598448164,442.24080994013985,456.15713367962536,0.0
1.77,9.555363427764608,-2.217589329779008,10.0,0.0,28.131480072390325,27.610839354523264,463.5922142597208,456.15713367962536,0.0
1.7710000000000001,9.344983646798298,-2.6592338314388106,2.1113120129702043,0.0,28.34975582876409,26.862753180866513,467.837811607146,456.15713367962536,0.0
1.772,8.691386799662935,-2.849692471032063,-0.12829344001762522,0.0,28.487929397473483,26.113625335629703,475.568727222538,456.15713367962536,0.0
1.7730000000000001,7.887172125255309,-2.9168213016331213,-4.1878671831427265,0.0,28.54285240975841,25.110998220287094,478.8217659702598,456.15713367962536,0.0
1.774,6.92539565206785,-2.8447505361395704,-6.041032879909973,0.0,28.4834213367703,24.14862689380065,477.66792977048806,456.15713367962536,0.0
1.7750000000000001,5.976981240646905,-2.6777486191475335,-5.679222740932741,0.0,28.316046735218166,23.429588185443624,474.0992196891164,456.15713367962536,0.0
1.776,5.20546272180351,-2.4858533009041444,-4.074288560341827,0.0,28.074067257148698,23.014023439200898,468.2340034532255,456.15713367962536,0.0
1.7770000000000001,4.687922402736096,-2.322589795909145,-1.2624491401323796,0.0,27.79868921989487,22.95828446410159,461.2912639738973,456.15713367962536,0.0
1.778,4.480895986678073,-2.2054556737863105,2.157579296589013,0.0,27.534022970472947,23.24626381919981,454.27638342634793,456.15713367962536,0.0
1.7790000000000001,4.578279417937855,-2.150613580265637,5.683827072896465,0.0,27.319759992436992,23.819883143273465,447.3611239832446,456.15713367962536,0.0
1.78,4.951610273851592,-2.1311223625539517,9.229416891411926,0.0,27.18268963159891,24.629374079571868,447.68538799952233,456.15713367962536,0.0
1.7810000000000001,5.54968990590328,-2.1437268551787567,9.152002340074102,0.0,27.141856806840337,25.238181936357755,444.9969430350934,456.15713367962536,0.0
1.782,6.120397734145513,-2.1249796507741703,10.0,0.0,27.163799812825452,25.8192825483083,428.4133298780968,456.15713367962536,0.0
1.7830000000000001,6.729311972851331,-2.00029268941329,10.0,0.0,27.228130485701453,26.274713935087835,426.4497836255734,456.15713367962536,0.0
1.784,7.315235766657405,-1.795959106324312,10.0,0.0,27.310341405441633,26.63267277554538,411.7671632139334,456.15713367962536,0.0
1.7850000000000001,7.844554901733275,-1.588187663331515,10.0,0.0,27.39931559435523,26.910690957010925,404.74998105482535,456.15713367962536,0.0
1.786,8.3932269162478,-1.287161641547284,10.0,0.0,27.476159034557686,27.11474400897544,388.47098632430345,456.15713367962536,0.0
1.7870000000000001,8.891145612959999,-1.0294461173513179,10.0,0.0,27.540384988492633,27.256791763270535,384.3430873355326,456.15713367962536,0.0
1.788,9.397584042525946,-0.7387992528105767,10.0,0.0,27.582999122606072,27.340328297244486,390.35605417105864,456.15713367962536,0.0
1.7890000000000001,9.733800021992005,-0.7139996748414906,10.0,0.0,27.629884011774372,27.387853217786787,399.20890039873564,456.15713367962536,0.0
1.79,9.809211451946188,-1.0367913642247002,10.0,0.0,27.71258798569191,27.430381037691383,418.7245436371823,456.15713367962536,0.0
1.7910000000000001,9.776421817386078,-1.4471416102449817,10.0,0.0,27.833184954376556,27.481287447098428,428.2772092883546,456.15713367962536,0.0
1.792,9.691872457083935,-1.847207983339722,10.0,0.0,27.986716665713665,27.548135445720867,450.1604345809358,456.15713367962536,0.0
1.793,9.525638479386721,-2.2924096425352234,8.897460259778189,0.0,28.176551524559855,27.51981268813405,459.0764637783257,456.15713367962536,0.0
1.794,9.266183078101427,-2.677865448008986,4.41025236009624,0.0,28.382518743772913,27.057615974992146,471.396384887564,456.15713367962536,0.0
1.795,8.725220093470975,-2.927493147789535,-1.902100706602294,0.0,28.545274058671602,26.069660271042224,477.71964317836404,456.15713367962536,0.0
1.796,7.836896266610344,-2.9522885893793833,-5.279354946989695,0.0,28.593189493262496,24.980707224309892,479.48751666890496,456.15713367962536,0.0
1.797,6.808208481262033,-2.832818798872659,-6.396595522152952,0.0,28.514028448349443,24.020589522965505,477.6912973822223,456.15713367962536,0.0
1.798,5.844775159851308,-2.642991294864524,-5.713827515837577,0.0,28.327085410257425,23.330535161212264,473.64006724149755,456.15713367962536,0.0
1.799,5.090826066771632,-2.444653592672333,-3.863041781093936,0.0,28.06991236759821,22.96085074960845,467.481102021042,456.15713367962536,0.0
1.8,4.610292342228348,-2.285213319878411,-0.8967988542803171,0.0,27.78593313505914,22.955515558270136,460.4979767340215,456.15713367962536,0.0
1.801,4.447557151151354,-2.177486298136011,2.5513553586859565,0.0,27.51956273697641,23.285046030742933,453.27384211109364,456.15713367962536,0.0
1.802,4.586145820011464,-2.131460042447287,6.1922555858352055,0.0,27.30879680804091,23.904131793531544,446.79071407691123,456.15713367962536,0.0
1.803,5.002433285791545,-2.1174898047677484,9.527483798953554,0.0,27.17993958468995,24.726292753772064,448.0627001120382,456.15713367962536,0.0
1.804,5.622142747338929,-2.135070990361716,8.972435117065933,0.0,27.148257812490275,25.2949390924022,442.4281594001968,456.15713367962536,0.0
1.805,6.182319785824147,-2.1085876246886612,10.0,0.0,27.173519869293596,25.866712864273083,426.12751592106054,456.15713367962536,0.0
1.806,6.796144113152092,-1.9628859994620682,10.0,0.0,27.237670752485492,26.311640910186643,425.939530261861,456.15713367962536,0.0
1.807,7.372325238854353,-1.7663997975354042,10.0,0.0,27.31974288598987,26.66124955927407,409.3435503743395,456.15713367962536,0.0
1.808,7.911018480499433,-1.5404150926475237,10.0,0.0,27.40567521553417,26.930610111479254,404.63763474242126,456.15713367962536,0.0
1.809,8.449825056095627,-1.254331604612977,10.0,0.0,27.48074103070963,27.12774605051922,386.7433914050847,456.15713367962536,0.0
1.81,8.959115667818192,-0.978779156540492,10.0,0.0,27.540563923863907,27.26204107563922,380.56370083759066,456.15713367962536,0.0
1.811,9.450234366784443,-0.7141546499612192,10.0,0.0,27.581480858971773,27.339958736793577,388.3525177075441,456.15713367962536,0.0
1.812,9.749533184463784,-0.7466970943285927,10.0,0.0,27.632323780630486,27.386164642388227,401.74615557370254,456.15713367962536,0.0
1.813,9.800545851133709,-1.0990964719501206,10.0,0.0,27.72114150777748,27.430215844432382,417.64599780275626,456.15713367962536,0.0
1.814,9.781361425177565,-1.4729580547630285,10.0,0.0,27.84308336274741,27.481364112508693,432.17193240175266,456.15713367962536,0.0
1.815,9.659195664926992,-1.9249532340090143,10.0,0.0,28.003926712916893,27.552838128642367,446.1883620370689,456.15713367962536,0.0
1.816,9.510259634795112,-2.3292256631073935,10.0,0.0,28.195783145091177,27.64841038389163,468.73773244963445,456.15713367962536,0.0
1.817,9.292254570487264,-2.7606332386371926,-0.4902331343434403,0.0,28.421423268590225,26.622176608828156,470.6972927559768,456.15713367962536,0.0
1.818,8.489463116415314,-2.88032780992353,-1.6154148782781172,0.0,28.530728329319242,25.788389572436383,476.234680502228,456.15713367962536,0.0
1.819,7.601652845703038,-2.885438032155403,-4.584884219629757,0.0,28.545089359068815,24.823153150885005,478.6933778940027,456.15713367962536,0.0
1.82,6.641525333875465,-2.7899739827235113,-6.039595357660884,0.0,28.45093849602846,23.922288866287712,476.94358388408347,456.15713367962536,0.0
1.821,5.738974276339077,-2.617248939967902,-5.372562854745844,0.0,28.258071176623627,23.279695951757823,472.6858441345358,456.15713367962536,0.0
1.822,5.033685198281324,-2.4328440834430554,-3.408980084521108,0.0,28.001674013916098,22.959955664446973,466.40804000545427,456.15713367962536,0.0
1.823,4.59869305406884,-2.2837265591568032,-0.37258708323863843,0.0,27.724383659642005,23.001713337118094,459.52506371590016,456.15713367962536,0.0
1.824,4.476809537373988,-2.185279320281497,3.0352217611756673,0.0,27.46966008702901,23.365118515361743,452.127041950003,456.15713367962536,0.0
1.825,4.647359700058234,-2.144309199180978,6.774533561420476,0.0,27.273227148569376,24.0239776750403,446.1958833847947,456.15713367962536,0.0
1.826,5.097336338306828,-2.130731267768539,9.839725346972937,0.0,27.161239548679198,24.849293674732863,448.767262891387,456.15713367962536,0.0
1.827,5.726308410010746,-2.150126131176723,8.62793430155915,0.0,27.145251523036315,25.352243220111152,439.73816716766856,456.15713367962536,0.0
1.828,6.260324935849863,-2.1022907935095283,10.0,0.0,27.175701418718077,25.9138920485447,425.0815121324111,456.15713367962536,0.0
1.829,6.869916385976617,-1.9331913706647634,10.0,0.0,27.241148624538766,26.346985432463104,425.2589662411694,456.15713367962536,0.0
1.83,7.43167335411125,-1.7429148133105805,10.0,0.0,27.32412102108873,26.687616846578212,407.41726953774446,456.15713367962536,0.0
1.831,7.974974556197908,-1.5010656689498405,10.0,0.0,27.40815867908905,26.9483367963886,404.28069758975477,456.15713367962536,0.0
1.832,8.50429706174939,-1.2260047359399375,10.0,0.0,27.482026355082894,27.138596053428195,385.94734939705205,456.15713367962536,0.0
1.833,9.020993887190112,-0.9367166882020519,10.0,0.0,27.538462113260255,27.265672726620245,375.84966278858116,456.15713367962536,0.0
1.834,9.506492504886065,-0.6801334768805423,10.0,0.0,27.576630690171086,27.337447428618674,394.2757802157366,456.15713367962536,0.0
1.835,9.763476315972188,-0.7754512869740422,10.0,0.0,27.63121067081419,27.382448285065834,402.3738051463436,456.15713367962536,0.0
1.836,9.804252666195225,-1.1337249614942975,10.0,0.0,27.723289665133983,27.426491493518917,423.8524688677369,456.15713367962536,0.0
1.837,9.76094266960095,-1.5376905475973253,10.0,0.0,27.851418558593235,27.480510143686267,431.3927579268183,456.15713367962536,0.0
1.838,9.646485696396333,-1.9654132299338194,10.0,0.0,28.01514626691928,27.554096985269382,451.52358980899487,456.15713367962536,0.0
1.839,9.49001717861697,-2.3707023938457272,8.214253897998011,0.0,28.210164469777975,27.45633280953025,465.42090653340716,456.15713367962536,0.0
1.84,9.163010013460212,-2.7696743766088185,1.1729578072540479,0.0,28.41573846124172,26.665567865678533,471.62995883028753,456.15713367962536,0.0
1.841,8.450505313541163,-2.9114402144203155,-2.0862965926927597,0.0,28.533283081505544,25.761437237611183,477.85362307701,456.15713367962536,0.0
1.842,7.550732306145035,-2.91378622753163,-5.415093610027846,0.0,28.547500580000385,24.717748990283937,478.9010482390633,456.15713367962536,0.0
1.843,6.552243524380249,-2.786994875175897,-6.166245336648869,0.0,28.44195699502277,23.83134863370411,476.66712601876964,456.15713367962536,0.0
1.844,5.649524079561067,-2.5983288969258522,-5.254384149893479,0.0,28.23884238880098,23.220164453206262,472.1072760067475,456.15713367962536,0.0
1.845,4.964430647782112,-2.411856877571549,-3.1339605671536317,0.0,27.976295562805124,22.94024829541735,465.60766884769737,456.15713367962536,0.0
1.846,4.561857007522983,-2.265692290570265,0.021337660690712745,0.0,27.697798419253363,23.025379806153936,458.70369401358886,456.15713367962536,0.0
1.847,4.476680173482364,-2.174153342863573,3.447859474405333,0.0,27.4470565027527,23.424856584033726,451.04810769548556,456.15713367962536,0.0
1.848,4.680940176369613,-2.139390343380132,7.326742893298383,0.0,27.25842791522398,24.128403081758556,446.57188847782265,456.15713367962536,0.0
1.849,5.168259621504814,-2.1311698853392604,9.66070495414786,0.0,27.15846021583096,24.90911652452655,448.99282187568224,456.15713367962536,0.0
1.85,5.786827564524994,-2.1438999208428595,8.5218813732575,0.0,27.148043139139844,25.389982359291142,437.0565705454989,456.15713367962536,0.0
1.851,6.315068854480372,-2.077434455141901,10.0,0.0,27.179315852012152,25.94378032519584,424.80602577514696,456.15713367962536,0.0
1.852,6.925093972378307,-1.895381211824323,10.0,0.0,27.243479888079772,26.36872422946066,423.9102202484264,456.15713367962536,0.0
1.853,7.477966507494225,-1.7144694707909756,10.0,0.0,27.325642151886626,26.702874419222,405.76245583486195,456.15713367962536,0.0
1.854,8.029872794670979,-1.4581058734622652,10.0,0.0,27.406612329993095,26.956644850149583,401.99156038369756,456.15713367962536,0.0
1.855,8.549217914107773,-1.1999841559104274,10.0,0.0,27.47903278042427,27.141526355528796,385.96681701555906,456.15713367962536,0.0
1.856,9.076502909088678,-0.89522745805146,10.0,0.0,27.531757316761286,27.262353857159663,372.76821460494324,456.15713367962536,0.0
1.857,9.563443629775808,-0.636641522792561,10.0,0.0,27.565895263727793,27.328080432935373,396.50057541789226,456.15713367962536,0.0
1.858,9.755243634236853,-0.8328598414864136,10.0,0.0,27.627361947984124,27.37441955254632,405.047813743258,456.15713367962536,0.0
1.859,9.805840533558353,-1.1662289183211045,10.0,0.0,27.722024291040803,27.418623769741046,420.3971790451319,456.15713367962536,0.0
1.86,9.738655907496927,-1.5999858318812243,10.0,0.0,27.856020391234555,27.475770077381952,434.353312742359,456.15713367962536,0.0
1.861,9.633817023313847,-2.0009407275289215,10.0,0.0,28.022098981558663,27.55146179527765,454.39670381502197,456.15713367962536,0.0
1.862,9.446384903080327,-2.4497052114626388,6.75322776663335,0.0,28.224493428916148,27.298616399129735,462.8402531979831,456.15713367962536,0.0
1.863,9.061299205426408,-2.767713535487832,2.4646218799692106,0.0,28.411857162726548,26.69250116767254,473.67714458874144,456.15713367962536,0.0
1.864,8.405531027793959,-2.946220536270761,-3.1290239245011264,0.0,28.53632868685605,25.661602495680064,478.2094804525917,456.15713367962536,0.0
1.865,7.465054697237074,-2.9216736428907475,-5.6157153241559294,0.0,28.540777963093728,24.62553596196738,478.8335493654701,456.15713367962536,0.0
1.866,6.461135708756536,-2.7783872193888124,-6.1545139374535704,0.0,28.42565962068496,23.760146401210832,476.4458273304117,456.15713367962536,0.0
1.867,5.571583687819782,-2.583070244858331,-5.163539856432232,0.0,28.21546215347807,23.17199062975262,471.5146586458828,456.15713367962536,0.0
1.868,4.906290154809012,-2.3963408819337437,-2.8515307638303424,0.0,27.94888179566965,22.930328716517355,464.74418695838716,456.15713367962536,0.0
1.869,4.53540334035981,-2.2519299456697004,0.4478345471298466,0.0,27.67077537295875,23.06012966636368,457.8995077473272,456.15713367962536,0.0
1.87,4.486440010889521,-2.167487628836758,3.8527504119827984,0.0,27.42561514201459,23.492364069075748,450.33353671960253,456.15713367962536,0.0
1.871,4.72306607669949,-2.136366179893283,7.69397189544537,0.0,27.245615438220604,24.218825712420752,446.9028413337346,456.15713367962536,0.0
1.872,5.234031382762751,-2.1315451615602843,9.501862511838237,0.0,27.156042771613315,24.96125705101157,449.64410631141783,456.15713367962536,0.0
1.873,5.8438856536266,-2.1334576983219966,8.196360296678705,0.0,27.149929094752956,25.396829522516725,434.95207883327214,456.15713367962536,0.0
1.874,6.352470012722655,-2.0477197843025445,10.0,0.0,27.178533736819396,25.949843031910337,424.4663028650623,456.15713367962536,0.0
1.875,6.961988655737705,-1.855212677013137,10.0,0.0,27.239260862956904,26.370418050397323,422.2562080135283,456.15713367962536,0.0
1.8760000000000001,7.511153566327797,-1.680504411218731,10.0,0.0,27.318679940164877,26.7006953259146,404.5089511659838,456.15713367962536,0.0
1.877,8.07198302902203,-1.4142199846803,10.0,0.0,27.395640632942495,26.949687189810483,399.3968846554962,456.15713367962536,0.0
1.8780000000000001,8.586820975058446,-1.1682797993558953,10.0,0.0,27.465413866711632,27.13045205715747,385.6117450784469,456.15713367962536,0.0
1.879,9.120144920943702,-0.8583828526200432,10.0,0.0,27.514657001550862,27.246600506559663,377.78331439862535,456.15713367962536,0.0
1.8800000000000001,9.600913827975624,-0.613209043037561,10.0,0.0,27.546720518259672,27.308507084190897,392.47043095201235,456.15713367962536,0.0
1.881,9.752565387254082,-0.8686729776465971,10.0,0.0,27.612321111963553,27.35555537327959,408.72002964547204,456.15713367962536,0.0
1.8820000000000001,9.796862909195037,-1.205438033608388,10.0,0.0,27.710555992015607,27.40110268100907,419.78930996456813,456.15713367962536,0.0
1.883,9.7228731821475,-1.6415525278394352,10.0,0.0,27.84812705864121,27.46050059116545,436.7927630101694,456.15713367962536,0.0
1.8840000000000001,9.61394658816546,-2.0401651804926897,10.0,0.0,28.017367056469425,27.538957845036304,454.59151053155506,456.15713367962536,0.0
1.885,9.418375871816307,-2.494032992993745,6.653790461770109,0.0,28.223468112750506,27.27883383695619,464.0850373795074,456.15713367962536,0.0
1.8860000000000001,9.025899094636483,-2.804740758893421,1.827748000795113,0.0,28.412585838719412,26.609146498313528,474.57375912155754,456.15713367962536,0.0
1.887,8.333901577348392,-2.962384773463042,-3.600779124649275,0.0,28.53005682217082,25.548657066072792,478.2462607897794,456.15713367962536,0.0
1.8880000000000001,7.368511203506778,-2.917699147826105,-5.657921229861743,0.0,28.52323990508726,24.533236281032032,478.5758714046444,456.15713367962536,0.0
1.889,6.3710220715564745,-2.765547274089407,-6.046913914544421,0.0,28.3992727513533,23.696528009300142,476.08114153834435,456.15713367962536,0.0
1.8900000000000001,5.50237368562351,-2.5688633341611835,-4.998789059981601,0.0,28.18391777116483,23.1358539413499,470.84759220662124,456.15713367962536,0.0
1.891,4.862438717879256,-2.382928087935656,-2.5289189793900047,0.0,27.915544844514642,22.93262260508783,464.0827761892375,456.15713367962536,0.0
1.8920000000000001,4.52258229534413,-2.243939553300585,0.7742326042057428,0.0,27.64025669055567,23.09250993997798,457.1721116695683,456.15713367962536,0.0
1.893,4.501867549134299,-2.1642681228240135,4.219415084140904,0.0,27.401112113475545,23.553698340797858,449.638835781126,456.15713367962536,0.0
1.8940000000000001,4.765581771794579,-2.135578022603015,8.051236007347072,0.0,27.229641637465868,24.30268620862634,447.0583274364295,456.15713367962536,0.0
1.895,5.297588957796837,-2.1342364249579076,9.432478242127257,0.0,27.15035632110125,25.01736303043111,449.16438847559806,456.15713367962536,0.0
1.8960000000000001,5.899960379478056,-2.132132032569684,8.449375174583261,0.0,27.15024915136732,25.469749094116388,433.39392737800347,456.15713367962536,0.0
1.897,6.423134830643846,-2.035283662546726,10.0,0.0,27.184759028196673,26.00576012051961,424.5687709454839,456.15713367962536,0.0
1.8980000000000001,7.029784395575237,-1.8363706675889746,10.0,0.0,27.248507074238283,26.41461507608048,420.47712928919435,456.15713367962536,0.0
1.899,7.570808203800651,-1.6631902093360278,10.0,0.0,27.329705090773576,26.735513217433937,404.08677593469343,456.15713367962536,0.0
1.9000000000000001,8.134298950554413,-1.383861544111478,10.0,0.0,27.405878771198516,26.97586760224491,396.7325058755716,456.15713367962536,0.0
1.901,8.641929594250094,-1.143378256483928,10.0,0.0,27.474810647075277,27.149599453278327,385.8005851242656,456.15713367962536,0.0
1.9020000000000001,9.17578580926458,-0.8290670778826099,10.0,0.0,27.522053123697816,27.259203429581405,383.5279840337832,456.15713367962536,0.0
1.903,9.622876259181908,-0.6383920455642462,10.0,0.0,27.55770060851942,27.318729868575687,393.3732314195089,456.15713367962536,0.0
1.9040000000000001,9.77465195754504,-0.8820859726084729,10.0,0.0,27.62444907105634,27.36364398983192,408.61608971247205,456.15713367962536,0.0
1.905,9.779304873179045,-1.2749942585396798,10.0,0.0,27.72979707164718,27.411747481480127,422.8279811999506,456.15713367962536,0.0
1.9060000000000001,9.72741172539373,-1.6632973231682122,10.0,0.0,27.868204875593577,27.471330199435297,439.661593044729,456.15713367962536,0.0
1.907,9.580875139122078,-2.116105912076773,10.0,0.0,28.04465608507451,27.554395519001638,452.38955676888725,456.15713367962536,0.0
1.9080000000000001,9.408654684791895,-2.5206114007477507,7.788648875054443,0.0,28.251736223428708,27.42102968792902,472.32594749794004,456.15713367962536,0.0
1.909,9.058283898640472,-2.881747270454354,-2.3412346276550986,0.0,28.46045165562124,26.26635336168386,473.7833182533239,456.15713367962536,0.0
1.9100000000000001,8.147255087344789,-2.924253927087915,-3.2461818510840157,0.0,28.533892285502624,25.34648031311338,477.2460868512654,456.15713367962536,0.0
1.911,7.187590981887216,-2.863837328707229,-5.1884556817711545,0.0,28.500930655150615,24.417790746734166,478.1014864750826,456.15713367962536,0.0
1.9120000000000001,6.240711443534391,-2.7282881708471844,-5.835599021634337,0.0,28.36408998981508,23.621471053043837,475.4799578640775,456.15713367962536,0.0
1.913,5.415866237743847,-2.543758581645561,-4.718062957976314,0.0,28.142358658410508,23.101763839843432,470.09764241469276,456.15713367962536,0.0
1.9140000000000001,4.816189304828339,-2.3679267879238126,-2.1663103206346133,0.0,27.873333537408957,22.939087654856415,463.3244649304885,456.15713367962536,0.0
1.915,4.514398472485222,-2.236832476371351,1.1486051089588898,0.0,27.60228125367532,23.132099969378405,456.41985494230585,456.15713367962536,0.0
1.9160000000000001,4.524881808850133,-2.1645083089306016,4.598282890423405,0.0,27.37099071446428,23.620850150416423,448.9172214018263,456.15713367962536,0.0
1.917,4.815768563984386,-2.138322699433021,8.421998783441179,0.0,27.20954707190782,24.391815520145727,447.16324832982895,456.15713367962536,0.0
1.9180000000000001,5.36782741887471,-2.1406355611534913,9.38892417293781,0.0,27.14186060146416,25.0798470160743,448.45480698357613,456.15713367962536,0.0
1.919,5.9623030828773675,-2.1349657726357667,8.820168113024708,0.0,27.14909912230357,25.56020256038887,432.12451415759205,456.15713367962536,0.0
1.92,6.504852683647425,-2.0294056933002076,10.0,0.0,27.192094434648766,26.07497977107765,425.1126667422573,456.15713367962536,0.0
1.921,7.106272416887022,-1.8256512760940578,10.0,0.0,27.260910551729,26.47004979841366,418.36346841862127,456.15713367962536,0.0
1.922,7.6401223296074265,-1.6481826284174006,10.0,0.0,27.344868052762447,26.779785141657243,403.9716158698635,456.15713367962536,0.0
1.923,8.202642198678992,-1.3574726177929428,10.0,0.0,27.421199923324966,27.010404014209147,394.1318466607333,456.15713367962536,0.0
1.924,8.704298428810057,-1.1172349017183287,10.0,0.0,27.489441445424475,27.176037199938417,386.085216254889,456.15713367962536,0.0
1.925,9.234965793705026,-0.8021386168393758,10.0,0.0,27.535163919711014,27.27857437146756,380.4847410617331,456.15713367962536,0.0
1.926,9.646798552531353,-0.6665241649186584,10.0,0.0,27.574801236859322,27.335435143450514,400.7546443927499,456.15713367962536,0.0
1.927,9.782916990222953,-0.9245752641673567,10.0,0.0,27.64590266492767,27.379718869392185,408.30615690258963,456.15713367962536,0.0
1.928,9.790010598595092,-1.3001530522500273,10.0,0.0,27.75305536847996,27.427265253002496,428.1504822118281,456.15713367962536,0.0
1.929,9.703832608520601,-1.7360776487020224,10.0,0.0,27.898443367766934,27.490322783598938,438.23810432465615,456.15713367962536,0.0
1.93,9.5783155881624,-2.142540615337582,10.0,0.0,28.075950000550247,27.57455845340307,461.5158941046797,456.15713367962536,0.0
1.931,9.387062638631807,-2.5685046557804974,3.1476516549688727,0.0,28.286920951818004,26.934145555796498,465.96064823938417,456.15713367962536,0.0
1.932,8.786433636023869,-2.8059973430814256,0.8272394420190583,0.0,28.434618073397015,26.256305843894744,473.7458519289932,456.15713367962536,0.0
1.933,8.040025917821422,-2.9064465170422604,-3.241249585279137,0.0,28.508435993890615,25.31278870344396,478.432781004106,456.15713367962536,0.0
1.934,7.120141697994841,-2.8710245988609886,-5.807470596080344,0.0,28.475619505550235,24.323128835171367,477.9133367864923,456.15713367962536,0.0
1.935,6.161868625759174,-2.7208689664109067,-5.765310518342172,0.0,28.330955778828937,23.555664319298852,474.8864114098313,456.15713367962536,0.0
1.936,5.352789488547652,-2.530606962599032,-4.439140607313712,0.0,28.104584709097715,23.07535294614813,469.40437281642096,456.15713367962536,0.0
1.937,4.781311048115382,-2.358458274032718,-1.8305937019765066,0.0,27.835785873320365,22.948885900891582,462.5967771149263,456.15713367962536,0.0
1.938,4.510860525208216,-2.2317084998162784,1.5088077144178227,0.0,27.568999228316954,23.173469136448443,455.6629967700378,456.15713367962536,0.0
1.939,4.5496059786199945,-2.164622835047272,4.980639255957936,0.0,27.34523764598714,23.69045633425037,448.25469020942734,456.15713367962536,0.0
1.94,4.867084785761918,-2.1402412915341023,8.763816970965152,0.0,27.193539828531737,24.480264673023022,447.2461034456757,456.15713367962536,0.0
1.941,5.437443491592255,-2.1455079500081755,9.357220655180459,0.0,27.136815774566426,25.143800354716575,448.0091484753665,456.15713367962536,0.0
1.942,6.024740108098955,-2.1364225212237926,9.05717799237766,0.0,27.15106563041597,25.63747229233633,430.89327421433586,456.15713367962536,0.0
1.943,6.579450988010793,-2.0198809127171824,10.0,0.0,27.200528971794665,26.134767638620318,425.5375913979052,456.15713367962536,0.0
1.944,7.174458211651153,-1.8132917003673463,10.0,0.0,27.27321611639046,26.517947878536237,416.109027965335,456.15713367962536,0.0
1.945,7.704270287696524,-1.6291419839777865,10.0,0.0,27.35876199383893,26.81774955279155,404.02372026291425,456.15713367962536,0.0
1.946,8.265368195552849,-1.3305201131715525,10.0,0.0,27.43472654234328,27.039702998262438,391.7382614737233,456.15713367962536,0.0
1.947,8.763524216721642,-1.088892193103614,10.0,0.0,27.50169712804489,27.197871370786668,386.09837757418137,456.15713367962536,0.0
1.948,9.28905741202879,-0.7779252547311812,10.0,0.0,27.545997408408446,27.294092873356533,381.5194876180162,456.15713367962536,0.0
1.949,9.686171475203816,-0.6626362861844286,10.0,0.0,27.58591769383623,27.346695038709584,397.85786956427836,456.15713367962536,0.0
1.95,9.780619113451865,-0.9786557120768307,10.0,0.0,27.66302119379018,27.39161091649459,412.90063417012567,456.15713367962536,0.0
1.951,9.793954446190021,-1.3333247243709043,10.0,0.0,27.772759328620637,27.43922314627776,425.736182621785,456.15713367962536,0.0
1.952,9.69504599440242,-1.7792695571747406,10.0,0.0,27.92179211443186,27.504061249589686,440.81808177153334,456.15713367962536,0.0
1.953,9.566535014103572,-2.1805865355639433,10.0,0.0,28.10209085128793,27.59046594446654,461.7730048293275,456.15713367962536,0.0
1.954,9.358992910247661,-2.6252713320761183,3.0275243684624513,0.0,28.31790234177853,26.940832245693343,466.83598860343983,456.15713367962536,0.0
1.955,8.757799511533623,-2.84073138475797,0.3892439321681298,0.0,28.46642307117262,26.221312826989504,475.21446921771405,456.15713367962536,0.0
1.956,7.983124738509214,-2.9288363247545806,-3.99056973034987,0.0,28.53567672862974,25.212403015626972,478.7930392417961,456.15713367962536,0.0
1.957,7.024587451944954,-2.8652904108347848,-6.006213798012612,0.0,28.489242939273744,24.231079194120493,477.9127376782484,456.15713367962536,0.0
1.958,6.062905436287174,-2.7001400945321254,-5.7836190562249765,0.0,28.3317890710486,23.48408588695907,474.5560349295312,456.15713367962536,0.0
1.959,5.268301373772937,-2.505287570492359,-4.289256694365451,0.0,28.09559898444849,23.035990062797914,468.8716452057622,456.15713367962536,0.0
1.96,4.723782443954054,-2.334508929995113,-1.5742069477423115,0.0,27.821381198877965,22.944747702557756,461.9734888828957,456.15713367962536,0.0
1.961,4.485284036567146,-2.212327475682205,1.816707661658234,0.0,27.553728782271037,23.201847544866762,454.9027247789517,456.15713367962536,0.0
1.962,4.55518496996282,-2.150828000356309,5.3646338026369635,0.0,27.33300846381298,23.752760803950437,447.65035861339146,456.15713367962536,0.0
1.963,4.904870695341674,-2.130052567581062,9.075884636079433,0.0,27.18778120025709,24.5615026150911,447.4048910568052,456.15713367962536,0.0
1.964,5.495841614019906,-2.1412399697383044,9.286140840600773,0.0,27.139389212735885,25.199353249124222,446.67159650469745,456.15713367962536,0.0
1.965,6.078099342782819,-2.1289458954527767,9.74764348840392,0.0,27.15815726517714,25.75910370923789,429.93788645599665,456.15713367962536,0.0
1.966,6.672519378201851,-2.0130794270045955,10.0,0.0,27.2184011875992,26.228336491773412,426.0858637305025,456.15713367962536,0.0
1.967,7.262762397438712,-1.8085965023788697,10.0,0.0,27.298209539008248,26.595164291419746,413.6091939950147,456.15713367962536,0.0
1.968,7.791160142784685,-1.6103925602434068,10.0,0.0,27.38696223085238,26.88106882444666,404.4776954951467,456.15713367962536,0.0
1.969,8.345263626978518,-1.3071556557024877,10.0,0.0,27.464056086736655,27.091590767547448,389.80319804398,456.15713367962536,0.0
1.97,8.841367200871694,-1.0567706896690443,10.0,0.0,27.529982774124303,27.23973954364027,385.4937050682878,456.15713367962536,0.0
1.971,9.356070006080788,-0.7553310341083441,10.0,0.0,27.57347715793113,27.32800983802851,388.6411529669862,456.15713367962536,0.0
1.972,9.722256836770363,-0.6841812967211869,10.0,0.0,27.616637058239114,27.37666901803484,397.95149229544273,456.15713367962536,0.0
1.973,9.801281581775182,-1.0102322802096646,10.0,0.0,27.696923992074538,27.4197474164277,414.5018721618305,456.15713367962536,0.0
1.974,9.794785659318133,-1.3844565850420523,10.0,0.0,27.811394236062377,27.468051467285136,428.4544369578064,456.15713367962536,0.0
1.975,9.688114743273704,-1.8311680896622757,10.0,0.0,27.964643883197077,27.53464097899593,442.84543931570124,456.15713367962536,0.0
1.976,9.550896043246578,-2.2353012591148245,10.0,0.0,28.14921505038297,27.623923852091657,464.6887674527542,456.15713367962536,0.0
1.977,9.339605004861191,-2.6746330965611835,1.559566720408192,0.0,28.368542558584416,26.816157721063423,468.3578825233589,456.15713367962536,0.0
1.978,8.654187426365462,-2.851360814942548,-0.3969983033315101,0.0,28.50020743351039,26.053566157393387,475.6666212553198,456.15713367962536,0.0
1.979,7.834777303397208,-2.9072733547912564,-4.246462545068898,0.0,28.546829766776305,25.059805758970793,478.8107880306978,456.15713367962536,0.0
1.98,6.87424261274117,-2.832479046489013,-6.045082476268614,0.0,28.48062732756164,24.108194798444938,477.5366535198142,456.15713367962536,0.0
1.981,5.9341327642760024,-2.665717207465983,-5.62181041922871,0.0,28.308288177006332,23.40347755206118,473.8683276630864,456.15713367962536,0.0
1.982,5.175039882431688,-2.4757199339966287,-3.9647594306994254,0.0,28.063479135176777,23.004140121946314,467.9655183928,456.15713367962536,0.0
1.983,4.671701880374671,-2.3156463506809257,-1.1314386426879661,0.0,27.78750913308867,22.963126558863785,461.0322843872999,456.15713367962536,0.0
1.984,4.478289612021156,-2.2016919180333545,2.28642685298533,0.0,27.52410052314304,23.26249131802296,453.966831592332,456.15713367962536,0.0
1.985,4.587068544394326,-2.1490943470971935,5.841056271342205,0.0,27.31232306163139,23.848509516089592,447.18404167645684,456.15713367962536,0.0
1.986,4.97189080040846,-2.1305406681530217,9.322182149311482,0.0,27.17881023710307,24.66088304175362,447.78147147703703,456.15713367962536,0.0
1.987,5.574983029694346,-2.1442209097555485,9.107223871047271,0.0,27.141576410959704,25.25771934034836,444.2086054306482,456.15713367962536,0.0
1.988,6.141745885992666,-2.12283328666154,10.0,0.0,27.165260156333787,25.835190591536772,427.5900454768778,456.15713367962536,0.0
1.989,6.7512284379611325,-1.9913189977978325,10.0,0.0,27.230069956745222,26.286979878700677,426.34686736567295,456.15713367962536,0.0
1.99,7.333078033128624,-1.789551979977618,10.0,0.0,27.312698476760332,26.64216258724059,410.93793695163083,456.15713367962536,0.0
1.991,7.865972028495987,-1.5738314812690892,10.0,0.0,27.400870830948175,26.917290033389285,404.8861132099693,456.15713367962536,0.0
1.992,8.41056988779729,-1.2781005877902212,10.0,0.0,27.477365501036523,27.119145145772436,387.80877889804884,456.15713367962536,0.0
1.993,8.911747107143164,-1.0146928407309197,10.0,0.0,27.540378672112617,27.258780698391064,384.03253757749104,456.15713367962536,0.0
1.994,9.413865249295847,-0.7309637967626843,10.0,0.0,27.58247796397705,27.340532789412116,387.5310517420702,456.15713367962536,0.0
1.995,9.732775835148594,-0.7341233747661443,10.0,0.0,27.6317273797772,27.38826061749522,399.99574582500253,456.15713367962536,0.0
1.996,9.80456470639015,-1.0600461314962275,10.0,0.0,27.716644544265932,27.431432934371983,416.0904438931948,456.15713367962536,0.0
1.997,9.790295213370133,-1.433677777156188,10.0,0.0,27.83522747744875,27.48106726895457,430.9096839225653,456.15713367962536,0.0
1.998,9.673179984042342,-1.885658204516521,10.0,0.0,27.99289708132459,27.550336443693038,444.87872719876117,456.15713367962536,0.0
1.999,9.529280588864474,-2.2896717417435797,10.0,0.0,28.18164832710805,27.64310344252152,467.1815230034805,456.15713367962536,0.0
2.0,9.314170582965698,-2.7242400890694043,0.29929546310955146,0.0,28.404563531029595,26.70061447368464,469.7459621821372,456.15713367962536,0.0
2.001,8.556643187003758,-2.866380672557891,-1.1188124112439164,0.0,28.52222809838579,25.89685801481046,476.0375926439781,456.15713367962536,0.0
2.0020000000000002,7.6965558242231396,-2.8923316656298956,-4.463432231807892,0.0,28.549183766521956,24.918550892987053,478.7693248639579,456.15713367962536,0.0
2.003,6.735412388423945,-2.805662648119924,-6.055420253641112,0.0,28.465820053805352,23.996222470273686,477.14635194871715,456.15713367962536,0.0
2.004,5.816440427250812,-2.6365452658998887,-5.453825978711669,0.0,28.28082364821998,23.331361250391634,473.11196469291093,456.15713367962536,0.0
2.005,5.090552580925147,-2.450910626078072,-3.606180660941413,0.0,28.029112124646733,22.982369497628774,467.0526997856977,456.15713367962536,0.0
2.0060000000000002,4.629987978399565,-2.297897978501503,-0.6855038683955268,0.0,27.752697533319328,22.989306989601776,460.2388773578068,456.15713367962536,0.0
2.007,4.478702754015551,-2.193589755584626,2.6805899087681073,0.0,27.49467437227686,23.321008549464263,452.9910026533061,456.15713367962536,0.0
2.008,4.621133783877543,-2.1466913453626537,6.336188571281651,0.0,27.29150794042965,23.945012286812442,446.6635784652009,456.15713367962536,0.0
2.009,5.0408194444851455,-2.1299101602794934,9.594836217478509,0.0,27.169681579245054,24.763453149329393,448.30657668592096,456.15713367962536,0.0
2.0100000000000002,5.658897962403688,-2.1437712181254622,8.851842677055515,0.0,27.143574468644484,25.30975974320273,441.8427630059225,456.15713367962536,0.0
2.011,6.2063616389694385,-2.1109353744869943,10.0,0.0,27.170958175112624,25.878511988313743,425.80380738890887,456.15713367962536,0.0
2.012,6.81697978156971,-1.9578143461038766,10.0,0.0,27.235963780759295,26.319952447410664,425.8813949701607,456.15713367962536,0.0
2.013,7.388677865357328,-1.7614659856300077,10.0,0.0,27.318545762382698,26.666968813371923,408.7997148949882,456.15713367962536,0.0
2.0140000000000002,7.927236708102718,-1.5319126275777255,10.0,0.0,27.404283796658863,26.934017249035268,404.5045936468,456.15713367962536,0.0
2.015,8.463283222385103,-1.2482320120168304,10.0,0.0,27.47924353694258,27.129355116416285,386.50687461358524,456.15713367962536,0.0
2.016,8.974473036916871,-0.968500907710216,10.0,0.0,27.53830747461791,27.26178475663192,379.22085879556414,456.15713367962536,0.0
2.017,9.46291618174647,-0.707561333496955,10.0,0.0,27.578801940426878,27.338260978807572,389.7785017753464,456.15713367962536,0.0
2.0180000000000002,9.75472526307315,-0.7505837602471139,10.0,0.0,27.630236444557152,27.38392445784892,401.53508733200727,456.15713367962536,0.0
2.019,9.801583528685365,-1.1068518946137051,10.0,0.0,27.719853116691368,27.427928720995084,418.3093169865436,456.15713367962536,0.0
2.02,9.778679646079915,-1.4841723064389458,10.0,0.0,27.842851111883892,27.47948223478278,432.36232131948236,456.15713367962536,0.0
2.021,9.654344819973161,-1.9372257931228978,10.0,0.0,28.004767338352906,27.551627988756643,446.6140006166521,456.15713367962536,0.0
2.0220000000000002,9.504474435898988,-2.340467341834527,10.0,0.0,28.19753255306385,27.647993183967113,469.25755705758274,456.15713367962536,0.0
2.023,9.285374273347914,-2.7711654577331353,-0.7543710401557799,0.0,28.42400214308648,26.59361988075036,470.9487780572258,456.15713367962536,0.0
2.024,8.467318393961792,-2.883785182216894,-1.747897983753317,0.0,28.530468632319383,25.75338175857035,476.2207876110439,456.15713367962536,0.0
2.025,7.572125169681634,-2.882861490664989,-4.5845392999765355,0.0,28.541036857095477,24.796009518060014,478.6354540235905,456.15713367962536,0.0
2.0260000000000002,6.6145791265303915,-2.785758832236633,-6.0166557096895055,0.0,28.44413897983131,23.902643064675942,476.8470033210337,456.15713367962536,0.0
2.027,5.717906024989065,-2.6129517003020224,-5.32932905482518,0.0,28.249556487026627,23.267909145774112,472.53408497398175,456.15713367962536,0.0
2.028,5.0196835819027745,-2.429214526629308,-3.336639394242771,0.0,27.992475833827587,22.957350703321495,466.2121430275713,456.15713367962536,0.0
2.029,4.592742634198891,-2.2812156163085597,-0.27621851451700596,0.0,27.715604893304626,23.00884071977481,459.32570235850307,456.15713367962536,0.0
2.0300000000000002,4.479215245843676,-2.184307258523594,3.1353161332283346,0.0,27.46239011822614,23.380377846227265,451.87434052360607,456.15713367962536,0.0
2.031,4.657236908067304,-2.144587818396604,6.903824982237028,0.0,27.268250478464644,24.049142752711976,446.27933410963936,456.15713367962536,0.0
2.032,5.115475627205798,-2.1318205226396367,9.800106184920239,0.0,27.15939408519578,24.863897005894135,448.76901247563285,456.15713367962536,0.0
2.033,5.74122226730082,-2.150133885274152,8.629148213963422,0.0,27.14504089941937,25.364272262380034,438.99334955660356,456.15713367962536,0.0
2.0340000000000003,6.275269495172612,-2.0977652782859706,10.0,0.0,27.17621687747416,25.923190222148364,425.0945125323924,456.15713367962536,0.0
2.035,6.885034922806631,-1.9249452001636356,10.0,0.0,27.241680531176712,26.353891741123935,424.85575712550894,456.15713367962536,0.0
2.036,7.443600542753812,-1.7377200733786746,10.0,0.0,27.32480140824145,26.692724909654356,407.1242850239012,456.15713367962536,0.0
2.037,7.989113670818666,-1.4913496771090777,10.0,0.0,27.408265022130948,26.951566061150547,404.15386984883884,456.15713367962536,0.0
2.0380000000000003,8.515489284393212,-1.2205539817404616,10.0,0.0,27.481942567253267,27.140423272673516,385.89057240399126,456.15713367962536,0.0
2.039,9.03472434727894,-0.9270696831452643,10.0,0.0,27.537562763123866,27.26591041677475,374.7523824071157,456.15713367962536,0.0
2.04,9.519591349587223,-0.6713168530560605,10.0,0.0,27.574971685493665,27.33626784642785,395.5261425185801,456.15713367962536,0.0
2.041,9.762923449508095,-0.7875497315816071,10.0,0.0,27.631018603530503,27.381412564384416,402.75800682773087,456.15713367962536,0.0
2.0420000000000003,9.805282208271962,-1.140916122392138,10.0,0.0,27.723683275763214,27.425421359884187,423.0931314303682,456.15713367962536,0.0
2.043,9.75020530085768,-1.5627289902978658,10.0,0.0,27.854348111884168,27.48077779046047,431.9503665987584,456.15713367962536,0.0
2.044,9.647506576267864,-1.967847368264299,10.0,0.0,28.017827000347886,27.554411152221945,455.19761153022927,456.15713367962536,0.0
2.045,9.472458068472864,-2.4027661857996914,6.341972990283926,0.0,28.216111222290603,27.252874444196433,461.48197204409723,456.15713367962536,0.0
2.0460000000000003,9.059209638796514,-2.7282285478747457,3.1465443497052252,0.0,28.39586502288942,26.7301097909877,471.9720477363746,456.15713367962536,0.0
2.047,8.44704016635622,-2.9171215323465622,-2.2566426370009385,0.0,28.52289058277862,25.778406858699498,478.5077659661798,456.15713367962536,0.0
2.048,7.554760356574115,-2.9284019322675823,-5.748008074769103,0.0,28.54139520759667,24.696587531693226,478.89334849925524,456.15713367962536,0.0
2.049,6.541159849053644,-2.791180993831053,-6.168161489503112,0.0,28.43466033000507,23.81607063635576,476.560849923131,456.15713367962536,0.0
2.05,5.637070222256753,-2.597864459773841,-5.20594936387605,0.0,28.23065464127695,23.21229066463165,471.93059757648615,456.15713367962536,0.0
2.051,4.954676658331437,-2.4123152784639137,-3.048557829522232,0.0,27.968194279645708,22.942201464493607,465.3201983212211,456.15713367962536,0.0
2.052,4.560051996644233,-2.2650531198223103,0.1650111516943431,0.0,27.690627688526313,23.041378597942856,458.55015032218057,456.15713367962536,0.0
2.053,4.48448128487561,-2.1760438170466228,3.5261049847890487,0.0,27.442417068144866,23.44483252244118,450.87929254608383,456.15713367962536,0.0
2.054,4.694401094300133,-2.141611749400726,7.4143122841728335,0.0,27.25647546783811,24.153364970898416,446.68953800599564,456.15713367962536,0.0
2.055,5.1864459515533134,-2.133239322017616,9.603865510953224,0.0,27.15940462607208,24.922393060227648,449.18774197878395,456.15713367962536,0.0
2.056,5.801129577997906,-2.142432863142869,8.424457441567487,0.0,27.15003869121318,25.390486086210743,436.5754526415831,456.15713367962536,0.0
2.057,6.322980941759505,-2.0705937186849157,10.0,0.0,27.180424411136848,25.944680164481742,424.75354045800225,456.15713367962536,0.0
2.058,6.932627878796454,-1.8858118400393786,10.0,0.0,27.243583351688812,26.36889533189724,423.605181340017,456.15713367962536,0.0
2.059,7.484557151455806,-1.706567041717829,10.0,0.0,27.324978805898226,26.702389126004217,405.348682830323,456.15713367962536,0.0
2.06,8.03874228859829,-1.4478824134079438,10.0,0.0,27.404921232966522,26.955232013762362,401.4066374532697,456.15713367962536,0.0
2.061,8.557152201872613,-1.1927302803008357,10.0,0.0,27.476673817745116,27.139301616362772,385.87881600493574,456.15713367962536,0.0
2.062,9.08599859172691,-0.8867876575491807,10.0,0.0,27.528555937134286,27.259150513429777,372.9996187300938,456.15713367962536,0.0
2.063,9.573743181528398,-0.6277252180437639,10.0,0.0,27.561797292173157,27.323839291749376,395.7953110171417,456.15713367962536,0.0
2.064,9.752765800359825,-0.8438082981279433,10.0,0.0,27.62454315274441,27.370568285567458,405.87329664492285,456.15713367962536,0.0
2.065,9.804652248411342,-1.173686971109681,10.0,0.0,27.7198131498675,27.414981682963493,420.1518313210359,456.15713367962536,0.0
2.066,9.735144537419238,-1.6093108919920647,10.0,0.0,27.854617331585125,27.4726454530219,434.7518194757356,456.15713367962536,0.0
2.067,9.629644872819842,-2.009370435699968,10.0,0.0,28.021357782735876,27.54893315024223,454.5201617005228,456.15713367962536,0.0
2.068,9.440285019053766,-2.4594940534569862,6.690062612184276,0.0,28.224565961009777,27.289947597464142,463.10927403161355,456.15713367962536,0.0
2.069,9.05125821831518,-2.77502718100778,2.3259850431190214,0.0,28.41176217403151,26.671131608615834,473.8388931808088,456.15713367962536,0.0
2.07,8.387607088034672,-2.9487552416062046,-3.215642126490428,0.0,28.534311922256542,25.636089983311592,478.20821816924143,456.15713367962536,0.0
2.071,7.442866770977561,-2.920431786499978,-5.620815465602916,0.0,28.536249672460983,24.60493962332749,478.77259464804644,456.15713367962536,0.0
2.072,6.440975744161525,-2.7755550683105206,-6.129158314689627,0.0,28.41922540719678,23.74599270413302,476.36170692603565,456.15713367962536,0.0
2.073,5.556304837004751,-2.580072199576195,-5.125760186148337,0.0,28.207954528160684,23.16399016248107,471.3209375799225,456.15713367962536,0.0
2.074,4.8971158342136825,-2.392896604848736,-2.757013552094726,0.0,27.94097599613032,22.933253016786626,464.6446400282125,456.15713367962536,0.0
2.075,4.533796451101869,-2.2510673535853174,0.49626016027439235,0.0,27.663892141041853,23.066437616593063,457.74272305344226,456.15713367962536,0.0
2.076,4.489911524172456,-2.1669491843118918,3.931362753921345,0.0,27.420000425335427,23.50511806721859,450.17178511519086,456.15713367962536,0.0
2.077,4.732127187231913,-2.1361314699953975,7.776685208691393,0.0,27.241817159380123,24.237093173093335,446.9349400502226,456.15713367962536,0.0
2.078,5.247907467001221,-2.1320681869798337,9.487329677469537,0.0,27.154510946619265,24.973456434658935,449.61370344964735,456.15713367962536,0.0
2.079,5.85632209601229,-2.1328953239574666,8.213382280056955,0.0,27.149703299188754,25.408444283995195,434.55617968771935,456.15713367962536,0.0
2.08,6.365917085853841,-2.0440520080190345,10.0,0.0,27.179094165311913,25.95874870423018,424.4346219135199,456.15713367962536,0.0
2.081,6.974877349299643,-1.8498742323694528,10.0,0.0,27.24010526468419,26.37720591277394,421.8702681094268,456.15713367962536,0.0
2.082,7.522392401952767,-1.6759191883628222,10.0,0.0,27.319667697889393,26.705781457243155,404.383260917985,456.15713367962536,0.0
2.083,8.084166208732306,-1.4069436838998328,10.0,0.0,27.396283687170104,26.953135722366742,398.82575714960365,456.15713367962536,0.0
2.084,8.597466207552067,-1.1627645973322784,10.0,0.0,27.46580355955733,27.13257089810368,385.6301312567775,456.15713367962536,0.0
2.085,9.13134772044672,-0.8516511643206086,10.0,0.0,27.514534275513903,27.247420577075427,379.3955427055696,456.15713367962536,0.0
2.086,9.605868729862316,-0.6168227853764501,10.0,0.0,27.547156900418265,27.30879986383888,392.1211406107155,456.15713367962536,0.0
2.087,9.75615022904048,-0.8723264093893865,10.0,0.0,27.613108873939392,27.355517729600997,408.98011334342164,456.15713367962536,0.0
2.088,9.796085106795832,-1.2140861512581882,10.0,0.0,27.712175972050062,27.4012689845777,420.1641685062179,456.15713367962536,0.0
2.089,9.72015280415191,-1.6514725989555603,10.0,0.0,27.850606397675346,27.46110372593618,437.0716417460054,456.15713367962536,0.0
2.09,9.61008867510493,-2.0499807794946756,10.0,0.0,28.020639290256305,27.540145766890085,455.0085980597447,456.15713367962536,0.0
2.091,9.413562137894548,-2.5034518966500765,6.442689132512249,0.0,28.227469838756235,27.257499975385695,464.2828437416624,456.15713367962536,0.0
2.092,9.008931233603457,-2.808304472428254,1.7243091909330248,0.0,28.414351825419793,26.58289726708282,474.6261393440373,456.15713367962536,0.0
2.093,8.310936829590906,-2.9613147648956906,-3.6320286668985418,0.0,28.528867949000325,25.525162738729385,478.2778912537763,456.15713367962536,0.0
2.094,7.345447678989904,-2.9150337649856075,-5.679112197509554,0.0,28.519537994472696,24.51226132830643,478.52616752243006,456.15713367962536,0.0
2.095,6.350225828776136,-2.761832636641209,-6.026940670264472,0.0,28.393461580236753,23.681746278793586,475.9854198836348,456.15713367962536,0.0
2.096,5.486564044431136,-2.5651068298751047,-4.954849712906933,0.0,28.176833475012273,23.128133960621117,470.6863836204421,456.15713367962536,0.0
2.097,4.852687243941636,-2.3800732927196675,-2.4506240807187485,0.0,27.908120517473574,22.93405380392097,463.9269145267599,456.15713367962536,0.0
2.098,4.520460247274511,-2.2422002695239356,0.8514126576509984,0.0,27.63355514283875,23.10089835366425,457.0310335691956,456.15713367962536,0.0
2.099,4.50612923455072,-2.164017245511394,4.290614137537455,0.0,27.395909358232316,23.56714784780648,449.4351081843783,456.15713367962536,0.0
2.1,4.7744430577750165,-2.136922839053936,8.155797084898571,0.0,27.226454547030542,24.324128092802784,446.88566969332567,456.15713367962536,0.0
2.101,5.313008758043742,-2.1357650081339616,9.523230970287882,0.0,27.14978682411197,25.04367164130118,449.22977263971154,456.15713367962536,0.0
2.102,5.920284864360289,-2.133700371242545,8.420453107494083,0.0,27.152524696586234,25.48719944420454,433.2896301186891,456.15713367962536,0.0
2.103,6.44037326500786,-2.0351304764754445,10.0,0.0,27.188519520047926,26.0202892278605,424.40041860140377,456.15713367962536,0.0
2.104,7.045569804113342,-1.8335235167232198,10.0,0.0,27.25303277290399,26.426503311276857,420.26963698850085,456.15713367962536,0.0
2.105,7.585316630649035,-1.658687065496832,10.0,0.0,27.334500168778693,26.745227126109313,403.92742342442676,456.15713367962536,0.0
2.106,8.148081114674993,-1.378090535036614,10.0,0.0,27.41057595271081,26.983718674068484,396.4066756636378,456.15713367962536,0.0
2.107,8.655003185334817,-1.137271948209651,10.0,0.0,27.47920923379928,27.15583486269264,385.6861990085084,456.15713367962536,0.0
2.108,9.188481207661901,-0.8227190118564534,10.0,0.0,27.52599816851072,27.263989398813834,383.350825405226,456.15713367962536,0.0
2.109,9.624698186935849,-0.6499760313357381,10.0,0.0,27.56306746486941,27.323358287297197,395.0044998705081,456.15713367962536,0.0
2.11,9.78081180680934,-0.8840087499104676,10.0,0.0,27.629837749288974,27.367686888174745,407.49987121856344,456.15713367962536,0.0
2.111,9.780384550042593,-1.2824978260392674,10.0,0.0,27.735857336542765,27.415867791849582,424.2118345787851,456.15713367962536,0.0
2.112,9.72742434544569,-1.6702587824832351,10.0,0.0,27.874761869886207,27.4756539138203,439.39970680545133,456.15713367962536,0.0
2.113,9.578047389208733,-2.125719455954361,10.0,0.0,28.051977626609766,27.55925374006839,452.76871161327097,456.15713367962536,0.0
2.114,9.405293804187284,-2.5290627243440684,7.598391019268895,0.0,28.25964494307393,27.405547296273586,472.38791350477743,456.15713367962536,0.0
2.115,9.042284884737247,-2.887538776719553,-2.3735177247358576,0.0,28.46657381658961,26.25328780176076,473.93845363775364,456.15713367962536,0.0
2.116,8.129700116076243,-2.9261762527480903,-3.326600990805245,0.0,28.538249215141818,25.328581307581413,477.40193373832085,456.15713367962536,0.0
2.117,7.167117499212925,-2.863005594720164,-5.270789041675805,0.0,28.502951277277514,24.395941389908508,478.1184478772531,456.15713367962536,0.0
2.118,6.218438515530257,-2.7240978579242467,-5.8486592531182175,0.0,28.36327099696509,23.603640689502964,475.42134812712203,456.15713367962536,0.0
2.119,5.396390482348233,-2.538011569790568,-4.69275152252764,0.0,28.139248260316585,23.090469077399312,469.97449699622234,456.15713367962536,0.0
2.12,4.802134595948247,-2.3623687490928003,-2.1074995902437657,0.0,27.868850788727162,22.936178655258676,463.1671347088634,456.15713367962536,0.0
2.121,4.507618764615826,-2.2322768689334724,1.2260815431433318,0.0,27.597510343472067,23.13757311610547,456.2441453923602,456.15713367962536,0.0
2.122,4.525599706112195,-2.1615656960349745,4.6867060842675645,0.0,27.366966078609913,23.63410391265394,448.75734524960654,456.15713367962536,0.0
2.123,4.823868148502358,-2.1364663160721467,8.504104039944593,0.0,27.207075499821908,24.410605013526638,446.9796815167743,456.15713367962536,0.0
2.124,5.381858684463523,-2.1393711663095485,9.48471042798923,0.0,27.141394616325698,25.104763395029565,448.72072485970796,456.15713367962536,0.0
2.125,5.981263617447129,-2.1353302278767874,8.68855284472157,0.0,27.15122410759944,25.565199814724114,431.7908364588472,456.15713367962536,0.0
2.126,6.516422626815745,-2.0249415865628393,10.0,0.0,27.194011950555062,26.079922862789175,424.93781507914724,456.15713367962536,0.0
2.1270000000000002,7.1166023420887035,-1.8185605986640865,10.0,0.0,27.262395291765888,26.473669740204155,417.935781189716,456.15713367962536,0.0
2.128,7.6499772600483364,-1.640495129535513,10.0,0.0,27.345791594871976,26.7822108201759,403.79390792143244,456.15713367962536,0.0
2.129,8.212845375258686,-1.349240371725164,10.0,0.0,27.421445006996795,27.011655678967536,393.6358337686854,456.15713367962536,0.0
2.13,8.714627143196362,-1.1092871221666663,10.0,0.0,27.488995253914943,27.17615407977144,385.9696188978657,456.15713367962536,0.0
2.1310000000000002,9.245182035476407,-0.7949546677538077,10.0,0.0,27.534063278731843,27.277614444715354,379.78954738821665,456.15713367962536,0.0
2.132,9.653584514683056,-0.6652892033772986,10.0,0.0,27.57365066102416,27.33381685185663,400.5603270399256,456.15713367962536,0.0
2.133,9.776316886364068,-0.9441939836461682,10.0,0.0,27.646875726274715,27.37894122042016,409.4494257430398,456.15713367962536,0.0
2.134,9.791782140360796,-1.303762399599957,10.0,0.0,27.75405419980879,27.42640180442957,426.2159889044119,456.15713367962536,0.0
2.1350000000000002,9.700264745834007,-1.7461208531970671,10.0,0.0,27.900324630126537,27.49005574332936,439.260639832772,456.15713367962536,0.0
2.136,9.575136734146596,-2.1499482073044236,10.0,0.0,28.078330835718344,27.57482023871129,460.96727937648006,456.15713367962536,0.0
2.137,9.375202641117157,-2.5892523590026224,3.4281051205495388,0.0,28.29129805343488,26.96674193849102,465.77534761171813,456.15713367962536,0.0
2.138,8.796856043659336,-2.8196216029625574,0.927888863609577,0.0,28.443108294676342,26.293082135385617,474.466913913217,456.15713367962536,0.0
2.1390000000000002,8.053319233030518,-2.9260078754365644,-3.6009920894757794,0.0,28.521770329015666,25.3048001776395,478.6905862939392,456.15713367962536,0.0
2.14,7.112602729065509,-2.878049792216881,-5.9381628059800065,0.0,28.48739871226755,24.307456097147174,478.0509858976416,456.15713367962536,0.0
2.141,6.144225599258464,-2.7192440996712177,-5.837301130011387,0.0,28.33974080379717,23.537990073789977,474.9313279232773,456.15713367962536,0.0
2.142,5.331918578366655,-2.524163751120116,-4.465214085265749,0.0,28.110031302422957,23.060295821083834,469.33203934364815,456.15713367962536,0.0
2.1430000000000002,4.762253566495531,-2.3499298805744973,-1.7973188520913963,0.0,27.838308403641037,22.94168772980951,462.46055768363306,456.15713367962536,0.0
2.144,4.498075776529081,-2.223319134099846,1.5753877378760732,0.0,27.569712142203116,23.175449837126692,455.4881644084161,456.15713367962536,0.0
2.145,4.544935175869229,-2.157794460242193,5.0682740681966525,0.0,27.34541011098113,23.701670226176887,448.11196192446477,456.15713367962536,0.0
2.146,4.871254212549481,-2.1348868700110843,8.836827027723917,0.0,27.194295733599503,24.497023835403226,447.26691517502644,456.15713367962536,0.0
2.1470000000000002,5.447887779510689,-2.1419746805014785,9.34825258748907,0.0,27.138836889934932,25.156135425948737,447.8062869037683,456.15713367962536,0.0
2.148,6.035385632160337,-2.1330156922198773,9.162075190876713,0.0,27.153778722875483,25.659337775726375,430.6224626561955,456.15713367962536,0.0
2.149,6.5972077727307665,-2.015693796188331,10.0,0.0,27.204730788819084,26.151822119853737,425.63486167952465,456.15713367962536,0.0
2.15,7.1916437354342095,-1.8096082934269804,10.0,0.0,27.27833989623764,26.53200425357982,415.49755129506536,456.15713367962536,0.0
2.1510000000000002,7.721496058655038,-1.6232758411518375,10.0,0.0,27.36417059156429,26.829189688747885,404.0726719042704,456.15713367962536,0.0
2.152,8.282122234769773,-1.32331804951163,10.0,0.0,27.44000472831741,27.048869293791398,391.2183708740429,456.15713367962536,0.0
2.153,8.780099442161942,-1.0804085698273718,10.0,0.0,27.506502947050702,27.204993120953883,386.0568694343789,456.15713367962536,0.0
2.154,9.303946403803414,-0.7711986931145542,10.0,0.0,27.550379734985352,27.299510993566813,383.00201247610926,456.15713367962536,0.0
2.1550000000000002,9.696268807564712,-0.6627714559885045,10.0,0.0,27.590485734071088,27.351047762914575,397.4625063135458,456.15713367962536,0.0
2.156,9.784246901940499,-0.986216319069066,10.0,0.0,27.668398017493146,27.395687088892423,413.48686541206274,456.15713367962536,0.0
2.157,9.793253957704257,-1.345349474756615,10.0,0.0,27.77925320366562,27.443542715424428,426.1501916743429,456.15713367962536,0.0
2.158,9.692848965130683,-1.791104742274348,10.0,0.0,27.92925018174411,27.508832917661213,441.54354717565514,456.15713367962536,0.0
2.1590000000000003,9.562780477556743,-2.192314926826155,10.0,0.0,28.11045204986395,27.595897281189576,462.03586016346446,456.15713367962536,0.0
2.16,9.353092308144358,-2.638046642100425,2.8965585275978807,0.0,28.3272585543593,26.93276184697246,467.1954627667091,456.15713367962536,0.0
2.161,8.744569602216401,-2.8482195813568225,0.20637393510471735,0.0,28.47473257114886,26.19757533213433,475.4988756750563,456.15713367962536,0.0
2.162,7.959313260591741,-2.930104520895732,-4.138749939023184,0.0,28.540846148732363,25.179886060749247,478.85707241718444,456.15713367962536,0.0
2.1630000000000003,6.9939654630092996,-2.860597424182947,-6.0448476974628464,0.0,28.490114811385233,24.202693253891777,477.8628516958449,456.15713367962536,0.0
2.164,6.033625754578673,-2.6929059499164905,-5.764794516955263,0.0,28.32898633588487,23.463997311377113,474.4122458135251,456.15713367962536,0.0
2.165,5.245193329789996,-2.498099024669968,-4.222042697134364,0.0,28.090349266648627,23.027084453581548,468.67608295053583,456.15713367962536,0.0
2.166,4.7093349161022475,-2.3297743489897207,-1.4791507583488386,0.0,27.815316973484094,22.947349870967887,461.717139900712,456.15713367962536,0.0
2.1670000000000003,4.481507488955447,-2.208705718930685,1.9447207043521963,0.0,27.54818014882494,23.21698489165765,454.6826031249058,456.15713367962536,0.0
2.168,4.561837177902099,-2.1498542431826397,5.476734397802493,0.0,27.329457532668997,23.776110979409456,447.55584406247175,456.15713367962536,0.0
2.169,4.920305997272272,-2.129745615982502,9.126126825191067,0.0,27.186896352669287,24.584936953607468,447.5131460846882,456.15713367962536,0.0
2.17,5.513849526071302,-2.1416358385529266,9.233915690032227,0.0,27.140982898844104,25.21228196327016,446.09825644584424,456.15713367962536,0.0
2.1710000000000003,6.091998018854508,-2.127122255485613,10.0,0.0,27.160679895004595,25.797831613113956,429.5491105482129,456.15713367962536,0.0
2.172,6.700220673612099,-2.012467410624974,10.0,0.0,27.224495259429425,26.25801214739423,426.33415737797253,456.15713367962536,0.0
2.173,7.28915938996817,-1.8088301734540186,10.0,0.0,27.306693593199597,26.61985513243737,412.9332057741455,456.15713367962536,0.0
2.174,7.817654560715876,-1.6052470373262344,10.0,0.0,27.396498619494725,26.901488570734536,404.69922016304065,456.15713367962536,0.0
2.1750000000000003,8.368554127970064,-1.3019198754610422,10.0,0.0,27.47415633054615,27.10862516714101,389.37134314091793,456.15713367962536,0.0
2.176,8.864217922284393,-1.048244705396126,10.0,0.0,27.5398909330446,27.253799853309932,385.17669374230707,456.15713367962536,0.0
2.177,9.375206796469229,-0.7501083235615282,10.0,0.0,27.58331129360895,27.339778392894633,389.98221004755845,456.15713367962536,0.0
2.178,9.728181530370597,-0.6986022138027561,10.0,0.0,27.628303163820195,27.387783782589988,398.50782585961946,456.15713367962536,0.0
2.179,9.80824031072758,-1.0185349203247425,10.0,0.0,27.709304044794862,27.430211101836676,418.71370661563225,456.15713367962536,0.0
2.18,9.782658481791167,-1.4217261304206064,10.0,0.0,27.827599275642076,27.480110366242744,427.24439091579524,456.15713367962536,0.0
2.181,9.69770984238891,-1.8274225367514552,10.0,0.0,27.97964960244059,27.545937759337807,450.1212646860215,456.15713367962536,0.0
2.182,9.538370239044482,-2.2655623689242406,8.914513718177526,0.0,28.167216053344458,27.517661824776606,458.23758489742676,456.15713367962536,0.0
2.183,9.277667948746279,-2.6597074470713395,4.835549100296885,0.0,28.37217282597627,27.100222739512624,470.393280617295,456.15713367962536,0.0
2.184,8.764347025729137,-2.9162535640505114,-1.384660229013921,0.0,28.539168634904755,26.155448138621747,478.0211993602354,456.15713367962536,0.0
2.185,7.902074601611183,-2.962346179207198,-5.41726025729024,0.0,28.597492129348748,25.030183426318338,479.5369392370964,456.15713367962536,0.0
2.186,6.862635555202472,-2.842501950404308,-6.408928251295454,0.0,28.523813011798104,24.060235626495622,477.8204015988422,456.15713367962536,0.0
2.187,5.888284730197854,-2.6520703111197346,-5.767292111360503,0.0,28.340757987986976,23.35719555051942,473.92386175048296,456.15713367962536,0.0
2.188,5.121670072065026,-2.4527653205846858,-3.9966894678894667,0.0,28.08568522639334,22.96908801328677,467.85263331151975,456.15713367962536,0.0
2.189,4.625317146473459,-2.291228435914239,-1.0780302447268086,0.0,27.801532979827407,22.944563116964936,460.8385659451615,456.15713367962536,0.0
2.19,4.446152362147387,-2.1801781129023947,2.3821891157969466,0.0,27.532743301601275,23.260257620064642,453.6886209522468,456.15713367962536,0.0
2.191,4.571017298282978,-2.131959732039207,5.9818467395280805,0.0,27.318208522842895,23.863337059218768,447.0056215547902,456.15713367962536,0.0
2.192,4.972848265175417,-2.117316800025331,9.414861559504747,0.0,27.184306627162876,24.68333737354495,447.8504538771643,456.15713367962536,0.0
2.193,5.586705861479529,-2.1347287819199128,9.075512196342313,0.0,27.147856699812017,25.27278286279836,443.44499812848335,456.15713367962536,0.0
2.194,6.154833300127462,-2.1131851315211017,10.0,0.0,27.171452392758777,25.84837052013707,426.8750749277849,456.15713367962536,0.0
2.195,6.768162361755027,-1.9768083654306376,10.0,0.0,27.235461274378757,26.297729180607465,426.12881012398,456.15713367962536,0.0
2.196,7.348860015119933,-1.7778714046167474,10.0,0.0,27.31748583585517,26.65080941193896,410.232369414647,456.15713367962536,0.0
2.197,7.885278600397317,-1.5577149327205329,10.0,0.0,27.404388122016645,26.923585008438067,404.79836148238206,456.15713367962536,0.0
2.198,8.427769001087965,-1.2665659014482358,10.0,0.0,27.480052910490894,27.12346351568023,387.2581283802599,456.15713367962536,0.0
2.199,8.932792521375646,-0.9980888812818243,10.0,0.0,27.54151808893634,27.260792967820855,383.12840230202954,456.15713367962536,0.0
2.2,9.429992686399713,-0.7234151753939291,10.0,0.0,27.5830403573053,27.34089420964218,387.01036883813737,456.15713367962536,0.0
2.201,9.73967281592194,-0.7409990978374666,10.0,0.0,27.633101491547166,27.388044741521085,403.41276082233077,456.15713367962536,0.0
2.202,9.798884255918477,-1.0847157176221494,10.0,0.0,27.72050455450463,27.432069876531884,416.373114162425,456.15713367962536,0.0
2.203,9.786505696625214,-1.4516851987599364,10.0,0.0,27.840499301394715,27.482386560259567,431.8793227266977,456.15713367962536,0.0
2.204,9.666860998475778,-1.903908736775277,10.0,0.0,27.99960113633888,27.552708181507,445.47161683435485,456.15713367962536,0.0
2.205,9.520228729777637,-2.308836627142111,10.0,0.0,28.189844782473575,27.646840926699408,468.1157311234571,456.15713367962536,0.0
2.206,9.30512049650777,-2.7396801470655583,-0.17473124215147173,0.0,28.413820846801954,26.653559908322084,470.2122499238715,456.15713367962536,0.0
2.207,8.519964687331836,-2.870188400124662,-1.3635418048011338,0.0,28.526118675497017,25.83719880542203,476.02764271240585,456.15713367962536,0.0
2.208,7.646335769343878,-2.8855688162901325,-4.469943289396102,0.0,28.545937374280186,24.87213516088947,478.69103493449717,456.15713367962536,0.0
2.209,6.689136977099978,-2.7966488598502233,-6.026978412990479,0.0,28.45733283936174,23.961905479905987,477.07215002109575,456.15713367962536,0.0
2.21,5.780445224538672,-2.6265992698830636,-5.426686119704474,0.0,28.268749534504806,23.305824921885726,472.901046420681,456.15713367962536,0.0
2.211,5.063753102147952,-2.442413896372897,-3.508573446907647,0.0,28.014856609145077,22.971232776193943,466.7314439914321,456.15713367962536,0.0
2.212,4.615508473022318,-2.2914568119693977,-0.5295153354012809,0.0,27.73813033620287,22.995365806053023,459.9011240789132,456.15713367962536,0.0
2.213,4.4784250379985275,-2.1902971395315913,2.8482047168652995,0.0,27.481872000416658,23.34176826182758,452.5942405827829,456.15713367962536,0.0
2.214,4.633980549822504,-2.1463220951489346,6.537275395898872,0.0,27.28205408562883,23.98144327196623,446.4675335224567,456.15713367962536,0.0
2.215,5.067397441094688,-2.130966221516416,9.697524927633673,0.0,27.164936067677882,24.801785428391014,448.50761730629296,456.15713367962536,0.0
2.216,5.6894993841249635,-2.1474219960634517,8.753978199448856,0.0,27.143527761101005,25.328891887139935,440.7866292308434,456.15713367962536,0.0
2.217,6.230931564998377,-2.1075545642612354,10.0,0.0,27.17242095581301,25.894308214232986,425.4526625200235,456.15713367962536,0.0
2.218,6.841414463954765,-1.946387180013382,10.0,0.0,27.237636725813868,26.33187321300595,426.40003039611054,456.15713367962536,0.0
2.219,7.409479435434031,-1.7510883427714203,10.0,0.0,27.3202162204378,26.67582097102855,407.6808371258639,456.15713367962536,0.0
2.22,7.947875054624964,-1.5194817855437637,10.0,0.0,27.405408808478974,26.940089034315065,404.314702266569,456.15713367962536,0.0
2.221,8.481045993115234,-1.2395074656303162,10.0,0.0,27.480027834426483,27.133184703035027,386.33617126965885,456.15713367962536,0.0
2.222,8.996036345048264,-0.9532115926635822,10.0,0.0,27.53780172182403,27.263115478150013,377.2123764453099,456.15713367962536,0.0
2.223,9.482272468067464,-0.6955273608156771,10.0,0.0,27.577308991219716,27.337494494480477,391.7905345773996,456.15713367962536,0.0
2.224,9.760362326931762,-0.7588879925924128,10.0,0.0,27.6298499471228,27.382658812872585,401.85578408598764,456.15713367962536,0.0
2.225,9.802579876029691,-1.1191065649638756,10.0,0.0,27.720643675917874,27.426697763203656,417.89483468470416,456.15713367962536,0.0
2.226,9.773119130960497,-1.5038302451416254,10.0,0.0,27.845479345962396,27.47907504882972,433.71881993651635,456.15713367962536,0.0
2.227,9.64770782139383,-1.9551187995548474,10.0,0.0,28.00886368174875,27.552198809499266,447.08699497786245,456.15713367962536,0.0
2.228,9.494440058320786,-2.3604980385166963,10.0,0.0,28.203300790765084,27.649953968522873,469.708733113761,456.15713367962536,0.0
2.229,9.277145890223819,-2.7843405436525503,-0.9824310900497917,0.0,28.43063858795748,26.57167958350021,471.6085913070119,456.15713367962536,0.0
2.23,8.443765827487455,-2.893016562677563,-2.08687476294911,0.0,28.53513110396974,25.701800788800647,476.2307982455591,456.15713367962536,0.0
2.231,7.530177323510275,-2.880158185637958,-4.598714877882023,0.0,28.539685307246238,24.756262084068766,478.56045417836276,456.15713367962536,0.0
2.232,6.5743723142805885,-2.7788946036252833,-5.987576049271242,0.0,28.4382198094709,23.87407900840974,476.7688982547453,456.15713367962536,0.0
2.233,5.685989302940777,-2.6051130615843068,-5.297915733213708,0.0,28.240579220102802,23.247883018174377,472.33133362944824,456.15713367962536,0.0
2.234,4.996086039423428,-2.422523180249265,-3.240875420063409,0.0,27.981736019121534,22.950925928185207,465.9047892820522,456.15713367962536,0.0
2.235,4.580979893216013,-2.27562823024742,-0.12507980238966088,0.0,27.704748883552625,23.01870998535708,459.0338042834282,456.15713367962536,0.0
2.236,4.480818122184685,-2.181515865207858,3.281645990884316,0.0,27.453355456603457,23.402465537689658,451.5008198845124,456.15713367962536,0.0
2.237,4.670447195661924,-2.144002428168159,7.094701328293345,0.0,27.2622915731585,24.0862142054835,446.41815522524945,456.15713367962536,0.0
2.238,5.141277547502769,-2.13285277942503,9.733423442468577,0.0,27.157857617846062,24.884715449370912,448.8071184588685,456.15713367962536,0.0
2.239,5.7626701791138375,-2.1487740992063635,8.61244197786662,0.0,27.145580024117002,25.379583105131584,438.0173112264825,456.15713367962536,0.0
2.24,6.295773970014135,-2.089774047814711,10.0,0.0,27.177367736486016,25.93514994234104,424.9323998426502,456.15713367962536,0.0
2.241,6.905408990676094,-1.9125702172493404,10.0,0.0,27.2426309404908,26.36273447248131,424.44043047015884,456.15713367962536,0.0
2.242,7.460548969617715,-1.728546581426495,10.0,0.0,27.325655715474277,26.69911782253107,406.5779901251547,456.15713367962536,0.0
2.243,8.008744863942034,-1.477060645386671,10.0,0.0,27.408193131358217,26.955415166487942,403.129125709083,456.15713367962536,0.0
2.244,8.53075491295615,-1.2131955720613776,10.0,0.0,27.481596241344068,27.142397371189215,386.0702122044661,456.15713367962536,0.0
2.245,9.054866827403455,-0.9120694532523372,10.0,0.0,27.53587203846573,27.26558945631988,373.63567984477413,456.15713367962536,0.0
2.246,9.540530483755973,-0.6547643611269747,10.0,0.0,27.571747165442588,27.33370802959535,396.7309642479527,456.15713367962536,0.0
2.247,9.760551286609873,-0.8071359300253418,10.0,0.0,27.63018056054937,27.379256606490543,403.58606952058943,456.15713367962536,0.0
2.248,9.806194362021802,-1.1519922096080757,10.0,0.0,27.723735948900135,27.423273134940132,421.0439210822887,456.15713367962536,0.0
2.249,9.74427439205919,-1.5815553030478098,10.0,0.0,27.85614082874331,27.47951117682983,433.6328129377098,456.15713367962536,0.0
2.25,9.642395334949349,-1.9817221591953684,10.0,0.0,28.020651748032964,27.553953399097338,453.8861649946201,456.15713367962536,0.0
2.251,9.457972497701451,-2.4294497167027673,7.012303407177876,0.0,28.221404160384765,27.32802358738281,462.3592723744547,456.15713367962536,0.0
2.2520000000000002,9.088260237367999,-2.7554285695688128,2.7137283303122954,0.0,28.410868748570106,26.740619825812104,473.4317891992929,456.15713367962536,0.0
2.253,8.44684296254662,-2.9434990544080084,-2.9952766373034816,0.0,28.540074466583498,25.712756881174958,478.1673134828353,456.15713367962536,0.0
2.254,7.511777029392807,-2.9249012335154996,-5.58314057710679,0.0,28.54964685318527,24.669468898999355,478.9415520868094,456.15713367962536,0.0
2.255,6.504008934225395,-2.784678134520706,-6.1981040631656725,0.0,28.438694640228803,23.79120344076992,476.6254614423343,456.15713367962536,0.0
2.2560000000000002,5.604555276358721,-2.589832766011218,-5.244742018555221,0.0,28.230980343198933,23.189550988249184,471.76727708610935,456.15713367962536,0.0
2.257,4.927837008909709,-2.401136974854621,-2.971751274507577,0.0,27.965064147277857,22.933232185517394,465.1600175929281,456.15713367962536,0.0
2.258,4.543313319633696,-2.2559595406426007,0.24184963295001172,0.0,27.686025130823953,23.04225025899241,458.2686612775404,456.15713367962536,0.0
2.259,4.478348658210869,-2.1680609824006543,3.6664125146647235,0.0,27.437574756298446,23.460329407252324,450.59163728810455,456.15713367962536,0.0
2.2600000000000002,4.701114020511164,-2.1354442038739356,7.560579473297851,0.0,27.25306847399595,24.18071450339893,446.761198301687,456.15713367962536,0.0
2.261,5.20431569802577,-2.1297018849351925,9.569758320286017,0.0,27.158745842240386,24.939553934379397,449.3808016185456,456.15713367962536,0.0
2.262,5.818892872596633,-2.136502051301135,8.327719982467507,0.0,27.15054485824806,25.39378968102869,435.8694849954484,456.15713367962536,0.0
2.263,6.3357409829650635,-2.0594747920957786,10.0,0.0,27.18004654714364,25.947445419525753,424.60161247156566,456.15713367962536,0.0
2.2640000000000002,6.9460258181556895,-1.8712450611126203,10.0,0.0,27.24202864318329,26.370000102120077,423.03720752737314,456.15713367962536,0.0
2.265,7.497103542811274,-1.6939663263386977,10.0,0.0,27.3224496343631,26.701981824698713,404.90634862464134,456.15713367962536,0.0
2.266,8.054362731997884,-1.4320313783134444,10.0,0.0,27.400986641747743,26.953019740573502,400.5402749584447,456.15713367962536,0.0
2.267,8.571296147229427,-1.1810153087129396,10.0,0.0,27.471781321805608,27.13551748181566,385.70077009850047,456.15713367962536,0.0
2.2680000000000002,9.102241887661263,-0.8732827458656467,10.0,0.0,27.522405886764712,27.253610219644216,375.01306290289835,456.15713367962536,0.0
2.269,9.58878440871481,-0.6172624871138737,10.0,0.0,27.554692366176525,27.316745920274247,394.1690244190818,456.15713367962536,0.0
2.27,9.75120571908387,-0.8581489773217652,10.0,0.0,27.619121484220557,27.363795779852392,407.2703695739708,456.15713367962536,0.0
2.271,9.802053745496774,-1.187152637034984,10.0,0.0,27.71559421408437,27.408614495475412,419.76940827876433,456.15713367962536,0.0
2.2720000000000002,9.728587834064772,-1.6260901286149816,10.0,0.0,27.851894630000768,27.46718834304414,436.0193745625653,456.15713367962536,0.0
2.273,9.622882130258585,-2.023063492410524,10.0,0.0,28.019700084184116,27.544427815752012,454.20742512927563,456.15713367962536,0.0
2.274,9.429747660110712,-2.476318471896299,6.8494043820627555,0.0,28.224337254325395,27.304346103312536,463.7097590698722,456.15713367962536,0.0
2.275,9.048968022655409,-2.7933181793264805,2.022711157862016,0.0,28.41483995423106,26.64926039606702,474.3905610242922,456.15713367962536,0.0
2.2760000000000002,8.368113139383969,-2.958826293754755,-3.5000240927946624,0.0,28.535819708934415,25.590585824991713,478.20077264036286,456.15713367962536,0.0
2.277,7.406576209810529,-2.9192973219132106,-5.625566290437367,0.0,28.532830763013056,24.570254910680507,478.6773202036247,456.15713367962536,0.0
2.278,6.406333521598151,-2.7700966467897032,-6.089041937308269,0.0,28.41209083570754,23.72234262043653,476.2568974300923,456.15713367962536,0.0
2.279,5.529307077147663,-2.5740984959017146,-5.079828188046749,0.0,28.19856588226173,23.14926631738132,471.1356792221187,456.15713367962536,0.0
2.2800000000000002,4.878547646422589,-2.387693036565434,-2.66900453948489,0.0,27.93054117483686,22.93005688607147,464.340970347207,456.15713367962536,0.0
2.281,4.525752563091681,-2.246548520331314,0.6465115312951388,0.0,27.653736152831122,23.07886432330947,457.44541250059495,456.15713367962536,0.0
2.282,4.494348092904271,-2.164858451957146,4.081407666391475,0.0,27.411917914390923,23.529720469663186,449.94827296883443,456.15713367962536,0.0
2.283,4.748063116488516,-2.1355455389847,7.892066039379646,0.0,27.236959594686898,24.26790993991912,447.02674143741035,456.15713367962536,0.0
2.2840000000000003,5.2710416857309195,-2.1326587158595447,9.444135727513837,0.0,27.15329163256481,24.99241522076309,449.3905954393555,456.15713367962536,0.0
2.285,5.875677487370823,-2.1318084919992346,8.329874108943972,0.0,27.150376338345968,25.436733549898488,433.9480747892564,456.15713367962536,0.0
2.286,6.392365827117634,-2.0388120257426383,10.0,0.0,27.181963297412917,25.98039562154457,424.48414095349153,456.15713367962536,0.0
2.287,7.000492971469603,-1.8425200020541745,10.0,0.0,27.244095609794606,26.394421820540913,421.1972243477461,456.15713367962536,0.0
2.2880000000000003,7.544865054320086,-1.6695320796491981,10.0,0.0,27.32435155961012,26.719458973205775,404.23985980514965,456.15713367962536,0.0
2.289,8.107823636231476,-1.3954460949148868,10.0,0.0,27.40066605061382,26.96353628240395,397.8046071288121,456.15713367962536,0.0
2.29,8.618272957741553,-1.1535606814475412,10.0,0.0,27.46989028780291,27.140317470235683,385.7279011214006,456.15713367962536,0.0
2.291,9.152505484178345,-0.8405472800661951,10.0,0.0,27.517857600038997,27.252681878310202,381.96114848265825,456.15713367962536,0.0
2.2920000000000003,9.614571256976697,-0.6258765310719943,10.0,0.0,27.551780973483382,27.313121667057434,392.18206172582853,456.15713367962536,0.0
2.293,9.765650107722953,-0.8755953820650659,10.0,0.0,27.617971769557215,27.35891179842026,412.3412996971078,456.15713367962536,0.0
2.294,9.78144563611735,-1.2546405935960832,10.0,0.0,27.721320283918438,27.40651527663828,420.501761166787,456.15713367962536,0.0
2.295,9.727950428897675,-1.6498693902454282,10.0,0.0,27.858779010181458,27.46573568654872,441.55854695465655,456.15713367962536,0.0
2.2960000000000003,9.588371929671096,-2.0951094231713467,10.0,0.0,28.033438020464583,27.54759861093715,451.51939894217946,456.15713367962536,0.0
2.297,9.41385346411625,-2.507517231223361,8.227834698481363,0.0,28.239729880714698,27.46160420696677,471.34465686661923,456.15713367962536,0.0
2.298,9.091299018375791,-2.87649003043562,-1.8366694956084606,0.0,28.453256044375593,26.349200425459635,473.72931633368796,456.15713367962536,0.0
2.299,8.20879254799602,-2.9345769513746283,-3.204721055683451,0.0,28.536889046830844,25.413399176086337,477.44595865869877,456.15713367962536,0.0
2.3000000000000003,7.24799743563902,-2.8780469942875815,-5.275930467979589,0.0,28.511779459614285,24.462251229799534,478.31539566707283,456.15713367962536,0.0
2.301,6.287043149182479,-2.739780616201108,-5.932231592041097,0.0,28.37942203447206,23.648323110282604,475.7373433640787,456.15713367962536,0.0
2.302,5.446435672505636,-2.551620960234546,-4.839007537388561,0.0,28.159592641516905,23.112226997025417,470.37197166987767,456.15713367962536,0.0
2.303,4.831394025737298,-2.372491306527728,-2.298470070190569,0.0,27.890313911183462,22.93553294302145,463.6027331245971,456.15713367962536,0.0
2.3040000000000003,4.516049248673058,-2.2387998637793527,1.0116932080000076,0.0,27.61737888631771,23.11683051632289,456.72454480827514,456.15713367962536,0.0
2.305,4.51531271930975,-2.1643456096751583,4.44511325487448,0.0,27.383014067744703,23.594206972641228,449.19346923037136,456.15713367962536,0.0
2.306,4.7955192559406905,-2.1374807650898777,8.280287688318907,0.0,27.21761278629749,24.35711420435753,447.1273364830544,456.15713367962536,0.0
2.307,5.340076703630941,-2.138412053172285,9.40365203394309,0.0,27.145413446301546,25.05530966456208,448.805728415538,456.15713367962536,0.0
2.308,5.937793029398486,-2.1337503959466044,8.637970120342173,0.0,27.149731491150007,25.520703769436714,432.6076895909835,456.15713367962536,0.0
2.309,6.4704510925259,-2.0312433812130277,10.0,0.0,27.188927986952642,26.044855150520736,424.8119989224507,456.15713367962536,0.0
2.31,7.074204724414144,-1.8287666897247408,10.0,0.0,27.255372605367043,26.445804425403637,419.23238056095107,456.15713367962536,0.0
2.311,7.6108588493630105,-1.6535774331758004,10.0,0.0,27.338021638122783,26.760308817214195,403.9191117228701,456.15713367962536,0.0
2.312,8.174194905516604,-1.3673341997426172,10.0,0.0,27.41412134367186,26.99502724819186,395.17067873762556,456.15713367962536,0.0
2.313,8.678032717226221,-1.1278568155620428,10.0,0.0,27.482602841838258,27.164095007900134,385.9281422657989,456.15713367962536,0.0
2.314,9.210460537191402,-0.8126996106442617,10.0,0.0,27.528870447459692,27.269575459375158,381.95895337312794,456.15713367962536,0.0
2.315,9.631585986609327,-0.6637212478513996,10.0,0.0,27.56782328980845,27.3281351050285,398.47921753444257,456.15713367962536,0.0
2.316,9.784792931263384,-0.8980498653030189,10.0,0.0,27.636002744035277,27.372092560933613,407.4639313299799,456.15713367962536,0.0
2.317,9.784719964420805,-1.2906490849026957,10.0,0.0,27.742602626411376,27.420012312470124,425.78021483696085,456.15713367962536,0.0
2.318,9.723967174183848,-1.6872037859720042,10.0,0.0,27.88302952062515,27.480482154348234,439.4580211621366,456.15713367962536,0.0
2.319,9.57249237406501,-2.1425088425148844,10.0,0.0,28.06157871881437,27.565002401570617,453.4454263956643,456.15713367962536,0.0
2.32,9.398521956744235,-2.544147929077991,7.257979909865531,0.0,28.27035227086342,27.37492533187898,472.69215638795146,456.15713367962536,0.0
2.321,9.013808668237036,-2.8964270892546047,-2.5307353133613084,0.0,28.473975077492202,26.2159736082704,474.08404472936706,456.15713367962536,0.0
2.322,8.092977448662326,-2.9260183430065476,-3.4059485945665298,0.0,28.541072677408202,25.29233733025339,477.53726825050967,456.15713367962536,0.0
2.323,7.128691718877246,-2.8592246122278966,-5.346361700846675,0.0,28.501453666607723,24.359944249231532,478.08586886140006,456.15713367962536,0.0
2.324,6.181478056356602,-2.7170065923012103,-5.839949358109617,0.0,28.35758120390095,23.576488709575095,475.27807306355436,456.15713367962536,0.0
2.325,5.366491707504652,-2.5298282307821127,-4.6272608530260575,0.0,28.130582993931387,23.07549945149397,469.74496729647603,456.15713367962536,0.0
2.326,4.782520713183457,-2.3552545189166008,-1.9965863056554012,0.0,27.858854354460654,22.93524355927075,462.8964270695973,456.15713367962536,0.0
2.327,4.500377686514156,-2.2268935208869634,1.3602908738842565,0.0,27.587899017050052,23.149986159588835,455.95262945673903,456.15713367962536,0.0
2.328,4.53035625784542,-2.1586453843055002,4.834234722542243,0.0,27.35928978836867,23.658604944577913,448.5019527687752,456.15713367962536,0.0
2.329,4.840152093134814,-2.134881209622734,8.636124875632662,0.0,27.20247178320504,24.443191650384783,447.17859783460847,456.15713367962536,0.0
2.33,5.405954528838572,-2.1400189735775212,9.387587701166197,0.0,27.140597044920305,25.119139584797868,448.1208472731008,456.15713367962536,0.0
2.331,5.998501930522572,-2.1337731145012118,8.996825845985263,0.0,27.15176615176742,25.611284629787733,431.38234363502295,456.15713367962536,0.0
2.332,6.551466581007109,-2.0227195436337033,10.0,0.0,27.198879418224145,26.11468821892029,425.4124301655619,456.15713367962536,0.0
2.333,7.149775147677165,-1.8174815497064836,10.0,0.0,27.27015607332514,26.50214673841626,416.99197854095337,456.15713367962536,0.0
2.334,7.681142044936653,-1.6362908368251516,10.0,0.0,27.35517231638795,26.805519798440887,403.9981517989316,456.15713367962536,0.0
2.335,8.2431199260675,-1.340175706624932,10.0,0.0,27.431263483953728,27.03055327881754,392.57189173023284,456.15713367962536,0.0
2.336,8.742112207978503,-1.0998186565326247,10.0,0.0,27.49877075859245,27.191423155714183,386.1712877362513,456.15713367962536,0.0
2.337,9.269914768279802,-0.7867230936491612,10.0,0.0,27.543577352040707,27.289888413571024,379.4762186310669,456.15713367962536,0.0
2.338,9.67197756816225,-0.6648491472241491,10.0,0.0,27.583474633451903,27.34403892260295,399.5219788988203,456.15713367962536,0.0
2.339,9.777973734994097,-0.9661223551082286,10.0,0.0,27.659156029956666,27.389125158520105,411.2447320867879,456.15713367962536,0.0
2.34,9.794879458279118,-1.318448945195513,10.0,0.0,27.76752110323344,27.43647124260301,426.0138831779174,456.15713367962536,0.0
2.341,9.698536387841129,-1.7638840594170637,10.0,0.0,27.91525887425432,27.500686020586315,440.1210065875961,456.15713367962536,0.0
2.342,9.571311509212808,-2.1667729083061245,10.0,0.0,28.094507768207023,27.58628440381812,461.44171165477155,456.15713367962536,0.0
2.343,9.367241305494193,-2.6089786595679376,3.1927773865082436,0.0,28.309005355237545,26.95362882426068,466.38337863374295,456.15713367962536,0.0
2.344,8.775565705867242,-2.8306926969366266,0.6196814474813683,0.0,28.45875411220721,26.25376384812577,474.9043758658492,456.15713367962536,0.0
2.345,8.01413053344811,-2.9268540508344194,-3.8282895904339966,0.0,28.531902104421484,25.25315550349075,478.76101469457564,456.15713367962536,0.0
2.346,7.062976304793867,-2.870070425055631,-5.9826478149467155,0.0,28.490466650576188,24.264435711651174,477.9890170689936,456.15713367962536,0.0
2.347,6.098045275842903,-2.70778410521092,-5.814967836049368,0.0,28.337019104006323,23.507063604432933,474.74444283870827,456.15713367962536,0.0
2.348,5.2954020830673585,-2.512795497756454,-4.378553812497542,0.0,28.103353217750097,23.04505413699706,469.0892852302162,456.15713367962536,0.0
2.349,4.739381006498089,-2.34035001014382,-1.6802965237574208,0.0,27.829833855813035,22.941459075699896,462.20305465301504,456.15713367962536,0.0
2.35,4.489264533175268,-2.2163597274384905,1.702359555109263,0.0,27.561392447718525,23.187933781426516,455.16993328989287,456.15713367962536,0.0
2.351,4.54882068218788,-2.1531495715043416,5.228792240567676,0.0,27.338729436680413,23.727945569258146,447.8496358311058,456.15713367962536,0.0
2.352,4.888138114896243,-2.1316436988866716,8.972015948446412,0.0,27.19060036110068,24.531450802107106,447.3071083162323,456.15713367962536,0.0
2.353,5.473452442942102,-2.1407957954194607,9.331779959517085,0.0,27.138856505708596,25.180943006494196,447.2707206911896,456.15713367962536,0.0
2.354,6.059047172786714,-2.13094677959612,9.438837901922804,0.0,27.156061343588533,25.709928061454864,430.2677288059027,456.15713367962536,0.0
2.355,6.636500045794282,-2.01362332987094,10.0,0.0,27.21163711386501,26.190728477339498,425.84706238923275,456.15713367962536,0.0
2.356,7.2285964467727215,-1.8082198424697848,10.0,0.0,27.288314199585432,26.564038732304997,414.4835396642985,456.15713367962536,0.0
2.357,7.757499334237327,-1.6161601326031092,10.0,0.0,27.375582069019035,26.855427316734666,404.2550230238043,456.15713367962536,0.0
2.358,8.315306333450058,-1.3138383809160534,10.0,0.0,27.451927214365334,27.070334088625977,390.4268374033527,456.15713367962536,0.0
2.359,8.8121902228375,-1.0674677318525703,10.0,0.0,27.518050968486016,27.222305540022283,385.84111879846324,456.15713367962536,0.0
2.36,9.33156118404768,-0.7620414493801411,10.0,0.0,27.56162630775293,27.313530254851784,385.89455153506003,456.15713367962536,0.0
2.361,9.711669961392575,-0.6707967246907272,10.0,0.0,27.602983927684996,27.363371776229194,397.6269535966013,456.15713367962536,0.0
2.362,9.792504236798704,-0.9996738728188754,10.0,0.0,27.682278871302586,27.407274224940835,413.8723519970472,456.15713367962536,0.0
2.363,9.794457363805966,-1.3649201885442892,10.0,0.0,27.794922888678084,27.455309421926344,427.4771570877292,456.15713367962536,0.0
2.364,9.689479590095413,-1.8133592909492118,10.0,0.0,27.946781862121888,27.521372587329072,442.0624626391401,456.15713367962536,0.0
2.365,9.555947860124995,-2.2156221782101184,10.0,0.0,28.129825781336223,27.609654046095567,463.5943216155898,456.15713367962536,0.0
2.366,9.345876000996563,-2.6571104302334922,2.1095932037495446,0.0,28.347934533355737,26.861239590523706,467.79012111873465,456.15713367962536,0.0
2.367,8.691993719228108,-2.848229201486899,-0.10463642221396086,0.0,28.48599914693375,26.11464259722074,475.4987981548901,456.15713367962536,0.0
2.368,7.889225910106511,-2.915989683147563,-4.152391585044333,0.0,28.541140065093817,25.115166629139875,478.79766534804537,456.15713367962536,0.0
2.369,6.929329430309659,-2.8452512710783475,-6.028230498306171,0.0,28.48236046448557,24.152848555539038,477.6663417510819,456.15713367962536,0.0
2.37,5.981357176485505,-2.6789330405104907,-5.677660780539009,0.0,28.31563939533628,23.43288337044715,474.11440515044103,456.15713367962536,0.0
2.371,5.2092794045472095,-2.4871814906733762,-4.081265194926722,0.0,28.074164426416345,23.01578924656418,468.2600474297649,456.15713367962536,0.0
2.372,4.69049397080231,-2.3238037886203933,-1.275115472090043,0.0,27.79907351027263,22.958315171825973,461.31481988675137,456.15713367962536,0.0
2.373,4.481978531861294,-2.206327136976986,2.1459214373454545,0.0,27.534455623609233,23.24508081970283,454.30572287974877,456.15713367962536,0.0
2.374,4.578082101966147,-2.1512089378967865,5.668984048845518,0.0,27.320087855017476,23.817378085195354,447.38038514098196,456.15713367962536,0.0
2.375,4.950122134631461,-2.1315641598396735,9.21942040361536,0.0,27.18277684623865,24.626362852297,447.6786928849063,456.15713367962536,0.0
2.376,5.547501931087088,-2.143968936020907,9.155050939600379,0.0,27.14165638820839,25.236141659937786,445.0746557576589,456.15713367962536,0.0
2.3770000000000002,6.1183890773088345,-2.125393213713158,10.0,0.0,27.163458479529567,25.817594844175737,428.4959985068757,456.15713367962536,0.0
2.378,6.727150088831916,-2.0013338903436715,10.0,0.0,27.227764911794857,26.2733785887127,426.44683606639785,456.15713367962536,0.0
2.379,7.313278086424228,-1.7969514158704007,10.0,0.0,27.30997759632894,26.631628132402568,411.8553204563222,456.15713367962536,0.0
2.38,7.8424276014611385,-1.5895999048214864,10.0,0.0,27.399029125307962,26.909928823498724,404.74459682787796,456.15713367962536,0.0
2.3810000000000002,8.391307697902098,-1.2883034678181167,10.0,0.0,27.47593647753882,27.114219282925028,388.539390508029,456.15713367962536,0.0
2.382,8.888999678160856,-1.0309631041302598,10.0,0.0,27.54028766485358,27.256514114767725,384.40986405919983,456.15713367962536,0.0
2.383,9.395816245899088,-0.7396816503764159,10.0,0.0,27.582965660345103,27.340241679509028,390.58189466011737,456.15713367962536,0.0
2.384,9.732751164254307,-0.7138299206914578,10.0,0.0,27.629817737033793,27.387869611983653,399.1953703331039,456.15713367962536,0.0
2.3850000000000002,9.809780694884783,-1.0342652892725184,10.0,0.0,27.712253807141845,27.430316059693883,418.0783372571851,456.15713367962536,0.0
2.386,9.775514111683417,-1.4475506032552845,10.0,0.0,27.832947945862394,27.481301089102338,428.48205121946154,456.15713367962536,0.0
2.387,9.693487611223613,-1.8437239276819906,10.0,0.0,27.98611738619886,27.547937278660584,449.362876283966,456.15713367962536,0.0
2.388,9.525103335311329,-2.292976565675286,9.303994851442846,0.0,28.176089558392487,27.564368232301113,459.31018730796916,456.15713367962536,0.0
2.3890000000000002,9.289765749666538,-2.685133173166191,4.298808803157823,0.0,28.387352309174883,27.078746185632976,472.0167928995492,456.15713367962536,0.0
2.39,8.741614747392598,-2.9362758624536425,-2.213090584831444,0.0,28.552630709958926,26.054498780907604,477.47754196133695,456.15713367962536,0.0
2.391,7.834169924764794,-2.9498528241190467,-5.156669198542428,0.0,28.59793856908236,24.984866723571194,479.4706156018265,456.15713367962536,0.0
2.392,6.808619482217965,-2.8312400801742332,-6.386340838009225,0.0,28.51856926510921,24.024636664130384,477.76611221996654,456.15713367962536,0.0
2.3930000000000002,5.845907432553826,-2.6425029800137394,-5.750178932482647,0.0,28.331538932011107,23.330410027276535,473.69532087902655,456.15713367962536,0.0
2.394,5.090178889072952,-2.443740664422777,-3.890165134006663,0.0,28.07381248482401,22.958645938861594,467.5176458556731,456.15713367962536,0.0
2.395,4.60811069799665,-2.2838317422690015,-0.9149327440904118,0.0,27.78907991523313,22.952431255059054,460.52172433044944,456.15713367962536,0.0
2.396,4.444554013004404,-2.1759266890027895,2.5393821120131728,0.0,27.521928667583342,23.2817576463883,453.30088322884677,456.15713367962536,0.0
2.3970000000000002,4.5828659254980995,-2.1300448458856174,6.178365167322296,0.0,27.31045723162123,23.900331384118374,446.8034669122114,456.15713367962536,0.0
2.398,4.9988380511931965,-2.116346339994175,9.520609993314132,0.0,27.18094229581144,24.722783890083722,448.0442250010641,456.15713367962536,0.0
2.399,5.618704421153144,-2.134210855239173,8.981360035673388,0.0,27.148726185915038,25.29327412883251,442.48784278907965,456.15713367962536,0.0
2.4,6.1799166220983555,-2.1083066177272594,10.0,0.0,27.17375259960439,25.865401949964742,426.164178587019,456.15713367962536,0.0
2.4010000000000002,6.79401612602151,-1.963336345577381,10.0,0.0,27.23780146647667,26.310694407287322,425.9456345820839,456.15713367962536,0.0
2.402,7.370659683589947,-1.7668144484182384,10.0,0.0,27.31980698642797,26.660572709271584,409.395094045402,456.15713367962536,0.0
2.403,7.9093598164224135,-1.5412216968393295,10.0,0.0,27.40574980088047,26.93017315401666,404.6472335366503,456.15713367962536,0.0
2.404,8.448463013100994,-1.2548927428727765,10.0,0.0,27.480818120941702,27.127493485426154,386.7674166557546,456.15713367962536,0.0
2.4050000000000002,8.957559885450067,-0.9797867758844716,10.0,0.0,27.54071327530872,27.261978991709206,380.69423013424927,456.15713367962536,0.0
2.406,9.449006050424183,-0.714708974752265,10.0,0.0,27.581659966412666,27.340037353377003,388.1983213649385,456.15713367962536,0.0
2.407,9.748914127894377,-0.7464435727992217,10.0,0.0,27.632459408369492,27.386309121116426,401.8998077707445,456.15713367962536,0.0
2.408,9.800575430442368,-1.0980559085548036,10.0,0.0,27.72116609385722,27.43034999377202,417.37663961569206,456.15713367962536,0.0
2.4090000000000003,9.781434118304249,-1.472127130304913,10.0,0.0,27.843037909096694,27.4814796050715,432.3083517258278,456.15713367962536,0.0
2.41,9.659580323838778,-1.9238797075940437,10.0,0.0,28.003787575226468,27.55289594103479,446.12783576034315,456.15713367962536,0.0
2.411,9.510528279262802,-2.3286275936844074,10.0,0.0,28.195608650036643,27.648422796973435,468.80140655494574,456.15713367962536,0.0
2.412,9.293382466027634,-2.758777235556125,-0.522934028538085,0.0,28.42106928470465,26.61845185067014,470.68261762466875,456.15713367962536,0.0
2.4130000000000003,8.488400541437235,-2.8785986148032747,-1.6087944028500232,0.0,28.529865616574003,25.786185315147666,476.161363738125,456.15713367962536,0.0
2.414,7.601028712060537,-2.8838155775533947,-4.5482097601631315,0.0,28.54393131381421,24.825109062788563,478.665390760759,456.15713367962536,0.0
2.415,6.64308885997672,-2.789683630521716,-6.025305842291486,0.0,28.450076132293503,23.924960255363864,476.9399825890849,456.15713367962536,0.0
2.416,5.7414916529447275,-2.6178484384456415,-5.370430245549014,0.0,28.25763103652433,23.281844381245193,472.69384791382384,456.15713367962536,0.0
2.4170000000000003,5.036102454211757,-2.4337523831185157,-3.4127300502604827,0.0,28.001586648754994,22.96117069026609,466.4242023260663,456.15713367962536,0.0
2.418,4.600428286679067,-2.284626229189967,-0.38057794284610935,0.0,27.724516414285826,23.001789925911947,459.5440886740701,456.15713367962536,0.0
2.419,4.477587426741616,-2.185992939697959,3.0256093332075276,0.0,27.469856726523307,23.364155046755833,452.15224889500684,456.15713367962536,0.0
2.42,4.647165660512428,-2.144801032837492,6.761578070585351,0.0,27.273354742761704,24.021830360775933,446.2055092899289,456.15713367962536,0.0
2.4210000000000003,5.096075719351868,-2.1310525686811914,9.834464117021284,0.0,27.161170076789677,24.84706139861742,448.7561030317445,456.15713367962536,0.0
2.422,5.724665801441532,-2.150292225490057,8.633177552592297,0.0,27.14498082808955,25.35102467508454,439.7983961364355,456.15713367962536,0.0
2.423,6.258884212453969,-2.1028336891019492,10.0,0.0,27.175393996335362,25.912857909503593,425.216628289402,456.15713367962536,0.0
2.424,6.868555916009711,-1.933923560071364,10.0,0.0,27.240843642369015,26.34615920955024,425.27070302660144,456.15713367962536,0.0
2.4250000000000003,7.430240364870636,-1.7438883539854388,10.0,0.0,27.323863682424818,26.686986771856443,407.4608792919228,456.15713367962536,0.0
2.426,7.973613488949092,-1.501967137971115,10.0,0.0,27.407953493004953,26.94787938277759,404.31547014607327,456.15713367962536,0.0
2.427,8.502867689130898,-1.227003146506529,10.0,0.0,27.481896756718225,27.138307482885423,385.9845387081926,456.15713367962536,0.0
2.428,9.019594097501338,-0.9376389902301532,10.0,0.0,27.538408086795197,27.26553973643486,375.88974479557675,456.15713367962536,0.0
2.4290000000000003,9.505086886816295,-0.6810318282032601,10.0,0.0,27.576658362959225,27.337462954896118,394.1615381376778,456.15713367962536,0.0
2.43,9.76340931033399,-0.7743070299855277,10.0,0.0,27.631102277169298,27.382458340433857,402.33509459936056,456.15713367962536,0.0
2.431,9.80418940685902,-1.132809938799352,10.0,0.0,27.72310390646382,27.426495992456246,423.6685805135671,456.15713367962536,0.0
2.432,9.762411778898365,-1.5343692019539197,10.0,0.0,27.850895627889997,27.480333382246762,431.3712822967988,456.15713367962536,0.0
2.433,9.64626812380236,-1.965249261906335,10.0,0.0,28.014673130115835,27.55392423098181,450.86586617419056,456.15713367962536,0.0
2.434,9.49115815402259,-2.3685251260344256,8.54941630453078,0.0,28.209483511447154,27.49287019868914,466.08245300658814,456.15713367962536,0.0
2.435,9.181520529992715,-2.7772311982506945,0.8418696950623614,0.0,28.419632360718577,26.65658735661752,471.43858606676,456.15713367962536,0.0
2.436,8.45125545918087,-2.9126056857063922,-1.9890113588949276,0.0,28.53594217375368,25.767859015388595,477.7436816042505,456.15713367962536,0.0
2.437,7.554329244530349,-2.913955709081418,-5.357424606886431,0.0,28.550542929059056,24.72877707575001,479.00349578318435,456.15713367962536,0.0
2.438,6.558237632469208,-2.789072590602563,-6.215795317388931,0.0,28.446024771603625,23.83492757511069,476.7449004642632,456.15713367962536,0.0
2.439,5.652417931520188,-2.599354570465589,-5.292375325774733,0.0,28.242953328799523,23.219850365956123,472.1535160867743,456.15713367962536,0.0
2.44,4.964350315034428,-2.411499136081863,-3.156646961101769,0.0,27.979914391779527,22.938298894438425,465.6402302382525,456.15713367962536,0.0
2.441,4.56000506620216,-2.264577103498108,0.005164997572847163,0.0,27.700741332069384,23.02263800938468,458.7278491129165,456.15713367962536,0.0
2.442,4.473947971979211,-2.1727441605702027,3.4356484059079486,0.0,27.449287086428654,23.421783790071604,451.0757477948542,456.15713367962536,0.0
2.443,4.677864475230355,-2.1379965045558196,7.312512923786814,0.0,27.259988930688397,24.124728444709227,446.5577144259181,456.15713367962536,0.0
2.444,5.164863229393798,-2.1298767723375347,9.667523800791923,0.0,27.15936936200205,24.907200671675366,448.9688575761155,456.15713367962536,0.0
2.445,5.7843040310158695,-2.143157736050057,8.53383498672832,0.0,27.148601076211513,25.389839340122432,437.1080746215152,456.15713367962536,0.0
2.446,6.313676448150878,-2.077481666199497,10.0,0.0,27.17981630852404,25.943715794877615,424.809371566689,456.15713367962536,0.0
2.447,6.924030257761649,-1.8958641620061305,10.0,0.0,27.243976498318073,26.368819282369973,423.9360253424135,456.15713367962536,0.0
2.448,7.477214187294528,-1.7148583490005715,10.0,0.0,27.32613655349327,26.703081745940008,405.80300331022204,456.15713367962536,0.0
2.449,8.02902932508279,-1.4587936050126729,10.0,0.0,27.40714978579933,26.95696614280917,402.0466983004961,456.15713367962536,0.0
2.45,8.548564027908963,-1.2004194345600445,10.0,0.0,27.47958962325179,27.141932757289023,385.9732657797729,456.15713367962536,0.0
2.451,9.075759156802029,-0.8958135039686996,10.0,0.0,27.53235922774647,27.26285057691617,372.7882913376845,456.15713367962536,0.0
2.452,9.562664791388034,-0.6372985951046943,10.0,0.0,27.56655307308527,27.328665906514537,396.53872830042235,456.15713367962536,0.0
2.453,9.755535218602313,-0.8318878846864628,10.0,0.0,27.627899037792652,27.374972397039226,404.9891917356721,456.15713367962536,0.0
2.454,9.805938792233437,-1.1657167121182104,10.0,0.0,27.722516333203455,27.41916714615492,420.42584573465876,456.15713367962536,0.0
2.455,9.73896307883356,-1.5993051018719973,10.0,0.0,27.856447808583333,27.476275514110412,434.33312266506516,456.15713367962536,0.0
2.456,9.63419353019755,-2.0003056203332426,10.0,0.0,28.022471146353976,27.55192108602431,454.38838700301676,456.15713367962536,0.0
2.457,9.446891361114144,-2.4489988682535198,6.757479036665793,0.0,28.22480295962557,27.299482671669928,462.8253399216081,456.15713367962536,0.0
2.458,9.062080347964237,-2.767172777559974,2.472320514950307,0.0,28.412169947679068,26.69403524207845,473.6699668639589,456.15713367962536,0.0
2.459,8.406749890610007,-2.945979362116331,-3.125121288068442,0.0,28.536742479176194,25.663240481314013,478.2103287553377,456.15713367962536,0.0
2.46,7.46645161831587,-2.921646692943659,-5.615834184514955,0.0,28.54131362199262,24.626857954575627,478.83846184380604,456.15713367962536,0.0
2.461,6.462379281282718,-2.778465502736884,-6.1567140103909415,0.0,28.426282793622534,23.761026117261537,476.4523757587443,456.15713367962536,0.0
2.462,5.572495900210581,-2.5831745017461056,-5.166623388651272,0.0,28.216121666151142,23.172439596039574,471.5224664870653,456.15713367962536,0.0
2.463,4.90743798067798,-2.395368282065508,-2.855322080886152,0.0,27.94941222514973,22.93029538916729,464.8285270823359,456.15713367962536,0.0
2.464,4.535517778908385,-2.2519932128155062,0.40493368745144576,0.0,27.67126611214053,23.055470423320912,457.90877248094404,456.15713367962536,0.0
2.465,4.484227180122063,-2.1664812207244726,3.8472946001341812,0.0,27.425479545410102,23.488293249318772,450.30423610169106,456.15713367962536,0.0
2.466,4.720356452519282,-2.135387583144353,7.708091765540012,0.0,27.244988737739604,24.217032089160064,446.8812377731439,456.15713367962536,0.0
2.467,5.2323749786615865,-2.1311408855467247,9.512349888878418,0.0,27.155264694460342,24.960747641011658,449.62106104384304,456.15713367962536,0.0
2.468,5.843122700073145,-2.1337492163702274,8.20779897988666,0.0,27.14921399406073,25.39751398803385,434.9862940435942,456.15713367962536,0.0
2.469,6.352495166035457,-2.0485760178736463,10.0,0.0,27.178049863260444,25.950262757574496,424.46716787681396,456.15713367962536,0.0
2.47,6.962012129388689,-1.8562218588976185,10.0,0.0,27.238969796991846,26.37074508557069,422.2881253590662,456.15713367962536,0.0
2.471,7.511117339628033,-1.6813399698326692,10.0,0.0,27.31853250394235,26.70096477064761,404.52206691072166,456.15713367962536,0.0
2.472,8.071669111121901,-1.4151474163130233,10.0,0.0,27.395628546708977,26.949949115149956,399.44487593726416,456.15713367962536,0.0
2.473,8.586473219441528,-1.1689478882419313,10.0,0.0,27.465493397096562,27.13072169527851,385.61286061676765,456.15713367962536,0.0
2.474,9.11962694349954,-0.8590732874282309,10.0,0.0,27.514824809649436,27.24690463386979,377.65808733489627,456.15713367962536,0.0
2.475,9.600761748744787,-0.613095991158565,10.0,0.0,27.546882618224636,27.308809128520814,392.5320586257271,456.15713367962536,0.0
2.476,9.752551213671147,-0.868359917509336,10.0,0.0,27.612463900268693,27.355843461474816,408.66413794404923,456.15713367962536,0.0
2.477,9.79711428938843,-1.2047541569350941,10.0,0.0,27.710641214477075,27.401348445658186,419.78258378139407,456.15713367962536,0.0
2.478,9.723127569452705,-1.6409619678057075,10.0,0.0,27.84817021248447,27.460704832794157,436.76208841194074,456.15713367962536,0.0
2.479,9.61431341801479,-2.039500955832989,10.0,0.0,28.017359159979,27.539108170476094,454.57367168938134,456.15713367962536,0.0
2.48,9.41882604242169,-2.49334420519058,6.662813507851581,0.0,28.223406914041348,27.279915024803824,464.06967003660714,456.15713367962536,0.0
2.481,9.026875725911395,-2.8043273432945734,1.8356889706688673,0.0,28.4126002908281,26.610793795996596,474.5665646938218,456.15713367962536,0.0
2.482,8.33532780922545,-2.962290450676829,-3.596852668080439,0.0,28.530228317486444,25.550346460528527,478.2441597452065,456.15713367962536,0.0
2.483,7.37007450351832,-2.9177995155505028,-5.656520454428592,0.0,28.52357517399444,24.534731005623218,478.579710970224,456.15713367962536,0.0
2.484,6.372466841074326,-2.7657585019970163,-6.0485218398433425,0.0,28.399746197221486,23.69757261713886,476.0880802348186,456.15713367962536,0.0
2.485,5.503476905681072,-2.56909588181761,-5.002015937692571,0.0,28.184471801193183,23.136395649185197,470.8595156428769,456.15713367962536,0.0
2.486,4.863115694423311,-2.3831108759149195,-2.5347574613542196,0.0,27.91611542352485,22.932492145684204,464.0942844092461,456.15713367962536,0.0
2.487,4.522707393442886,-2.2440496662386513,0.7684866481649735,0.0,27.6407674502679,23.091868923045478,457.18248930505337,456.15713367962536,0.0
2.488,4.501528965313541,-2.1642734868261497,4.214130644007054,0.0,27.40150718443414,23.55268716787678,449.6502384778057,456.15713367962536,0.0
2.489,4.76485300013307,-2.135562312813403,8.045325009649076,0.0,27.229894302319614,24.301295073792346,447.0569370452703,456.15713367962536,0.0
2.49,5.296529090939265,-2.1341720801245962,9.432977692260348,0.0,27.150437685152465,25.016359622695237,449.17366756124443,456.15713367962536,0.0
2.491,5.89899655347262,-2.132123938759711,8.444447095457079,0.0,27.15022179136906,25.468402502546038,433.41488855278146,456.15713367962536,0.0
2.492,6.421905586758357,-2.035422568521788,10.0,0.0,27.18461510563655,26.004720311465068,424.56399785919774,456.15713367962536,0.0
2.493,7.028615181822698,-1.836607538457757,10.0,0.0,27.24829822976454,26.413781176749314,420.50784038305846,456.15713367962536,0.0
2.494,7.569760611806349,-1.6634523406163972,10.0,0.0,27.329460206546248,26.734845366570365,404.0923085188308,456.15713367962536,0.0
2.495,8.133237056882725,-1.3843217035442312,10.0,0.0,27.405639586532352,26.97534838042891,396.7746319281409,456.15713367962536,0.0
2.496,8.64097352242371,-1.1437928380569913,10.0,0.0,27.47458446107283,27.149202784141476,385.7973871703051,456.15713367962536,0.0
2.497,9.174851997207002,-0.8295214542551861,10.0,0.0,27.521855724967203,27.258916967366076,383.53187576690004,456.15713367962536,0.0
2.498,9.622723437219726,-0.6375747363313029,10.0,0.0,27.557399855660975,27.31845978500408,393.30622883809383,456.15713367962536,0.0
2.499,9.774215574733596,-0.8819307629825381,10.0,0.0,27.624142485160057,27.363417313221277,408.67141549627314,456.15713367962536,0.0
2.5,9.779180944629992,-1.2745401277341228,10.0,0.0,27.729450074387113,27.411522082253192,422.8049727632817,456.15713367962536,0.0
2.501,9.727521431737138,-1.6626184870293483,10.0,0.0,27.867799907469596,27.471079333421798,439.622400092541,456.15713367962536,0.0
2.5020000000000002,9.581114543927125,-2.1153599728598182,10.0,0.0,28.04419126220912,27.554104005311956,452.3598083755832,456.15713367962536,0.0
2.503,9.40899573362379,-2.5198451304169014,7.803591600660232,0.0,28.251211901136642,27.422329421814958,472.3230784804631,456.15713367962536,0.0
2.504,9.059511824008093,-2.8813599366824167,-2.3397028997880867,0.0,28.460074794935373,26.267358091459183,473.77297772706504,456.15713367962536,0.0
2.505,8.14856082162509,-2.9241272169916996,-3.2408109635634554,0.0,28.533643519090017,25.34779101267402,477.2356113089541,456.15713367962536,0.0
2.5060000000000002,7.189073381676271,-2.86389308240729,-5.182912530801276,0.0,28.500845235343306,24.419351530794973,478.10073533886685,456.15713367962536,0.0
2.507,6.242296049033277,-2.728572945818563,-5.834910562350066,0.0,28.36419995810444,23.622728033122414,475.48672596871677,456.15713367962536,0.0
2.508,5.4172423840305575,-2.54413663362051,-4.721201800165937,0.0,28.14262206584631,23.102418431472838,470.10655688411805,456.15713367962536,0.0
2.509,4.81710253766626,-2.3682729839355194,-2.1706114899115043,0.0,27.873670364305664,22.93917469371859,463.33463298899443,456.15713367962536,0.0
2.5100000000000002,4.5147911350690695,-2.237106388230639,1.1435754645566156,0.0,27.602619770112966,23.131667677296704,456.4316350800473,456.15713367962536,0.0
2.511,4.524781731000182,-2.1646896558802924,4.592329405025975,0.0,27.371269359095866,23.619905287426295,448.92885618534643,456.15713367962536,0.0
2.512,4.815178604696504,-2.1384469325096536,8.416001627319183,0.0,27.209715217946172,24.390456750341492,447.16230742986755,456.15713367962536,0.0
2.513,5.366848049368799,-2.1406720758963904,9.389224267556202,0.0,27.1418788302092,25.07883575087634,448.4667607575435,456.15713367962536,0.0
2.5140000000000002,5.961373687967621,-2.13502194507213,8.81390133293904,0.0,27.14902021547489,25.558694337574607,432.14338490881886,456.15713367962536,0.0
2.515,6.503547966749721,-2.029577853143996,10.0,0.0,27.191890972079975,26.07381137257245,425.1032523447904,456.15713367962536,0.0
2.516,7.105037734176429,-1.825859840807481,10.0,0.0,27.260631816086615,26.469100661431288,418.39874653676395,456.15713367962536,0.0
2.517,7.638965972553075,-1.6484815869050227,10.0,0.0,27.344553076772556,26.779017897257745,403.97139970002655,456.15713367962536,0.0
2.5180000000000002,8.201498683569966,-1.3579361307151538,10.0,0.0,27.420887717330693,27.009796219742064,394.1734397481882,456.15713367962536,0.0
2.519,8.70322911935727,-1.1177135814723527,10.0,0.0,27.48914770022664,27.175565153207337,386.0785766829729,456.15713367962536,0.0
2.52,9.233955671975231,-0.8026066874320397,10.0,0.0,27.534899045327514,27.278220575185557,380.53717597160147,456.15713367962536,0.0
2.521,9.646088072844934,-0.6665670451260279,10.0,0.0,27.574527506402855,27.33515829090656,400.68036898412856,456.15713367962536,0.0
2.5220000000000002,9.78322812919561,-0.9230888802938484,10.0,0.0,27.64546469123429,27.379400998973132,408.22542711138107,456.15713367962536,0.0
2.523,9.789771659011636,-1.2997833555299252,10.0,0.0,27.752603602313528,27.426964766999912,428.3220513910989,456.15713367962536,0.0
2.524,9.704250249909293,-1.7348006503465765,10.0,0.0,27.89786995676499,27.489958839631367,438.106512121209,456.15713367962536,0.0
2.525,9.578307716192844,-2.1421698439111827,10.0,0.0,28.075369521378395,27.574178605062613,461.4284105524774,456.15713367962536,0.0
2.5260000000000002,9.388430481573845,-2.5658959556194154,3.192037281705927,0.0,28.28607728642583,26.938477521870645,466.07654487812624,456.15713367962536,0.0
2.527,8.7889380123747,-2.8067818675873966,0.7687760068964842,0.0,28.434404355848738,26.252983609722243,473.69835506965154,456.15713367962536,0.0
2.528,8.039807686572733,-2.9054935065650076,-3.2175413027664277,0.0,28.50779874828236,25.313018915562363,478.40681473562273,456.15713367962536,0.0
2.529,7.120729071550988,-2.870505302408988,-5.794267946311996,0.0,28.475021413209696,24.324420716762823,477.90532173528743,456.15713367962536,0.0
2.5300000000000002,6.163180185456273,-2.7209557298834977,-5.761003326700966,0.0,28.3305614208281,23.55697057024885,474.8857469608402,456.15713367962536,0.0
2.531,5.354258528020877,-2.531030412390447,-4.438502072289504,0.0,28.104406123834302,23.076367824394215,469.41148200602737,456.15713367962536,0.0
2.532,4.782586637973953,-2.358996978128009,-1.8339130781471047,0.0,27.835781657360467,22.94928429156801,462.60826091281047,456.15713367962536,0.0
2.533,4.511640781526905,-2.232229787522456,1.503186196129497,0.0,27.56908722762741,23.17316902091475,455.6765590227064,456.15713367962536,0.0
2.5340000000000003,4.549779672448694,-2.1650256933100507,4.973842887750727,0.0,27.34532593534502,23.68949234112321,448.2652874849378,456.15713367962536,0.0
2.535,4.86662058682624,-2.1405500490133416,8.758397118581895,0.0,27.193552824381204,24.478930486885492,447.2440747699884,456.15713367962536,0.0
2.536,5.436550653891274,-2.1457011113007347,9.358134065152964,0.0,27.13671221238458,25.142849130556296,448.01820708137944,456.15713367962536,0.0
2.537,6.023877056451919,-2.136632891285636,9.052457175439901,0.0,27.15089851113015,25.636163417715178,430.91749533749794,456.15713367962536,0.0
2.5380000000000003,6.578248102306767,-2.0202384419470802,10.0,0.0,27.20028490148999,26.13374383461305,425.5320445117847,456.15713367962536,0.0
2.539,7.173310343065076,-1.8136405524115655,10.0,0.0,27.2729288711481,26.517116284586656,416.15583715575826,456.15713367962536,0.0
2.54,7.703120224388679,-1.6296237846301205,10.0,0.0,27.358469823277147,26.817087421990696,404.0222488669661,456.15713367962536,0.0
2.541,8.264229864929723,-1.33109356422799,10.0,0.0,27.434455637367275,27.03919157922096,391.77967893908993,456.15713367962536,0.0
2.5420000000000003,8.76238611918778,-1.0895421292667544,10.0,0.0,27.501467930129714,27.19749781057424,386.1030232680425,456.15713367962536,0.0
2.543,9.288029010313116,-0.7784397759457202,10.0,0.0,27.54580387223553,27.29383549258722,381.4191579816184,456.15713367962536,0.0
2.544,9.685477823465009,-0.6626528295207768,10.0,0.0,27.58571444775852,27.34651006007403,397.90756389525586,456.15713367962536,0.0
2.545,9.780416884323705,-0.978083101261302,10.0,0.0,27.6627566218336,27.39143941980152,412.8369620393932,456.15713367962536,0.0
2.5460000000000003,9.794122394189108,-1.3323167737904151,10.0,0.0,27.77239891573473,27.439021845487158,425.7243732545464,456.15713367962536,0.0
2.547,9.695171303285267,-1.778532779707367,10.0,0.0,27.921376646739894,27.503831933092425,440.84720850947195,456.15713367962536,0.0
2.548,9.566945729665514,-2.1795588017236343,10.0,0.0,28.101588315767664,27.590174087226814,461.66242945715175,456.15713367962536,0.0
2.549,9.359269559821954,-2.6246662180649203,3.083765503955771,0.0,28.31736458888349,26.946679521232284,466.8178793224652,456.15713367962536,0.0
2.5500000000000003,8.761349667670782,-2.8412866004587314,0.3994331148706367,0.0,28.466590945988173,26.226692247748044,475.2437342967463,456.15713367962536,0.0
2.551,7.987209550729193,-2.9300836326674577,-4.00436037844112,0.0,28.53649740975299,25.21522859089133,478.8032628723776,456.15713367962536,0.0
2.552,7.027485230554795,-2.866104049289393,-6.010585958184294,0.0,28.49034113696198,24.233083341307896,477.92683823093836,456.15713367962536,0.0
2.553,6.064884824371948,-2.70062096789778,-5.790070682977795,0.0,28.33302262337244,23.485144726952225,474.57586292575445,456.15713367962536,0.0
2.5540000000000003,5.269400772015036,-2.5055091425996294,-4.298770322847132,0.0,28.0968346297374,23.03598325123291,468.8893451910622,456.15713367962536,0.0
2.555,4.724000663461955,-2.3344651266474874,-1.582833570615378,0.0,27.822485564392174,22.943998334283464,461.98877903799723,456.15713367962536,0.0
2.556,4.484794920795802,-2.212129647746545,1.8091330523333893,0.0,27.554626451366953,23.200592594104258,454.91783747609543,456.15713367962536,0.0
2.557,4.554201261063463,-2.1505462603527774,5.35699679531959,0.0,27.33366185780202,23.751060107283315,447.66002891986744,456.15713367962536,0.0
2.5580000000000003,4.903463641288957,-2.1297941880824567,9.070872121031162,0.0,27.188173580835688,24.559707259764263,447.39979552238935,456.15713367962536,0.0
2.559,5.494303419780458,-2.140960804964923,9.288562201342566,0.0,27.139534695393866,25.198248273045824,446.70404548772945,456.15713367962536,0.0
2.56,6.076865219625419,-2.1288510375780945,9.73096810059148,0.0,27.158170059243005,25.756385644371274,429.95635853441206,456.15713367962536,0.0
2.561,6.670467543995368,-2.012931129174806,10.0,0.0,27.21812553158927,26.22627162720929,426.07201643472246,456.15713367962536,0.0
2.562,7.260864659971009,-1.808443503548601,10.0,0.0,27.297739615249885,26.593466580490432,413.6511643132515,456.15713367962536,0.0
2.563,7.789332846899811,-1.6105972914131153,10.0,0.0,27.38639357879389,26.879675917407106,404.4656058407243,456.15713367962536,0.0
2.564,8.343671827646384,-1.3074205673866577,10.0,0.0,27.463432102153615,27.09043711097368,389.8307702430286,456.15713367962536,0.0
2.565,8.839846256347801,-1.0572529015751684,10.0,0.0,27.52935621653502,27.23879024016988,385.51164763566925,456.15713367962536,0.0
2.566,9.354797514723238,-0.7556375266060105,10.0,0.0,27.572847217809414,27.327217573750303,388.54145041650213,456.15713367962536,0.0
2.567,9.721919168666352,-0.6831109168834733,10.0,0.0,27.615870078994636,27.375917404750155,397.92325584191883,456.15713367962536,0.0
2.568,9.800778832083465,-1.0097383453885769,10.0,0.0,27.696114920394088,27.419046192332083,414.43304243675357,456.15713367962536,0.0
2.569,9.79452668403071,-1.3838543351172747,10.0,0.0,27.810534640996888,27.46736291821574,428.4282601585208,456.15713367962536,0.0
2.57,9.68822859951645,-1.8301764029459584,10.0,0.0,27.963698329691656,27.533920211387354,442.7879932478917,456.15713367962536,0.0
2.571,9.55103679121379,-2.234481418183416,10.0,0.0,28.148211709831962,27.623166262179428,464.6743991624217,456.15713367962536,0.0
2.572,9.33999795080825,-2.673589883957068,1.5664938338450902,0.0,28.367457238120142,26.816095721990877,468.3271684075435,456.15713367962536,0.0
2.573,8.654929474175113,-2.850726915718959,-0.3815911359949995,0.0,28.499165148396724,26.054949647654723,475.6374656255815,456.15713367962536,0.0
2.574,7.836418993338769,-2.9071206828915495,-4.231543064473555,0.0,28.5460196042834,25.062260577471264,478.8011300500537,456.15713367962536,0.0
2.575,6.876620780437931,-2.832900602941524,-6.039815240413932,0.0,28.480191561096845,24.11050813843689,477.537884937593,456.15713367962536,0.0
2.576,5.936559885564991,-2.6664050393489833,-5.6220001967632545,0.0,28.30819876712982,23.4051992318553,473.87724995188705,456.15713367962536,0.0
2.577,5.177039811458425,-2.476447772676859,-3.9688838666329014,0.0,28.063644018203338,23.005033181615993,467.97891243288564,456.15713367962536,0.0
2.578,4.673007194758644,-2.316266389350884,-1.1379328946647966,0.0,27.78780775964642,22.96315009221906,461.04607686894303,456.15713367962536,0.0
2.579,4.478816548661142,-2.202134340204978,2.279595455413329,0.0,27.524414106432722,23.261810939598774,453.98390477294237,456.15713367962536,0.0
2.58,4.586892525133603,-2.1493820015502014,5.832413792480492,0.0,27.3125644665178,23.847070806622792,447.1938616090281,456.15713367962536,0.0
2.581,4.970995803043551,-2.130737447171181,9.317068095143602,0.0,27.17890239970163,24.65923291206984,447.77608184816347,456.15713367962536,0.0
2.582,5.573735528534673,-2.1443281457436703,9.109768493890531,0.0,27.141504172498543,25.25670276410116,444.25292919625684,456.15713367962536,0.0
2.583,6.1406620396820735,-2.1230625485874226,10.0,0.0,27.165117630545986,25.834349750922318,427.63478054978066,456.15713367962536,0.0
2.584,6.750068624894621,-1.9919092678392205,10.0,0.0,27.229920236560062,26.286325610543095,426.35969360063274,456.15713367962536,0.0
2.585,7.332104580111731,-1.7899981009253882,10.0,0.0,27.31254147238176,26.641654255581443,410.97750445756276,456.15713367962536,0.0
2.586,7.864812700663357,-1.5746499903346929,10.0,0.0,27.400764268629295,26.916934625989626,404.8859702667985,456.15713367962536,0.0
2.587,8.409608888733553,-1.2786336043611621,10.0,0.0,27.477284500941707,27.118908739499524,387.84254508965506,456.15713367962536,0.0
2.588,8.910590155209771,-1.0155434813450483,10.0,0.0,27.540370371701833,27.25867748745802,384.0723725930136,456.15713367962536,0.0
2.589,9.413007431530577,-0.7313141803950121,10.0,0.0,27.582490208307444,27.340521859966124,387.51887141233107,456.15713367962536,0.0
2.59,9.732736524234173,-0.7331544753048895,10.0,0.0,27.631627223952908,27.3882477514498,400.04518202102264,456.15713367962536,0.0
2.591,9.80464834831744,-1.0590594950949361,10.0,0.0,27.71645427640999,27.431401745627532,415.63957985713046,456.15713367962536,0.0
2.592,9.790143808835701,-1.4333383681083403,10.0,0.0,27.835025648872705,27.481037663217023,431.21865194964244,456.15713367962536,0.0
2.593,9.673414844414701,-1.8849106730531546,10.0,0.0,27.992633640661907,27.550262266985335,444.8024640441326,456.15713367962536,0.0
2.594,9.529126711276444,-2.2898149316284773,10.0,0.0,28.18142703904285,27.643029614556728,467.45933719267447,456.15713367962536,0.0
2.595,9.315779606754235,-2.7214602899512053,0.15749456970170073,0.0,28.404049779172592,26.684749270042328,469.7345664808687,456.15713367962536,0.0
2.596,8.549420375751094,-2.862258498749753,-1.1158944024078457,0.0,28.519753560222526,25.885077545728393,475.8516561617517,456.15713367962536,0.0
2.597,7.689692001565376,-2.887525522946615,-4.371384467670608,0.0,28.54529118130974,24.918479883343437,478.6894597357546,456.15713367962536,0.0
2.598,6.734558087920767,-2.804089002061338,-6.0156095152333595,0.0,28.462184586510386,23.999253341485463,477.1156972164416,456.15713367962536,0.0
2.599,5.819086052632012,-2.6371817389011305,-5.438313890945025,0.0,28.277940563266412,23.33473414822603,473.1050068020748,456.15713367962536,0.0
2.6,5.094315885784341,-2.4525676169786212,-3.60244741498611,0.0,28.027030542241008,22.984984826081085,467.0573720204137,456.15713367962536,0.0
2.601,4.633469563915942,-2.2997841888957407,-0.6876324075634495,0.0,27.75127655523376,22.990835813842054,460.25064023495696,456.15713367962536,0.0
2.602,4.481267241527378,-2.1953211830928168,2.6747984196116086,0.0,27.493719969345833,23.32137933728528,453.0099352967111,456.15713367962536,0.0
2.603,4.622563771013272,-2.1481173263273288,6.326622872563686,0.0,27.29082560020486,23.944124589881046,446.67645754960046,456.15713367962536,0.0
2.604,5.041000903214366,-2.1310298714591815,9.588168507419253,0.0,27.169087611769726,24.761942536360458,448.304781291196,456.15713367962536,0.0
2.605,5.6583984858392995,-2.144324651430226,8.852530160505786,0.0,27.142938517171533,25.30853985207265,441.9187559493897,456.15713367962536,0.0
2.606,6.205442523943357,-2.111708336659635,10.0,0.0,27.170343321179896,25.877439724202098,425.83439533589217,456.15713367962536,0.0
2.607,6.815693844785729,-1.9589878438424657,10.0,0.0,27.235424540938197,26.319058186212885,425.86789636802683,456.15713367962536,0.0
2.608,7.387510378350057,-1.7623369195559018,10.0,0.0,27.318055088178383,26.666225618514765,408.8573226472613,456.15713367962536,0.0
2.609,7.925828173280447,-1.5330598898542767,10.0,0.0,27.40388535990044,26.93344257020378,404.5080048806255,456.15713367962536,0.0
2.61,8.462053136405716,-1.2489903848191892,10.0,0.0,27.478899424362346,27.128919285901624,386.5208044905326,456.15713367962536,0.0
2.611,8.97290579989529,-0.9697173524155591,10.0,0.0,27.538080415433786,27.26151819312327,379.3711561779912,456.15713367962536,0.0
2.612,9.461544742487767,-0.7083987123167189,10.0,0.0,27.57865087803342,27.338133551679622,389.64320645656335,456.15713367962536,0.0
2.613,9.754205951491667,-0.7501190390611536,10.0,0.0,27.630028252571606,27.383838077075794,401.5089828948331,456.15713367962536,0.0
2.614,9.801472731140304,-1.1059653667976066,10.0,0.0,27.71956423497915,27.427837153714858,418.324337724025,456.15713367962536,0.0
2.615,9.778915164434965,-1.4829647994303312,10.0,0.0,27.842458001122083,27.479343921064842,432.26446205062797,456.15713367962536,0.0
2.616,9.65483565932465,-1.9358390553312557,10.0,0.0,28.00425924120849,27.551412558189206,446.57403007142426,456.15713367962536,0.0
2.617,9.505171917662445,-2.3389837245619898,10.0,0.0,28.196904392055075,27.647676672141507,468.955125689531,456.15713367962536,0.0
2.618,9.285152606130106,-2.7716104145029252,-0.6002952111182172,0.0,28.423468928413413,26.610251903412184,470.9000921541549,456.15713367962536,0.0
2.619,8.476534872035893,-2.8863605867070006,-1.7202080281754712,0.0,28.531930786306035,25.768786365061533,476.3713591407788,456.15713367962536,0.0
2.62,7.5827654054566755,-2.887079604233602,-4.657983776098957,0.0,28.544331494780202,24.800585826216977,478.7080131253876,456.15713367962536,0.0
2.621,6.619992719191428,-2.7877889113896286,-6.051819562860981,0.0,28.447742912134416,23.903468533863098,476.8820758947957,456.15713367962536,0.0
2.622,5.719564357385686,-2.6131983313463083,-5.346100369716748,0.0,28.252889401641482,23.267390974529484,472.56295068813694,456.15713367962536,0.0
2.623,5.01935207438442,-2.4286303380653824,-3.3505959364724722,0.0,27.995356912804006,22.95590318331745,466.2392544903936,456.15713367962536,0.0
2.624,4.591298256244279,-2.280293144322073,-0.28956904570848163,0.0,27.71795748235013,23.006652633159874,459.3489481429965,456.15713367962536,0.0
2.625,4.477089871189181,-2.183269610986775,3.12366598335635,0.0,27.464183723196424,23.37771516343681,451.9014126335108,456.15713367962536,0.0
2.626,4.654714080082261,-2.1435838074222477,6.889990948560347,0.0,27.269498389927044,24.04577671382369,446.2675256027775,456.15713367962536,0.0
2.6270000000000002,5.112492997373669,-2.130920580499022,9.805830544695485,0.0,27.16009164809737,24.86206324295465,448.7672091532011,456.15713367962536,0.0
2.628,5.739007124907195,-2.149559508468378,8.629888014747909,0.0,27.14543114770963,25.362929605878183,439.06828597470314,456.15713367962536,0.0
2.629,6.273359911095426,-2.097837427488513,10.0,0.0,27.17644751546554,25.92220136094242,425.0909520218766,456.15713367962536,0.0
2.63,6.883328956719925,-1.9254466319042431,10.0,0.0,27.241843655247813,26.353193390266494,424.88315945234626,456.15713367962536,0.0
2.6310000000000002,7.442316090577675,-1.7380173615359578,10.0,0.0,27.324906072199592,26.69223693636828,407.14856939983844,456.15713367962536,0.0
2.632,7.987709825871679,-1.492116130830393,10.0,0.0,27.408391759392444,26.951278930011302,404.1650283817056,456.15713367962536,0.0
2.633,8.51444041397897,-1.22091676208594,10.0,0.0,27.482060158975486,27.14027886567045,385.89157943682056,456.15713367962536,0.0
2.634,9.033454213440974,-0.9278827436070767,10.0,0.0,27.53773996382089,27.265921435662232,374.8568612744165,456.15713367962536,0.0
2.6350000000000002,9.51840985544709,-0.6720631988191252,10.0,0.0,27.57520623543906,27.336412746513325,395.4217275791813,456.15713367962536,0.0
2.636,9.763028287809885,-0.7863488196823756,10.0,0.0,27.631104624723356,27.38154308230129,402.7200775380529,456.15713367962536,0.0
2.637,9.805153575786704,-1.14033050898434,10.0,0.0,27.723721338272604,27.425562626085053,422.7617358507626,456.15713367962536,0.0
2.638,9.75111543465944,-1.5606009869388773,10.0,0.0,27.854168270527275,27.480807335249132,431.90373328134405,456.15713367962536,0.0
2.6390000000000002,9.647734791933685,-1.967092244648067,10.0,0.0,28.01760631404136,27.554403756010828,455.21543461623713,456.15713367962536,0.0
2.64,9.473302463189512,-2.401186039285684,6.332694352676858,0.0,28.21574560011326,27.25173446757683,461.482474190665,456.15713367962536,0.0
2.641,9.059179391996668,-2.7272640815468416,3.14592116035252,0.0,28.395331675436903,26.72908325645475,471.92755035977075,456.15713367962536,0.0
2.642,8.447207001132393,-2.91591266129148,-2.2343210910017994,0.0,28.52218458546529,25.779872590534637,478.49395586144556,456.15713367962536,0.0
2.6430000000000002,7.5561334108463685,-2.9280619804360732,-5.740892063657405,0.0,28.540881077207267,24.698246268753632,478.8831577516906,456.15713367962536,0.0
2.644,6.542996138287065,-2.791318792061086,-6.162753249500574,0.0,28.434382043684263,23.817847571687395,476.55944640231263,456.15713367962536,0.0
2.645,5.639009720756652,-2.5983345449442043,-5.204920702038468,0.0,28.23063220850783,23.2137261662575,471.97383677199804,456.15713367962536,0.0
2.646,4.957438638373682,-2.411038821287156,-3.0702829178048976,0.0,27.968172529174943,22.940806703530843,465.45355443566496,456.15713367962536,0.0
2.6470000000000002,4.560144366598447,-2.2651389724952775,0.09689404280124769,0.0,27.690490845372146,23.03286296603934,458.5424209512892,456.15713367962536,0.0
2.648,4.4807181395313505,-2.1742629991104563,3.528607912272479,0.0,27.44124559761606,23.43852613221211,450.8314231238985,456.15713367962536,0.0
2.649,4.690407009901376,-2.140135951868327,7.437363931525104,0.0,27.25464597579008,24.150484442403712,446.6542890149827,456.15713367962536,0.0
2.65,5.18415679028688,-2.1327907738977627,9.62095943262944,0.0,27.157435448061513,24.921479317183785,449.1533379473913,456.15713367962536,0.0
2.6510000000000002,5.8001874273963585,-2.143138705310247,8.441472923747462,0.0,27.14825718481888,25.391248308446748,436.6095600096911,456.15713367962536,0.0
2.652,6.323205725807265,-2.072038074790247,10.0,0.0,27.1790490983555,25.944983711281658,424.7541437242395,456.15713367962536,0.0
2.653,6.932752128144942,-1.887480380598643,10.0,0.0,27.24254502076606,26.36901957315118,423.6338413095486,456.15713367962536,0.0
2.654,7.48448859740654,-1.7079991897875177,10.0,0.0,27.32419758307521,26.702405893479394,405.38635148009377,456.15713367962536,0.0
2.6550000000000002,8.038222593016567,-1.4493937011465583,10.0,0.0,27.404371729343875,26.955225463181222,401.4622722881233,456.15713367962536,0.0
2.656,8.556513203476417,-1.1938696365142105,10.0,0.0,27.47628882573271,27.139305863345236,385.8872430153761,456.15713367962536,0.0
2.657,9.085066475374404,-0.8879517971936894,10.0,0.0,27.528326530820127,27.259211979327567,372.9101387199391,456.15713367962536,0.0
2.658,9.572663657206563,-0.6288118837738086,10.0,0.0,27.56170486491405,27.323981096937842,395.88150415315204,456.15713367962536,0.0
2.6590000000000003,9.752992897265393,-0.8427376828439552,10.0,0.0,27.62434551439152,27.370650891608335,405.7744906672876,456.15713367962536,0.0
2.66,9.804866426225626,-1.1726872586862989,10.0,0.0,27.719544273740247,27.41501497597448,420.1607303053392,456.15713367962536,0.0
2.661,9.73549662532129,-1.6082440530768638,10.0,0.0,27.854271317215265,27.472611941227978,434.7008921003667,456.15713367962536,0.0
2.662,9.630101295054065,-2.008323571988775,10.0,0.0,28.020938532004536,27.548821702623965,454.48692907911925,456.15713367962536,0.0
2.6630000000000003,9.440934918188729,-2.458320102703433,6.706862655330488,0.0,28.22405882464397,27.29158644959816,463.07658122920697,456.15713367962536,0.0
2.664,9.052889715589918,-2.7743455104176182,2.3428421047908135,0.0,28.411406392258293,26.67406917254342,473.82179587773953,456.15713367962536,0.0
2.665,8.390195869829586,-2.9486924400159373,-3.206411841456611,0.0,28.53428538358438,25.639276522381415,478.20461038057636,456.15713367962536,0.0
2.666,7.445835602490761,-2.9207457607277334,-5.618293859884533,0.0,28.536579606743985,24.607689244753296,478.77852642389183,456.15713367962536,0.0
2.6670000000000003,6.443714190879321,-2.776054181160834,-6.131465808984936,0.0,28.419849072865325,23.747949775591053,476.3721313019807,456.15713367962536,0.0
2.668,5.558428061303505,-2.5805834381123285,-5.130418224252916,0.0,28.208762779518644,23.165118413905912,471.32742207947666,456.15713367962536,0.0
2.669,4.898297654431902,-2.3936669839739864,-2.7597664969994167,0.0,27.941895876813387,22.93398425666531,464.6437106305683,456.15713367962536,0.0
2.67,4.5345998652056085,-2.2514934995850595,0.4972234579453314,0.0,27.6648323299132,23.0672446553958,457.7695221218535,456.15713367962536,0.0
2.6710000000000003,4.490402662600348,-2.1675283746351885,3.9181938278804394,0.0,27.420986748675475,23.504434215100947,450.2036139399453,456.15713367962536,0.0
2.672,4.731665845631755,-2.1365134194638054,7.760683116231361,0.0,27.242672687712684,24.235003456571555,446.9327530971829,456.15713367962536,0.0
2.673,5.24639100576239,-2.1320954363099593,9.488357343436974,0.0,27.155071128398024,24.972096504123876,449.6291662807082,456.15713367962536,0.0
2.674,5.854860499258902,-2.1328779834726683,8.205430425663497,0.0,27.150069289789514,25.406536995079048,434.6079622028126,456.15713367962536,0.0
2.6750000000000003,6.363932572404221,-2.0443298745654683,10.0,0.0,27.179263566685943,25.95735194232158,424.43619408821087,456.15713367962536,0.0
2.676,6.972976629904296,-1.8503213731781079,10.0,0.0,27.240164456553437,26.376155001192586,421.92049682276945,456.15713367962536,0.0
2.677,7.520776769561056,-1.6762757098633174,10.0,0.0,27.319650625370542,26.705000268375997,404.39576718579326,456.15713367962536,0.0
2.678,8.082490203153634,-1.407694430284326,10.0,0.0,27.396269219903736,26.952599149424167,398.89922159930546,456.15713367962536,0.0
2.6790000000000003,8.596045760772189,-1.1633238821044114,10.0,0.0,27.465790895584416,27.132226024818717,385.62400721775913,456.15713367962536,0.0
2.68,9.129902550135688,-0.8523892241491038,10.0,0.0,27.51456398434321,27.24725368898808,379.20902168983787,456.15713367962536,0.0
2.681,9.605225523087604,-0.6163069566576604,10.0,0.0,27.547102827798533,27.308708936485314,392.1565597181601,456.15713367962536,0.0
2.682,9.755627055579394,-0.8719341228104935,10.0,0.0,27.6130131226098,27.355481604733786,408.9598909443043,456.15713367962536,0.0
2.6830000000000003,9.796082535874424,-1.2131415144986673,10.0,0.0,27.71198619618894,27.40122194813099,420.1073786055022,456.15713367962536,0.0
2.684,9.720491105403791,-1.6502114089505964,10.0,0.0,27.850301611222722,27.46100517670111,437.0487376423876,456.15713367962536,0.0
2.685,9.610545879991149,-2.0487699473706256,10.0,0.0,28.020234547891828,27.539979684408284,454.950697044832,456.15713367962536,0.0
2.686,9.41411729677229,-2.502328446415495,6.472026151456649,0.0,28.22697749117547,27.26048060357183,464.26200717577797,456.15713367962536,0.0
2.6870000000000003,9.011168747792857,-2.8079775103537803,1.7353223510221376,0.0,28.414182044089866,26.586208100140574,474.62379374331016,456.15713367962536,0.0
2.688,8.313819991499964,-2.9615298047379595,-3.6302375333808072,0.0,28.529073153112577,25.52791763076632,478.27480346201304,456.15713367962536,0.0
2.689,7.348207165924732,-2.9153657710734966,-5.676919090556124,0.0,28.520032537648646,24.514709870036864,478.53236100542006,456.15713367962536,0.0
2.69,6.352666143520344,-2.7622606920705413,-6.02945013551758,0.0,28.39419528930449,23.68346060866868,475.9970997076654,456.15713367962536,0.0
2.691,5.48839744026072,-2.565531449030266,-4.960219146920665,0.0,28.177707673713535,23.129007414932687,470.7057243858418,456.15713367962536,0.0
2.692,4.853799492253307,-2.3803857684315863,-2.460017393071011,0.0,27.90902476787263,22.93384374929691,463.9455589987196,456.15713367962536,0.0
2.693,4.520669067679409,-2.242382912742891,0.8421810472991389,0.0,27.63436492873246,23.099866337765903,457.04788878394606,456.15713367962536,0.0
2.694,4.505585000555585,-2.16402746903191,4.282108603642703,0.0,27.396534262101884,23.565518673405936,449.4501628314392,456.15713367962536,0.0
2.695,4.773209542518643,-2.1369946859774087,8.14804128837801,0.0,27.226861843999487,24.32208648828919,446.86512832141676,456.15713367962536,0.0
2.696,5.311399897411485,-2.135697054036695,9.533478596971301,0.0,27.14994103751271,25.043244363353203,449.2619475497426,456.15713367962536,0.0
2.697,5.9194156179951705,-2.1338146081424885,8.404020844107203,0.0,27.152634006452065,25.484999818645882,433.3379215863326,456.15713367962536,0.0
2.698,6.438485530704267,-2.035507761509022,10.0,0.0,27.188438295356026,26.01868377678791,424.37596846354194,456.15713367962536,0.0
2.699,7.0437206394506635,-1.8339332000222468,10.0,0.0,27.252840417886567,26.42523481361219,420.33510876155106,456.15713367962536,0.0
2.7,7.58369273229277,-1.6590185990108322,10.0,0.0,27.334232571350093,26.744226379881933,403.9288612770687,456.15713367962536,0.0
2.701,8.1463651427389,-1.3788400607348814,10.0,0.0,27.410314172893997,26.98296376065039,396.49211602874584,456.15713367962536,0.0
2.702,8.65350820760484,-1.1378813439716802,10.0,0.0,27.478957678899178,27.155276550465615,385.66821132506516,456.15713367962536,0.0
2.703,9.187022728116085,-0.823405161187424,10.0,0.0,27.525785320346728,27.263607245292242,383.3811155822577,456.15713367962536,0.0
2.704,9.624404849902543,-0.6487910164746391,10.0,0.0,27.56270047304161,27.323010746589574,394.7826430419629,456.15713367962536,0.0
2.705,9.780266518225119,-0.8835498817369816,10.0,0.0,27.62943407722273,27.367394450729037,407.5353877556338,456.15713367962536,0.0
2.706,9.78006705487919,-1.282025940652114,10.0,0.0,27.735417469227716,27.41559370252394,424.17276297872974,456.15713367962536,0.0
2.707,9.727590687336232,-1.6692539803608417,10.0,0.0,27.874232770990517,27.475341774136126,439.3443288875411,456.15713367962536,0.0
2.708,9.578453094633593,-2.124539415806775,10.0,0.0,28.051350467240226,27.55887694028523,452.7235271054389,456.15713367962536,0.0
2.709,9.405827339138625,-2.5278999272194898,7.621138023324638,0.0,28.25892671238079,27.40759299918753,472.3837070316746,456.15713367962536,0.0
2.71,9.044159960333895,-2.8869750422494347,-2.371217673313697,0.0,28.466081596436705,26.254881723963756,473.9215792780908,456.15713367962536,0.0
2.711,8.131713368697566,-2.925974565443237,-3.317798252506458,0.0,28.53794906096567,25.33070920921508,477.38751962412255,456.15713367962536,0.0
2.712,7.1694272033593345,-2.8631072013092784,-5.263072284967302,0.0,28.502907122280195,24.39835336688625,478.11870817756204,456.15713367962536,0.0
2.713,6.220863807202615,-2.7245352569569135,-5.848282306666416,0.0,28.36351955299297,23.60552766478332,475.3899189131995,456.15713367962536,0.0
2.714,5.39830817719696,-2.5388282268131066,-4.676215526820884,0.0,28.13974611655188,23.093820707301003,469.9871992966837,456.15713367962536,0.0
2.715,4.804603592555745,-2.363461519092742,-2.1131563747335615,0.0,27.86974606045886,22.938204888864448,463.203527156884,456.15713367962536,0.0
2.716,4.509376739004372,-2.233309242649682,1.2082157603937045,0.0,27.59862134479996,23.137408898049614,456.2794817936503,456.15713367962536,0.0
2.717,4.525894198002492,-2.1621160494691267,4.6690149608702995,0.0,27.367999773140028,23.632285036426204,448.7766242956747,456.15713367962536,0.0
2.718,4.822737844044951,-2.1365920602519006,8.494248803697598,0.0,27.20783226560166,24.4082915080307,446.9328912511549,456.15713367962536,0.0
2.719,5.38007183638273,-2.139149086709449,9.508357750242206,0.0,27.141818668780086,25.105641924715815,448.8005832748131,456.15713367962536,0.0
2.72,5.981008510273819,-2.135383979086302,8.648077242461225,0.0,27.15170174120606,25.561354300524265,431.829730012971,456.15713367962536,0.0
2.721,6.513695837571689,-2.025095476143255,10.0,0.0,27.194073659722772,26.077211815137677,424.8540687616311,456.15713367962536,0.0
2.722,7.114065652846951,-1.8182927406378957,10.0,0.0,27.262148721973,26.471487736158743,418.0289302369948,456.15713367962536,0.0
2.723,7.6476450913931036,-1.6404116907952653,10.0,0.0,27.34534498197268,26.780453531215393,403.7553090475024,456.15713367962536,0.0
2.724,8.210548497536845,-1.349701655653687,10.0,0.0,27.4209189021109,27.010258792476005,393.73498617948053,456.15713367962536,0.0
2.725,8.712629561604068,-1.1097752871301156,10.0,0.0,27.48843115617518,27.17504103663841,385.9230152176678,456.15713367962536,0.0
2.726,9.243435065330601,-0.7953908103752769,10.0,0.0,27.53348738049148,27.27672848702176,379.83757106051905,456.15713367962536,0.0
2.727,9.652208303072044,-0.6653953740113661,10.0,0.0,27.573051074182004,27.333095813684118,400.6667359890787,456.15713367962536,0.0
2.728,9.776562587745138,-0.9419932220229548,10.0,0.0,27.646020848814622,27.37819153811265,409.2839642401367,456.15713367962536,0.0
2.729,9.791228202945243,-1.3032709967454918,10.0,0.0,27.753177795166202,27.425704992736325,426.31948503165495,456.15713367962536,0.0
2.73,9.700263613946742,-1.7451004685937166,10.0,0.0,27.899358856501077,27.48933555747463,439.20522194781296,456.15713367962536,0.0
2.731,9.575309737841266,-2.1489352512554296,10.0,0.0,28.077288399550582,27.574056452354196,460.9594909566533,456.15713367962536,0.0
2.732,9.37574064258269,-2.587887408188574,3.4316566888647406,0.0,28.29014346721913,26.966283509543274,465.7350427806501,456.15713367962536,0.0
2.733,8.7975645353101,-2.8186389100840956,0.948101685856118,0.0,28.44192887747891,26.294669431408106,474.4274671719098,456.15713367962536,0.0
2.734,8.055224675101064,-2.9256063739923537,-3.5808138446966007,0.0,28.520833244910154,25.307925767331994,478.68259292054665,456.15713367962536,0.0
2.735,7.115567471439549,-2.8784225832141597,-5.933631311424228,0.0,28.48691291756597,24.310165034172762,478.05145331387877,456.15713367962536,0.0
2.736,6.147175709512017,-2.7199599941290735,-5.837004704432818,0.0,28.339649502748706,23.54007196480679,474.93843290782274,456.15713367962536,0.0
2.737,5.334385960429527,-2.524959540942068,-4.468307493686781,0.0,28.11023769851685,23.061575242787637,469.3466295857825,456.15713367962536,0.0
2.738,4.763989795644596,-2.350669750893815,-1.8043007917282416,0.0,27.838695530132828,22.941956458290704,462.4783089219457,456.15713367962536,0.0
2.739,4.498906614281145,-2.2239127893198467,1.5666477877669607,0.0,27.57014533226485,23.17476480043208,455.5091156702513,456.15713367962536,0.0
2.74,4.544869584381862,-2.1582022806029055,5.057724593707919,0.0,27.345770402054693,23.70003949290637,448.12865700646,456.15713367962536,0.0
2.741,4.870284106464374,-2.1351734505654627,8.828238692335209,0.0,27.194484367896038,24.494859038173733,447.2639240834242,456.15713367962536,0.0
2.742,5.44632370186769,-2.142109598016837,9.349537249815137,0.0,27.138802156200008,25.154595515561486,447.8398598324933,456.15713367962536,0.0
2.743,6.033934129094838,-2.133189384914266,9.1447421137519,0.0,27.153611228496555,25.656172922458133,430.64642041500383,456.15713367962536,0.0
2.744,6.594744910987804,-2.0158870887204863,10.0,0.0,27.20428308380282,26.14938673300675,425.6185586307602,456.15713367962536,0.0
2.745,7.189322623085932,-1.8097403057244064,10.0,0.0,27.277706011465682,26.529998328656774,415.5649282227314,456.15713367962536,0.0
2.746,7.719236610719453,-1.6237404511845224,10.0,0.0,27.363449289757845,26.827546295989382,404.0617684310893,456.15713367962536,0.0
2.747,8.27999732318354,-1.3239816580755501,10.0,0.0,27.43925956825747,27.047529255923237,391.27238263124724,456.15713367962536,0.0
2.748,8.778051628480041,-1.0812641984567444,10.0,0.0,27.505785782273534,27.20391658125569,386.05763468086354,456.15713367962536,0.0
2.749,9.302137252446343,-0.7718778519009866,10.0,0.0,27.54969278389629,27.298648919873184,382.8576029660744,456.15713367962536,0.0
2.75,9.694893397035651,-0.6629269807296695,10.0,0.0,27.58979158685522,27.350336405126036,397.43501692819126,456.15713367962536,0.0
2.751,9.783715980275039,-0.985399783558822,10.0,0.0,27.66761077506649,27.395022099439057,413.48319378421587,456.15713367962536,0.0
2.7520000000000002,9.79321789581088,-1.3440462807059186,10.0,0.0,27.778343000545796,27.442864158265348,426.04974492114445,456.15713367962536,0.0
2.753,9.693062361275931,-1.7896985077196723,10.0,0.0,27.928221489359867,27.508107361711147,441.5374593267911,456.15713367962536,0.0
2.754,9.563270801799646,-2.190748771167364,10.0,0.0,28.109295456346217,27.595089609890827,461.9108527305701,456.15713367962536,0.0
2.755,9.353543576293898,-2.636864042658436,2.959841679002836,0.0,28.326022428681416,26.938835693852333,467.1614803357178,456.15713367962536,0.0
2.7560000000000002,8.748658229195973,-2.84851601367464,0.2244844098680847,0.0,28.47427187627614,26.20383226618209,475.5126296823536,456.15713367962536,0.0
2.757,7.9644123274802725,-2.9313460431781673,-4.144645223477095,0.0,28.541190819879585,25.184121634779455,478.8654714702839,456.15713367962536,0.0
2.758,6.998259158244452,-2.8616651189529283,-6.048149495348852,0.0,28.490953604022607,24.205814176903782,477.87846353615913,456.15713367962536,0.0
2.759,6.036889777603046,-2.693752218560718,-5.771858826851794,0.0,28.330135754162875,23.465829859661568,474.43308759884167,456.15713367962536,0.0
2.7600000000000002,5.2472990791848275,-2.498677458755693,-4.231930397385225,0.0,28.091622162990262,23.027632692733537,468.70730264563946,456.15713367962536,0.0
2.761,4.710579783755349,-2.329562384468429,-1.4945396104442619,0.0,27.816488303668564,22.94626080116295,461.77785843483036,456.15713367962536,0.0
2.762,4.481166262790556,-2.208658082261046,1.913975247408235,0.0,27.54912231862203,23.212943733663458,454.7116972565181,456.15713367962536,0.0
2.763,4.5596162969842045,-2.1491187026836003,5.461510200795436,0.0,27.329820936598754,23.77144183173237,447.54254091140024,456.15713367962536,0.0
2.7640000000000002,4.917039074853401,-2.1290233445221967,9.132234301036622,0.0,27.186684406982724,24.581932278061057,447.47384882198156,456.15713367962536,0.0
2.765,5.511226085130061,-2.141200809510594,9.253413194322398,0.0,27.14045104969151,25.211896120702548,446.2020960408928,456.15713367962536,0.0
2.766,6.090932779635843,-2.1273142987271827,9.988839961254106,0.0,27.160188121557493,25.796099532487528,429.6390683306393,456.15713367962536,0.0
2.767,6.698486134066959,-2.01333800524843,10.0,0.0,27.223973300240555,26.25669584483098,426.29158582765507,456.15713367962536,0.0
2.7680000000000002,7.287683375524017,-1.8094175669987909,10.0,0.0,27.306148107016977,26.618763280404963,413.045997147158,456.15713367962536,0.0
2.769,7.815842399044522,-1.6064742715923992,10.0,0.0,27.396027618560947,26.900635932926505,404.65996372291653,456.15713367962536,0.0
2.77,8.366987834133472,-1.3028196977221724,10.0,0.0,27.473733874031023,27.10796486372572,389.4371187719715,456.15713367962536,0.0
2.771,8.862451246499392,-1.049483713046059,10.0,0.0,27.53957198445834,27.25334200598264,385.228104443801,456.15713367962536,0.0
2.7720000000000002,9.373853619278652,-0.7506599447842408,10.0,0.0,27.58302674340657,27.339465618174557,389.8883857511465,456.15713367962536,0.0
2.773,9.727904257549307,-0.6974029937818647,10.0,0.0,27.62787836075153,27.387490798560123,398.4561754048578,456.15713367962536,0.0
2.774,9.807947647410888,-1.017669034671688,10.0,0.0,27.708809168408457,27.429934356139558,418.91439089927985,456.15713367962536,0.0
2.775,9.783855892275076,-1.418595452013879,10.0,0.0,27.826790496556384,27.479677165690298,427.11810595119397,456.15713367962536,0.0
2.7760000000000002,9.69726994911586,-1.8273938696505554,10.0,0.0,27.97890653461119,27.545527363296912,450.4380744660039,456.15713367962536,0.0
2.777,9.541189051674243,-2.260158977242454,8.75268257088048,0.0,28.165912166279927,27.49910226703219,458.0842454144951,456.15713367962536,0.0
2.778,9.268153283965713,-2.656787541301438,4.910325979286181,0.0,28.368876216125884,27.094307318250145,470.03293758017634,456.15713367962536,0.0
2.779,8.76205082244998,-2.9092621834063026,-1.2027781425599402,0.0,28.5348702911,26.169211294933415,478.3282083257557,456.15713367962536,0.0
2.7800000000000002,7.908727230192824,-2.9647679547878782,-5.572124261810937,0.0,28.595336244675945,25.02253182007976,479.44584930925157,456.15713367962536,0.0
2.781,6.862607167724949,-2.84161701059576,-6.363831909855122,0.0,28.520985993833975,24.059712478925604,477.73849843217937,456.15713367962536,0.0
2.782,5.889607405684856,-2.6516602429543092,-5.725970118844561,0.0,28.33812509896216,23.36039069349401,473.9028343775268,456.15713367962536,0.0
2.783,5.12495403142245,-2.4539034882095283,-3.985595098497291,0.0,28.083764439688842,22.972159504994945,467.8623333192247,456.15713367962536,0.0
2.7840000000000003,4.628902349295508,-2.2930568940951725,-1.0823965657422434,0.0,27.80030116968783,22.94618260910938,460.85849527958777,456.15713367962536,0.0
2.785,4.448805019087904,-2.1819991965899592,2.3725088380766053,0.0,27.53197865631394,23.260314874406358,453.7162446361248,456.15713367962536,0.0
2.786,4.57230396654146,-2.133468682909116,5.968043050243083,0.0,27.317673841277283,23.861775513614404,447.0217785890915,456.15713367962536,0.0
2.787,4.972581891507654,-2.1185088983155564,9.406629624665072,0.0,27.183785300496613,24.681153206191,447.841314691372,456.15713367962536,0.0
2.7880000000000003,5.585491266528497,-2.1356187398043573,9.080019763407357,0.0,27.14725506346138,25.271474072946656,443.5210987726343,456.15713367962536,0.0
2.789,6.153604122539818,-2.114140394037767,10.0,0.0,27.170876220356014,25.84721043354996,426.9410183631193,456.15713367962536,0.0
2.79,6.766570756495859,-1.9782616597050628,10.0,0.0,27.234977020302587,26.296790270241424,426.1479908314456,456.15713367962536,0.0
2.791,7.347383708504626,-1.779038304880574,10.0,0.0,27.31706994223628,26.650062444876987,410.30107953587645,456.15713367962536,0.0
2.7920000000000003,7.8834784016003825,-1.5592637572180204,10.0,0.0,27.404097822745527,26.92305440752191,404.80963046970953,456.15713367962536,0.0
2.793,8.42615283789484,-1.2676829151766955,10.0,0.0,27.479845964320425,27.123116720891854,387.306437965289,456.15713367962536,0.0
2.794,8.930795177503336,-0.9996980410821208,10.0,0.0,27.541462995344833,27.260663704088294,383.2357971546683,456.15713367962536,0.0
2.795,9.428483558025315,-0.7241184459952366,10.0,0.0,27.583039114867837,27.34091839360619,386.78443560048163,456.15713367962536,0.0
2.7960000000000003,9.738391685930212,-0.7414607654212855,10.0,0.0,27.633146542478055,27.38819221586028,404.5273023751159,456.15713367962536,0.0
2.797,9.798946555373698,-1.0833098057654045,10.0,0.0,27.72040058079626,27.432187444290253,415.87215498356113,456.15713367962536,0.0
2.798,9.785941833455329,-1.451682543523419,10.0,0.0,27.840431248875586,27.48254462181451,432.1981743574718,456.15713367962536,0.0
2.799,9.667452874287818,-1.902355540202758,10.0,0.0,27.999384870156547,27.552772886683506,445.3936546189613,456.15713367962536,0.0
2.8000000000000003,9.520507396812075,-2.3081603245186972,10.0,0.0,28.189597752104273,27.646852800124368,467.89286561605064,456.15713367962536,0.0
2.801,9.307167621148675,-2.736238295221095,-0.060931923314766046,0.0,28.413227866135408,26.66584141939949,470.3502316816185,456.15713367962536,0.0
2.802,8.526946258107492,-2.8718857083679312,-1.4315459361186171,0.0,28.52703426643007,25.838826918152854,476.0028379318483,456.15713367962536,0.0
2.803,7.650001932861743,-2.885893895833238,-4.456306103755765,0.0,28.546943003060335,24.875538690894913,478.682284705636,456.15713367962536,0.0
2.8040000000000003,6.692496937628354,-2.7969210542947205,-6.021281000909709,0.0,28.458604948857882,23.96522662923844,477.09069953162407,456.15713367962536,0.0
2.805,5.783421763933425,-2.62715605041509,-5.434824072423733,0.0,28.27028507189865,23.30769519858648,472.93762487122257,456.15713367962536,0.0
2.806,5.065783673163729,-2.4427910744127193,-3.5260916541389546,0.0,28.016461542248674,22.971030358277968,466.76685459800547,456.15713367962536,0.0
2.807,4.615982668392447,-2.291593730326756,-0.5468037267142041,0.0,27.739565823443417,22.993585726486337,459.9249824609725,456.15713367962536,0.0
2.8080000000000003,4.477547567975479,-2.1900934048448693,2.8364538539888065,0.0,27.48296215097738,23.339291291594577,452.6246144826589,456.15713367962536,0.0
2.809,4.632236576447271,-2.1460371791190673,6.521963035115272,0.0,27.28275822069375,23.977939225126207,446.4859581194134,456.15713367962536,0.0
2.81,5.064733971819259,-2.1307339683497553,9.688002972340144,0.0,27.165196685864288,24.798083450153577,448.4894248923484,456.15713367962536,0.0
2.811,5.686512906353127,-2.147131117990376,8.762946673745422,0.0,27.143362445588664,25.326969798132595,440.86387631639917,456.15713367962536,0.0
2.8120000000000003,6.228582324610534,-2.1078825045543743,10.0,0.0,27.172118945164122,25.892700669497117,425.475426426248,456.15713367962536,0.0
2.813,6.839148135547936,-1.9473778348029407,10.0,0.0,27.237309854380204,26.33062202539965,426.40819441813966,456.15713367962536,0.0
2.814,7.407620266347987,-1.7518701941100807,10.0,0.0,27.31987301448623,26.674844060354914,407.7528330995424,456.15713367962536,0.0
2.815,7.945838300470892,-1.5207609908776765,10.0,0.0,27.405135126128545,26.939380945379718,404.3314659196736,456.15713367962536,0.0
2.816,8.479286123355953,-1.2404383154948317,10.0,0.0,27.479800312849317,27.13269327289016,386.35600077959543,456.15713367962536,0.0
2.817,8.994031347267974,-0.9545694303749187,10.0,0.0,27.537687863039693,27.26285338992016,377.3569220287226,456.15713367962536,0.0
2.818,9.480374717044725,-0.6967314042369085,10.0,0.0,27.57729917589005,27.337435931829873,391.5398810371712,456.15713367962536,0.0
2.819,9.759886311971986,-0.7579650164614955,10.0,0.0,27.629721689252424,27.38263850908942,401.8278111136486,456.15713367962536,0.0
2.82,9.802391038141447,-1.1180586854833352,10.0,0.0,27.72042017647468,27.426682676029888,418.32004720117897,456.15713367962536,0.0
2.821,9.774780777601105,-1.4999062811389596,10.0,0.0,27.844855530500656,27.478854450919656,433.3111676701964,456.15713367962536,0.0
2.822,9.648262070562197,-1.953371286512517,10.0,0.0,28.008127201247543,27.55189353889192,447.06152295019746,456.15713367962536,0.0
2.823,9.495843303252936,-2.3576882690676886,10.0,0.0,28.2023158317443,27.649456762475282,469.8654932932827,456.15713367962536,0.0
2.824,9.276755554109496,-2.7850636864432317,-1.062471581815993,0.0,28.42981004763547,26.562386117482905,471.3390829631162,456.15713367962536,0.0
2.825,8.44073394229979,-2.8892873215354578,-1.9510859095676372,0.0,28.533038623124686,25.709420598152004,476.2515152324122,456.15713367962536,0.0
2.826,7.534240465242806,-2.8799462665320377,-4.6082458597435085,0.0,28.538578036730584,24.76002710341945,478.5827003916857,456.15713367962536,0.0
2.827,6.5785009886623484,-2.779745556092063,-5.998094106500863,0.0,28.43769549190428,23.87588159953248,476.76057445635774,456.15713367962536,0.0
2.828,5.689092253606763,-2.6058396303373166,-5.293065546604206,0.0,28.240359006443292,23.249791581698087,472.3371864236935,456.15713367962536,0.0
2.829,4.998683014755413,-2.4233982788295316,-3.243172057712756,0.0,27.98181767833664,22.95206584420321,465.9247356833812,456.15713367962536,0.0
2.83,4.5827922516119255,-2.27655973645969,-0.1346227075941666,0.0,27.70503008314556,23.018543932828567,459.06022767463,456.15713367962536,0.0
2.831,4.481512279057684,-2.1823138819068584,3.2686003568313664,0.0,27.45367039775902,23.40094638600743,451.53713226866734,456.15713367962536,0.0
2.832,4.669927533874326,-2.1445706195217964,7.076348073922293,0.0,27.262477625912187,24.083054165810125,446.4067958125863,456.15713367962536,0.0
2.833,5.139366104471154,-2.1331705710187983,9.739019680633188,0.0,27.157738336518836,24.882894199797686,448.8022346677382,456.15713367962536,0.0
2.834,5.760932836887068,-2.149257497499004,8.614849243176113,0.0,27.145340541861426,25.37831288239998,438.0973201632374,456.15713367962536,0.0
2.835,6.294078996081138,-2.0907575775247063,10.0,0.0,27.177128534468004,25.9341277947143,424.94340028171456,456.15713367962536,0.0
2.836,6.903627051143551,-1.9139227489087802,10.0,0.0,27.242452387097355,26.361969683024697,424.48101388038015,456.15713367962536,0.0
2.837,7.458963438453825,-1.7296422044207826,10.0,0.0,27.325525531687294,26.698568245713474,406.639982775266,456.15713367962536,0.0
2.838,8.006879009329515,-1.478566484931564,10.0,0.0,27.408175694388177,26.955096917669145,403.2193383957706,456.15713367962536,0.0
2.839,8.529153860033848,-1.2142022681498155,10.0,0.0,27.481644401363432,27.142266660830618,386.0735991402633,456.15713367962536,0.0
2.84,9.052914338823701,-0.9135621238125804,10.0,0.0,27.536056438248046,27.265675396213634,373.71007098020397,456.15713367962536,0.0
2.841,9.538520113148778,-0.6563198604118625,10.0,0.0,27.572077897451777,27.33400543135895,396.65704897994345,456.15713367962536,0.0
2.842,9.760703681654695,-0.8053677929076679,10.0,0.0,27.630297909458214,27.379520474117694,403.4998326531775,456.15713367962536,0.0
2.843,9.8062709061801,-1.1506287394249033,10.0,0.0,27.72373564933183,27.423515454788486,421.07581497466987,456.15713367962536,0.0
2.844,9.744734442806946,-1.5799215416904961,10.0,0.0,27.85599871206921,27.479679394595863,433.5561975753189,456.15713367962536,0.0
2.845,9.643106799646606,-1.9800194858732432,10.0,0.0,28.020369708351016,27.55401692281014,453.85819852397475,456.15713367962536,0.0
2.846,9.458928020453406,-2.4276810550840815,7.026561923885327,0.0,28.220979150997437,27.329522998738206,462.3106148085119,456.15713367962536,0.0
2.847,9.090053917345678,-2.7542371796924736,2.7388189703278867,0.0,28.410522814986848,26.744356430757854,473.3966361449402,456.15713367962536,0.0
2.848,8.450100394205409,-2.9431291373008017,-2.9765867225394125,0.0,28.54010800987012,25.717549835809002,478.1674223834965,456.15713367962536,0.0
2.849,7.515950459495712,-2.9252723501988984,-5.582082728856273,0.0,28.550200859612886,24.673288873663843,478.95122186754503,456.15713367962536,0.0
2.85,6.507813071284188,-2.785316815235907,-6.201923352759733,0.0,28.439641787191945,23.79388939749743,476.63915858475747,456.15713367962536,0.0
2.851,5.607483872501965,-2.590480313887186,-5.250711960417274,0.0,28.232166214597726,23.19116045908621,471.7792826018596,456.15713367962536,0.0
2.852,4.929862232915092,-2.401525636114471,-2.976995458190692,0.0,27.966328655880297,22.934088646944915,465.2024832978023,456.15713367962536,0.0
2.853,4.544355650472031,-2.256489375777055,0.22095069765619701,0.0,27.687303229961085,23.04080667993977,458.302395679567,456.15713367962536,0.0
2.854,4.477834150508645,-2.168200274980914,3.64954188677444,0.0,27.43859071144908,23.4575782354593,450.6115562141508,456.15713367962536,0.0
2.855,4.699289187352312,-2.135404846018206,7.550417394137265,0.0,27.253701994162295,24.17758650844196,446.74577691211823,456.15713367962536,0.0
2.856,5.201866127925706,-2.1295720634279163,9.577420612828632,0.0,27.158989324107157,24.93799776828547,449.35140626944434,456.15713367962536,0.0
2.857,5.816906371019627,-2.136874216880037,8.342663208267389,0.0,27.150650611747505,25.39417463111586,435.94656312384814,456.15713367962536,0.0
2.858,6.334705615283868,-2.0605830566826113,10.0,0.0,27.18029840775063,25.947747043125325,424.61565750338383,456.15713367962536,0.0
2.859,6.945017686817604,-1.8727362392648386,10.0,0.0,27.242438427040398,26.370397290190756,423.0985373214,456.15713367962536,0.0
2.86,7.496195726773117,-1.6952244392222893,10.0,0.0,27.322981639277238,26.70247005079885,404.9465619011745,456.15713367962536,0.0
2.861,8.053116372009207,-1.4336016978384656,10.0,0.0,27.401674422799406,26.953640365993408,400.63074748601434,456.15713367962536,0.0
2.862,8.570185219445255,-1.182130765434433,10.0,0.0,27.472569384338207,27.136254561255118,385.71592814725585,456.15713367962536,0.0
2.863,9.100900449316672,-0.8745630375256743,10.0,0.0,27.52331852850338,27.254488846333047,374.78954939278935,456.15713367962536,0.0
2.864,9.58763413115189,-0.6180856991964845,10.0,0.0,27.5556793568227,27.31774106461653,394.3537285990159,456.15713367962536,0.0
2.865,9.751358291533347,-0.8570439728282402,10.0,0.0,27.61997950762122,27.364761823079995,407.1318287802621,456.15713367962536,0.0
2.866,9.802385828695494,-1.1859784174046677,10.0,0.0,27.71634492535333,27.409534733292947,419.81405275897043,456.15713367962536,0.0
2.867,9.729326716670762,-1.624516043379967,10.0,0.0,27.85250088674504,27.468013671952157,435.878056110715,456.15713367962536,0.0
2.868,9.623611108019606,-2.0218013908166674,10.0,0.0,28.020205157821785,27.545158438715994,454.25959598840274,456.15713367962536,0.0
2.869,9.43078555355972,-2.4748239441405104,6.822992400638687,0.0,28.224713105858488,27.302041974885455,463.65642771644065,456.15713367962536,0.0
2.87,9.048607469654481,-2.791396840687459,2.049583596251579,0.0,28.414751405795403,26.65049439343765,474.333893957053,456.15713367962536,0.0
2.871,8.369270109205129,-2.9575824864641236,-3.470917126828885,0.0,28.5357458096638,25.594489737443713,478.1925626327675,456.15713367962536,0.0
2.872,7.409487789456589,-2.9192684795510173,-5.620605754217534,0.0,28.533163910327765,24.573706927221913,478.6842894187105,456.15713367962536,0.0
2.873,6.4094895977605795,-2.770591404252997,-6.091740704579886,0.0,28.412790581689496,23.72481822771179,476.26985596447906,456.15713367962536,0.0
2.874,5.5318946200954855,-2.5747208737332095,-5.085651200312716,0.0,28.199506728359843,23.150697725888055,471.1719671315839,456.15713367962536,0.0
2.875,4.880099460853837,-2.3885445165918786,-2.6868551183847336,0.0,27.931618516200444,22.929389080623075,464.34389919892584,456.15713367962536,0.0
2.876,4.526021374766773,-2.2467206253390173,0.6453111927513051,0.0,27.654649396264087,23.078403449951498,457.46746006039245,456.15713367962536,0.0
2.8770000000000002,4.494098244767517,-2.1651105755655475,4.070427498210327,0.0,27.412719758691644,23.528231364281623,449.9779811219527,456.15713367962536,0.0
2.878,4.747012535882027,-2.13576118803532,7.876958493006919,0.0,27.237553544178866,24.265210966471926,447.02592688865747,456.15713367962536,0.0
2.879,5.269071653209792,-2.132673476044874,9.444297677564226,0.0,27.153555756892764,24.99042062735036,449.40785723456423,456.15713367962536,0.0
2.88,5.873773942110409,-2.1318616083638227,8.320825269061455,0.0,27.15042028609809,25.434157526025675,433.9965036027632,456.15713367962536,0.0
2.8810000000000002,6.389923311905134,-2.039167647392232,10.0,0.0,27.181783835220358,25.978421724453845,424.4815434930674,456.15713367962536,0.0
2.882,6.9981395121212975,-1.843093293036312,10.0,0.0,27.243796209903778,26.392861822316195,421.25558899488084,456.15713367962536,0.0
2.883,7.542780199497231,-1.6700914344129532,10.0,0.0,27.32398189600008,26.718230834251475,404.2550907291235,456.15713367962536,0.0
2.884,8.105679045592321,-1.3964310531482282,10.0,0.0,27.400313291327393,26.96260904740615,397.8931804314924,456.15713367962536,0.0
2.8850000000000002,8.616364293842802,-1.1544012911648633,10.0,0.0,27.469562698431933,27.139636189931494,385.72383296873886,456.15713367962536,0.0
2.886,9.150603820261534,-0.8415185742753002,10.0,0.0,27.517593077840512,27.252226063491186,381.74885934581806,456.15713367962536,0.0
2.887,9.613860353104249,-0.6249285991586522,10.0,0.0,27.551383336570286,27.312744164287267,392.11675460640066,456.15713367962536,0.0
2.888,9.764753258708016,-0.8753710057048874,10.0,0.0,27.61756094397794,27.358623826588733,413.086945471992,456.15713367962536,0.0
2.8890000000000002,9.785769589987662,-1.2457085861896644,10.0,0.0,27.719941466662824,27.405730416016098,420.1104678943133,456.15713367962536,0.0
2.89,9.725426254206543,-1.6529339418736848,10.0,0.0,27.857886009342355,27.465212329017923,443.2173145282396,456.15713367962536,0.0
2.891,9.59531482841872,-2.0821986544405036,10.0,0.0,28.031131153879635,27.546249328466374,451.3552292373848,456.15713367962536,0.0
2.892,9.409756246937212,-2.513872721438508,8.3116084302147,0.0,28.238346984152148,27.469894399452414,465.96577633702594,456.15713367962536,0.0
2.8930000000000002,9.105195393550156,-2.8619219244289695,0.9082484538201108,0.0,28.451174410154973,26.656056972719306,477.7382577176685,456.15713367962536,0.0
2.894,8.358804891041354,-3.0081726200561705,-5.193803476881593,0.0,28.57394243537329,25.42675126538864,478.6315018789933,456.15713367962536,0.0
2.895,7.294775076895812,-2.9079643231800434,-5.865169239537666,0.0,28.549017667724073,24.429402591258665,478.3812823590247,456.15713367962536,0.0
2.896,6.277642164937781,-2.7358681762811803,-5.962300966347361,0.0,28.40892201623667,23.62656979762818,475.8398354674602,456.15713367962536,0.0
2.8970000000000002,5.423921354591901,-2.5390850835092027,-4.888404538443472,0.0,28.182627471799016,23.09284860256799,470.4668737891241,456.15713367962536,0.0
2.898,4.8069300291323955,-2.3586221540639034,-2.3450211003704178,0.0,27.907707170987855,22.91823512417613,463.6435644439954,456.15713367962536,0.0
2.899,4.493620563191385,-2.225767352627429,0.9917692645502498,0.0,27.63000815355505,23.103498197301807,456.7327185974384,456.15713367962536,0.0
2.9,4.497117513034197,-2.153161013044511,4.441436338650609,0.0,27.391947195838355,23.585042776731346,449.19375465549666,456.15713367962536,0.0
2.9010000000000002,4.782004616228803,-2.1286523559647668,8.280552099862769,0.0,27.223876902953332,24.351130253585623,447.11601935503677,456.15713367962536,0.0
2.902,5.330672570341928,-2.1316849496914716,9.4098308933386,0.0,27.149801058922975,25.052126859215686,448.79591252343243,456.15713367962536,0.0
2.903,5.931890143999124,-2.1287961929102037,8.643496520702698,0.0,27.15288437067545,25.51937939739384,432.58586695212205,456.15713367962536,0.0
2.904,6.467171833401183,-2.027644241975372,10.0,0.0,27.191286778035483,26.04422492928084,424.79936442841193,456.15713367962536,0.0
2.9050000000000002,7.072554015930974,-1.8260115557330643,10.0,0.0,27.25716542187091,26.445621890737907,419.18641474543904,456.15713367962536,0.0
2.906,7.6103009051976915,-1.651356237377299,10.0,0.0,27.339400139311778,26.76036868443877,403.9030982068503,456.15713367962536,0.0
2.907,8.174389657347033,-1.3654480566268816,10.0,0.0,27.41518271767966,26.995191976669876,395.11060378384593,456.15713367962536,0.0
2.908,8.678708474265086,-1.1262529843274631,10.0,0.0,27.48341699128843,27.16427701517516,385.91642327465433,456.15713367962536,0.0
2.9090000000000003,9.211432089844365,-0.8113474202819879,10.0,0.0,27.529488680064848,27.269720567646257,381.82498081231626,456.15713367962536,0.0
2.91,9.63125242973181,-0.6650952716156358,10.0,0.0,27.56855887449789,27.328373932516055,398.9685333644586,456.15713367962536,0.0
2.911,9.784627089288941,-0.8992228566656091,10.0,0.0,27.636803941816765,27.372395971189782,407.492009735221,456.15713367962536,0.0
2.912,9.784946776255394,-1.2909835381056411,10.0,0.0,27.743379105379027,27.420338893757272,427.03539286081315,456.15713367962536,0.0
2.9130000000000003,9.721228450822947,-1.6925729520821566,10.0,0.0,27.884348273564846,27.48115725309148,438.59797254444675,456.15713367962536,0.0
2.914,9.573360104182152,-2.141483168387346,10.0,0.0,28.0626665905193,27.565619028187008,453.71210422374315,456.15713367962536,0.0
2.915,9.399453295505912,-2.5424663182340814,7.122587188910985,0.0,28.271218297607945,27.36060211373662,472.297911235607,456.15713367962536,0.0
2.916,9.005883478449668,-2.8938388810409252,-2.3317240925807488,0.0,28.47305429295297,26.227295560376355,474.1699410968165,456.15713367962536,0.0
2.9170000000000003,8.095363697124892,-2.9283336463641865,-3.447867097357417,0.0,28.54165673198495,25.295492121951263,477.63289369271956,456.15713367962536,0.0
2.918,7.1301205568952835,-2.8615425400657104,-5.394100995439889,0.0,28.50252661392518,24.357876520142593,478.10746621373823,456.15713367962536,0.0
2.919,6.180124462195068,-2.71748112459419,-5.850890581290352,0.0,28.35836910285163,23.5741720902608,475.2770741738047,456.15713367962536,0.0
2.92,5.364207540973568,-2.529304921787187,-4.626893966265374,0.0,28.130998131743187,23.073880776158454,469.7339355689396,456.15713367962536,0.0
2.9210000000000003,4.780426773288368,-2.3544102346611955,-1.991092682725978,0.0,27.85897847277957,22.934636386627737,462.87852689495446,456.15713367962536,0.0
2.922,4.499059478676964,-2.2260132922948435,1.3693977221133071,0.0,27.58786162397021,23.150522996581067,455.93070302633396,456.15713367962536,0.0
2.923,4.530030066335178,-2.157926312478895,4.845573962956473,0.0,27.359239522681033,23.660263305513958,448.4810601310568,456.15713367962536,0.0
2.924,4.840911658019458,-2.134284161997875,8.647156146080748,0.0,27.202533895659297,24.445692381951186,447.1860773732042,456.15713367962536,0.0
2.9250000000000003,5.407551180258039,-2.139662259131585,9.384358088071235,0.0,27.140869751172982,25.120762848300835,447.9641381476277,456.15713367962536,0.0
2.926,6.000011411869065,-2.133301094792689,9.07725765617948,0.0,27.152125558721647,25.621502556384062,431.4275176775863,456.15713367962536,0.0
2.927,6.557304712836633,-2.0238703584386855,10.0,0.0,27.200355986968212,26.122488875762684,425.4573193323031,456.15713367962536,0.0
2.928,7.155598613541212,-1.8188436506655274,10.0,0.0,27.272403373836482,26.508732786522067,416.974246557976,456.15713367962536,0.0
2.9290000000000003,7.686507809905709,-1.6369842956419376,10.0,0.0,27.35791615111899,26.811139972299298,404.02999206385914,456.15713367962536,0.0
2.93,8.247964488287561,-1.3401331365332227,10.0,0.0,27.434283335299263,27.035406574568697,392.5276821584109,456.15713367962536,0.0
2.931,8.746375086706538,-1.099427970573433,10.0,0.0,27.501931404623953,27.195672635986913,386.20019392609726,456.15713367962536,0.0
2.932,9.273730675992573,-0.7861370546717277,10.0,0.0,27.546786324068393,27.29365188935849,379.63834689527766,456.15713367962536,0.0
2.9330000000000003,9.67480629908928,-0.6652037328257734,10.0,0.0,27.586783920661535,27.347473946689593,399.4764297163994,456.15713367962536,0.0
2.934,9.779331987470705,-0.9680617203180608,10.0,0.0,27.662687675171064,27.392426488455893,411.4297825227579,456.15713367962536,0.0
2.935,9.795868375540906,-1.3203043443639046,10.0,0.0,27.77121441717638,27.439700405692612,426.0811461763466,456.15713367962536,0.0
2.936,9.698958200472958,-1.76605112574061,10.0,0.0,27.919125596415853,27.503925088544385,440.2599345258956,456.15713367962536,0.0
2.9370000000000003,9.571451853923165,-2.168831328399298,10.0,0.0,28.09851648049521,27.58957501740471,461.5413781262612,456.15713367962536,0.0
2.938,9.366898218645336,-2.6113151640398273,3.143723422828643,0.0,28.313178688946557,26.951634454713158,466.476751232902,456.15713367962536,0.0
2.939,8.772441193088014,-2.8315328113054705,0.5728406939754569,0.0,28.46237972312642,26.248064571192288,474.96653614235817,456.15713367962536,0.0
2.94,8.008278386758711,-2.9261662750513864,-3.8601457853799452,0.0,28.5345111700756,25.24596543244157,478.7757479609657,456.15713367962536,0.0
2.9410000000000003,7.055736478647163,-2.8683134316337444,-5.990937837497118,0.0,28.491909411041394,24.258370073150484,477.9844435701133,456.15713367962536,0.0
2.942,6.091314579969444,-2.7056739696554333,-5.813558740975788,0.0,28.337496479598066,23.50265468479704,474.72251667695184,456.15713367962536,0.0
2.943,5.290035676825619,-2.5108348719197964,-4.368249124368331,0.0,28.10314739633258,23.042776269355265,469.0621299862015,456.15713367962536,0.0
2.944,4.735906206998624,-2.3387554162445867,-1.6671057420589275,0.0,27.829265030702555,22.941064915668612,462.1735624195005,456.15713367962536,0.0
2.945,4.487649049062937,-2.215188224272829,1.7170137538928198,0.0,27.56072816970672,23.189145164193867,455.1331840385017,456.15713367962536,0.0
2.946,4.548859936403958,-2.15234067661306,5.24744244080345,0.0,27.338175461340146,23.730853893180793,447.81998417792727,456.15713367962536,0.0
2.947,4.889824152876388,-2.131068861765401,8.98741386610766,0.0,27.190337472552272,24.53533509340817,447.31219858038475,456.15713367962536,0.0
2.948,5.476226401725093,-2.140509448093046,9.329756015871327,0.0,27.13898258531044,25.183747691746362,447.2040378130399,456.15713367962536,0.0
2.949,6.061666504233912,-2.1305853766827787,9.473367358209595,0.0,27.156418392908204,25.71602297889863,430.2261872407949,456.15713367962536,0.0
2.95,6.641101704027474,-2.0133627329154082,10.0,0.0,27.212542898361118,26.19542432431681,425.869520893579,456.15713367962536,0.0
2.951,7.232975342684747,-1.8080499415985973,10.0,0.0,27.28958290720338,26.56791991106619,414.3673672433962,456.15713367962536,0.0
2.952,7.761811345640476,-1.6152702860199502,10.0,0.0,27.37701583963587,26.85861671608631,404.2792608448725,456.15713367962536,0.0
2.953,8.319199408958827,-1.3128167881857182,10.0,0.0,27.45343307112114,27.0729628069122,390.334291186721,456.15713367962536,0.0
2.954,8.816016328639478,-1.0659393050741555,10.0,0.0,27.519511200376545,27.22444003127234,385.796034598194,456.15713367962536,0.0
2.955,9.334788399070652,-0.7610728758140486,10.0,0.0,27.563062706754938,27.315280587571387,386.4747265417987,456.15713367962536,0.0
2.956,9.712640842458294,-0.6732632042921156,10.0,0.0,27.60473271855057,27.365016190810046,397.58584733274733,456.15713367962536,0.0
2.957,9.793959986184069,-1.0005474875378086,10.0,0.0,27.684088657362746,27.40877865352843,413.6555546726113,456.15713367962536,0.0
2.958,9.794734726677728,-1.3670126314221456,10.0,0.0,27.79692357156038,27.456828433839156,427.84892637470404,456.15713367962536,0.0
2.959,9.688915196197447,-1.81631426960555,10.0,0.0,27.94903850113065,27.523004623296334,442.2631980675522,456.15713367962536,0.0
2.96,9.55500402497303,-2.2186947479265093,10.0,0.0,28.13232839292308,27.61144672029471,463.6762556305028,456.15713367962536,0.0
2.961,9.344743735439938,-2.6599353840404225,2.0688856503417385,0.0,28.35064617042542,26.85874053844646,467.8590326792955,456.15713367962536,0.0
2.962,8.688702421874845,-2.8494226838344194,-0.13952186405132672,0.0,28.4882927486089,26.10958501104346,475.55941630665444,456.15713367962536,0.0
2.963,7.883856748341221,-2.9159606926494654,-4.183736504001076,0.0,28.54268342420545,25.10830276990161,478.8156820971807,456.15713367962536,0.0
2.964,6.922635802369675,-2.844018161997533,-6.0384548834397505,0.0,28.4829277496683,24.146696792416382,477.6581284936197,456.15713367962536,0.0
2.965,5.974920026715995,-2.6771860379438,-5.674688029799202,0.0,28.31535493649696,23.428473908783005,474.0855423509774,456.15713367962536,0.0
2.966,5.204140374777427,-2.4854950301423413,-4.067679045191569,0.0,28.073299426661784,23.013757955922962,468.2178850870513,456.15713367962536,0.0
2.967,4.687372560291111,-2.32239527215222,-1.2544579273027754,0.0,27.797953809223216,22.9588289435612,461.27883065211256,456.15713367962536,0.0
2.968,4.481056979915904,-2.205441332821755,2.163852320441716,0.0,27.53341591654588,23.247267222461183,454.2620077814785,456.15713367962536,0.0
2.969,4.578945091151846,-2.1506858382609,5.691215014740228,0.0,27.319322076017894,23.82140383005912,447.35239368958116,456.15713367962536,0.0
2.97,4.952762617902709,-2.1312003296845474,9.234069460589325,0.0,27.182455429304717,24.631016708114647,447.6897410762962,456.15713367962536,0.0
2.971,5.551040951108564,-2.1438329765410082,9.150069693265113,0.0,27.141821181308373,25.23924067344401,444.9598737619865,456.15713367962536,0.0
2.972,6.121534003939097,-2.1249406692994595,10.0,0.0,27.16386827437946,25.820139696375566,428.3738050574317,456.15713367962536,0.0
2.973,6.730446912125133,-1.9999104280198647,10.0,0.0,27.228236156968265,26.275378733881585,426.45253393507033,456.15713367962536,0.0
2.974,7.316220348002561,-1.795577354685249,10.0,0.0,27.310464819394785,26.633184707031226,411.726240131276,456.15713367962536,0.0
2.975,7.8455872955295405,-1.5875863512123543,10.0,0.0,27.399415533244934,26.91106031923936,404.75382739879905,456.15713367962536,0.0
2.976,8.394135126370411,-1.28668010543181,10.0,0.0,27.476238959929752,27.114996849694467,388.4396451174397,456.15713367962536,0.0
2.977,8.892148694606473,-1.0287731346606614,10.0,0.0,27.540412992664574,27.256926055574983,384.3125192364765,456.15713367962536,0.0
2.978,9.398395779668684,-0.7384234846333624,10.0,0.0,27.583003150918678,27.340372700466453,390.2207719049954,456.15713367962536,0.0
2.979,9.734315921868284,-0.714033330922299,10.0,0.0,27.629899537428575,27.387844951902856,399.21506968804636,456.15713367962536,0.0
2.98,9.808895732566757,-1.038051808493936,10.0,0.0,27.712739444501107,27.43041503909177,419.28683559015275,456.15713367962536,0.0
2.981,9.777856892000171,-1.4451616035268842,10.0,0.0,27.83309426226319,27.48117217883835,428.0513508730587,456.15713367962536,0.0
2.982,9.690452781821888,-1.849908748716227,10.0,0.0,27.986940400244222,27.548193150100424,450.8243323520256,456.15713367962536,0.0
2.983,9.52745493802445,-2.2893720556285495,8.559078536116031,0.0,28.176397513861822,27.482450998723095,458.77856648591904,456.15713367962536,0.0
2.984,9.246182088262936,-2.6723961798166473,4.5557471411063615,0.0,28.378072721571492,27.045581570068837,470.7797302686393,456.15713367962536,0.0
2.985,8.715805127389494,-2.9191775999272984,-1.5910607161439057,0.0,28.539209180615067,26.09197979190199,478.1094489635023,456.15713367962536,0.0
2.986,7.844831032860183,-2.9572750046715752,-5.4754432164141775,0.0,28.590594716258366,24.974541221788453,479.473085215822,456.15713367962536,0.0
2.987,6.808515688675773,-2.834144412554444,-6.390420857935983,0.0,28.511172502145648,24.017466293600894,477.62000427485714,456.15713367962536,0.0
2.988,5.844201989638038,-2.6431094607438537,-5.678509093405879,0.0,28.32420247784745,23.331328060786657,473.60635777334255,456.15713367962536,0.0
2.989,5.091756544240384,-2.445345359385853,-3.846178083585758,0.0,28.06747193106638,22.9626698042623,467.46489291144076,456.15713367962536,0.0
2.99,4.612123573377405,-2.2863024733217014,-0.8885232449530136,0.0,27.784031536857498,22.95745821320462,460.4886433795723,456.15713367962536,0.0
2.991,4.449635617718707,-2.1786395285496223,2.5562864239817475,0.0,27.518161527899455,23.286853602442147,453.2634727018314,456.15713367962536,0.0
2.992,4.588143691568894,-2.1324676908289537,6.197808372630133,0.0,27.307815786059408,23.90598100184199,446.78632665303473,456.15713367962536,0.0
2.993,5.0043622547696085,-2.118296035121524,9.530089467294374,0.0,27.179320194592755,24.727897826830837,448.07089842101624,456.15713367962536,0.0
2.994,5.623842706509279,-2.1356806640028894,8.968665935889714,0.0,27.14791987050566,25.295713346713626,442.40683020736816,456.15713367962536,0.0
2.995,6.18347464550451,-2.108899473199782,10.0,0.0,27.173321353538398,25.86730355579353,426.11471324246963,456.15713367962536,0.0
2.996,6.7970963389428025,-1.962869767172289,10.0,0.0,27.237546253420874,26.31205948473936,425.93857993782797,456.15713367962536,0.0
2.997,7.373037830002674,-1.7663586883158784,10.0,0.0,27.319668334595747,26.66154496369664,409.3256763330668,456.15713367962536,0.0
2.998,7.911680918938992,-1.540204909699229,10.0,0.0,27.40561495068959,26.930802778003283,404.63511929457593,456.15713367962536,0.0
2.999,8.450348061010159,-1.2541915437061508,10.0,0.0,27.480692754131642,27.127862517750184,386.7356524500043,456.15713367962536,0.0
3.0,8.959687614085407,-0.9784639029648243,10.0,0.0,27.540498844382576,27.262083384449042,380.5171971708395,456.15713367962536,0.0
3.001,9.450675690196665,-0.7139905411785246,10.0,0.0,27.581411618889202,27.33994748066161,388.40536155124926,456.15713367962536,0.0
3.0020000000000002,9.749759151851867,-0.7467993369975812,10.0,0.0,27.632273226724394,27.38612714468264,401.6932338257109,456.15713367962536,0.0
3.003,9.800537659767729,-1.0994759077885208,10.0,0.0,27.72113297500698,27.43018020183088,418.00345490261986,456.15713367962536,0.0
3.004,9.781236931253279,-1.4734442295064882,10.0,0.0,27.8431218038572,27.481344793308313,431.919010102626,456.15713367962536,0.0
3.005,9.659251490218399,-1.9250058198072524,10.0,0.0,28.003960300686042,27.55281719975172,446.23143285520655,456.15713367962536,0.0
3.0060000000000002,9.510532718018357,-2.3287637419362057,10.0,0.0,28.19575994400751,27.648365425765302,468.8739472055203,456.15713367962536,0.0
3.007,9.292381295603608,-2.7603020520383703,-0.5594351588105981,0.0,28.421366080488152,26.61451039478415,470.704270524684,456.15713367962536,0.0
3.008,8.48542539707189,-2.87899388332687,-1.6200681868430111,0.0,28.52976681856333,25.78210983366806,476.1645562514243,456.15713367962536,0.0
3.009,7.597398562162008,-2.8835907884854604,-4.550285275931163,0.0,28.54340616797393,24.821685245806485,478.66070525933924,456.15713367962536,0.0
3.0100000000000002,6.639697862015064,-2.7892211118441583,-6.02339549568577,0.0,28.44921249017519,23.92239390705707,476.92809473385825,456.15713367962536,0.0
3.011,5.738775558482931,-2.6173199542112044,-5.364799843487603,0.0,28.256543615708154,23.280313404729124,472.6751082908824,456.15713367962536,0.0
3.012,5.034282390663327,-2.433286011913285,-3.4034863681122536,0.0,28.000408856378613,22.960817616381423,466.39932208870465,456.15713367962536,0.0
3.013,4.599636049010272,-2.284297217533848,-0.36801515111416894,0.0,27.72338956618848,23.002712795955212,459.5183678184347,456.15713367962536,0.0
3.0140000000000002,4.47788316409797,-2.1858600512772832,3.038849642632721,0.0,27.468923522630313,23.366163297618602,452.1197198738441,456.15713367962536,0.0
3.015,4.648448679231904,-2.1448345512790308,6.778547752985838,0.0,27.27272070025706,24.025140553447358,446.20015653145987,456.15713367962536,0.0
3.016,5.098458715025889,-2.131173591399406,9.837899195659597,0.0,27.160943435117236,24.8499360302605,448.7731991823353,456.15713367962536,0.0
3.017,5.727136746315408,-2.150394509310981,8.62521721519478,0.0,27.145074354741784,25.352431217516568,439.71963522777713,456.15713367962536,0.0
3.0180000000000002,6.260835112141613,-2.1023337258140953,10.0,0.0,27.175562805765697,25.91402286421472,425.09034400861077,456.15713367962536,0.0
3.019,6.870386389623707,-1.9329768171341692,10.0,0.0,27.241012924237218,26.347042706632628,425.2371175311431,456.15713367962536,0.0
3.02,7.431899166960782,-1.742929502543557,10.0,0.0,27.3240083795852,26.687634683923633,407.41231340011797,456.15713367962536,0.0
3.021,7.975319298104399,-1.5008174191774115,10.0,0.0,27.408031631103125,26.948305922367922,404.2774962006831,456.15713367962536,0.0
3.0220000000000002,8.504442344349652,-1.2260371671019814,10.0,0.0,27.481914974419045,27.138543028344017,385.95656904126656,456.15713367962536,0.0
3.023,9.021308886996334,-0.9364573255704921,10.0,0.0,27.538327713953283,27.265580668825418,375.7943374268946,456.15713367962536,0.0
3.024,9.506767374219798,-0.6799151401938632,10.0,0.0,27.576479101606115,27.337324051043993,394.3030144470642,456.15713367962536,0.0
3.025,9.763422970186861,-0.7757362777147065,10.0,0.0,27.631095435696583,27.382330703121852,402.37906288288514,456.15713367962536,0.0
3.0260000000000002,9.804262811958157,-1.1338540259596437,10.0,0.0,27.723185542517527,27.42637249676579,423.9000450059161,456.15713367962536,0.0
3.027,9.76044099793864,-1.5386600499170784,10.0,0.0,27.851418303173624,27.480447919687293,431.3901386281227,456.15713367962536,0.0
3.028,9.646623497922997,-1.965235851600969,10.0,0.0,28.015110608001933,27.55402078324379,451.768732779162,456.15713367962536,0.0
3.029,9.489580828857711,-2.3714451308328592,8.089431711318092,0.0,28.210208231401722,27.442579597769463,465.15567835402146,456.15713367962536,0.0
3.0300000000000002,9.156254332188661,-2.7665906503026063,1.3059734771444056,0.0,28.414055888263448,26.66981305825323,471.6903101771463,456.15713367962536,0.0
3.031,8.450805071857507,-2.9111659561568373,-2.11667419939321,0.0,28.53219395393666,25.76031742996711,477.8847666340352,456.15713367962536,0.0
3.032,7.550380806765901,-2.9139545743217714,-5.4311787573817725,0.0,28.546429645153523,24.715208323020327,478.8712004283243,456.15713367962536,0.0
3.033,6.551186789241095,-2.7866338784788427,-6.151536322013311,0.0,28.440697693829662,23.83084650863714,476.64602173529954,456.15713367962536,0.0
3.0340000000000003,5.649263542331791,-2.598258988327382,-5.243835856057673,0.0,28.237654725241637,23.220617924446092,472.0965362279949,456.15713367962536,0.0
3.035,4.964876824210295,-2.4121482687656357,-3.128487127889035,0.0,27.975304764843024,22.940982563778604,465.6013599354048,456.15713367962536,0.0
3.036,4.562639954941254,-2.266150705616935,0.024658755848213865,0.0,27.69702763966679,23.026170491505816,458.69986161477556,456.15713367962536,0.0
3.037,4.477551970534387,-2.1746456700168544,3.4499806368113273,0.0,27.446491441496384,23.425603171603306,451.04409290967345,456.15713367962536,0.0
3.0380000000000003,4.681770969205392,-2.1398382730116765,7.328995397061899,0.0,27.258038367838186,24.12916239899406,446.575027895912,456.15713367962536,0.0
3.039,5.169043271181826,-2.1315546320581604,9.659348961779758,0.0,27.15822339775005,24.909511377565675,448.9978732964663,456.15713367962536,0.0
3.04,5.787378740576786,-2.144149796668637,8.519518865334195,0.0,27.14789312704459,25.39001493640145,437.0493314001051,456.15713367962536,0.0
3.041,6.315353630006063,-2.077518675826152,10.0,0.0,27.179190864354457,25.943792454917524,424.80622922026527,456.15713367962536,0.0
3.0420000000000003,6.9252831286962975,-1.895375261236326,10.0,0.0,27.243367115388498,26.368704688004694,423.90731846740715,456.15713367962536,0.0
3.043,7.4780813665512955,-1.7144644918946828,10.0,0.0,27.325538214146174,26.702834811709394,405.7572650366487,456.15713367962536,0.0
3.044,8.029983611406012,-1.4580492599997252,10.0,0.0,27.40650864758352,26.956587768363917,401.98451176146267,456.15713367962536,0.0
3.045,8.549291322099489,-1.1999570043286196,10.0,0.0,27.478931337537706,27.141457646968995,385.96645388184066,456.15713367962536,0.0
3.0460000000000003,9.07658161910383,-0.8951756465457925,10.0,0.0,27.531653719557593,27.262273951145445,372.76746299779563,456.15713367962536,0.0
3.047,9.563522304820498,-0.6365775880312219,10.0,0.0,27.565787520934347,27.327990290647435,396.4959865658246,456.15713367962536,0.0
3.048,9.75520934105348,-0.8329616280141665,10.0,0.0,27.627267801106907,27.37433220920846,405.05324462910636,456.15713367962536,0.0
3.049,9.805825365752458,-1.1662807667312358,10.0,0.0,27.721935509977353,27.41853707157606,420.39351975919016,456.15713367962536,0.0
3.0500000000000003,9.738618824299344,-1.6000534353782614,10.0,0.0,27.85593873636152,27.47568709840079,434.3547470168686,456.15713367962536,0.0
3.051,9.633773517688349,-2.00100128721541,10.0,0.0,28.02202317980536,27.551383363494132,454.3966806040545,456.15713367962536,0.0
3.052,9.446328246255804,-2.4497725110752033,6.753366037411167,0.0,28.22442416152035,27.29855923732924,462.84149595473986,456.15713367962536,0.0
3.053,9.061245901531965,-2.7677775547559698,2.464114739317342,0.0,28.411795475013648,26.692390923993187,473.6778339759788,456.15713367962536,0.0
3.0540000000000003,8.405448735483922,-2.9462632878770325,-3.129261274265657,0.0,28.53626620603051,25.66148458964492,478.20939438411466,456.15713367962536,0.0
3.055,7.464959028358923,-2.9216969702981843,-5.615564085378487,0.0,28.54071207824598,24.625452308869868,478.83322149621773,456.15713367962536,0.0
3.056,6.461055322849074,-2.7784007480135355,-6.154238519595947,0.0,28.425593213886888,23.760101194275894,476.4454339042616,456.15713367962536,0.0
3.057,5.571530846401622,-2.5830793117064133,-5.163227725864253,0.0,28.21539872873335,23.171979891712194,471.5107300342502,456.15713367962536,0.0
3.0580000000000003,4.906304239682185,-2.39628307579321,-2.8494117544047777,0.0,27.94881719025142,22.93054060178741,464.7481758335984,456.15713367962536,0.0
3.059,4.535499094956967,-2.2519818228326796,0.44595492438138074,0.0,27.670744701158686,23.060075561811367,457.89955835185464,456.15713367962536,0.0
3.06,4.486450190620341,-2.1674807966254788,3.8528394185309667,0.0,27.425580856624435,23.49234073252203,450.33099276235606,456.15713367962536,0.0
3.061,4.7230668519781105,-2.136340684419041,7.6953836224529475,0.0,27.245579511534025,24.218955697405384,446.9020119244833,456.15713367962536,0.0
3.0620000000000003,5.234112227066367,-2.1315382563724192,9.502425258940747,0.0,27.156022931477942,24.961409344619693,449.6433954281725,456.15713367962536,0.0
3.063,5.844000911947843,-2.1334676715966925,8.196870889610686,0.0,27.149927634104028,25.397003270529687,434.9505905080713,456.15713367962536,0.0
3.064,6.352615581738605,-2.0477247807581853,10.0,0.0,27.178550246914014,25.949979293119238,424.46598596463866,456.15713367962536,0.0
3.065,6.962127541058621,-1.8552035814793284,10.0,0.0,27.239288297689683,26.37052851479965,422.2544691890335,456.15713367962536,0.0
3.0660000000000003,7.511275845899722,-1.6804893772700824,10.0,0.0,27.318714115085598,26.70078542545027,404.5082867851833,456.15713367962536,0.0
3.067,8.072100949330737,-1.4141846426256852,10.0,0.0,27.39567666303818,26.94975994844641,399.39408402861454,456.15713367962536,0.0
3.068,8.58692450670389,-1.1682476890147893,10.0,0.0,27.465450390944376,27.130510933661476,385.61179444527517,456.15713367962536,0.0
3.069,9.120247008167958,-0.8583399322127181,10.0,0.0,27.51469136086934,27.24664695355833,377.79599514645395,456.15713367962536,0.0
3.0700000000000003,9.600967836786161,-0.6132385131109483,10.0,0.0,27.546759757258314,27.30854740232463,392.46552335512126,456.15713367962536,0.0
3.071,9.75260003461436,-0.86871391382192,10.0,0.0,27.61236466715424,27.355592312378278,408.72668142049054,456.15713367962536,0.0
3.072,9.796866827331364,-1.2055106922766683,10.0,0.0,27.710606468688866,27.40114019719557,419.79093861476923,456.15713367962536,0.0
3.073,9.722871781654568,-1.641615841721241,10.0,0.0,27.848182477206088,27.4605395966362,436.796749050945,456.15713367962536,0.0
3.074,9.613930263795423,-2.0402362269194807,10.0,0.0,28.017428015693042,27.53900027349225,454.5943849988774,456.15713367962536,0.0
3.075,9.418348231551898,-2.4941071558552523,6.652451332981379,0.0,28.223534666347827,27.27873369150751,464.0873466929584,456.15713367962536,0.0
3.076,9.025792979049509,-2.80477687646507,1.8266683558075325,0.0,28.41263895371641,26.60896904942064,474.5750146363982,456.15713367962536,0.0
3.077,8.333732946581398,-2.9623804377527363,-3.6013444254800753,0.0,28.53008604267498,25.548468775155865,478.2469319995079,456.15713367962536,0.0
3.078,7.3683211618942455,-2.917672306974464,-5.6582010902337725,0.0,28.523244465312736,24.53306382789431,478.5757893232628,456.15713367962536,0.0
3.079,6.37084176218399,-2.7655083111433987,-6.046816308547598,0.0,28.399255592726917,23.69640472637696,476.08064730730206,456.15713367962536,0.0
3.08,5.502231238474631,-2.5688235913673965,-4.998480436843982,0.0,28.183886018030908,23.135788109434227,470.84655835675466,456.15713367962536,0.0
3.081,4.862345799135508,-2.38289612167419,-2.5283302083415737,0.0,27.915506564641717,22.9326306562246,464.0817530371895,456.15713367962536,0.0
3.082,4.522551905634553,-2.243917928471683,0.7748262578653557,0.0,27.64022098471515,23.092575185886464,457.17117828929395,456.15713367962536,0.0
3.083,4.501890441775612,-2.164259733297123,4.219973185716452,0.0,27.40108579621025,23.553806124080523,449.6377931602291,456.15713367962536,0.0
3.084,4.765649867420968,-2.135573994674474,8.05185915544285,0.0,27.2296283710785,24.302836285536493,447.0586168432359,456.15713367962536,0.0
3.085,5.297695125619279,-2.134239107231007,9.432432482303344,0.0,27.150359724372954,25.017474510445723,449.1635472367162,456.15713367962536,0.0
3.086,5.900059168283502,-2.1321300201166196,8.449903149992263,0.0,27.150263114120747,25.469898496259567,433.39184937232125,456.15713367962536,0.0
3.087,6.42326381687585,-2.0352670634743637,10.0,0.0,27.18478472911564,26.00587749837226,424.5694017591419,456.15713367962536,0.0
3.088,7.029908335889679,-1.8363441297036571,10.0,0.0,27.248539189673973,26.41471094266749,420.4739854631781,456.15713367962536,0.0
3.089,7.570920239623695,-1.6631610965803008,10.0,0.0,27.329740644300113,26.735591624368425,404.08629719647865,456.15713367962536,0.0
3.09,8.134413191932357,-1.3838115183214041,10.0,0.0,27.4059133983565,26.975930277645276,396.7281254612079,456.15713367962536,0.0
3.091,8.642033197418677,-1.1433330175972767,10.0,0.0,27.47484360303786,27.14964906991966,385.8010164033053,456.15713367962536,0.0
3.092,9.175887471629675,-0.8290176421267912,10.0,0.0,27.52208276018401,27.259241233326406,383.52758344430947,456.15713367962536,0.0
3.093,9.622894193126395,-0.6384796021088497,10.0,0.0,27.557741187308956,27.318765899484564,393.38085146035036,456.15713367962536,0.0
3.094,9.774699889124435,-0.8821036634744437,10.0,0.0,27.624490265487626,27.36367538239458,408.6102766071114,456.15713367962536,0.0
3.095,9.779319438529209,-1.2750440473714875,10.0,0.0,27.72984258575443,27.41177873135691,422.8306914238356,456.15713367962536,0.0
3.096,9.72740233319803,-1.66336935214486,10.0,0.0,27.868256388576903,27.471364054530184,439.6659111940583,456.15713367962536,0.0
3.097,9.5808509106782,-2.1161866530795876,10.0,0.0,28.04471399348953,27.55443371109222,452.3928988336746,456.15713367962536,0.0
3.098,9.408619296927089,-2.5206947069828614,7.78703047349822,0.0,28.251800516487126,27.42089547786157,472.3263812895555,456.15713367962536,0.0
3.099,9.058152321818904,-2.8817897476563674,-2.341403230541527,0.0,28.46049993779694,26.266250759198762,473.7845742544896,456.15713367962536,0.0
3.1,8.147114773924706,-2.9242682910926217,-3.2467741187572114,0.0,28.533926634480736,25.34634345438718,477.2473512681956,456.15713367962536,0.0
3.101,7.187430829710796,-2.8638317306164507,-5.189064801495908,0.0,28.50094712392827,24.41762614189063,478.1016879047705,456.15713367962536,0.0
3.102,6.240539658840059,-2.7282575197375873,-5.835678662034801,0.0,28.364085035589476,23.621339181110226,475.47932882983156,456.15713367962536,0.0
3.103,5.415716775520103,-2.543717695032748,-4.717721076067407,0.0,28.142336821397773,23.10169778609226,470.0967798764265,456.15713367962536,0.0
3.104,4.816090269179281,-2.3678893285347886,-2.1658430613329003,0.0,27.87330356705572,22.939083401782348,463.32346231760675,456.15713367962536,0.0
3.105,4.5143561781245705,-2.2368027919941444,1.1491524316971704,0.0,27.60225096436239,23.13215233950779,456.41867106509864,456.15713367962536,0.0
3.106,4.524893292394041,-2.164488594984154,4.598932684096496,0.0,27.370966819405243,23.620958572544794,448.91604714995697,456.15713367962536,0.0
3.107,4.815833649013619,-2.138309102610154,8.422655506964015,0.0,27.209535110056482,24.39196940768836,447.16344077904625,456.15713367962536,0.0
3.108,5.367935301833004,-2.1406314518847402,9.388895621425162,0.0,27.141864908500892,25.07996339450081,448.4535936969947,456.15713367962536,0.0
3.109,5.962405928695273,-2.134959489865637,8.820854562277251,0.0,27.149113986467256,25.560373292398914,432.1225283534478,456.15713367962536,0.0
3.11,6.504996815915155,-2.0293866796697615,10.0,0.0,27.192122856925433,26.07511322571926,425.1137695358239,456.15713367962536,0.0
3.111,7.1064090917005,-1.825628100764344,10.0,0.0,27.260947118092197,26.470159156911976,418.3596664257342,456.15713367962536,0.0
3.112,7.640250633179795,-1.6481493698593792,10.0,0.0,27.34490847165106,26.779874474297223,403.97170586457037,456.15713367962536,0.0
3.113,8.202769275474468,-1.3574212118986404,10.0,0.0,27.421239911525934,27.010475760062214,394.1273370311491,456.15713367962536,0.0
3.114,8.704417530093055,-1.117181775280807,10.0,0.0,27.489479279541456,27.176093939653096,386.0860192366293,456.15713367962536,0.0
3.115,9.235078600920659,-0.8020865427052404,10.0,0.0,27.535198447497393,27.278618002841586,380.4790546797675,456.15713367962536,0.0
3.116,9.646878420379915,-0.6665190250801416,10.0,0.0,27.574836630363574,27.335470207074586,400.7624537179659,456.15713367962536,0.0
3.117,9.782882407568673,-0.9247419577745855,10.0,0.0,27.645956413139068,27.379758568774726,408.3150982544991,456.15713367962536,0.0
3.118,9.790039096193336,-1.3001925502922478,10.0,0.0,27.753110389657046,27.427302876705586,428.1279467273602,456.15713367962536,0.0
3.119,9.703791262205636,-1.7362124343023426,10.0,0.0,27.89851108063223,27.490366980120044,438.2558827270858,456.15713367962536,0.0
3.12,9.578316615595098,-2.1425832680330767,10.0,0.0,28.07601870572162,27.574604475077855,461.52297709653345,456.15713367962536,0.0
3.121,9.386901683459683,-2.568812545327579,3.1441030837563755,0.0,28.28702082996295,26.933821218330827,465.9476360531195,456.15713367962536,0.0
3.122,8.786232398036688,-2.805942922921133,0.8338685817284199,0.0,28.43466646486779,26.25680914569715,473.7524319176189,456.15713367962536,0.0
3.123,8.04013211690857,-2.906597874999825,-3.244482332901214,0.0,28.508547069971492,25.312810926298233,478.4364398139923,456.15713367962536,0.0
3.124,7.1201157178436,-2.871105748634033,-5.809279342431598,0.0,28.47572910920392,24.322997228533385,477.914822501538,456.15713367962536,0.0
3.125,6.161728786874217,-2.720864284326998,-5.766047574423584,0.0,28.331039934926494,23.555508967460433,474.88689188265266,456.15713367962536,0.0
3.126,5.352610308702849,-2.5305523491537842,-4.439379847011175,0.0,28.10463895374353,23.07522091069147,469.40380940994197,456.15713367962536,0.0
3.1270000000000002,4.781143239305027,-2.3583840241899834,-1.8303053679589958,0.0,27.835813868607683,22.948823269754772,462.5956160179026,456.15713367962536,0.0
3.128,4.510746842295469,-2.2316344689317784,1.5094065046779104,0.0,27.56901076006299,23.17348937857477,455.6615448682782,456.15713367962536,0.0
3.129,4.549564145308894,-2.16456308839426,4.981397967603582,0.0,27.345244216948217,23.690556640552188,448.25354177197676,456.15713367962536,0.0
3.13,4.867120271480472,-2.1401944935821122,8.764435434830798,0.0,27.193551222718707,24.48041172793738,447.24636218814794,456.15713367962536,0.0
3.1310000000000002,5.437533036207143,-2.1454767137057873,9.357132941659978,0.0,27.136837766812377,25.143908515381817,448.0081632684894,456.15713367962536,0.0
3.132,6.024831462514472,-2.136391651503578,9.05772210560061,0.0,27.15109315619766,25.637623412209816,430.8905461213029,456.15713367962536,0.0
3.133,6.579584596544255,-2.019835140779733,10.0,0.0,27.20056413076961,26.134887174557875,425.53822423980955,456.15713367962536,0.0
3.134,7.174587909635153,-1.8132478811524222,10.0,0.0,27.27325535066741,26.518046046084617,416.1036863363681,456.15713367962536,0.0
3.1350000000000002,7.704401898940443,-1.62908352682161,10.0,0.0,27.358801129347988,26.817828646755814,404.0238951517604,456.15713367962536,0.0
3.136,8.265499473000835,-1.3304517975472199,10.0,0.0,27.434762743550742,27.039764971974336,391.733525014961,456.15713367962536,0.0
3.137,8.763656335601006,-1.0888153228034891,10.0,0.0,27.501728133926015,27.197917546945877,386.09784447938233,456.15713367962536,0.0
3.138,9.289177448606873,-0.7778642553895811,10.0,0.0,27.54602399009282,27.294125649653132,381.5305920401127,456.15713367962536,0.0
3.1390000000000002,9.686252713324766,-0.6626337673614398,10.0,0.0,27.585945227904723,27.346719459717455,397.8527339329158,456.15713367962536,0.0
3.14,9.78064284521226,-0.9787228225329851,10.0,0.0,27.663055823891007,27.39163385069608,412.9075955410792,456.15713367962536,0.0
3.141,9.793936601771746,-1.3334401521118489,10.0,0.0,27.77280481507849,27.439249450272804,425.73802218550554,456.15713367962536,0.0
3.142,9.695030517300971,-1.779358064707111,10.0,0.0,27.921844264194576,27.50409099586798,440.81565993842503,456.15713367962536,0.0
3.1430000000000002,9.566488368521373,-2.1807055102480235,10.0,0.0,28.102152962842133,27.590502907336287,461.7849679297608,456.15713367962536,0.0
3.144,9.358959380277966,-2.6253453240667493,3.0214645734814596,0.0,28.317968887836408,26.94020836782447,466.83826161748726,456.15713367962536,0.0
3.145,8.757413073679523,-2.840679012397796,0.3880064502396081,0.0,28.46641407395829,26.220724639315236,475.21164459169296,456.15713367962536,0.0
3.146,7.982672560360515,-2.9287053941936985,-3.9892301459839157,0.0,28.53559593373132,25.212078351316055,478.79201296626326,456.15713367962536,0.0
3.1470000000000002,7.02425526321398,-2.865200728416365,-6.005763126135444,0.0,28.489129201673656,24.23084711379258,477.9112329159541,456.15713367962536,0.0
3.148,6.062672805294093,-2.7000838255642714,-5.7829140933441465,0.0,28.331658206413465,23.483960947623995,474.55386057843293,456.15713367962536,0.0
3.149,5.268167338394404,-2.5052590809562885,-4.288195193571644,0.0,28.09546614118405,23.035986663973052,468.8696664924727,456.15713367962536,0.0
3.15,4.723749006147186,-2.3345098392373456,-1.5732234787199886,0.0,27.821261684969514,22.944831263678427,461.9717450315295,456.15713367962536,0.0
3.1510000000000002,4.485333320453302,-2.2123457496288426,1.8175911382325527,0.0,27.553631576907193,23.20199239061192,454.90098730495356,456.15713367962536,0.0
3.152,4.555293824396059,-2.1508564880349157,5.365531465267245,0.0,27.33293841446522,23.752959871559483,447.649258465766,456.15713367962536,0.0
3.153,4.905031293080089,-2.1300790192915744,9.076474636999606,0.0,27.187740687416373,24.561714117272494,447.4055162180398,456.15713367962536,0.0
3.154,5.496019444567249,-2.1412695513383504,9.285861935478579,0.0,27.139376890856283,25.199485014847934,446.6677764029798,456.15713367962536,0.0
3.1550000000000002,6.078243114563589,-2.128954554410319,9.749625415775018,0.0,27.158160008727208,25.759427830672916,429.93570558212474,456.15713367962536,0.0
3.156,6.672761526954981,-2.0130952830194717,10.0,0.0,27.2184377265098,26.22858345750118,426.0875256618455,456.15713367962536,0.0
3.157,7.262987256515941,-1.808613175784012,10.0,0.0,27.298268796114996,26.595367901454843,413.60425160384335,456.15713367962536,0.0
3.158,7.7913772874197695,-1.6103669758395298,10.0,0.0,27.387032942233493,26.88123636186984,404.47914481933185,456.15713367962536,0.0
3.1590000000000003,8.345453211558999,-1.3071231579347986,10.0,0.0,27.464133161811557,27.09172993950891,389.7999533870651,456.15713367962536,0.0
3.16,8.841548713675897,-1.0567124730411732,10.0,0.0,27.53005998003647,27.239854435350416,385.49157191288,456.15713367962536,0.0
3.161,9.356222269238494,-0.7552937328250056,10.0,0.0,27.57355461144821,27.328106027339555,388.65310306290115,456.15713367962536,0.0
3.162,9.722298153819938,-0.6843076406015618,10.0,0.0,27.616730656175257,27.37676031152261,397.9549453803866,456.15713367962536,0.0
3.1630000000000003,9.801341858780477,-1.0102912422259553,10.0,0.0,27.697022581948836,27.419832723060225,414.4874932837446,456.15713367962536,0.0
3.164,9.794880751916077,-1.384415598211034,10.0,0.0,27.811486399440927,27.468128244826122,428.4769488732548,456.15713367962536,0.0
3.165,9.688053392557958,-1.8313664631918403,10.0,0.0,27.96475673894845,27.534726994625387,442.8570429884696,456.15713367962536,0.0
3.166,9.55086601366724,-2.235427161526876,10.0,0.0,28.149337087652174,27.62401524147987,464.68886138899046,456.15713367962536,0.0
3.1670000000000003,9.339549346261771,-2.6747761707501487,1.5595815632867822,0.0,28.368676010202197,26.816259630106536,468.36100360148646,456.15713367962536,0.0
3.168,8.654146639126772,-2.8514545416116075,-0.3985282421798271,0.0,28.5003466100624,26.05350670900212,475.671286000323,456.15713367962536,0.0
3.169,7.834642346210661,-2.907325547188029,-4.248810964805071,0.0,28.54695388473094,25.059537583709474,478.81251549503935,456.15713367962536,0.0
3.17,6.87398360382529,-2.8324439740218788,-6.045979530317388,0.0,28.480707836299317,24.107917802166085,477.53684116594854,456.15713367962536,0.0
3.1710000000000003,5.9338423146031545,-2.665636126292478,-5.621939440635218,0.0,28.30832436703796,23.40326044384462,473.8674554713304,456.15713367962536,0.0
3.172,5.1747870186103295,-2.475626047692071,-3.9643498112431974,0.0,28.06348047870182,23.00401960243244,467.9640260778853,456.15713367962536,0.0
3.173,4.6715275428148395,-2.3155619284512783,-1.13070403850325,0.0,27.787489942727607,22.96311158441294,461.03068771173525,456.15713367962536,0.0
3.174,4.478209013485427,-2.2016282534506404,2.287229604250678,0.0,27.524075595491205,23.262564001041763,453.96481280060596,456.15713367962536,0.0
3.1750000000000003,4.587075307002099,-2.149050276942079,5.842090268605522,0.0,27.312303683975372,23.848676600355418,447.18287082590183,456.15713367962536,0.0
3.176,4.971987654700645,-2.1305091427544047,9.322803884494821,0.0,27.17880647854694,24.661078944378744,447.7821190115784,456.15713367962536,0.0
3.177,5.575126130294615,-2.144201828812638,9.106929938337004,0.0,27.141590834871977,25.257841954382286,444.20327712815714,456.15713367962536,0.0
3.178,6.141872778703634,-2.122801036307061,10.0,0.0,27.165282042528663,25.835292798693434,427.58468676947695,456.15713367962536,0.0
3.1790000000000003,6.751366578471281,-1.9912442123555496,10.0,0.0,27.230091971141174,26.28706012723215,426.34533998948825,456.15713367962536,0.0
3.18,7.333195488681852,-1.7894946001882777,10.0,0.0,27.312720750647422,26.64222547365275,410.9331608569221,456.15713367962536,0.0
3.181,7.866112143647618,-1.573730787463882,10.0,0.0,27.400886663567103,26.917334620437803,404.8860731667076,456.15713367962536,0.0
3.182,8.410687155473687,-1.2780340370550656,10.0,0.0,27.4773778954556,27.11917535908511,387.8047147717174,456.15713367962536,0.0
3.1830000000000003,8.91188842841197,-1.0145882735658582,10.0,0.0,27.54038201154024,27.258794757151563,384.027648252374,456.15713367962536,0.0
3.184,9.413970783109976,-0.7309197929851079,10.0,0.0,27.582478580594074,27.340535580732457,387.5327559899427,456.15713367962536,0.0
3.185,9.73278356867275,-0.7342371065931883,10.0,0.0,27.63174116440331,27.388263395995715,399.9898776580657,456.15713367962536,0.0
3.186,9.804551302775364,-1.0601725651058258,10.0,0.0,27.716669998658265,27.431438365217915,416.146347379214,456.15713367962536,0.0
3.1870000000000003,9.790304469545957,-1.4337365890110592,10.0,0.0,27.83525613445439,27.481073549939644,430.87250930128414,456.15713367962536,0.0
3.188,9.673150521622004,-1.885752729180541,10.0,0.0,27.99293331032266,27.550348295708154,444.89045334691366,456.15713367962536,0.0
3.189,9.529304890589646,-2.289645298963395,10.0,0.0,28.18167826445539,27.643114764420968,467.1498044251369,456.15713367962536,0.0
3.19,9.313995604901088,-2.724540861533708,0.31549594921022983,0.0,28.404624956231014,26.70242920120431,469.74889638194844,456.15713367962536,0.0
3.1910000000000003,8.55746151233767,-2.8668608285131247,-1.1199676562187761,0.0,28.522514663249456,25.898116564722688,476.0582352334514,456.15713367962536,0.0
3.192,7.697290774964267,-2.8928665067902384,-4.473648097508515,0.0,28.549621560858572,24.918527390288915,478.77803207009606,456.15713367962536,0.0
3.193,6.73547687788361,-2.805831095598108,-6.0597554997355525,0.0,28.466224899249497,23.995870634532498,477.14976272357165,456.15713367962536,0.0
3.194,5.816124080910246,-2.636469210699743,-5.455547116912813,0.0,28.281142774998788,23.330974553019853,473.11265324122,456.15713367962536,0.0
3.1950000000000003,5.090117466762985,-2.4507216227884925,-3.60654757135294,0.0,28.02934063920063,22.982074933003226,467.05203757291014,456.15713367962536,0.0
3.196,4.629591504942637,-2.2976839668946245,-0.6851887761308486,0.0,27.752852088711414,22.989142323086043,460.23742591063194,456.15713367962536,0.0
3.197,4.4784162394805485,-2.193394302768975,2.6813141326981835,0.0,27.494777645784517,23.320979870713256,452.9887034916976,456.15713367962536,0.0
3.198,4.620980602291777,-2.1465309189389585,6.3373596440446285,0.0,27.291582326332986,23.94513236388102,446.6620457143538,456.15713367962536,0.0
3.1990000000000003,5.040813068694192,-2.1297843134523666,9.595639412369257,0.0,27.169748295378156,24.763644467512933,448.3066607787938,456.15713367962536,0.0
3.2,5.658968931822657,-2.14371233562718,8.851836609157566,0.0,27.143648426376103,25.30992203136955,441.8336100158894,456.15713367962536,0.0
3.201,6.20648482395607,-2.1108485960097028,10.0,0.0,27.171032009080243,25.878652663461693,425.80018904060074,456.15713367962536,0.0
3.202,6.817144349007373,-1.9576787255338777,10.0,0.0,27.23603024836701,26.320069567872295,425.88324167956694,456.15713367962536,0.0
3.203,7.3888262938344615,-1.761364697001024,10.0,0.0,27.318607509732313,26.667066187090043,408.79277688275715,456.15713367962536,0.0
3.204,7.927411884098631,-1.5317775510578864,10.0,0.0,27.40433526111444,26.93409327504176,404.50422966703485,456.15713367962536,0.0
3.205,8.463435801537273,-1.248142507436385,10.0,0.0,27.479288962814607,27.129413654320928,386.50529442345106,456.15713367962536,0.0
3.206,8.974665275236543,-0.9683556054222837,10.0,0.0,27.538339123487326,27.261822362909648,379.2028117420542,456.15713367962536,0.0
3.207,9.463085077427467,-0.7074597805083811,10.0,0.0,27.578824467231247,27.338281333202755,389.79432419084367,456.15713367962536,0.0
3.208,9.754789652466185,-0.7506411239588706,10.0,0.0,27.63026607965879,27.383939635608602,401.53859256157733,456.15713367962536,0.0
3.209,9.801597130101827,-1.1069621334448323,10.0,0.0,27.71989285869312,27.427944492227084,418.30760020695607,456.15713367962536,0.0
3.21,9.778652329898353,-1.4843193975464235,10.0,0.0,27.842903534442165,27.479503543885873,432.3742034020831,456.15713367962536,0.0
3.211,9.654287239122763,-1.9373930992990678,10.0,0.0,28.004833582333973,27.551658469936992,446.6188760947408,456.15713367962536,0.0
3.212,9.504391320550164,-2.3406470084089057,10.0,0.0,28.197613311026263,27.648035808307398,469.25709050677744,456.15713367962536,0.0
3.213,9.285266265237487,-2.77135720501332,-0.754104848890405,0.0,28.424098383221747,26.593706649230715,470.9525672182101,456.15713367962536,0.0
3.214,8.467241748559944,-2.8839227873850453,-1.7497975399925823,0.0,28.530577144384868,25.753265212030325,476.22595845606213,456.15713367962536,0.0
3.215,7.57193916758753,-2.882936110574326,-4.587181406682962,0.0,28.54112969543875,24.79566353498156,478.63714414292633,456.15713367962536,0.0
3.216,6.614254311139579,-2.785727725828476,-6.0175743547480725,0.0,28.444183768128408,23.90230020352233,476.84667350711817,456.15713367962536,0.0
3.217,5.717556430386198,-2.6128603065352154,-5.329234435118919,0.0,28.249552768128396,23.26765985143626,472.53252323432343,456.15713367962536,0.0
3.218,5.019393517319522,-2.429109553016088,-3.3359131942685325,0.0,27.992436924225593,22.957233313485837,466.2097284032135,456.15713367962536,0.0
3.219,4.592560354014102,-2.2811223602548023,-0.2750417259494409,0.0,27.715548927249483,23.008870512879696,459.32305899646195,456.15713367962536,0.0
3.22,4.479160410814603,-2.184240396341613,3.136633724257962,0.0,27.46233630580753,23.380536439595083,451.8708843548051,456.15713367962536,0.0
3.221,4.657303351715123,-2.1445473061316007,6.905583538334577,0.0,27.268214118897344,24.049452513610028,446.2803801020256,456.15713367962536,0.0
3.222,5.115673551250336,-2.1318016022228408,9.799603200500329,0.0,27.159390661551807,24.864078133690068,448.7687451752344,456.15713367962536,0.0
3.223,5.74139517350507,-2.1501073264813306,8.62930454893984,0.0,27.145053198656356,25.364440121281564,438.98349061052033,456.15713367962536,0.0
3.224,6.275462773827221,-2.0976855011961852,10.0,0.0,27.176236222785644,25.9233214301437,425.0945295732458,456.15713367962536,0.0
3.225,6.885234966098036,-1.9248260110727065,10.0,0.0,27.241698749727483,26.353991690875382,424.8516309928706,456.15713367962536,0.0
3.226,7.443767516718545,-1.737635937734959,10.0,0.0,27.324819736882397,26.69280031958254,407.120208453678,456.15713367962536,0.0
3.227,7.989310037946546,-1.4912105662357529,10.0,0.0,27.408274598060988,26.95161583230559,404.1515028415642,456.15713367962536,0.0
3.228,8.515647302092155,-1.2204740450215006,10.0,0.0,27.48194876077546,27.140453606030455,385.88999128711777,456.15713367962536,0.0
3.229,9.0349191454091,-0.9269315021901329,10.0,0.0,27.537556970091657,27.265918488530883,374.73720059410334,456.15713367962536,0.0
3.23,9.519778251878911,-0.6711904889506288,10.0,0.0,27.574954760698247,27.336255920434372,395.5426673343614,456.15713367962536,0.0
3.231,9.762905559995215,-0.7877399329914452,10.0,0.0,27.631024364411413,27.38140397538007,402.764505789467,456.15713367962536,0.0
3.232,9.805301642943641,-1.1410122144626564,10.0,0.0,27.723696269769256,27.425411889159353,423.02885886328517,456.15713367962536,0.0
3.233,9.750048140132717,-1.563094853742503,10.0,0.0,27.85439814347531,27.480788048235187,431.97828023211304,456.15713367962536,0.0
3.234,9.647545485996352,-1.9678419800675782,10.0,0.0,28.017868803221308,27.554419535700927,455.1634506985667,456.15713367962536,0.0
3.235,9.472104667561531,-2.4034082381894226,6.359404179892171,0.0,28.216220362869436,27.254842863669303,461.4669967097508,456.15713367962536,0.0
3.236,9.06014772176951,-2.7286711046470415,3.1545325439988687,0.0,28.396202352078696,26.732489948911237,472.0002652556692,456.15713367962536,0.0
3.237,8.448260289722509,-2.918050161552233,-2.2705330447207794,0.0,28.523529918486233,25.778850074216933,478.51744933319895,456.15713367962536,0.0
3.238,7.55515512728906,-2.928811399483969,-5.752728240021389,0.0,28.54205068638702,24.696638821584152,478.90420006535174,456.15713367962536,0.0
3.239,6.541051935044795,-2.7912828612807314,-6.173574269955049,0.0,28.43526250065277,23.81564995918755,476.5672821804176,456.15713367962536,0.0
3.24,5.636576432547045,-2.597712586563775,-5.209216812495888,0.0,28.231136802415456,23.211720218429353,471.93638425428315,456.15713367962536,0.0
3.241,4.953989468399545,-2.412072546779958,-3.051560355175254,0.0,27.96854599829701,22.94150932868516,465.3143714082852,456.15713367962536,0.0
3.242,4.55934240221155,-2.2646585813048246,0.1678736905371334,0.0,27.690834049811556,23.041206935597906,458.5460923580578,456.15713367962536,0.0
3.243,4.484061336784121,-2.1757367446410556,3.5281236288664903,0.0,27.44255579448766,23.444931186265073,450.877822898722,456.15713367962536,0.0
3.244,4.6942615809609105,-2.1413832155372523,7.415051466343433,0.0,27.25658811992809,24.153539911558592,446.69191004090163,456.15713367962536,0.0
3.245,5.186460701879307,-2.1330689140054675,9.602660131640855,0.0,27.15950704747636,24.922418770815487,449.19125993468845,456.15713367962536,0.0
3.246,5.801159709845502,-2.1422329537661353,8.422643922196817,0.0,27.15011315558449,25.390328867542593,436.5650618612721,456.15713367962536,0.0
3.247,6.3229595711119275,-2.0703408906773766,10.0,0.0,27.18044989521715,25.94456690140096,424.75149501436925,456.15713367962536,0.0
3.248,6.932654478348613,-1.885539465704161,10.0,0.0,27.243567528156213,26.36879280387535,423.59753009359673,456.15713367962536,0.0
3.249,7.484605405446187,-1.7063494102045809,10.0,0.0,27.324933096193593,26.70229022648784,405.33959846831266,456.15713367962536,0.0
3.25,8.038861557589938,-1.4476365738980692,10.0,0.0,27.404845338249764,26.95512579617799,401.3938540291738,456.15713367962536,0.0
3.251,8.557270375145949,-1.1925554040722353,10.0,0.0,27.476578112751547,27.139186624695014,385.876119373931,456.15713367962536,0.0
3.2520000000000002,9.08615809252924,-0.8865992925893456,10.0,0.0,27.52843933209001,27.25902108707391,373.0142214877591,456.15713367962536,0.0
3.253,9.573916909264657,-0.6275482877844123,10.0,0.0,27.56166182631879,27.323693632481696,395.7772567726642,456.15713367962536,0.0
3.254,9.752701307471279,-0.8440088235784513,10.0,0.0,27.624430494650863,27.370432477136212,405.88901053372854,456.15713367962536,0.0
3.255,9.804591468057266,-1.1738614150859807,10.0,0.0,27.71971536032307,27.414854230476088,420.1473326223573,456.15713367962536,0.0
3.2560000000000002,9.735055587944455,-1.6094965072930036,10.0,0.0,27.85453524898973,27.472530143467463,434.7588632130978,456.15713367962536,0.0
3.257,9.629541227688897,-2.009542456865666,10.0,0.0,28.021289443619807,27.54883167485336,454.5226773273373,456.15713367962536,0.0
3.258,9.440146846466478,-2.4596881885437396,6.6887311395708,0.0,28.224513942914307,27.289717136248363,463.1136587926557,456.15713367962536,0.0
3.259,9.051037585451496,-2.775171590608263,2.3236751557812925,0.0,28.41170625532919,26.670701106720195,473.8411925187426,456.15713367962536,0.0
3.2600000000000002,8.387255957103978,-2.9488130191455335,-3.216932295653332,0.0,28.534223456668222,25.6356145380745,478.2080573941589,456.15713367962536,0.0
3.261,7.442456511896485,-2.9204258233584923,-5.620873970506816,0.0,28.536121275186826,24.60455095939708,478.77122645576156,456.15713367962536,0.0
3.262,6.440606403203045,-2.7755183260686866,-6.128599429069504,0.0,28.41906700124182,23.745728654250097,476.35984968791706,456.15713367962536,0.0
3.263,5.5560293878998035,-2.5800293520621858,-5.12493820523017,0.0,28.207781212008804,23.163848112027708,471.32161401595766,456.15713367962536,0.0
3.2640000000000002,4.896986992266616,-2.39279334976202,-2.757465172613794,0.0,27.9407948769639,22.933061359820268,464.64516115783414,456.15713367962536,0.0
3.265,4.533660804330241,-2.2509986985936203,0.4958809816658807,0.0,27.663703448597207,23.06622345269036,457.7375441789088,456.15713367962536,0.0
3.266,4.489802902084154,-2.1668394791543326,3.933885366135706,0.0,27.419797804727562,23.50519832155335,450.1658142164712,456.15713367962536,0.0
3.267,4.732190816407981,-2.13606277288254,7.77966354198607,0.0,27.24163636663568,24.23743944504385,446.935370705554,456.15713367962536,0.0
3.2680000000000002,5.248165391873849,-2.132071372900531,9.48710292718536,0.0,27.15438389776673,24.973667538831513,449.610865699883,456.15713367962536,0.0
3.269,5.856567321836598,-2.1329103342178337,8.2148181098183,0.0,27.149611684908162,25.408757386049906,434.5470663603614,456.15713367962536,0.0
3.27,6.3662553991457065,-2.044015800214318,10.0,0.0,27.179038889703733,25.95897221414988,424.4345014046787,456.15713367962536,0.0
3.271,6.975198102479448,-1.8498102858261167,10.0,0.0,27.240071195587074,26.377369644423986,421.86162169923546,456.15713367962536,0.0
3.2720000000000002,7.522660387009139,-1.6758719067782146,10.0,0.0,27.31964884735811,26.705899137994095,404.3812602928693,456.15713367962536,0.0
3.273,8.084442309816929,-1.4068275347190076,10.0,0.0,27.396266186173015,26.95321205872072,398.81323572092145,456.15713367962536,0.0
3.274,8.597696184827278,-1.162680762843177,10.0,0.0,27.465787381993344,27.132615314233117,385.63133736571274,456.15713367962536,0.0
3.275,9.13158010575879,-0.8515362848855874,10.0,0.0,27.514512358926304,27.247435671223943,379.4249333146083,456.15713367962536,0.0
3.2760000000000002,9.605971249659524,-0.6169072014359234,10.0,0.0,27.547149119465168,27.308802303589218,392.115268361775,456.15713367962536,0.0
3.277,9.756233647369475,-0.8723880892430378,10.0,0.0,27.61310805567994,27.355510996462765,408.9825284716954,456.15713367962536,0.0
3.278,9.79608540640674,-1.214233964104543,10.0,0.0,27.71219020491729,27.401263644153442,420.17346532300405,456.15713367962536,0.0
3.279,9.720094835511333,-1.6516764374522568,10.0,0.0,27.85063961731961,27.461106722387644,437.07465174784306,456.15713367962536,0.0
3.2800000000000002,9.610012637499631,-2.050174573801656,10.0,0.0,28.020688766570075,27.540159570111,455.01785497762296,456.15713367962536,0.0
3.281,9.413471421775126,-2.5036297172414432,6.437983556911387,0.0,28.227533370082707,27.257008950996887,464.28586149634316,456.15713367962536,0.0
3.282,9.008570676295104,-2.8083546104987827,1.72269301938411,0.0,28.41436363815658,26.5823697292939,474.6262419297158,456.15713367962536,0.0
3.283,8.310481120520976,-2.9612815141067914,-3.6321882798031018,0.0,28.528821667717075,25.524734262713636,478.278265176972,456.15713367962536,0.0
3.2840000000000003,7.345018924299268,-2.914985635172907,-5.679411218404687,0.0,28.519448531944676,24.511882381519772,478.5251253939648,456.15713367962536,0.0
3.285,6.349850008826923,-2.7617705457949597,-6.026521244044475,0.0,28.393336820587905,23.681482460173452,475.98353261010567,456.15713367962536,0.0
3.286,5.486283894314834,-2.565045105169289,-4.953988841419713,0.0,28.176688640657133,23.128001607812816,470.68329275944535,456.15713367962536,0.0
3.287,4.852519601138654,-2.3800286490840805,-2.4491305068877534,0.0,27.90797263772025,22.934091526571677,463.9239436847425,456.15713367962536,0.0
3.2880000000000003,4.520433868478379,-2.2421752135413837,0.8528759304125089,0.0,27.633423513604107,23.101064765579558,457.02835346768785,456.15713367962536,0.0
3.289,4.506220327166339,-2.1640185995123282,4.2919588410592,0.0,27.395807932612605,23.56740745629089,449.43272929082696,456.15713367962536,0.0
3.29,4.7746415910084705,-2.1369138136142185,8.157014973377631,0.0,27.22638821848286,24.32445119084474,446.88885111340073,456.15713367962536,0.0
3.291,5.313265152904529,-2.135777145020107,9.52163688775299,0.0,27.149760863535114,25.04374205061819,449.2246926868273,456.15713367962536,0.0
3.2920000000000003,5.92042501394967,-2.133683643083727,8.423040510967674,0.0,27.15250641153244,25.48754791923338,433.28204962304716,456.15713367962536,0.0
3.293,6.440672975600549,-2.0350723377869353,10.0,0.0,27.188531683028252,26.020543586177038,424.4043645055936,456.15713367962536,0.0
3.294,7.045862740316132,-1.8334601669793735,10.0,0.0,27.25306276833299,26.42670422418339,420.2592837880516,456.15713367962536,0.0
3.295,7.585573997370804,-1.6586351742129286,10.0,0.0,27.334542181411656,26.74538556629072,403.9272142759395,456.15713367962536,0.0
3.2960000000000003,8.148352703450241,-1.377972505856738,10.0,0.0,27.41061714380168,26.983838170396997,396.39318785594094,456.15713367962536,0.0
3.297,8.655239791002874,-1.1371757505115707,10.0,0.0,27.47924885395891,27.155923217761654,385.6890590158745,456.15713367962536,0.0
3.298,9.188711693734644,-0.8226109852640375,10.0,0.0,27.52603174121312,27.264049892980598,383.34565051204623,456.15713367962536,0.0
3.299,9.62474511057154,-0.6501625413737692,10.0,0.0,27.563125326088336,27.32341323257832,395.0442575001732,456.15713367962536,0.0
3.3000000000000003,9.780878192943602,-0.8841154763109659,10.0,0.0,27.629905193717804,27.367735291811236,407.4906866951075,456.15713367962536,0.0
3.301,9.780446170522588,-1.2825539400075314,10.0,0.0,27.735927982164874,27.415911985173853,424.22042166705086,456.15713367962536,0.0
3.302,9.72740193740408,-1.670410132967071,10.0,0.0,27.874845957692067,27.47570383346373,439.4069637115303,456.15713367962536,0.0
3.303,9.577983288991673,-2.125905440685365,10.0,0.0,28.05207724241496,27.559313903471512,452.7758982644012,456.15713367962536,0.0
3.3040000000000003,9.4052124473783,-2.529241252921511,7.594767451778604,0.0,28.259758391935126,27.405221120739814,472.388679044663,456.15713367962536,0.0
3.305,9.041985126965383,-2.887630443849975,-2.373938392002673,0.0,28.466651601109874,26.25302771072885,473.9408396516516,456.15713367962536,0.0
3.306,8.12937783827877,-2.9262053988512156,-3.3278557552172305,0.0,28.538295501506898,25.328253639672067,477.40421983986937,456.15713367962536,0.0
3.307,7.166755498703884,-2.8629907093086717,-5.272016710928569,0.0,28.50295823935886,24.39556521873095,478.11845287645326,456.15713367962536,0.0
3.3080000000000003,6.218058684193948,-2.7240304703416927,-5.848746421188793,0.0,28.36323238194057,23.60334368129795,475.4204918728101,456.15713367962536,0.0
3.309,5.396067986059593,-2.5379201736070285,-4.692399501299055,0.0,28.139174426269665,23.0902691788066,469.9721747123877,456.15713367962536,0.0
3.31,4.801899544482775,-2.3622784544136293,-2.106391331415483,0.0,27.868755329772796,22.936132382077687,463.16415525877295,456.15713367962536,0.0
3.311,4.507511630316682,-2.232203546194926,1.227548179600415,0.0,27.597412640540586,23.137681606027385,456.2409291479277,456.15713367962536,0.0
3.3120000000000003,4.525626920037695,-2.1615220592624995,4.6883232803400094,0.0,27.366884928146195,23.634350943619125,448.75455242357964,456.15713367962536,0.0
3.313,4.824026019828542,-2.1364417975046037,8.505537455074505,0.0,27.207024906826376,24.410943636345863,446.9833974172825,456.15713367962536,0.0
3.314,5.3821051375752,-2.1393750392222666,9.4828523208465,0.0,27.141383616117714,25.104818839201297,448.7128633575342,456.15713367962536,0.0
3.315,5.981388699636355,-2.1353054265678453,8.692562053941556,0.0,27.15121698495632,25.5656969140338,431.78605466964547,456.15713367962536,0.0
3.3160000000000003,6.516790995396709,-2.0249033553748133,10.0,0.0,27.194051292689622,26.080290178089356,424.94484594879725,456.15713367962536,0.0
3.317,7.116952367587976,-1.8185503989030414,10.0,0.0,27.26246669155519,26.473969439068675,417.9248359330024,456.15713367962536,0.0
3.318,7.650305236850708,-1.6404584568141396,10.0,0.0,27.345881892567068,26.782455111939633,403.79667309465543,456.15713367962536,0.0
3.319,8.213169060748452,-1.3491440394588068,10.0,0.0,27.421540474276647,27.011852245688548,393.6235474241443,456.15713367962536,0.0
3.3200000000000003,8.714919586791064,-1.1091872595802355,10.0,0.0,27.489090809577064,27.17631160460782,385.9734564248844,456.15713367962536,0.0
3.321,9.245446921215303,-0.7948632279545556,10.0,0.0,27.534155971559347,27.277739559638974,379.78081978305244,456.15713367962536,0.0
3.322,9.653787422524877,-0.6652703417984083,10.0,0.0,27.57374543568558,27.333919053565428,400.54292672962237,456.15713367962536,0.0
3.323,9.776270826370945,-0.9445360418346307,10.0,0.0,27.64700905865739,27.37904977510189,409.4758823895345,456.15713367962536,0.0
3.3240000000000003,9.791860916543204,-1.3038421955995734,10.0,0.0,27.754190411399456,27.4265037109014,426.20109948456724,456.15713367962536,0.0
3.325,9.700256012452092,-1.7462879944441,10.0,0.0,27.900474998782503,27.4901628287469,439.2693134870468,456.15713367962536,0.0
3.326,9.575101927012588,-2.150113489233096,10.0,0.0,28.078493385650148,27.574935393903598,460.969228138175,456.15713367962536,0.0
3.327,9.37511205082537,-2.589470640568118,3.427170614480742,0.0,28.291478222045647,26.966768654350464,465.7818676193515,456.15713367962536,0.0
3.3280000000000003,8.796716314633239,-2.8197739472999417,0.924603534495251,0.0,28.443287693073447,26.292786619668256,474.4728795575583,456.15713367962536,0.0
3.329,8.052986465294993,-2.926062562246681,-3.6040598933874923,0.0,28.52190672810706,25.304282755355082,478.6917169179385,456.15713367962536,0.0
3.33,7.112112265350593,-2.877985812014688,-5.9388244059607125,0.0,28.487462144531012,24.307012582372856,478.05074847855883,456.15713367962536,0.0
3.331,6.143745602899463,-2.7191285889010333,-5.837276334260217,0.0,28.33974147497417,23.53765449221423,474.930028245049,456.15713367962536,0.0
3.332,5.331522611008643,-2.5240378942735386,-4.464645163159545,0.0,28.10998565917925,23.06009495470331,469.3295795975859,456.15713367962536,0.0
3.333,4.761980045445319,-2.3498145855138426,-1.7961452986075956,0.0,27.838235814195446,22.941651915046766,462.4576301031043,456.15713367962536,0.0
3.334,4.497950328438143,-2.2232280524274586,1.5768244843984212,0.0,27.569634364192453,23.1755677155578,455.4847183390154,456.15713367962536,0.0
3.335,4.544954528415838,-2.157732960387838,5.070004519848974,0.0,27.345346044447375,23.701941137919306,448.1092151714088,456.15713367962536,0.0
3.336,4.871419524348189,-2.1348441722926172,8.838235288734445,0.0,27.194261083142873,24.497380862740272,447.2674004565067,456.15713367962536,0.0
3.337,5.448148483046575,-2.1419559064694775,9.34803997841666,0.0,27.138839769091334,25.15638879162738,447.80077228766163,456.15713367962536,0.0
3.338,6.035626294578076,-2.1329896670792863,9.164917676758842,0.0,27.15380397565897,25.659857026459957,430.6185538841603,456.15713367962536,0.0
3.339,6.597613022581886,-2.0156642099184374,10.0,0.0,27.204802447159302,26.15222137507404,425.63750207919605,456.15713367962536,0.0
3.34,7.192024958951779,-1.8095883298154636,10.0,0.0,27.278442414131288,26.532332867023694,415.4865333629269,456.15713367962536,0.0
3.341,7.721866788601201,-1.623200737468402,10.0,0.0,27.364287657243892,26.82945872457783,404.0744495689464,456.15713367962536,0.0
3.342,8.282470249862465,-1.3232104893718026,10.0,0.0,27.440125910433505,27.04908855824558,391.20960673623483,456.15713367962536,0.0
3.343,8.780434508655414,-1.0802694202719998,10.0,0.0,27.506619706550918,27.205169200010896,386.0567197515887,456.15713367962536,0.0
3.344,9.304242143109953,-0.7710883581882655,10.0,0.0,27.550491681094897,27.299651960009353,383.02550267161826,37.74476452123615,0.0
3.345,9.696492955871976,-0.6627474888973142,-10.0,0.0,27.59059904918316,25.15116412840309,382.64988493863314,37.74476452123615,0.0
3.346,8.730796167855825,-0.4530642700423049,-10.0,0.0,27.389865151920844,23.531684971575682,384.03795737605157,37.74476452123615,0.0
3.347,7.606951529054172,-0.30014727690378473,-10.0,0.0,27.03253269164532,22.168046283092792,383.7511451409087,37.74476452123615,0.0
3.348,6.569129746790956,-0.2477091420940445,-10.0,0.0,26.57033058365137,21.007960167091582,382.33213028208024,37.74476452123615,0.0
3.349,5.678179302638252,-0.2721951065446553,-10.0,0.0,26.041557912294362,20.00528878292527,380.7076962471308,37.74476452123615,0.0
3.35,4.923474756320491,-0.34954339764902986,-10.0,0.0,25.4736588220334,19.124115265693302,378.25791647837696,37.74476452123615,0.0
3.351,4.282010196019917,-0.4515020847129416,-10.0,0.0,24.884874261741327,18.337283247328326,375.17867772614346,37.74476452123615,0.0
3.352,3.731277188495656,-0.5558518277078317,-10.0,0.0,24.286743840500762,17.624421959995306,371.21302150989044,37.74476452123615,0.0
3.353,3.2537097843975626,-0.646923411079684,-10.0,0.0,23.686114709391894,16.97005884364707,366.2627019991818,37.74476452123615,0.0
3.354,2.837485463288585,-0.7136192985894277,-10.0,0.0,23.086538011551454,16.362078127103786,360.19655701240043,37.74476452123615,0.0
3.355,2.4745098915736348,-0.7498319759920793,-10.0,0.0,22.489437347479928,15.790702882108338,352.9603534211162,37.74476452123615,0.0
3.356,2.159462570910667,-0.7528158146837142,-10.0,0.0,21.894875320798047,15.247780544761062,344.45959449672404,37.74476452123615,0.0
3.357,1.887969669070178,-0.7234984043839248,-10.0,0.0,21.30222250952975,14.72640798447615,334.8347260086385,37.74476452123615,0.0
3.358,1.6570745421950355,-0.6634595437572873,-10.0,0.0,20.710386622793845,14.220590934030755,324.2021620663679,37.74476452123615,0.0
3.359,1.4626842312033155,-0.5776699854904239,-10.0,0.0,20.11831615688391,13.725245982896647,312.6845329575369,37.74476452123615,0.0
3.36,1.3012910318680084,-0.470521160448819,-10.0,0.0,19.524989767279656,13.23603782910193,300.5338211221262,37.74476452123615,0.0
3.361,1.1685227672892016,-0.3475588211508276,-10.0,0.0,18.92962083218398,12.749408428836567,288.1126385266582,37.74476452123615,0.0
3.362,1.0612729047786882,-0.21165392815546297,-10.0,0.0,18.33140593573483,12.262374877318546,275.45581589710514,37.74476452123615,0.0
3.363,0.9723405393563282,-0.07185169364273558,-10.0,0.0,17.730289976912342,11.772933252878763,262.473391989548,37.74476452123615,0.0
3.364,0.898208254810496,0.06933481488803794,-10.0,0.0,17.12620895793487,11.279589422646529,249.52073486932022,37.74476452123615,0.0
3.365,0.8346341437212683,0.2086216392811964,-10.0,0.0,16.51929197223399,10.781423702914132,236.7338968378294,37.74476452123615,0.0
3.366,0.7773349962164743,0.34276354751633853,-10.0,0.0,15.909887371468018,10.278050021699517,224.16361534897044,37.74476452123615,0.0
3.367,0.7227356439696658,0.4695599727157931,-10.0,0.0,15.298479674967593,9.769506185801866,211.8549781309522,37.74476452123615,0.0
3.368,0.6678874884892861,0.5875836223604393,-10.0,0.0,14.685643727318531,9.256163267424318,199.83720615542816,37.74476452123615,0.0
3.369,0.6104094981226781,0.6959697643030044,-10.0,0.0,14.072014843479383,8.738645143505138,188.12206614458842,37.74476452123615,0.0
3.37,0.5484749706578109,0.7943247906970735,-10.0,0.0,13.458261844148307,8.217753961711427,176.70316924974435,37.74476452123615,0.0
3.371,0.48075542070169797,0.8826086030262519,-10.0,0.0,12.845067357478706,7.694406403384508,165.66020905813124,37.74476452123615,0.0
3.372,0.40642194920292984,0.9611468830806797,-10.0,0.0,12.23310119096067,7.16957363858862,154.98163084184333,37.74476452123615,0.0
3.373,0.32493295461373894,1.0303130180351747,-10.0,0.0,11.623025472570404,6.644247988310346,144.5582718800604,37.74476452123615,0.0
3.374,0.2359642912378772,1.0904482280357028,-10.0,0.0,11.015501549240826,6.119418994246322,134.55464044629633,37.74476452123615,0.0
3.375,0.13960863386872643,1.1422439744507746,-10.0,0.0,10.411150938832144,5.59602994293259,124.83216860421292,37.74476452123615,0.0
3.376,0.03615059042881205,1.1864391829179028,-10.0,0.0,9.810552968865732,5.074961563914066,115.42353619612648,37.74476452123615,0.0
3.3770000000000002,-0.07403761749611162,1.2236862746544916,-10.0,0.0,9.214252729987749,4.557026348238091,106.31500437808153,37.74476452123615,0.0
3.378,-0.1904926188456354,1.2546038273400337,-10.0,0.0,8.622760533551922,4.042962798311116,97.51781726317202,37.74476452123615,0.0
3.379,-0.31266156767557035,1.2798168384026023,-10.0,0.0,8.036546946076955,3.5334304180910525,88.98319443921638,37.74476452123615,0.0
3.38,-0.43984210739769897,1.300096581354104,-10.0,0.0,7.456022837713437,3.0289980870266344,80.69180884953472,37.74476452123615,0.0
3.3810000000000002,-0.5716694087060802,1.3155694214651326,-10.0,0.0,6.881608692097135,2.5301857759790067,72.68311720112573,37.74476452123615,0.0
3.382,-0.7074533876071685,1.326853605412,-10.0,0.0,6.313668198104653,2.037431246140547,64.79601761072415,37.74476452123615,0.0
3.383,-0.8462420185040637,1.3349911074066543,-10.0,0.0,5.752464017147632,1.5510670294963336,57.10040981457434,37.74476452123615,0.0
3.384,-0.9867592261156672,1.3415734995954478,-10.0,0.0,5.198101144501068,1.071287822949146,49.588004915967105,37.74476452123615,0.0
3.3850000000000002,-1.1298720559002888,1.3445445279835606,-8.119432541998664,0.0,4.650935649263639,0.80524990937236,43.55598908020631,37.74476452123615,0.0
3.386,-1.1730612467590977,1.2944337712367169,-5.161536869707968,0.0,4.137424805718307,0.820981769698096,39.37730751939784,37.74476452123615,0.0
3.387,-1.050789833509641,1.1628180012512772,-3.088521519285349,0.0,3.6908148596910135,0.9683603440942777,36.342481087331294,37.74476452123615,0.0
3.388,-0.8199261875732288,0.9838616781306396,-1.5570854689130282,0.0,3.321972803549482,1.179895591564331,34.28401193729924,37.74476452123615,0.0
3.3890000000000002,-0.5376708063016872,0.7877278860001452,-0.49324336805763247,0.0,3.030953631672258,1.40636192378309,33.01317863901156,37.74476452123615,0.0
3.39,-0.24849421481665662,0.5985849885311914,0.1894891399084555,0.0,2.8105273910049116,1.6165549892093283,32.05439583300924,37.74476452123615,0.0
3.391,0.018277515827229782,0.432239629991943,0.7257842297918837,0.0,2.6495696414115515,1.8093981343777472,31.233759128873064,37.74476452123615,0.0
3.392,0.25190601118275263,0.28852010417047935,1.2012126357836013,0.0,2.5381376755493377,1.9907639466475744,31.98520037486357,37.74476452123615,0.0
3.3930000000000002,0.4567346928259605,0.168758191158833,0.8830876542520743,0.0,2.467722102673394,2.082907079048615,31.857117040996705,37.74476452123615,0.0
3.394,0.5970697334356018,0.08875686231479438,1.0060057959879012,0.0,2.4211649273678777,2.1621080186775843,31.608335430634888,37.74476452123615,0.0
3.395,0.6980734073936609,0.025958924415439392,1.1917608920748226,0.0,2.393291323436297,2.2382299722360184,32.039793745554654,37.74476452123615,0.0
3.396,0.7795094574406902,-0.0239953783867853,1.0330814423717545,0.0,2.3806842691829706,2.276692150851652,32.40406160155325,37.74476452123615,0.0
3.3970000000000002,0.8326231180523931,-0.054643097823409384,0.9043545435692844,0.0,2.376055844326546,2.2924460996423317,32.03047601459408,37.74476452123615,0.0
3.398,0.8610050787072019,-0.07287973279360241,1.1482902221152917,0.0,2.3751652094871867,2.3316911256304738,32.57468216597034,37.74476452123615,0.0
3.399,0.8897612962762866,-0.0935858736232928,0.9278879699798206,0.0,2.380383449872141,2.337359616689453,33.05882704840748,37.74476452123615,0.0
3.4,0.9037050764254639,-0.10024929112686687,0.7326749034895361,0.0,2.386172629841595,2.3224674142477344,32.459848499687105,37.74476452123615,0.0
3.4010000000000002,0.8995328976320631,-0.10067220151573066,1.0850133380652138,0.0,2.3898735575376704,2.350951085984126,33.08610144958373,37.74476452123615,0.0
3.402,0.9097558910829812,-0.11139005862044633,0.8184734938334257,0.0,2.3972274948154078,2.3429474650376982,33.423502282199344,37.74476452123615,0.0
3.403,0.9099258724583689,-0.10994669449964299,0.6929856999159867,0.0,2.4027797276463927,2.325424873008303,32.819524781358275,37.74476452123615,0.0
3.404,0.8985647933109263,-0.10826130045518434,1.0442268477352998,0.0,2.405853518287658,2.3513525861842166,33.62014018631866,37.74476452123615,0.0
3.4050000000000002,0.90568163886093,-0.1165499641577173,0.6851653886042837,0.0,2.4121413081301113,2.331089271322086,33.52393788451664,37.74476452123615,0.0
3.406,0.8986597389425006,-0.11178137560540827,0.775474805872487,0.0,2.4151665561243263,2.327849294867753,33.235429160453876,37.74476452123615,0.0
3.407,0.8914703312832681,-0.11435463585293672,0.9648225215116923,0.0,2.4178960261864373,2.345881611249237,34.13695143073608,37.74476452123615,0.0
3.408,0.8978416857992912,-0.1196004877036094,0.5501395172755894,0.0,2.4227070919815863,2.314102292303066,33.533743674476156,37.74476452123615,0.0
3.4090000000000003,0.883982104677912,-0.11324287934963154,0.8938536038731528,0.0,2.4231073238651573,2.3295256588676314,33.903407540844356,37.74476452123615,0.0
3.41,0.8842333770990818,-0.12016262035083364,0.7474352404929712,0.0,2.4258346168104996,2.32373731534876,34.2079251703395,37.74476452123615,0.0
3.411,0.8830029224469178,-0.11852703053174027,0.6305448192543652,0.0,2.427461233819309,2.3075446355098146,33.65005081611603,37.74476452123615,0.0
3.412,0.872125576859502,-0.11880158474412583,0.9504291334173023,0.0,2.427352478004896,2.330674267594047,34.53911676346861,37.74476452123615,0.0
3.4130000000000003,0.8795838102389105,-0.12628450733230123,0.5379526373186856,0.0,2.430387936922923,2.3019796240483292,33.979170762988,37.74476452123615,0.0
3.414,0.8683139364696311,-0.12129564274716452,0.8555815751414744,0.0,2.429626781264328,2.3168362073188935,34.3993469941982,37.74476452123615,0.0
3.415,0.8694405984772061,-0.12885241528392777,0.6789476348067545,0.0,2.431308533123546,2.3072883623229687,34.467107842571025,37.74476452123615,0.0
3.416,0.8668972231786878,-0.12661665217667104,0.6778437774069919,0.0,2.431545823630082,2.300799430004844,34.18434580950488,37.74476452123615,0.0
3.4170000000000003,0.8599861806309437,-0.1304315892194548,0.8548289810573754,0.0,2.4315524925599314,2.3151973118719935,34.999468230174536,37.74476452123615,0.0
3.418,0.8658839972165077,-0.13454494927914057,0.47472073363316525,0.0,2.4334126030196486,2.283856442942355,34.20799482319002,37.74476452123615,0.0
3.419,0.8512794287437656,-0.13078564796022743,0.9058251341058842,0.0,2.431497958794753,2.3087237191757506,35.05031748536679,37.74476452123615,0.0
3.42,0.857668851134388,-0.1391615265772096,0.5116082733761931,0.0,2.433220446276743,2.2823890225306283,34.49637333962469,37.74476452123615,0.0
3.4210000000000003,0.8475304127828629,-0.13502018372233734,0.821064258063358,0.0,2.4315979088458164,2.298021493663676,35.058948343323465,37.74476452123615,0.0
3.422,0.8497771785639064,-0.14287797829926743,0.5666349179930971,0.0,2.432606643103299,2.280498148066296,34.75178114968677,37.74476452123615,0.0
3.423,0.8433431011125956,-0.13956661231371836,0.7501483485269379,0.0,2.4313193411711147,2.2882889973912817,35.07900810640551,37.74476452123615,0.0
3.424,0.8424800709372686,-0.1465611402267416,0.6131924343158746,0.0,2.4317423660949364,2.2783023392667685,34.998216795962875,37.74476452123615,0.0
3.4250000000000003,0.8390013579764437,-0.14444266175175002,0.6810535667899247,0.0,2.430821444802544,2.278564961285282,35.11185328094912,37.74476452123615,0.0
3.426,0.8352544421054119,-0.1501443105436632,0.6505644366996727,0.0,2.430667243993103,2.2750541869542427,35.233577352489725,37.74476452123615,0.0
3.427,0.8340555781223666,-0.1492097918119249,0.6148142726168344,0.0,2.430017572283093,2.2683458491065775,35.14291810220054,37.74476452123615,0.0
3.428,0.8276512089337935,-0.1534535805212523,0.6861623619517832,0.0,2.4292381959046594,2.271141661311263,35.470493136629294,37.74476452123615,0.0
3.4290000000000003,0.828570752125625,-0.1539213964616291,0.5451175585834744,0.0,2.4288253602508862,2.2571863519507858,35.16344412228164,37.74476452123615,0.0
3.43,0.8194982405128235,-0.15640339194648362,0.7244552697468469,0.0,2.427326618570373,2.2667300579319605,35.69994319646216,37.74476452123615,0.0
3.431,0.822556759577362,-0.1586827147909502,0.47665394590432764,0.0,2.427158027214071,2.2456908341994275,35.189532471999534,37.74476452123615,0.0
3.432,0.8111263315587677,-0.1591860482401764,0.7574116286280055,0.0,2.4249349460711165,2.2613879643152384,35.88776408143568,37.74476452123615,0.0
3.4330000000000003,0.816011624463769,-0.16329180210431293,0.42686582830793907,0.0,2.424950485644601,2.235473771942993,35.25365046480643,37.74476452123615,0.0
3.434,0.8032385612042235,-0.16234134075061518,0.7688337771868613,0.0,2.422227443735965,2.2545283750328022,36.02647772245242,37.74476452123615,0.0
3.435,0.8090171402877385,-0.16748920014819046,0.39960301635170214,0.0,2.4222579354744433,2.2266067761103274,35.35191563317791,37.74476452123615,0.0
3.436,0.7957618274353954,-0.16600479578150293,0.7608125498695393,0.0,2.419278455072514,2.2464216127538554,36.128263944624976,37.74476452123615,0.0
3.4370000000000003,0.8017087042454084,-0.1712913537947911,0.3888033999121181,0.0,2.419174771800261,2.2186372062847175,35.47944986689316,37.74476452123615,0.0
3.438,0.7885310123000966,-0.1699927496681023,0.7358635853214548,0.0,2.4161073041742505,2.237026598911955,36.19768467278687,37.74476452123615,0.0
3.439,0.7939438167362365,-0.17471589241827057,0.3922169808590935,0.0,2.415718054317349,2.2112713917614846,35.62695975991973,37.74476452123615,0.0
3.44,0.7813963321302464,-0.17414123438874435,0.6987574849058288,0.0,2.4126817649203427,2.2266430531811574,36.23758880372958,37.74476452123615,0.0
3.4410000000000003,0.7857872153838342,-0.17784773784918043,0.4085147201759689,0.0,2.4118997325659457,2.2045733383544546,35.79143927631265,37.74476452123615,0.0
3.442,0.7744302791580887,-0.1784596875190167,0.6511227363336678,0.0,2.409019181393396,2.215514873016996,36.233387237341276,37.74476452123615,0.0
3.443,0.7773656316611417,-0.18077701688066558,0.44526252865830435,0.0,2.40776962553744,2.199567037952567,36.00151324328202,37.74476452123615,0.0
3.444,0.7681959922269891,-0.18318985000329718,0.5786320384674739,0.0,2.4052924801105093,2.2028562928275375,36.12713183102998,37.74476452123615,0.0
3.4450000000000003,0.768341160570857,-0.18356684152736066,0.5319990714955565,0.0,2.4034093154501885,2.1989979212951463,36.36347990630324,37.74476452123615,0.0
3.446,0.7641161951922963,-0.18865481797947714,0.42763788000825426,0.0,2.4018845375971525,2.1847898669311583,35.96273431297839,37.74476452123615,0.0
3.447,0.7566300273542945,-0.18635983989518823,0.6458309787532566,0.0,2.398788104739229,2.197676221803484,36.63036441094449,37.74476452123615,0.0
3.448,0.759772411709407,-0.1919670634067327,0.3231599308731249,0.0,2.3979296950214426,2.1708680276910783,36.03824255752101,37.74476452123615,0.0
3.4490000000000003,0.7464805337545132,-0.1903010327814919,0.6362860772220155,0.0,2.394236971260304,2.185818929013903,36.54701014148211,37.74476452123615,0.0
3.45,0.7504449597561179,-0.19347585049054958,0.39387982903900465,0.0,2.3927745002618095,2.168540513424985,36.321309718717785,37.74476452123615,0.0
3.451,0.7410356672995244,-0.19566883617338063,0.5209645884463515,0.0,2.3899399150522926,2.1703217447419894,36.299492016200986,37.74476452123615,0.0
3.452,0.7402324241416715,-0.19575015034748258,0.5463261647551027,0.0,2.387553926197752,2.17315458402903,36.80890880229573,37.74476452123615,0.0
3.4530000000000003,0.7395327934116014,-0.20145784299322542,0.30097632889713355,0.0,2.3863168532066594,2.148292369743176,36.19740963144715,37.74476452123615,0.0
3.454,0.726859932671473,-0.19844077275237768,0.6221994632193144,0.0,2.3823283114331404,2.164967731094931,36.76247638106735,37.74476452123615,0.0
3.455,0.7315049265224374,-0.20227433349284135,0.34948896981090216,0.0,2.3808580223560085,2.145728638585006,36.51193021937534,37.74476452123615,0.0
3.456,0.7213510163839559,-0.20408046484870443,0.48709039367551754,0.0,2.3777711917773368,2.147293068031292,36.420698697562464,37.74476452123615,0.0
3.457,0.7200855561306857,-0.20408607688099034,0.5459468128186906,0.0,2.3751320432111545,2.153528224868662,37.01153979053516,37.74476452123615,0.0
3.458,0.7213613793514484,-0.20976606755167174,0.25785851363935275,0.0,2.374005068038779,2.1264446789077,36.41348186504926,37.74476452123615,0.0
3.459,0.7075395081865155,-0.20732657434599372,0.5702003029441699,0.0,2.3699572916282134,2.1407284339012715,36.77740797724645,37.74476452123615,0.0
3.46,0.7110413387694831,-0.20979146534096813,0.39791081228547487,0.0,2.3680382012995658,2.1305803538131474,36.863688313519695,37.74476452123615,0.0
3.461,0.7049213304207753,-0.2135677592903987,0.3635814062260155,0.0,2.365686955419459,2.1199100521652072,36.46893489911907,37.74476452123615,0.0
3.462,0.6982212611915348,-0.21213127373141355,0.573716409647499,0.0,2.3623080276115846,2.1342056080627363,37.055889222415104,37.74476452123615,0.0
3.463,0.7030899827528252,-0.21670474240246285,0.28712800098769253,0.0,2.3612139945836566,2.112505080538896,36.788059543361754,37.74476452123615,0.0
3.464,0.6918684322391558,-0.21751467261685495,0.4306098902931112,0.0,2.3581026697430096,2.112797152146958,36.61761286895897,37.74476452123615,0.0
3.465,0.6892886744674603,-0.2170912545617576,0.5271047440172743,0.0,2.35527700925903,2.1221000569765036,37.22863958281698,37.74476452123615,0.0
3.466,0.6922088252562406,-0.2221163989115401,0.22675263647246102,0.0,2.3542212053654286,2.095839410743042,36.78285946127011,37.74476452123615,0.0
3.467,0.6785290481357322,-0.22089009404077653,0.45926174784555884,0.0,2.35045977225856,2.1022127490612,36.76621270320582,37.74476452123615,0.0
3.468,0.6782341287367891,-0.2212342008681046,0.47737064505800725,0.0,2.347761931093908,2.107135141179171,37.31810049182801,37.74476452123615,0.0
3.469,0.679324883833481,-0.22616193451329447,0.20569339104099074,0.0,2.3463647228902156,2.081106990800259,36.81104718870644,37.74476452123615,0.0
3.47,0.6655794596020506,-0.22419201190203666,0.46855721592707444,0.0,2.3422384516453105,2.0906966321329317,36.863547856030635,37.74476452123615,0.0
3.471,0.6668354897475779,-0.22523455048050497,0.45111904891703153,0.0,2.339618150127908,2.094092228029559,37.37340097361673,37.74476452123615,0.0
3.472,0.6675709102568307,-0.2301936175418043,0.1999061256001772,0.0,2.338134510342867,2.0693588583354683,36.87846374470162,37.74476452123615,0.0
3.473,0.6544814179291025,-0.22826063935373472,0.45603774782307893,0.0,2.3340636792956198,2.079084267671112,36.914554185604494,37.74476452123615,0.0
3.474,0.6559369326268288,-0.22941671946304637,0.44629463072795805,0.0,2.331518970880567,2.0835059923257475,37.42946487893397,37.74476452123615,0.0
3.475,0.6573792390722633,-0.23430279765569073,0.1919922804862418,0.0,2.3301968135725795,2.059211147755756,36.98443348545046,37.74476452123615,0.0
3.476,0.6445196131275813,-0.2327057130787513,0.42211128758585414,0.0,2.3263528474530024,2.0664986681137076,36.93067331644468,37.74476452123615,0.0
3.477,0.6447234024117798,-0.23337219474960405,0.4571322841366573,0.0,2.323711313810743,2.0740731462927915,37.460077705400586,37.74476452123615,0.0
3.478,0.6477318103285069,-0.23799589103896954,0.19527695781706117,0.0,2.322593323125738,2.0511428404510785,37.13812150441052,37.74476452123615,0.0
3.479,0.635624543793259,-0.2373246525565037,0.3623214884803503,0.0,2.3191740277290975,2.0527491011592396,36.937792965267874,37.74476452123615,0.0
3.48,0.6330175580356238,-0.23704856488860462,0.47055547361135597,0.0,2.3162336306842928,2.0642537950826854,37.41147105510293,37.74476452123615,0.0
3.481,0.6376757466904257,-0.2410808426441874,0.2370493633551609,0.0,2.3151840541661075,2.047007497320209,37.341347921795034,37.74476452123615,0.0
3.482,0.6285682815831088,-0.24224053793396974,0.2761450960035196,0.0,2.3126020492278117,2.0390648664243964,36.99903958028969,37.74476452123615,0.0
3.483,0.6216565001771511,-0.2408607747957135,0.45475651616565627,0.0,2.3093206107956594,2.05158381831927,37.26793780088194,37.74476452123615,0.0
3.484,0.6260175643432816,-0.2434639229058007,0.32507567307307406,0.0,2.3079193553197017,2.0459228893673016,37.542899555670715,37.74476452123615,0.0
3.485,0.6227409777356331,-0.246762221516585,0.18961344533434013,0.0,2.306428913862227,2.0274879263111005,37.172189423105614,37.74476452123615,0.0
3.486,0.6117197521998414,-0.2446784192191493,0.38069426259819594,0.0,2.3029818190060554,2.034300496534046,37.14846132848532,37.74476452123615,0.0
3.487,0.6119053327877935,-0.24533886058322507,0.3985213418358522,0.0,2.3006541772308173,2.040006644672548,37.576616643634054,37.74476452123615,0.0
3.488,0.614115939377877,-0.2487642230493818,0.1861251630375052,0.0,2.299500099904591,2.0211262524404545,37.40196484053029,37.74476452123615,0.0
3.489,0.603717089839282,-0.24843120488178,0.2768790613964457,0.0,2.296502505464679,2.0172913618215595,37.13617585939321,37.74476452123615,0.0
3.49,0.5984408869997403,-0.2474818538553772,0.41585943858341406,0.0,2.2933200829756406,2.028396897144504,37.32939593877365,37.74476452123615,0.0
3.491,0.6025606206226636,-0.24990246272729594,0.32340308471781987,0.0,2.2918422167539756,2.0260077012622477,37.61327813869009,37.74476452123615,0.0
3.492,0.6010764810969844,-0.25334763059475235,0.18277684858505996,0.0,2.2906279799429523,2.0093697685941576,37.35774181601251,37.74476452123615,0.0
3.493,0.5913790762193992,-0.25183494348788893,0.3144152369760854,0.0,2.287670526285793,2.0112125637373923,37.279016520118354,37.74476452123615,0.0
3.494,0.5891535327363424,-0.2517764265090797,0.358435364934343,0.0,2.2852017875120727,2.016248999926445,37.48188411083865,37.74476452123615,0.0
3.495,0.5905682919593864,-0.2539362895147501,0.25963037367817043,0.0,2.283721736335042,2.0090482893520942,37.595271302480285,37.74476452123615,0.0
3.496,0.586016608057793,-0.25545143800164666,0.2044317100449114,0.0,2.2818146869217806,1.997850674451785,37.364943750971385,37.74476452123615,0.0
3.497,0.578537358677127,-0.25377678636431616,0.32339369350200897,0.0,2.278779217794839,2.0019971215096497,37.37465873428717,37.74476452123615,0.0
3.498,0.5779172091528036,-0.25482115442365194,0.3222372597136044,0.0,2.276593567289278,2.004101973351608,37.52348036196912,37.74476452123615,0.0
3.499,0.5781798260306245,-0.25691771860648405,0.25003928746530113,0.0,2.275057145397988,1.9978124729975817,37.50757604530834,37.74476452123615,0.0
3.5,0.5742008765735249,-0.25762329621477853,0.2603633305549693,0.0,2.273102063555508,1.994296215561234,37.46255788111849,37.74476452123615,0.0
3.501,0.5706668553343066,-0.2576296712984364,0.2856944790510699,0.0,2.2709845096367607,1.9939682144296906,37.489468792808054,37.74476452123615,0.0
3.5020000000000002,0.5687537054273255,-0.25846521293297975,0.27479198049056985,0.0,2.269137756825697,1.9921837779701863,37.50875213655937,37.74476452123615,0.0
3.503,0.5665794218644664,-0.2592986042257148,0.26751043246167827,0.0,2.267380553275645,1.9899212042707997,37.50957736721017,37.74476452123615,0.0
3.504,0.5640658675742438,-0.2599513771400195,0.26944968867653957,0.0,2.2656362838183055,1.988250049386564,37.503724711679006,37.74476452123615,0.0
3.505,0.5617390535604406,-0.26062581097540427,0.27478641453769326,0.0,2.2639669858110247,1.9873700443262128,37.49134450752208,37.74476452123615,0.0
3.5060000000000002,0.5598764507677405,-0.26143236442567486,0.2835107167532971,0.0,2.2624585936396135,1.9874990341233332,37.48423921508306,37.74476452123615,0.0
3.507,0.5586866942059667,-0.26241237933568684,0.2896686160343388,0.0,2.261213675770655,1.9881666588162261,37.45001618011301,37.74476452123615,0.0
3.508,0.5580575742054704,-0.2633218367570051,0.30972761693059375,0.0,2.2602502523251253,1.9908452459931496,37.6648348529469,37.74476452123615,0.0
3.509,0.5586152477797552,-0.2645285387389714,0.20311757719653983,0.0,2.2597746725856447,1.9811643024349417,37.76631873409611,37.74476452123615,0.0
3.5100000000000002,0.5523541535205041,-0.26449194852496716,0.15216009449333673,0.0,2.2583624645209315,1.9685589696628556,37.481987225389176,37.74476452123615,0.0
3.511,0.5435440699564591,-0.2613941913543615,0.2969536218052736,0.0,2.2554905565988537,1.9744163104423045,37.411999772912814,37.74476452123615,0.0
3.512,0.5434260158950294,-0.2617489446555882,0.3352749955266877,0.0,2.2535615739817705,1.9820930272989536,37.60449349811572,37.74476452123615,0.0
3.513,0.5469542573440609,-0.2639982166374645,0.2404308431564379,0.0,2.2528370336970536,1.97760381661028,37.78663253246193,37.74476452123615,0.0
3.5140000000000002,0.5445153388680886,-0.2654492226517967,0.14894264587107656,0.0,2.2518731443136994,1.9646793762311625,37.54215143526102,37.74476452123615,0.0
3.515,0.5363636740291946,-0.26353896864041004,0.2732093253312833,0.0,2.249488561829372,1.968407501612616,37.38181602590621,37.74476452123615,0.0
3.516,0.5356213967081734,-0.26313096814831705,0.35700651496198654,0.0,2.247689472617608,1.97949951412919,37.56158421677398,37.74476452123615,0.0
3.517,0.5408006036163621,-0.2654697863997992,0.2689542225727238,0.0,2.2474408435912605,1.9782015568806934,37.85428430531156,37.74476452123615,0.0
3.5180000000000002,0.5404426729327602,-0.2675699850882618,0.12150898046318018,0.0,2.2472949154159148,1.9617612431905336,37.62700122788721,37.74476452123615,0.0
3.519,0.5308547068631523,-0.2652994821041238,0.2363281521088425,0.0,2.245248791373948,1.9621060263147927,37.358760728375536,37.74476452123615,0.0
3.52,0.5278724451580774,-0.26375436417190823,0.3743084397932871,0.0,2.243294500105901,1.976473527778125,37.493202983064855,37.74476452123615,0.0
3.521,0.5342090116349066,-0.2659030019191233,0.3096029278303408,0.0,2.243224189442508,1.979984595846048,37.89338952387828,37.74476452123615,0.0
3.5220000000000002,0.5367404328498203,-0.2688047665782134,0.10802340739720842,0.0,2.243809724387274,1.9613957432439517,37.727033679278776,37.74476452123615,0.0
3.523,0.5267179570811811,-0.2665780323168637,0.19137863811653255,0.0,2.242203862162014,1.9570369865266994,37.38116602808825,37.74476452123615,0.0
3.524,0.5210213127748496,-0.2640045040134975,0.3679484486432735,0.0,2.2400618897167996,1.972069052225404,37.42701602550183,37.74476452123615,0.0
3.525,0.5269673422395034,-0.26554212502860064,0.34820093489382853,0.0,2.2398321946806705,1.980734759807835,37.85044443453534,37.74476452123615,0.0
3.5260000000000002,0.53236212347538,-0.2687458033075605,0.1354299312440805,0.0,2.240829068306933,1.9647696262231324,37.83942433140644,37.74476452123615,0.0
3.527,0.5243341936962489,-0.2676111876782228,0.13999338470682732,0.0,2.239972896710082,1.9540674033649894,37.45261515768967,37.74476452123615,0.0
3.528,0.5158902907601622,-0.2640150624804193,0.33631946520067724,0.0,2.2377478923716363,1.9667485699778495,37.34116783257356,37.74476452123615,0.0
3.529,0.5198117867503349,-0.26438615284445766,0.3960790946453582,0.0,2.2370902863203437,1.9820336143412756,37.75411679020604,37.74476452123615,0.0
3.5300000000000002,0.5281963049737136,-0.2682151561166932,0.18951109313941922,0.0,2.2384444247668283,1.9715212351584595,37.96012844483293,37.74476452123615,0.0
3.531,0.5239025896476718,-0.2685015779882285,0.08435162659000561,0.0,2.2386051278235293,1.9532498003012957,37.542627896959466,37.74476452123615,0.0
3.532,0.512602189212755,-0.26379914452917286,0.2951232667695055,0.0,2.2364024851896325,1.9622581612153382,37.267109475574856,37.74476452123615,0.0
3.533,0.5135867874340054,-0.2629801400836789,0.4376590279184238,0.0,2.235277876756116,1.983495329290486,37.654364888470425,37.74476452123615,0.0
3.5340000000000003,0.524397133627279,-0.2671193662335641,0.24493531779829614,0.0,2.236852950894409,1.9786920618910175,38.02151256354933,37.74476452123615,0.0
3.535,0.5239987674558164,-0.26844133774140955,0.05859399983571231,0.0,2.2378942154832884,1.9561082445114344,37.63431626068951,37.74476452123615,0.0
3.536,0.5113421028550778,-0.26366920287493584,0.2532966338710888,0.0,2.236034817324932,1.9605558876965823,37.25523021313562,37.74476452123615,0.0
3.537,0.5094743325581603,-0.2616874137932568,0.44773500072903943,0.0,2.2346358478506065,1.9838929088480541,37.546297933614596,37.74476452123615,0.0
3.5380000000000003,0.5208006000255414,-0.26516682840707917,0.3041858063657661,0.0,2.236113030937197,1.985756968764025,38.01309460491101,37.74476452123615,0.0
3.539,0.5241637990891121,-0.26743945679976666,0.06810416988081022,0.0,2.237844096683783,1.9627921637050267,37.737533650090846,37.74476452123615,0.0
3.54,0.5121272088706154,-0.26349908917326315,0.20595695600234562,0.0,2.236649408626969,1.961179225479476,37.2818898308029,37.74476452123615,0.0
3.541,0.5072154077486282,-0.2604414653814491,0.4384076125506494,0.0,2.2351159606124464,1.9842190888511304,37.438905950978594,37.74476452123615,0.0
3.5420000000000003,0.5177144724731007,-0.26279227356091306,0.3629581381653798,0.0,2.2363290088742005,1.9929736572053927,37.93640276208615,37.74476452123615,0.0
3.543,0.5245550403041361,-0.2658344232035118,0.11229335020309988,0.0,2.2386073375240976,1.9735079698042366,37.856925856187104,37.74476452123615,0.0
3.544,0.5150923630969257,-0.26343959809363415,0.15091018980311516,0.0,2.2384174123103753,1.9640804844149142,37.364601707760784,37.74476452123615,0.0
3.545,0.5070604983793582,-0.2588235389094587,0.40087389215102887,0.0,2.236819912819934,1.983475472252282,37.31349509303846,37.74476452123615,0.0
3.5460000000000003,0.5147763944295665,-0.25950509862334337,0.43073989379416666,0.0,2.2374427942226416,2.000627767301436,37.83465504635891,37.74476452123615,0.0
3.547,0.5249963192725302,-0.26390014885773005,0.16926101188271445,0.0,2.2401952569186374,1.9860187511870309,37.96190623453813,37.74476452123615,0.0
3.548,0.519158719015304,-0.26292598527208955,0.1034640006600869,0.0,2.2410604632368303,1.9692673358150166,37.42299208656642,37.74476452123615,0.0
3.549,0.5085608002978217,-0.25693559154918666,0.376138798992639,0.0,2.2395148057123384,1.9860371755971795,37.21246710208013,37.74476452123615,0.0
3.5500000000000003,0.5140321938694646,-0.2564891114537956,0.4867242654273412,0.0,2.2398114890452474,2.0097052864931135,37.78134534235428,37.74476452123615,0.0
3.551,0.5269368530410754,-0.2617550038134021,0.2019193370790873,0.0,2.2430290280949703,1.9972370592769293,38.03894562809582,37.74476452123615,0.0
3.552,0.5231298434379751,-0.2613791754110656,0.07017738313972116,0.0,2.2445839904702494,1.975241660685546,37.442321315667684,37.74476452123615,0.0
3.553,0.5104668293399416,-0.25435570154603837,0.3715139714094725,0.0,2.243015092907733,1.9914206038946476,37.15464267653676,37.74476452123615,0.0
3.5540000000000003,0.5149656053195617,-0.25331151320816514,0.5212545094219283,0.0,2.2431763534438622,2.018661360826521,37.74866015397024,37.74476452123615,0.0
3.555,0.5294906516747242,-0.25895778939838143,0.22420681437784634,0.0,2.246677095883868,2.0074687489445746,38.06380857276853,37.74476452123615,0.0
3.556,0.5268950219024112,-0.2589173139194384,0.06344216446337886,0.0,2.2486475878270937,1.9834626076931796,37.4272767017042,37.74476452123615,0.0
3.557,0.5135962761386298,-0.25149446560607436,0.3848829781908623,0.0,2.2472043078911756,2.0004571715067065,37.106549347550825,37.74476452123615,0.0
3.5580000000000003,0.5183839838197649,-0.2502645224836525,0.5516288070044039,0.0,2.24754374706987,2.030075948674942,37.75020759424422,37.74476452123615,0.0
3.559,0.5341286697146541,-0.25642893601005884,0.22974525292762393,0.0,2.251501504966647,2.018008104436015,38.06688533287274,37.74476452123615,0.0
3.56,0.5314712977660206,-0.25626910489562427,0.06818517549700137,0.0,2.253777477092002,1.9934398052073563,37.38210976265466,37.74476452123615,0.0
3.561,0.518007539312286,-0.24832496296107784,0.41419950819185586,0.0,2.2524967647803,2.0126875501952632,37.09486432371612,37.74476452123615,0.0
3.5620000000000003,0.5239920140714333,-0.2471454351523368,0.5643212296363231,0.0,2.253218591558942,2.0421427656771094,37.78010898455882,37.74476452123615,0.0
3.563,0.5398000649081021,-0.25358476904657457,0.221345454581747,0.0,2.2575338792143587,2.027817048973745,38.00277714265173,37.74476452123615,0.0
3.564,0.5359785087495583,-0.25295421973627796,0.10743124932113712,0.0,2.2598513126708215,2.006833079563943,37.308225941613934,37.74476452123615,0.0
3.565,0.5242424596358293,-0.24509415063106837,0.45907223563625765,0.0,2.2589803037321885,2.0292516508289618,37.19501395715561,37.74476452123615,0.0
3.5660000000000003,0.5324711708438263,-0.2444220729525071,0.5211757335062253,0.0,2.260442924960331,2.0516337202521444,37.853455052691736,37.74476452123615,0.0
3.567,0.5452043976846349,-0.24964269814903098,0.19086828042360618,0.0,2.2645784805563807,2.033650622197626,37.8089998650482,37.74476452123615,0.0
3.568,0.5385290003746496,-0.2477560152584087,0.21245352080725344,0.0,2.2662424294174395,2.0244184664536973,37.09795986085203,37.74476452123615,0.0
3.569,0.5319267090147451,-0.2420715932940475,0.5744415695091802,0.0,2.2662103482308265,2.0565382522001334,37.402566229066224,37.74476452123615,0.0
3.5700000000000003,0.546807038550781,-0.24405961233883605,0.425560368323782,0.0,2.2696689800520886,2.0637431794732892,38.11676922738811,37.74476452123615,0.0
3.571,0.5538011201717488,-0.24663649021534667,0.0647388221013186,0.0,2.273765817794508,2.031751373445691,37.51587898731827,37.74476452123615,0.0
3.572,0.5384773000058263,-0.23996553947901053,0.3674727974754197,0.0,2.2734942178001645,2.042032945582933,36.88416938201961,37.74476452123615,0.0
3.573,0.5396787972313963,-0.23616937711949987,0.6919335515169152,0.0,2.2739270666667966,2.083637140801367,37.70244420917783,37.74476452123615,0.0
3.5740000000000003,0.5606979072821472,-0.24321428992290328,0.2832193410583884,0.0,2.279289952200578,2.0706209435604412,38.078270132166075,37.74476452123615,0.0
3.575,0.559002142145972,-0.2433947989813929,0.09197132345496495,0.0,2.2827643363252883,2.0428892400306817,37.2153235371165,37.74476452123615,0.0
3.576,0.5447697848936645,-0.2336976767705455,0.5287390308209508,0.0,2.2820496231507734,2.0697836748990537,37.187321347529796,37.74476452123615,0.0
3.577,0.5547395866714375,-0.23276645275646757,0.5483145573513647,0.0,2.2840903613611077,2.090463824039745,37.93227591304055,37.74476452123615,0.0
3.5780000000000003,0.5669822665724713,-0.237801698004759,0.17396216067794434,0.0,2.28855822988193,2.066658516416684,37.510897179816304,37.74476452123615,0.0
3.579,0.5575474934172189,-0.2340372802165156,0.3869902007042651,0.0,2.289734342379175,2.07401738662373,36.82821244053345,37.74476452123615,0.0
3.58,0.5593546118192534,-0.2300709082456793,0.7374980911527198,0.0,2.2911300739084894,2.116890437853084,37.75553400889352,37.74476452123615,0.0
3.581,0.5809984269125883,-0.23724103380146241,0.2737296120961106,0.0,2.2975019149386533,2.098733397035479,37.93888934125689,37.74476452123615,0.0
3.5820000000000003,0.5766346180918194,-0.2363911073647015,0.1801106977142185,0.0,2.301255674620439,2.0780653057324248,37.08965846781285,37.74476452123615,0.0
3.583,0.5656365443274373,-0.22677716148722796,0.6112771949704693,0.0,2.301518214421585,2.1093700533957356,37.44394388251676,37.74476452123615,0.0
3.584,0.5784514810592204,-0.22731281957899982,0.4371426940057085,0.0,2.305040036857818,2.112584496416003,38.076880124296096,37.74476452123615,0.0
3.585,0.5824112572549236,-0.229203515037737,0.11735341708544234,0.0,2.308733741271998,2.0820867759120776,37.11266907173034,37.74476452123615,0.0
3.586,0.5683825379305063,-0.2204974937599283,0.6057798978633797,0.0,2.30803173389922,2.1135157604423798,37.14997226017935,37.74476452123615,0.0
3.587,0.5813660525539959,-0.2200735097637899,0.5930762262494432,0.0,2.3105832476899537,2.133881503295234,37.94750263988775,37.74476452123615,0.0
3.588,0.594148897498059,-0.22581733015463593,0.1922836552087246,0.0,2.315552244469854,2.1072293993459255,37.22230663877046,37.74476452123615,0.0
3.589,0.5842003658329961,-0.22046987843149365,0.5601062345920264,0.0,2.3167134732833783,2.1294299818447047,37.02390267545753,37.74476452123615,0.0
3.59,0.5939943190403436,-0.21825590463253097,0.6665168347062796,0.0,2.319788574864775,2.156376749024234,37.84533132730954,37.74476452123615,0.0
3.591,0.6087984734178582,-0.22470618395410932,0.2547968407195409,0.0,2.3259825134693477,2.1330525268548146,37.290378033431445,37.74476452123615,0.0
3.592,0.6009610440764264,-0.22015862271913797,0.5368173525366343,0.0,2.3286599014674594,2.1488297357738744,37.03448811308517,37.74476452123615,0.0
3.593,0.6080521912031711,-0.21637552379793912,0.6718650767912828,0.0,2.3322766062886813,2.1744736066733226,37.86902912421036,37.74476452123615,0.0
3.594,0.6211471934683637,-0.2218002650028697,0.253351925198946,0.0,2.338730580239482,2.149158298269341,37.25723926634018,37.74476452123615,0.0
3.595,0.6118846324679443,-0.21603263821123128,0.5641221066829949,0.0,2.3413189395956753,2.1665396013127047,37.1509202806666,37.74476452123615,0.0
3.596,0.6193669717915634,-0.21211856635036017,0.6232200419254813,0.0,2.345013721683805,2.1849189981135826,37.94349553097119,37.74476452123615,0.0
3.597,0.6288638213311705,-0.2161055463247156,0.22494510667583384,0.0,2.3506546737589975,2.156458881157178,37.10064424374163,37.74476452123615,0.0
3.598,0.6174994533945533,-0.20841834363628198,0.6528119530655612,0.0,2.3520000568355592,2.183802022527724,37.3282298818369,37.74476452123615,0.0
3.599,0.6292195123327022,-0.20684862499115,0.5431844804119186,0.0,2.3558494187174395,2.1908048474505124,37.87921436519605,37.74476452123615,0.0
3.6,0.6341892233888573,-0.20983563267267505,0.2663477402927438,0.0,2.36035839493483,2.1677070917558403,36.91449923078506,37.74476452123615,0.0
3.601,0.6254035122032766,-0.20121534561098206,0.7570079604027483,0.0,2.3611285963074113,2.2051271262066416,37.51062928733629,37.74476452123615,0.0
3.602,0.6420578162138522,-0.20374089721940541,0.46128428446613096,0.0,2.3659277945353594,2.1995261402424755,37.52960385100235,37.74476452123615,0.0
3.603,0.6425388991770464,-0.20494803942289608,0.4539486093354409,0.0,2.3697945044703963,2.1972291091066642,36.772880540136015,37.74476452123615,0.0
3.604,0.6438823790537668,-0.19851641726353575,0.8420291045796094,0.0,2.372325290438782,2.2381676913492954,37.772625855668956,37.74476452123615,0.0
3.605,0.663859438686244,-0.20517535270868947,0.3418778334688109,0.0,2.379493655155154,2.214184007429069,37.12973358559147,37.74476452123615,0.0
3.606,0.6572666959325817,-0.2009511050598486,0.6694742778640023,0.0,2.3830155584120427,2.235277622266308,37.287620572346384,37.74476452123615,0.0
3.607,0.6677538822686455,-0.19793867471751278,0.5951022239754413,0.0,2.388005507965797,2.2419376576493146,37.75264023709042,37.74476452123615,0.0
3.608,0.6717374351783798,-0.2004664465180316,0.3625136344448816,0.0,2.3934706453039563,2.2232563411832102,36.867890893993554,37.74476452123615,0.0
3.609,0.6653290847100012,-0.19145363523669315,0.8136570422657396,0.0,2.3955044503027376,2.2596860849337506,37.61402761953074,37.74476452123615,0.0
3.61,0.6813883070585719,-0.19470375686467573,0.4418960485142017,0.0,2.4014254906685872,2.2454404934552117,37.10613829013702,37.74476452123615,0.0
3.611,0.678339879959653,-0.1921680155563443,0.7022269755220529,0.0,2.4050184350898003,2.2660614962738572,37.30020120306319,37.74476452123615,0.0
3.612,0.6899299226121807,-0.18975787696380242,0.6096411522406971,0.0,2.4100744275186603,2.270886554458964,37.592680268916574,37.74476452123615,0.0
3.613,0.6934232379707531,-0.1922170084140578,0.46492246183720043,0.0,2.4154019323686,2.2604731440939583,36.809636284107256,37.74476452123615,0.0
3.614,0.6916329201882885,-0.1841889183481731,0.8657957366131482,0.0,2.418247664475294,2.297408940489493,37.69984798910496,37.74476452123615,0.0
3.615,0.7086564869207407,-0.18922465315610115,0.4211390494356083,0.0,2.425136614740403,2.2761242666004584,36.92821587867075,37.74476452123615,0.0
3.616,0.7033898661814247,-0.18379902636498846,0.8151205910783681,0.0,2.4285610262949975,2.306191055527969,37.53625200535223,37.74476452123615,0.0
3.617,0.7178318633254673,-0.1844673839033176,0.5131876528964656,0.0,2.434777451184009,2.2947998822085114,37.075216509737345,37.74476452123615,0.0
3.618,0.7152018558420432,-0.1823809762349417,0.750400880818897,0.0,2.43899692783327,2.3147159739578056,37.332966407827385,37.74476452123615,0.0
3.619,0.7267794146580047,-0.17955177079574886,0.6256439129079646,0.0,2.444495717470906,2.315667173903079,37.35357563343899,37.74476452123615,0.0
3.62,0.7284002633960147,-0.18088880355357267,0.6192511889801322,0.0,2.449715113797059,2.3175549850916153,36.950956599836275,37.74476452123615,0.0
3.621,0.7329295593414782,-0.17409791289331888,0.8284987849954901,0.0,2.4538409833092443,2.3423751035282594,37.59177331625887,37.74476452123615,0.0
3.622,0.7445912651877908,-0.1790808916958675,0.5096203388339636,0.0,2.4606523142887573,2.3267191973508976,36.84399572217272,37.74476452123615,0.0
3.623,0.7422825785087784,-0.17171512830309815,0.892516823867674,0.0,2.4643568577913535,2.3589879852977,37.62377402909826,37.74476452123615,0.0
3.624,0.7570793026734384,-0.175314932297219,0.5038375753262849,0.0,2.471387461811651,2.340165940085289,36.81941853975839,37.74476452123615,0.0
3.625,0.7530212549599975,-0.1688577422664438,0.9152687798109971,0.0,2.475086511965352,2.3736677372650066,37.61909015923803,37.74476452123615,0.0
3.626,0.7686832682618253,-0.17168703120826834,0.5166897136911588,0.0,2.4821416305055624,2.354467848483758,36.789221578714596,37.74476452123615,0.0
3.6270000000000002,0.7643588857292601,-0.1655827962635587,0.94117943337809,0.0,2.485871489580291,2.3892054224730166,37.64164233270415,37.74476452123615,0.0
3.628,0.7807647517384184,-0.1685212547578933,0.5160002782686322,0.0,2.493086392930296,2.3679797316255797,36.72061585005302,37.74476452123615,0.0
3.629,0.7757477056283123,-0.1619094458607448,0.986755006306028,0.0,2.496700553296927,2.4063488455652973,37.685396730964854,37.74476452123615,0.0
3.63,0.7936093239940194,-0.1658156499626699,0.504958243752825,0.0,2.5042860095610506,2.381522324505152,36.63243963918493,37.74476452123615,0.0
3.6310000000000002,0.7875751131051218,-0.15819296092916313,1.0425600384632991,0.0,2.507752710258042,2.4247335456025536,37.68581410457626,37.74476452123615,0.0
3.632,0.8071744469566378,-0.16351529648227536,0.5164623099342335,0.0,2.5158555467962525,2.3985072777420564,36.637494058733836,37.74476452123615,0.0
3.633,0.8014758227821932,-0.15519668520053803,1.0516950374804686,0.0,2.519557202298069,2.44067333963451,37.65814276035575,37.74476452123615,0.0
3.634,0.8201962280745265,-0.1607804666478932,0.5422369042783145,0.0,2.527802700510976,2.4154840081363,36.66367535825773,37.74476452123615,0.0
3.6350000000000002,0.8152328005794578,-0.15188351286600904,1.050281496957111,0.0,2.5316702130222906,2.455350827213272,37.604241263750254,37.74476452123615,0.0
3.636,0.8325824871446867,-0.1575585740923814,0.5814037767857066,0.0,2.5398508824628907,2.4330026206909086,36.72139815371516,37.74476452123615,0.0
3.637,0.8291294790168601,-0.14846600413454775,1.033058995478465,0.0,2.5439217309995694,2.4686314807824736,37.50397789545715,37.74476452123615,0.0
3.638,0.8444352179189416,-0.15389939839242667,0.6441769908652597,0.0,2.5518369797596807,2.4520928056636624,36.81532350945028,37.74476452123615,0.0
3.6390000000000002,0.8437398413058719,-0.14526446113701552,0.9977985939865519,0.0,2.5563026590912266,2.481016268138675,37.35856605429673,37.74476452123615,0.0
3.64,0.8562152131546448,-0.15004162264180998,0.7300393062327211,0.0,2.5638259538752006,2.473124969945712,36.94431588976191,37.74476452123615,0.0
3.641,0.8594292114205273,-0.14239435821143875,0.9451688748148737,0.0,2.568918818659091,2.4928881903812585,37.173367062736325,37.74476452123615,0.0
3.642,0.8680804919135943,-0.1463293227272489,0.8363572629126642,0.0,2.5759880377491906,2.4961443013849953,37.23463955080939,37.74476452123615,0.0
3.6430000000000002,0.8760780995740773,-0.14022620407584735,0.8108222685803992,0.0,2.5819652533338417,2.4972677659021203,36.71992250384064,37.74476452123615,0.0
3.644,0.8772489181611756,-0.1399382825247849,1.0784292122387282,0.0,2.587486453627638,2.5285199053037597,37.557032791419104,37.74476452123615,0.0
3.645,0.8953397207183111,-0.14161690702415713,0.661751385747668,0.0,2.595768275742659,2.5067100403486013,36.62107580068603,37.74476452123615,0.0
3.646,0.8913467982043211,-0.1332949317472244,1.1409667683197067,0.0,2.600108725625206,2.545409943950405,37.37485351066054,37.74476452123615,0.0
3.6470000000000002,0.9083026191325172,-0.13953134042857207,0.7677770234382056,0.0,2.608654345587397,2.5329258068903586,36.96734288549575,37.74476452123615,0.0
3.648,0.9108300855668124,-0.13109903343994084,0.9793065523780045,0.0,2.6141070719918016,2.5494363280662355,36.9208196474318,37.74476452123615,0.0
3.649,0.9176932926894608,-0.13402882968652302,1.0108076201480254,0.0,2.621072178530362,2.565461213811123,37.46127708876494,37.74476452123615,0.0
3.65,0.9309610766250245,-0.13161211927498362,0.743413773806168,0.0,2.6286481268818216,2.5494609636983867,36.54801996361783,37.74476452123615,0.0
3.6510000000000002,0.9276391400278965,-0.12454747926480209,1.2120097819559037,0.0,2.6331135120898552,2.590535923656999,37.31386619663362,37.74476452123615,0.0
3.652,0.9463873755060194,-0.13141574400305522,0.8333956486940359,0.0,2.642066010294258,2.5795208861316867,37.06248263737978,37.74476452123615,0.0
3.653,0.9504193716856535,-0.12332115259141113,0.9659102471595189,0.0,2.6480626672230265,2.5886093121181895,36.655918180311815,37.74476452123615,0.0
3.654,0.9544904473291875,-0.12401486169442505,1.1800809391027447,0.0,2.654525754973015,2.6192146929690256,37.478629242763816,37.74476452123615,0.0
3.6550000000000002,0.9729489069567362,-0.12650214065478743,0.7713867606614676,0.0,2.6636697356276975,2.598318058159209,36.78837624242918,37.74476452123615,0.0
3.656,0.9706527011912695,-0.11671180122424263,1.126077143616855,0.0,2.6687078446089676,2.6239655360358256,36.899717651168004,37.74476452123615,0.0
3.657,0.9811435213597574,-0.12056683649429134,1.0788569079481247,0.0,2.6763288477537834,2.6376339949936027,37.458299041893575,37.74476452123615,0.0
3.658,0.9941569939950119,-0.11864610497337968,0.8024308673787649,0.0,2.6843047656598946,2.6194364724759507,36.62536603143556,37.74476452123615,0.0
3.6590000000000003,0.9906652521419624,-0.10964690766268909,1.2300913575057777,0.0,2.688692635134661,2.6541774346505274,36.92709765181263,37.74476452123615,0.0
3.66,1.0058158076228847,-0.1155490299668977,1.0874022160114782,0.0,2.6968550393059805,2.6642091985680487,37.430863705116245,37.74476452123615,0.0
3.661,1.0187088161794373,-0.11338769577004904,0.83865819752087,0.0,2.704907611467223,2.6468523505055126,36.61593287773966,37.74476452123615,0.0
3.662,1.0156314028187121,-0.10451689905899042,1.2574119276441276,0.0,2.709465067309841,2.6810542405190656,36.82655641019548,37.74476452123615,0.0
3.6630000000000003,1.030744554325198,-0.11030024185725523,1.1612822425266243,0.0,2.717711842244471,2.695836663652045,37.41768198889875,37.74476452123615,0.0
3.664,1.0456052722032587,-0.10997716912052019,0.8689902784983632,0.0,2.7265188105699134,2.677291155321735,36.7580992417778,37.74476452123615,0.0
3.665,1.0432540947314055,-0.10014381267543693,1.208648304853422,0.0,2.731512092748188,2.702173433897023,36.79757610720286,37.74476452123615,0.0
3.666,1.0521202017243896,-0.10653202141246187,1.1983817562812258,0.0,2.7392953110916887,2.719542128682172,37.713647769045494,37.74476452123615,0.0
3.6670000000000003,1.0628955991877946,-0.11272818103436755,0.7406570928818141,0.0,2.7486547725503927,2.6846085956838976,37.3706973636482,37.74476452123615,0.0
3.668,1.0488555041628576,-0.10455636323631728,0.9158729671563417,0.0,2.7526240730093945,2.6796075193628903,37.065368077716634,37.74476452123615,0.0
3.669,1.0382602536315177,-0.10559347106786932,1.0753315745573184,0.0,2.7558921358298467,2.6923168453994437,37.96556363574463,37.74476452123615,0.0
3.67,1.0400750050681336,-0.11062994398779818,0.623025804398236,0.0,2.7606479659147856,2.652428249159537,37.644860867441565,37.74476452123615,0.0
3.6710000000000003,1.0216957429962095,-0.10118520915119933,0.7843762250877141,0.0,2.759850067806015,2.6413155658718273,37.27762407693368,37.74476452123615,0.0
3.672,1.007676095781287,-0.1011276781799264,0.9726660247846832,0.0,2.7581088101208757,2.651691103434704,38.1000259076676,37.74476452123615,0.0
3.673,1.0081525925647703,-0.10640259124106838,0.5579124955534068,0.0,2.7581600477069763,2.6131565641420362,37.678377119127646,37.74476452123615,0.0
3.674,0.9909057941902971,-0.09853092126516094,0.7694007638444691,0.0,2.7534340747772394,2.607793760130604,37.439753599395495,37.74476452123615,0.0
3.6750000000000003,0.9808681311268175,-0.10156781169621537,0.8917626329289512,0.0,2.7490571933865087,2.61477123709696,38.2554212467373,37.74476452123615,0.0
3.676,0.9824590780438754,-0.10636765127741399,0.47882224200303747,0.0,2.7463133612811066,2.573690835743401,37.55500468638445,37.74476452123615,0.0
3.677,0.9641555853033958,-0.09964299062215382,0.830928120527979,0.0,2.738948161182999,2.581334435532285,37.696220703242034,37.74476452123615,0.0
3.678,0.9607132229472367,-0.10686572078180184,0.7608055502791283,0.0,2.7339455879977037,2.5764382387516185,38.17247363638567,37.74476452123615,0.0
3.6790000000000003,0.9603856824118543,-0.1078452609530241,0.5184019925558162,0.0,2.7289891745701103,2.5455698445187442,37.429912302116094,37.74476452123615,0.0
3.68,0.9448595509347619,-0.10618357762356473,0.8928311818818038,0.0,2.721248982494035,2.562608493826615,38.10679568120188,37.74476452123615,0.0
3.681,0.9484757662582687,-0.11524209891962778,0.550769180739253,0.0,2.716999728732217,2.5352451019767948,37.73548051501656,37.74476452123615,0.0
3.682,0.939009972835398,-0.1117935510927402,0.7365196038941084,0.0,2.70996913568768,2.535123689923985,37.670057609690424,37.74476452123615,0.0
3.6830000000000003,0.9345748103066863,-0.11856285875868555,0.7699781256726344,0.0,2.7044085700638383,2.5365275028800225,38.26867577733578,37.74476452123615,0.0
3.684,0.9368579503323644,-0.12123415192258624,0.4654299292889603,0.0,2.6997705914693544,2.5031044941299703,37.47466501992104,37.74476452123615,0.0
3.685,0.9208867039079095,-0.11931453731649855,0.865136303009481,0.0,2.6920162393210045,2.521352839975515,38.24813202191968,37.74476452123615,0.0
3.686,0.9251159114372683,-0.12802496211284076,0.4733691270033259,0.0,2.687839499845703,2.4892845376313146,37.646496056640764,37.74476452123615,0.0
3.6870000000000003,0.9129552873675042,-0.12396573582377748,0.7751697942887379,0.0,2.6803399849437515,2.4985010974584285,38.00771098810052,37.74476452123615,0.0
3.688,0.9124645435750443,-0.13231368098591353,0.5919328638902163,0.0,2.675470943745432,2.4828043563724176,37.88498315200226,37.74476452123615,0.0
3.689,0.9077377645540806,-0.13059760511827734,0.6518945956316834,0.0,2.6692468847612822,2.477133583325103,37.767564377405215,37.74476452123615,0.0
3.69,0.9017334156465183,-0.1367726791406301,0.710375984368517,0.0,2.6637745732719504,2.477854027717365,38.22691964921761,37.74476452123615,0.0
3.6910000000000003,0.9031065917046851,-0.13859093601736097,0.47587679718250286,0.0,2.6590597948869954,2.4513643791881634,37.584432877148046,37.74476452123615,0.0
3.692,0.8895026172785961,-0.1390163052993904,0.7987234996581676,0.0,2.652196137539872,2.466420515765022,38.38998482220175,37.74476452123615,0.0
3.693,0.8939137220831952,-0.14530076541402231,0.3894953241216612,0.0,2.6482114965049344,2.430419845342942,37.579514157713206,37.74476452123615,0.0
3.694,0.878153073738049,-0.14188007918906792,0.7963831600011613,0.0,2.6405861324453923,2.448248503927698,38.36176874325234,37.74476452123615,0.0
3.6950000000000003,0.881992124121275,-0.14987037486491228,0.39908582501143164,0.0,2.6364193100368727,2.4151802730147542,37.6285117145384,37.74476452123615,0.0
3.696,0.868327606811495,-0.146284689025018,0.7668768674353807,0.0,2.6288880183787637,2.4309736583766917,38.338135654424704,37.74476452123615,0.0
3.697,0.8714689960438632,-0.15437284142009156,0.40613118616034205,0.0,2.6246147480445163,2.4005924426834726,37.64903337912266,37.74476452123615,0.0
3.698,0.8589897803747032,-0.15124593333786945,0.7516396352324974,0.0,2.617305841761377,2.41583953535277,38.36209180376207,37.74476452123615,0.0
3.6990000000000003,0.8622672894743941,-0.15918205171897223,0.38893715008753493,0.0,2.6131567774762248,2.384993352112498,37.64851818857654,37.74476452123615,0.0
3.7,0.8493388894388759,-0.15617264092632696,0.7466864210068968,0.0,2.6059276049245583,2.4012512245152213,38.39853250987635,37.74476452123615,0.0
3.701,0.8532117731341196,-0.16379210951040368,0.36514158047059064,0.0,2.601915372520505,2.3690576660474867,37.6453820127279,37.74476452123615,0.0
3.702,0.8393674840303461,-0.16097000097460945,0.7427106541298963,0.0,2.5946983808853057,2.386591887332374,38.42597189492221,37.74476452123615,0.0
3.7030000000000003,0.8439556651233875,-0.16812115638415842,0.34560363929587923,0.0,2.5907713587225243,2.353550382145646,37.651200000546936,37.74476452123615,0.0
3.704,0.82941006907142,-0.16572900356414264,0.73392523169041,0.0,2.5835982398930515,2.371752667949698,38.438509642594724,37.74476452123615,0.0
3.705,0.8345332671920503,-0.17225359565020518,0.3333329594529304,0.0,2.579704288184596,2.3387600396665404,37.67506810722931,37.74476452123615,0.0
3.706,0.8196507390398264,-0.17051827416216042,0.7157506912757069,0.0,2.5726443375341264,2.3564374623416833,38.42344433983574,37.74476452123615,0.0
3.7070000000000003,0.8248502843929333,-0.1761602542599828,0.33477577678649484,0.0,2.568696095241859,2.3251889545018605,37.729842199539306,37.74476452123615,0.0
3.708,0.8103393850403029,-0.17540334348779435,0.6817260701516805,0.0,2.5618781464089166,2.340292949014177,38.37410515537069,37.74476452123615,0.0
3.709,0.8147923463226839,-0.1798096373229487,0.35330118589464166,0.0,2.5577446533400887,2.3129735742554516,37.83111912021448,37.74476452123615,0.0
3.71,0.8015476978718118,-0.1803284672976269,0.623930657482964,0.0,2.551305580461134,2.3225277193254232,38.268134826527245,37.74476452123615,0.0
3.7110000000000003,0.8039902014541435,-0.18298842140746166,0.40018910127367124,0.0,2.5467532360294083,2.30276355482303,37.97911621583899,37.74476452123615,0.0
3.712,0.7934332887022278,-0.1854943709883327,0.542354889671769,0.0,2.5409287645034118,2.303581910052123,38.05320757905287,37.74476452123615,0.0
3.713,0.7926026181665734,-0.1860952056540484,0.5022247774866647,0.0,2.535809607970346,2.2978858170127667,38.28763853337626,37.74476452123615,0.0
3.714,0.7878560484148396,-0.1915536462798172,0.379580560203567,0.0,2.5312271779088267,2.2796716708120828,37.83551042050275,37.74476452123615,0.0
3.715,0.7788079350374624,-0.1892606393250721,0.6047371576476559,0.0,2.5249747610621114,2.289762190890992,38.49203845908674,37.74476452123615,0.0
3.716,0.7808841749709093,-0.1945848116421193,0.26900039897715367,0.0,2.520965226932382,2.2587169403226888,37.819077224001674,37.74476452123615,0.0
3.717,0.7655837773944442,-0.19290471358575817,0.6047378894920328,0.0,2.5140140686494252,2.27236755907433,38.27771066816315,37.74476452123615,0.0
3.718,0.769125603085814,-0.19609726326028915,0.3700917059420237,0.0,2.5094910695146893,2.254246940225047,38.07596939124954,37.74476452123615,0.0
3.719,0.7596875885947602,-0.1990554126428219,0.46765029569869776,0.0,2.503901779343833,2.251637589906882,37.92575041297968,37.74476452123615,0.0
3.72,0.7572371214743276,-0.1990966517878091,0.54094992591619,0.0,2.4985854379703687,2.2559927902681425,38.51565305323789,37.74476452123615,0.0
3.721,0.7577226553843575,-0.20515345863111406,0.23828972046706776,0.0,2.49490208713169,2.2252773041530447,37.82288664226197,37.74476452123615,0.0
3.722,0.742625595556725,-0.2022691212670787,0.5838917047447699,0.0,2.488137677586894,2.239973383810767,38.292418076468685,37.74476452123615,0.0
3.723,0.7463898721480127,-0.2056105872942751,0.34364945208908704,0.0,2.48391572159898,2.2220757058900173,38.133800120656126,37.74476452123615,0.0
3.724,0.7370394940561752,-0.20846281895053276,0.41906807400116697,0.0,2.4786065242397006,2.2173102554554522,37.88087324691269,37.74476452123615,0.0
3.725,0.7332350879467716,-0.20810775960133007,0.5441704236161183,0.0,2.4732841227279163,2.2258224834580544,38.51989341807181,37.74476452123615,0.0
3.726,0.735930244732762,-0.2136840010838917,0.21690904906820296,0.0,2.469962121324145,2.1953669625052457,37.939327581384816,37.74476452123615,0.0
3.727,0.7207689610472104,-0.21206478150009492,0.5052463368102131,0.0,2.463692891396426,2.204309201677712,38.08692641841735,37.74476452123615,0.0
3.728,0.7219283201273501,-0.21342541406709659,0.42802529932213484,0.0,2.459110670156935,2.2000734646033795,38.42316075082594,37.74476452123615,0.0
3.729,0.7186548475323863,-0.21851788488501608,0.25312417082193983,0.0,2.45510966279826,2.1777078409286377,37.8696591544909,37.74476452123615,0.0
3.73,0.7069649223699235,-0.2160727274404699,0.5286260226569154,0.0,2.448952301780899,2.1904860509142745,38.23558506385228,37.74476452123615,0.0
3.731,0.7106582812237943,-0.21905873214626592,0.34075486255006415,0.0,2.4450414099559206,2.177426688943956,38.29275810584896,37.74476452123615,0.0
3.732,0.7035205907834028,-0.2227622575679427,0.30668840570559397,0.0,2.4405931988657352,2.1642356548733304,37.86410969374361,37.74476452123615,0.0
3.733,0.6955070925331243,-0.22128264796238636,0.5198191600331961,0.0,2.4350709131666783,2.1765140585483573,38.33347888225147,37.74476452123615,0.0
3.734,0.6997651565174671,-0.22495426799963164,0.2792474221691118,0.0,2.4317473707051818,2.1578696725568696,38.23637194340357,37.74476452123615,0.0
3.735,0.6900067767647806,-0.22713580878106582,0.3228848173713881,0.0,2.4270949971762716,2.149079204181912,37.87085865558884,37.74476452123615,0.0
3.736,0.6833687535258951,-0.22593309306010384,0.5043805199352255,0.0,2.4218747000256364,2.160863297380308,38.36236711547772,37.74476452123615,0.0
3.737,0.6876159337696511,-0.2297711968862123,0.25245026404837134,0.0,2.418789060487986,2.1408860963114065,38.23593468121746,37.74476452123615,0.0
3.738,0.67721895350142,-0.23137619835437415,0.3107547795786878,0.0,2.4141524339204468,2.1327169902947762,37.87826986866344,37.74476452123615,0.0
3.739,0.6705797837007492,-0.23013824567573354,0.48825213238142506,0.0,2.4090103345986673,2.1444691347514455,38.324914575187506,37.74476452123615,0.0
3.74,0.6748781708446322,-0.23367895004355532,0.2591282785798772,0.0,2.4059595166619787,2.1270140431002384,38.291824003630154,37.74476452123615,0.0
3.741,0.6657083808805881,-0.2357556246591775,0.2702029695346133,0.0,2.4016612985178787,2.1155604941310022,37.89160986799513,37.74476452123615,0.0
3.742,0.6575737627721153,-0.23413448161950007,0.468841583884536,0.0,2.396448454810744,2.1273650890055156,38.19859803474194,37.74476452123615,0.0
3.743,0.6616530208815514,-0.23694380898543832,0.31080916537607184,0.0,2.3932625924024244,2.117567923269312,38.40900135326318,37.74476452123615,0.0
3.744,0.656308933606557,-0.24044995976085554,0.19896513779518288,0.0,2.3897731829729527,2.0983380111984262,37.95139827028139,37.74476452123615,0.0
3.745,0.6450177890716179,-0.23808619456072097,0.425700341795626,0.0,2.384414647599571,2.1079300471336335,38.04042081944656,37.74476452123615,0.0
3.746,0.6470592237897276,-0.23967615857735564,0.3782325042309359,0.0,2.38074970305088,2.108200742501521,38.50095736171234,37.74476452123615,0.0
3.747,0.6467545675983563,-0.24401538519306962,0.14040230469328474,0.0,2.377939737781407,2.082445156832487,38.04466070165382,37.74476452123615,0.0
3.748,0.6330259386806852,-0.2417127202220385,0.3655516729183681,0.0,2.3725385250590088,2.087635968322574,37.93168057420534,37.74476452123615,0.0
3.749,0.6319990462482296,-0.24215733327200836,0.4201725761129165,0.0,2.3682684488430654,2.095500054938956,38.38578874259371,37.74476452123615,0.0
3.75,0.6355361516098963,-0.2460932041037836,0.1867082497051542,0.0,2.365640288571351,2.075524089821199,38.216069975502215,37.74476452123615,0.0
3.751,0.6251463154510066,-0.2465656472177042,0.26685457870824136,0.0,2.361289957849246,2.069611897673557,37.89556443504741,37.74476452123615,0.0
3.7520000000000002,0.6192193438026247,-0.24564805548274943,0.42559934979753045,0.0,2.356677781462602,2.0810644217179934,38.10981407768016,37.74476452123615,0.0
3.753,0.6236957230537642,-0.2483825698720155,0.31482403291671474,0.0,2.3539820476192364,2.0765860717174296,38.40069760759287,37.74476452123615,0.0
3.754,0.6214034798224112,-0.2520931575807347,0.16282293709679518,0.0,2.351488871664215,2.0569705265091627,38.049552017325176,37.74476452123615,0.0
3.755,0.6102950291328015,-0.2501576205406441,0.33534785726975064,0.0,2.347033443832374,2.0607639775469884,37.97215749979281,37.74476452123615,0.0
3.7560000000000002,0.6090421731902037,-0.25049385496894727,0.3717711862503685,0.0,2.3434592450450134,2.066040587330776,38.29181833046591,37.74476452123615,0.0
3.757,0.6110916245217103,-0.25333301134024244,0.2064702328215205,0.0,2.341079071971327,2.051646809884577,38.260272730536755,37.74476452123615,0.0
3.758,0.6030862837576203,-0.25415866591980424,0.21708795069309095,0.0,2.3375599689004276,2.0421764333731556,37.96127687658761,37.74476452123615,0.0
3.759,0.5957983393819215,-0.25264457239839205,0.36442075411414837,0.0,2.3332709316523257,2.0501232358770736,37.960573184110224,37.74476452123615,0.0
3.7600000000000002,0.5978330815977372,-0.25427724976632704,0.3626145137241012,0.0,2.3304002138251128,2.054877738841176,38.35235649766668,37.74476452123615,0.0
3.761,0.6001905112052753,-0.25806756289475413,0.16064693718156625,0.0,2.328692625747479,2.0364323788756984,38.178691712202934,37.74476452123615,0.0
3.762,0.5906177375109959,-0.2571449323379887,0.24314005800377325,0.0,2.3251718679885323,2.03183129455732,38.02828854082121,37.74476452123615,0.0
3.763,0.5850924791281434,-0.25624105329549934,0.31550640349878545,0.0,2.321452877184536,2.0349856603762833,38.013600568806744,37.74476452123615,0.0
3.7640000000000002,0.5847523835225664,-0.25762177917582807,0.32016202903031143,0.0,2.3185821406800966,2.037223303819254,38.21084627735103,37.74476452123615,0.0
3.765,0.5854956783118487,-0.2597126757271716,0.2168783571970192,0.0,2.3164384335322428,2.02745718572763,38.18827036287247,37.74476452123615,0.0
3.766,0.5798516566027927,-0.2601136954467814,0.2237312560199352,0.0,2.3135556884936554,2.0208682396551247,38.084991747000224,37.74476452123615,0.0
3.767,0.5744973432129695,-0.2592419528027976,0.27196829169841885,0.0,2.3102024214636425,2.0204199928782063,38.09398122412639,37.74476452123615,0.0
3.7680000000000002,0.5721993967369499,-0.2598588160677359,0.26398138610643446,0.0,2.3072162288445224,2.018519545082538,38.10349454779518,37.74476452123615,0.0
3.769,0.5701006185533505,-0.26078087536449845,0.25563742400644845,0.0,2.304433868597742,2.0158804421648826,38.09317919655395,37.74476452123615,0.0
3.77,0.5676729512484621,-0.2615524508744045,0.25731095287388644,0.0,2.301741486796995,2.013740596932434,38.078191319951834,37.74476452123615,0.0
3.771,0.5653881608929868,-0.26228917183388156,0.26147062318778624,0.0,2.2991776822035215,2.0122133767550645,38.05906369711554,37.74476452123615,0.0
3.7720000000000002,0.5633319482031307,-0.26329180108678674,0.26789144284713917,0.0,2.2968204580598837,2.011450527087803,38.02757662246948,37.74476452123615,0.0
3.773,0.5619733808026237,-0.2640175366452162,0.2808068591578351,0.0,2.294692475982781,2.0120136078576443,37.93191013885339,37.74476452123615,0.0
3.774,0.5611035343777175,-0.26555422248672717,0.32676864478970896,0.0,2.292995378277355,2.017316322031924,38.070132336518554,37.74476452123615,0.0
3.775,0.5635440259818588,-0.2668773938420271,0.2544038678043024,0.0,2.2921284437505682,2.0132221591528165,38.29535500131855,37.74476452123615,0.0
3.7760000000000002,0.5609065867848082,-0.2681663608768557,0.13628663060348178,0.0,2.291067341048826,1.9974959940144212,38.1206393261985,37.74476452123615,0.0
3.777,0.5511763201202282,-0.26577185345907267,0.21988572011388213,0.0,2.288263446617116,1.9946573622789772,37.91239908921767,37.74476452123615,0.0
3.778,0.5463718865953981,-0.2642486186977016,0.3223294929244808,0.0,2.2853124677054586,2.0026862134090537,37.91022255477191,37.74476452123615,0.0
3.779,0.5490072533576584,-0.26534820846967166,0.32176317981200275,0.0,2.283595659020505,2.0081924146853813,38.27958970973908,37.74476452123615,0.0
3.7800000000000002,0.5520164631460521,-0.26795130170395787,0.13173135044339102,0.0,2.2828764956897314,1.9917738174570578,38.229293814073785,37.74476452123615,0.0
3.781,0.5432754347003148,-0.26692649383816436,0.15203400534766132,0.0,2.2804486291716226,1.9820503791785602,37.9144537551046,37.74476452123615,0.0
3.782,0.5353014008777863,-0.26417846117175786,0.30775714249356767,0.0,2.2769991699628283,1.9907727500491283,37.82983654424682,37.74476452123615,0.0
3.783,0.5374127039439696,-0.26475615554790255,0.349215027692354,0.0,2.2748579204700086,2.000969090236662,38.13308235393383,37.74476452123615,0.0
3.7840000000000003,0.543084401029451,-0.26760686409773093,0.1937089445218707,0.0,2.274258230941947,1.9918086498066798,38.28021640173849,37.74476452123615,0.0
3.785,0.5387915793035348,-0.26855257002774724,0.11478740181451585,0.0,2.2728779868904945,1.9769069029614892,37.95651806501632,37.74476452123615,0.0
3.786,0.5293300496307867,-0.26556353983410913,0.27451903473780115,0.0,2.2698073421790683,1.9827148414910525,37.7584421790089,37.74476452123615,0.0
3.787,0.5294287540608204,-0.2651172541222452,0.37342020116378166,0.0,2.2676053546653723,1.996811260890109,38.000522142117774,37.74476452123615,0.0
3.7880000000000003,0.5366388395379983,-0.2679372368059047,0.2498226434005298,0.0,2.2673478687952735,1.9939009742214846,38.321099249452,37.74476452123615,0.0
3.789,0.5360789518172513,-0.27001481117190307,0.0837707424512596,0.0,2.267025436198744,1.974359922609979,38.01750612591725,37.74476452123615,0.0
3.79,0.5250710232754137,-0.266718289379015,0.23283988817182166,0.0,2.2643977485598397,1.9760041312011203,37.69808289732042,37.74476452123615,0.0
3.791,0.5223710208768091,-0.26514818319450323,0.3930183187093953,0.0,2.2620575040815734,1.9935370070496128,37.884574453747156,37.74476452123615,0.0
3.7920000000000003,0.5306053095476152,-0.26783803030822484,0.2983744411709164,0.0,2.2620161558803367,1.9961371882530459,38.30531715319944,37.74476452123615,0.0
3.793,0.533502887191613,-0.2704262558785617,0.08239756512514174,0.0,2.2624967669611675,1.97542580827223,38.09991212517906,37.74476452123615,0.0
3.794,0.5225740544763348,-0.2675850929372265,0.18154860309590248,0.0,2.260519768756583,1.971131157709941,37.71544472880731,37.74476452123615,0.0
3.795,0.5167447664337458,-0.26471250289015835,0.3740754992060643,0.0,2.2580234320404635,1.9877866539333644,37.75572897849589,37.74476452123615,0.0
3.7960000000000003,0.5236784517816436,-0.2663043377307269,0.3538237297891792,0.0,2.257646106351232,1.9975530049971801,38.19613436368648,37.74476452123615,0.0
3.797,0.5301045944343271,-0.26961979304339717,0.12910733876937874,0.0,2.258631930073294,1.9811511642293649,38.19946145350284,37.74476452123615,0.0
3.798,0.5222355429130849,-0.2684080696398364,0.12289682453853218,0.0,2.2577125432188487,1.9689819543492075,37.77104245191713,37.74476452123615,0.0
3.799,0.5132578946616714,-0.2642280269323876,0.336843546024577,0.0,2.255220486598049,1.9824428220698362,37.6163797491372,37.74476452123615,0.0
3.8000000000000003,0.5175437986620512,-0.26441001719312063,0.41545874513553166,0.0,2.2543855417671472,2.0002553761211113,38.06192339550476,37.74476452123615,0.0
3.801,0.5274122317926904,-0.26867562801061273,0.189515333209065,0.0,2.2558827441117795,1.9895205843767814,38.30413636961947,37.74476452123615,0.0
3.802,0.5235894738838767,-0.2688974297591002,0.06281512766787811,0.0,2.256138489131675,1.9688505912523575,37.83272424549546,37.74476452123615,0.0
3.803,0.5113647349364662,-0.2633899593667817,0.29764159248728894,0.0,2.253693620576498,1.9786775788330395,37.53318486679835,37.74476452123615,0.0
3.8040000000000003,0.5125885286355533,-0.26231508391442887,0.449527078380223,0.0,2.2524127760390713,2.00137965490379,37.9347234893619,37.74476452123615,0.0
3.805,0.5243282481542463,-0.26658049089529473,0.24685817741719068,0.0,2.254010167084882,1.9965918737387955,38.30705879991588,37.74476452123615,0.0
3.806,0.5243293977477659,-0.26784261325833925,0.05506757935340412,0.0,2.255065220299738,1.9734896037573955,37.88943181459708,37.74476452123615,0.0
3.807,0.511675356739392,-0.2627467042946002,0.2624343990791935,0.0,2.2531313699853257,1.9789232782529513,37.491469303963655,37.74476452123615,0.0
3.8080000000000003,0.5104595862582603,-0.2606583930263521,0.4639486065686318,0.0,2.251755517002041,2.0037202892369317,37.823889043846776,37.74476452123615,0.0
3.809,0.5227915500216518,-0.2643447493819877,0.2969474914009647,0.0,2.2534233327272855,2.0041460753620632,38.289054328764934,37.74476452123615,0.0
3.81,0.5258131619117182,-0.2662281253988821,0.05892195086659818,0.0,2.2551372532908203,1.9799742084698286,37.95015019391689,37.74476452123615,0.0
3.811,0.5132006464442265,-0.26165108809973125,0.2263201615638124,0.0,2.2537402872457033,1.9806025717255342,37.46417898529371,37.74476452123615,0.0
3.8120000000000003,0.509428294641751,-0.2586371654722109,0.47211162123482875,0.0,2.2522600930146317,2.0066803140515934,37.707117545763985,37.74476452123615,0.0
3.813,0.5219012497336414,-0.26161018741685255,0.351018810754411,0.0,2.253892864079459,2.0128143903942513,38.23645999579804,37.74476452123615,0.0
3.814,0.5280552227712134,-0.26419795485558195,0.08143063099176318,0.0,2.256230689870884,1.9895023570568249,38.016883475052076,37.74476452123615,0.0
3.815,0.516545396950084,-0.2605422327278245,0.18849770182658754,0.0,2.255575522640982,1.9845561897924409,37.47506244230715,37.74476452123615,0.0
3.8160000000000003,0.5102928958284437,-0.25633792274652745,0.4621052389883412,0.0,2.2540653385309684,2.0096379577761185,37.59096099888531,37.74476452123615,0.0
3.817,0.5216617268225052,-0.25817491053806824,0.40569399592277006,0.0,2.255458461387206,2.021806122021034,38.1509837043603,37.74476452123615,0.0
3.818,0.530492774504811,-0.26179193221373154,0.12162045135403238,0.0,2.258308590888718,2.0013550777200617,38.0675896968846,37.74476452123615,0.0
3.819,0.5212243976056224,-0.2591882572705945,0.16008920333539622,0.0,2.2585060285494793,1.9914142808987112,37.491000856480724,37.74476452123615,0.0
3.8200000000000003,0.5132439040292557,-0.25384333578337426,0.45092126018489,0.0,2.2571277381478687,2.014879316783609,37.51231673757943,37.74476452123615,0.0
3.821,0.5232534480941498,-0.25470625431339233,0.4425877974721031,0.0,2.2583821506280826,2.030854163790054,38.09700926937485,37.74476452123615,0.0
3.822,0.5335161882847896,-0.25890772459332057,0.14671908409300666,0.0,2.2615621391064105,2.011865937518981,38.06515472724973,37.74476452123615,0.0
3.823,0.525489379997343,-0.25672923614880905,0.1594424530954331,0.0,2.262243657678103,2.0004383667604313,37.45365866594452,37.74476452123615,0.0
3.8240000000000003,0.517234330116287,-0.25094423673287153,0.4681015423009511,0.0,2.2610997022654646,2.0248747584615314,37.48922990659961,37.74476452123615,0.0
3.825,0.5276847909900455,-0.2516711541417828,0.4528712681197725,0.0,2.262651592473338,2.040759093204348,38.104649755691035,37.74476452123615,0.0
3.826,0.5379853162883235,-0.2557902492043497,0.1415624912295117,0.0,2.2660825584174997,2.02008996760348,37.99924250183658,37.74476452123615,0.0
3.827,0.5291239551879022,-0.25312379830436205,0.1917213383507368,0.0,2.2667690146575343,2.0115391670833827,37.34367985158947,37.74476452123615,0.0
3.8280000000000003,0.5221363439117314,-0.24765584356868148,0.5235135101707564,0.0,2.2659569347096298,2.040587666297662,37.53467958803736,37.74476452123615,0.0
3.829,0.5353865039045468,-0.24934041259090406,0.43011449127879803,0.0,2.2683708948177466,2.051530900087436,38.20053356799778,37.74476452123615,0.0
3.83,0.5440264568045813,-0.25256972296720487,0.09262981083097321,0.0,2.271976160745199,2.0246139886296275,37.852047028750036,37.74476452123615,0.0
3.831,0.5315242059195207,-0.24797813061827398,0.2658002553797066,0.0,2.27199184067198,2.024634537741541,37.145760945287456,37.74476452123615,0.0
3.8320000000000003,0.5279188219710588,-0.24351288684356834,0.6249333328704832,0.0,2.2715627466255466,2.06269910373892,37.67455504168893,37.74476452123615,0.0
3.833,0.5465771366253377,-0.24799066327325323,0.36123837946521714,0.0,2.2755202264285055,2.0622280596309754,38.324165124123276,37.74476452123615,0.0
3.834,0.5508241616199793,-0.24989431549648256,0.030639332219174364,0.0,2.279199477820633,2.0281903326482413,37.59962586755973,37.74476452123615,0.0
3.835,0.5340465458542367,-0.24175108441082638,0.3943603470377114,0.0,2.27819223943362,2.04312761358967,37.06733480338369,37.74476452123615,0.0
3.8360000000000003,0.5371350348513817,-0.2387102553604608,0.6672801763042575,0.0,2.278526394094767,2.0823469037220463,37.88348466445424,37.74476452123615,0.0
3.837,0.5573332758011863,-0.24605630245127047,0.257818044336802,0.0,2.283587535773531,2.0677167258837077,38.19387928017967,37.74476452123615,0.0
3.838,0.5546723126217227,-0.24588486231027837,0.09812958888464901,0.0,2.2865872266141665,2.0420792595762562,37.36709284192337,37.74476452123615,0.0
3.839,0.5412898394088196,-0.23649979564754178,0.5152995248059263,0.0,2.285692558808502,2.0682365489110994,37.347429208296155,37.74476452123615,0.0
3.84,0.5511029628513913,-0.2357457707544162,0.5291046947489351,0.0,2.2875139946452725,2.087822243555599,38.07531268613314,37.74476452123615,0.0
3.841,0.5628910836301619,-0.2404402208470201,0.16185747418147384,0.0,2.2916357861219336,2.063897704306235,37.686195972612595,37.74476452123615,0.0
3.842,0.5531786173948183,-0.23676634181584433,0.3570015164279812,0.0,2.292501873331636,2.069102367475939,36.97132204095873,37.74476452123615,0.0
3.843,0.5537366425589758,-0.2326053792816015,0.7221729070576866,0.0,2.293380851048884,2.1119320781660353,37.83150504121087,37.74476452123615,0.0
3.844,0.5752923005407932,-0.23932044672548877,0.2912140017318717,0.0,2.299235169107587,2.097143979940351,38.15139959983628,37.74476452123615,0.0
3.845,0.5726731754271566,-0.2391686684097184,0.12720037163316333,0.0,2.3029413992486774,2.0711918734278254,37.27083014436257,37.74476452123615,0.0
3.846,0.559382663779082,-0.22908037396277015,0.5722244431387549,0.0,2.3025736011183993,2.100234149777415,37.434667176830665,37.74476452123615,0.0
3.847,0.5706258979646572,-0.22861395652757954,0.4934069003487623,0.0,2.3051963874627073,2.1118455873801683,38.197650805995664,37.74476452123615,0.0
3.848,0.5786724099909422,-0.23174584255979314,0.1073862229186674,0.0,2.309067210570754,2.0801113767866304,37.35369682729384,37.74476452123615,0.0
3.849,0.5645779213332816,-0.22461698049658746,0.5332738892090036,0.0,2.308562036621369,2.1042763785020946,37.07992219630105,37.74476452123615,0.0
3.85,0.5740795076460593,-0.22268411807654542,0.6768096279547495,0.0,2.310382553992895,2.1363182978692206,37.90839647106808,37.74476452123615,0.0
3.851,0.5917660752585034,-0.23030368535042628,0.26093617107291417,0.0,2.316082692588309,2.116306132818087,37.571081399970254,37.74476452123615,0.0
3.852,0.5861695051188884,-0.2278661090180697,0.4313305378344864,0.0,2.3188672717497703,2.1225598014356812,36.923679374714936,37.74476452123615,0.0
3.853,0.5888615198686075,-0.2232851151533527,0.7632424019273572,0.0,2.321519226295049,2.162920835166396,37.955111043318404,37.74476452123615,0.0
3.854,0.6089381674160971,-0.2301011189188368,0.24542310240480103,0.0,2.328737659111722,2.137050208307432,37.74784731918553,37.74476452123615,0.0
3.855,0.6002779665131406,-0.22685797663585405,0.3490241364917433,0.0,2.332222280272049,2.132216182735619,36.95272534566816,37.74476452123615,0.0
3.856,0.5965323715626867,-0.21877564615792083,0.7545055150061071,0.0,2.334018411829419,2.1721063765682525,37.88431205436257,37.74476452123615,0.0
3.857,0.6147710231643058,-0.22355419714240296,0.2873166853276411,0.0,2.340230413527387,2.150697871497902,37.75041018179926,37.74476452123615,0.0
3.858,0.6077653602544424,-0.2211206279386364,0.35421116500366334,0.0,2.343364886426264,2.1450347076016314,36.93756283112628,37.74476452123615,0.0
3.859,0.6044351247909001,-0.21310866589775965,0.768706857241253,0.0,2.3447626155131682,2.1854731580061415,37.87617077625526,37.74476452123615,0.0
3.86,0.6231958805823623,-0.21822010987309015,0.2980888221265725,0.0,2.3507067951895277,2.1639976100022036,37.63403899435922,37.74476452123615,0.0
3.861,0.6165609757185396,-0.21581245698586096,0.42026196834335905,0.0,2.353593045840509,2.1643267082942237,36.94950855994266,37.74476452123615,0.0
3.862,0.6167556916333795,-0.208748916411376,0.7704797451645767,0.0,2.3554706683212725,2.202125978011036,37.92172273844747,37.74476452123615,0.0
3.863,0.6347748498663506,-0.21459889025484963,0.2826030737400566,0.0,2.361654588054169,2.177184311132855,37.42352395473733,37.74476452123615,0.0
3.864,0.6268049033092139,-0.21053613422639383,0.5349148712601169,0.0,2.3642205462243933,2.189045153060849,37.122379291715475,37.74476452123615,0.0
3.865,0.6325248295057702,-0.20530944547347296,0.6917110550662495,0.0,2.367181684567856,2.2139920775093467,37.934782023614765,37.74476452123615,0.0
3.866,0.6449590317998792,-0.21036238186307515,0.2836095140928182,0.0,2.3729494914122085,2.188970729011816,37.210765516666896,37.74476452123615,0.0
3.867,0.636350479421399,-0.20395737029355213,0.6509577576124453,0.0,2.3748833020858293,2.2125889010299407,37.46714879297317,37.74476452123615,0.0
3.868,0.6471336360708703,-0.20193692086476894,0.5255422767419384,0.0,2.37882734957243,2.2152972188274367,37.86898978838508,37.74476452123615,0.0
3.869,0.6496191202051868,-0.20386751776772788,0.3233795263644945,0.0,2.3828803942437324,2.196979790172749,36.957084347679846,37.74476452123615,0.0
3.87,0.6431025699720467,-0.19503776381022353,0.7872090484526741,0.0,2.3837058126780812,2.234683959151122,37.66653240847555,37.74476452123615,0.0
3.871,0.66012814656396,-0.19864899732244432,0.43326733918242966,0.0,2.3887046393927527,2.2231903909070447,37.30963839927714,37.74476452123615,0.0
3.872,0.6585096477204128,-0.19779224870961284,0.6160656050012228,0.0,2.3919238719290146,2.2373415791303195,37.13359661002284,37.74476452123615,0.0
3.873,0.6677756236196775,-0.19401899749475152,0.7101981787405053,0.0,2.395829809886472,2.257890729900672,37.84204032434562,37.74476452123615,0.0
3.874,0.6788426694858571,-0.19909881800764942,0.35500356354802265,0.0,2.401996581893785,2.235638110694883,36.989063292367426,37.74476452123615,0.0
3.875,0.6721363809247972,-0.19166915529686607,0.7890490918258057,0.0,2.404453353676474,2.2683727470732618,37.62376594305985,37.74476452123615,0.0
3.876,0.6869578186223224,-0.19326540317958238,0.47290775226135606,0.0,2.410187795812938,2.257266173324867,37.24694926399659,37.74476452123615,0.0
3.8770000000000002,0.6845838517491439,-0.19169644079692988,0.666294244365382,0.0,2.4140495880199975,2.2726869794250697,37.231796691784076,37.74476452123615,0.0
3.878,0.6941897745792063,-0.18774836178015739,0.6790002087661599,0.0,2.418648682548352,2.285335284118965,37.744971436455145,37.74476452123615,0.0
3.879,0.7010515734655322,-0.19139470719962987,0.4224107672784354,0.0,2.4244932768795717,2.268168030939453,36.9027155558774,37.74476452123615,0.0
3.88,0.6965434581789821,-0.18297230303055806,0.8519591972208957,0.0,2.4270737585469244,2.3036826948899463,37.6883109324111,37.74476452123615,0.0
3.8810000000000002,0.7125035124647883,-0.18668953386990786,0.4597260448422966,0.0,2.433440777876611,2.2866621224267507,37.00726243922294,37.74476452123615,0.0
3.882,0.7088124971379548,-0.1823672746011304,0.8076253122565075,0.0,2.4369564171990508,2.314737172311003,37.5636179596333,37.74476452123615,0.0
3.883,0.7230201211606259,-0.18268229113003895,0.5312590176673577,0.0,2.4430058719885386,2.304877247264363,37.13801959728762,37.74476452123615,0.0
3.884,0.721003580605396,-0.18106142017606672,0.7501256480796838,0.0,2.447282942824188,2.3238111481938835,37.364343429183876,37.74476452123615,0.0
3.8850000000000002,0.7324260037217794,-0.1780072254771209,0.640767943052077,0.0,2.45270594396188,2.3257847203085045,37.40024160713615,37.74476452123615,0.0
3.886,0.7345208195542333,-0.17954611932055253,0.6262640832169386,0.0,2.457983822467032,2.327485182283436,37.00441735390806,37.74476452123615,0.0
3.887,0.7391481779948612,-0.17276177035660648,0.8315796815042655,0.0,2.4621422919946943,2.3517850790512043,37.62432904457,37.74476452123615,0.0
3.888,0.750570764513364,-0.1776809133984261,0.5228281909399588,0.0,2.4689238534706055,2.3368448022173838,36.887380619117884,37.74476452123615,0.0
3.8890000000000002,0.748684570254789,-0.17025696816286745,0.8998762426871977,0.0,2.472667405709215,2.368961217046005,37.67267288171497,37.74476452123615,0.0
3.89,0.763411251622409,-0.1740696400060822,0.5079510277838649,0.0,2.479741877561934,2.349719294565762,36.84733053380959,37.74476452123615,0.0
3.891,0.7593495877725313,-0.1672262377945852,0.9295965416108223,0.0,2.4833938090196606,2.3840033200259763,37.67953966431611,37.74476452123615,0.0
3.892,0.775214878976717,-0.17047315730999504,0.5141442249267627,0.0,2.4905345450464464,2.363522127441467,36.80055370424418,37.74476452123615,0.0
3.8930000000000002,0.7705925466927761,-0.16378065950692866,0.9630793131326472,0.0,2.49414444425861,2.4000076200508498,37.72247766970632,37.74476452123615,0.0
3.894,0.7875626527348225,-0.167348195456496,0.5023401989168745,0.0,2.501501256742979,2.376121964887253,36.68666659444045,37.74476452123615,0.0
3.895,0.7816655353353241,-0.15992491249289104,1.030826715817766,0.0,2.504881585977059,2.4189198484640735,37.737784946416866,37.74476452123615,0.0
3.896,0.8012272357445784,-0.1650359326552967,0.5053373355777523,0.0,2.5128401156929154,2.3924765213921972,36.676336447617224,37.74476452123615,0.0
3.8970000000000002,0.7952293576154426,-0.15693673279700043,1.0467458657137625,0.0,2.5164164375439606,2.4351385957147524,37.7171745162011,37.74476452123615,0.0
3.898,0.8143140022898285,-0.16236408000997976,0.5266027314721762,0.0,2.5245793348341667,2.409102975026749,36.68913565938215,37.74476452123615,0.0
3.899,0.8088119506057462,-0.15364789008729712,1.0511784485001887,0.0,2.528309325962928,2.4501880384840558,37.675375077604365,37.74476452123615,0.0
3.9,0.8268317886867234,-0.15926552924465376,0.5587526338254006,0.0,2.5364799265310802,2.4260877952182525,36.72587931104127,37.74476452123615,0.0
3.9010000000000002,0.8224718158226898,-0.15018812045836027,1.0436893692088975,0.0,2.5403687513577706,2.4641417307706304,37.59990443097336,37.74476452123615,0.0
3.902,0.8389146977653669,-0.15580249528624285,0.6081254101454793,0.0,2.5483824425759596,2.4441654356572955,36.80206305958191,37.74476452123615,0.0
3.903,0.8366303717053065,-0.1468414138119074,1.0164731104577462,0.0,2.55255527245054,2.4766777304881296,37.47021606508281,37.74476452123615,0.0
3.904,0.8506012892511805,-0.15195950516023665,0.6851420922688308,0.0,2.5602146496838056,2.464266545628787,36.90187728648501,37.74476452123615,0.0
3.9050000000000002,0.8518206080919856,-0.1437706004231873,0.9777403539152414,0.0,2.5649150102732516,2.4893671200446708,37.313865243831366,37.74476452123615,0.0
3.906,0.8627563148597897,-0.1483166883979921,0.7760553680161117,0.0,2.572237350969941,2.4861256074564917,37.095228012941256,37.74476452123615,0.0
3.907,0.8680834822409085,-0.14121006952037118,0.8918693485441156,0.0,2.5776761173818574,2.498220236569625,37.01833046872365,37.74476452123615,0.0
3.908,0.8735283122458858,-0.14370341671510029,0.9375824611780449,0.0,2.584125804444091,2.5129739223703544,37.47240300644241,37.74476452123615,0.0
3.9090000000000003,0.8858725388401931,-0.14047940355934557,0.7132698074665994,0.0,2.591026316461094,2.5004622686373112,36.58540732215843,37.74476452123615,0.0
3.91,0.8829437788125181,-0.13575780912132446,1.1683612215993673,0.0,2.595498476646468,2.542640619439979,37.56307751243234,37.74476452123615,0.0
3.911,0.9034580516231043,-0.14156861024187212,0.6813429965504493,0.0,2.604427659961212,2.5206395746747674,36.808651689173296,37.74476452123615,0.0
3.912,0.9015573063125647,-0.13218459343036076,1.0679170365006017,0.0,2.6091734706074883,2.549539104074822,37.20667082685261,37.74476452123615,0.0
3.9130000000000003,0.9136402808684309,-0.13686115977287522,0.8742884046047807,0.0,2.616942915594935,2.5495102370372074,37.24607056008824,37.74476452123615,0.0
3.914,0.9209855931826804,-0.13057295603111652,0.859575477598443,0.0,2.6231940613048557,2.5498919109413496,36.63346527933841,37.74476452123615,0.0
3.915,0.9220380954289801,-0.12936880608944984,1.1769911103923367,0.0,2.6287886853780327,2.585881058779512,37.53786794264668,37.74476452123615,0.0
3.916,0.9417446191143457,-0.13326845749747518,0.7268587445240975,0.0,2.637863764982009,2.5639848450848035,36.79933456666229,37.74476452123615,0.0
3.9170000000000003,0.9394257407362323,-0.12361402033729785,1.1055797320620304,0.0,2.6427407306544173,2.5917985348662658,37.06443685707733,37.74476452123615,0.0
3.918,0.9509091727786905,-0.12800435866152604,0.9798318634960967,0.0,2.650490850324996,2.5984127105107357,37.4264121109335,37.74476452123615,0.0
3.919,0.9611865214030906,-0.12365766377264431,0.8020277606710404,0.0,2.657605335771946,2.585823833904463,36.524760521083955,37.74476452123615,0.0
3.92,0.9582710907263945,-0.11748708831442323,1.2650535955973337,0.0,2.662114188662058,2.628339647234335,37.274044784002335,37.74476452123615,0.0
3.9210000000000003,0.9781924442335725,-0.12473471252885171,0.895118661510482,0.0,2.6712826820143145,2.6195111602288574,37.17956903976251,37.74476452123615,0.0
3.922,0.9837957404428668,-0.11724288953551659,0.9480084884451299,0.0,2.6777549005593873,2.6215824525148825,36.523553231614066,37.74476452123615,0.0
3.923,0.9855643500934548,-0.11541416908751134,1.2882285054155735,0.0,2.6836607854592076,2.660850626924744,37.36750208928621,37.74476452123615,0.0
3.924,1.0065091378976239,-0.12125644095210708,0.8700267008989999,0.0,2.6935638364196177,2.645091933155121,37.08390285048072,37.74476452123615,0.0
3.9250000000000003,1.0084957738340785,-0.11222133409119384,1.0184349370093009,0.0,2.699848428433679,2.652397255800831,36.52089234127647,37.74476452123615,0.0
3.926,1.0116305688825151,-0.11118751732312665,1.3121789134110213,0.0,2.7062117247350255,2.690103299330499,37.35283934635471,37.74476452123615,0.0
3.927,1.032533825441024,-0.116464636492073,0.9001246626207149,0.0,2.71630011703547,2.674143650515432,37.12362527215378,37.74476452123615,0.0
3.928,1.0343473628998465,-0.10729003409245502,1.0209430922120046,0.0,2.722721727768715,2.6782089190199763,36.45839920938695,37.74476452123615,0.0
3.9290000000000003,1.0362850340191367,-0.10471308433103804,1.3664197767139137,0.0,2.7287159858293304,2.719109064298153,37.217380287653256,37.74476452123615,0.0
3.93,1.0578627624636228,-0.11142554587318132,0.992203079916588,0.0,2.7389649728789527,2.709545843944151,37.53027888627277,37.74476452123615,0.0
3.931,1.0616349645214933,-0.10686464477691049,0.8378986369564659,0.0,2.7466639154522006,2.6885333576309476,36.90856841101213,37.74476452123615,0.0
3.932,1.049903574520275,-0.1026341369258486,1.1571158356890234,0.0,2.7510719682841493,2.708377125417286,37.438896936351796,37.74476452123615,0.0
3.9330000000000003,1.0528139741475386,-0.1102650913620612,0.8950102488680358,0.0,2.757905302678031,2.6942160773115393,38.00907851917413,37.74476452123615,0.0
3.934,1.0473834064013412,-0.10711908020705074,0.607276317477488,0.0,2.7622168280505366,2.6537512573193593,37.253705756174256,37.74476452123615,0.0
3.935,1.023924670928922,-0.09854334436510015,0.9898732866280449,0.0,2.76113884805551,2.66525323300862,37.59093022289863,37.74476452123615,0.0
3.936,1.0195234600130763,-0.10401300024742349,0.8227993962492341,0.0,2.7620062831343866,2.653542661342295,38.12258936830824,37.74476452123615,0.0
3.9370000000000003,1.014035741209469,-0.10185715518097688,0.5531915750737069,0.0,2.76132407802261,2.6156634058842085,37.35681034483374,37.74476452123615,0.0
3.938,0.992766223342969,-0.09567805631812959,0.9399606285749815,0.0,2.7562640254519546,2.629029299334928,37.777006484297864,37.74476452123615,0.0
3.939,0.9912314131787436,-0.10292587305736262,0.7295401392123021,0.0,2.753905618313381,2.6134947877580013,38.028314048354666,37.74476452123615,0.0
3.94,0.985866510208268,-0.10070108338739292,0.601050861912716,0.0,2.749912395699882,2.587823062240693,37.389389047832346,37.74476452123615,0.0
3.9410000000000003,0.9705957108317209,-0.09956258215222558,0.9240671169079142,0.0,2.7436483355568333,2.602762006737948,38.05566919271007,37.74476452123615,0.0
3.942,0.973107426173121,-0.10783443678430821,0.5878179977543128,0.0,2.7404258648996977,2.574934088433006,37.787452796804835,37.74476452123615,0.0
3.943,0.9629286171965115,-0.10372507684160198,0.7214993129512431,0.0,2.734208101337761,2.568778936896883,37.520700356854064,37.74476452123615,0.0
3.944,0.9553477456873719,-0.1082717362777284,0.8571161745704496,0.0,2.7285378251158074,2.5769306735605624,38.328999930697286,37.74476452123615,0.0
3.9450000000000003,0.958877984631037,-0.11372961431797468,0.4471240335542275,0.0,2.7248046501724823,2.5367807698088076,37.533242060292544,37.74476452123615,0.0
3.946,0.9414243434586848,-0.1084105977753631,0.8471181933660346,0.0,2.716790131748226,2.5503270208457516,37.95683574743617,37.74476452123615,0.0
3.947,0.9416152125835687,-0.11712370735897132,0.6332006375322196,0.0,2.711943322489711,2.533990790181277,37.93586108890718,37.74476452123615,0.0
3.948,0.9370093624636078,-0.11541237615845729,0.6417770011200052,0.0,2.7056721935627084,2.5223946294148374,37.564546114825944,37.74476452123615,0.0
3.9490000000000003,0.9285924525424607,-0.11961880043357698,0.8292366722247257,0.0,2.6993483814340307,2.53274557360811,38.356959174664524,37.74476452123615,0.0
3.95,0.9330073122602922,-0.12545549817061746,0.4269081957711519,0.0,2.69529201744587,2.494728509380074,37.535614383075604,37.74476452123615,0.0
3.951,0.9165831727690527,-0.12130736798196978,0.8396720929472177,0.0,2.687324922135601,2.511385632571144,38.17894387224455,37.74476452123615,0.0
3.952,0.9190639248988711,-0.13029377131256303,0.5136655548526593,0.0,2.6828502343437175,2.4851548516207234,37.74805607364625,37.74476452123615,0.0
3.9530000000000003,0.9096893392330061,-0.12695194647626667,0.7290765386277114,0.0,2.6757424724706818,2.489110965526903,37.94312910481541,37.74476452123615,0.0
3.954,0.9072717491292299,-0.1345818027007578,0.6295563772073358,0.0,2.670613800608624,2.479031553315925,38.006586294471816,37.74476452123615,0.0
3.955,0.9046626153137136,-0.13401798163340994,0.5952095646467772,0.0,2.664851735832023,2.4669270961910517,37.70537694407333,37.74476452123615,0.0
3.956,0.8963274264577887,-0.13854531377935347,0.746208115617649,0.0,2.65895907656732,2.473300966469402,38.332147617265704,37.74476452123615,0.0
3.9570000000000003,0.8993057568923174,-0.14196986739959433,0.4269489480611658,0.0,2.65462449783369,2.441408721616169,37.58344997849078,37.74476452123615,0.0
3.958,0.8840151607615219,-0.14064176802647643,0.80291091287608,0.0,2.647353816020855,2.458532400058834,38.405752644887784,37.74476452123615,0.0
3.959,0.8884458455376789,-0.14768529379483597,0.3851496984410635,0.0,2.6433106390618195,2.4228630079532625,37.609837743159446,37.74476452123615,0.0
3.96,0.8731591728681742,-0.1440670187711846,0.7844564170859996,0.0,2.635636395077846,2.440183429399045,38.368334813615874,37.74476452123615,0.0
3.9610000000000003,0.8767984784103695,-0.15205895769736405,0.3989721789339882,0.0,2.631376913668964,2.4080548605823453,37.646095211967506,37.74476452123615,0.0
3.962,0.8635227097200635,-0.14871454631821818,0.7610786728508588,0.0,2.6238827188783325,2.4238964848301583,38.36563419792341,37.74476452123615,0.0
3.963,0.8668888723714456,-0.15672877017145642,0.39510048310603274,0.0,2.619637114729193,2.393022825784472,37.65640565636767,37.74476452123615,0.0
3.964,0.8540772832499421,-0.1536838299683294,0.7505983425325903,0.0,2.6123136194295222,2.409019455092689,38.394422782372594,37.74476452123615,0.0
3.9650000000000003,0.8577832256283169,-0.16147722289915822,0.37509319691876253,0.0,2.6082098592150627,2.3772877577754947,37.65454903122467,37.74476452123615,0.0
3.966,0.84431424557263,-0.15857484676916056,0.74593222739284,0.0,2.6009461099867233,2.3943848462067705,38.42522300385883,37.74476452123615,0.0
3.967,0.8486502223224407,-0.1659761127665515,0.3537906562495312,0.0,2.596961607545357,2.3615902404985443,37.65624146516013,37.74476452123615,0.0
3.968,0.8343858930592929,-0.16337616463135507,0.7391666561596433,0.0,2.5897360878224593,2.3796018568049924,38.44373085661667,37.74476452123615,0.0
3.969,0.8393135095811721,-0.1702243346764698,0.3384322970775685,0.0,2.5858135798888107,2.3464705389003386,37.66984492641726,37.74476452123615,0.0
3.97,0.8245562903667021,-0.16816606268346979,0.72612445812546,0.0,2.5786752993383795,2.3645861535776853,38.44444971988854,37.74476452123615,0.0
3.971,0.8298073800637455,-0.17427567895950785,0.33182520940329796,0.0,2.574755048821022,2.332201347703518,37.70532896148052,37.74476452123615,0.0
3.972,0.8149907159534866,-0.173011425195988,0.7017799442048647,0.0,2.5677881786912344,2.3489833546295245,38.4135604286162,37.74476452123615,0.0
3.973,0.8199967014300521,-0.17809032747441433,0.34097625156322287,0.0,2.5637675180552892,2.3193036952678305,37.786352287634536,37.74476452123615,0.0
3.974,0.8059658875847906,-0.17792011896047544,0.6541644443900715,0.0,2.5571114455874517,2.331842123293826,38.337462207074424,37.74476452123615,0.0
3.975,0.809479967756797,-0.18146999938288672,0.3726825078117447,0.0,2.552767012100601,2.3078393493611795,37.90620854746875,37.74476452123615,0.0
3.976,0.7973679677756651,-0.18288594535321356,0.5866948973522552,0.0,2.546576999821684,2.3135260524879975,38.183644294523866,37.74476452123615,0.0
3.977,0.7984052978666267,-0.18453234859196577,0.44358822609182047,0.0,2.5417416039798995,2.299908000030371,38.11205879351622,37.74476452123615,0.0
3.978,0.7902808405757148,-0.18850942475673516,0.4757080338728432,0.0,2.5364489568222677,2.293036522405756,37.90019481378446,37.74476452123615,0.0
3.979,0.7862626707272955,-0.18783239464571555,0.5800857208132402,0.0,2.5308841825440775,2.2978440294238895,38.50144186850037,37.74476452123615,0.0
3.98,0.7863923223901113,-0.19416379548826068,0.27189541998264155,0.0,2.5270598607893118,2.266615154970228,37.772105873244335,37.74476452123615,0.0
3.981,0.7713153156011661,-0.19087914619455804,0.636290004090578,0.0,2.5200704583339215,2.2829518103100463,38.41612035451201,37.74476452123615,0.0
3.982,0.7756654789681613,-0.19530918381924955,0.3075692051239819,0.0,2.5159338122897057,2.25652333810468,37.961283641360275,37.74476452123615,0.0
3.983,0.7625652578233673,-0.19615646679492288,0.5328223704986081,0.0,2.509616884380452,2.2618736306559,38.08962602156089,37.74476452123615,0.0
3.984,0.7630495391696783,-0.19731032649912938,0.4652025653950538,0.0,2.5045851302549518,2.2561822177863955,38.3412445352006,37.74476452123615,0.0
3.985,0.7587772317965756,-0.20267338367703136,0.33342850843555294,0.0,2.500065807947578,2.2372126192012844,37.843800664849034,37.74476452123615,0.0
3.986,0.7491562308715997,-0.20051615907089815,0.5811600821752078,0.0,2.493810532733977,2.24927184895292,38.44773443415303,37.74476452123615,0.0
3.987,0.7525583822818317,-0.20511039093659478,0.27216349839404264,0.0,2.4899136457681874,2.222562241590333,37.98453956105315,37.74476452123615,0.0
3.988,0.7391067365750745,-0.2053316177481957,0.5013631845458127,0.0,2.483713879393339,2.227949540123778,38.0400934207814,37.74476452123615,0.0
3.989,0.7392865871264473,-0.20632308065179172,0.47063296568623203,0.0,2.478779668160596,2.226351511212602,38.45629089981756,37.74476452123615,0.0
3.99,0.7371566099423918,-0.21197031158134028,0.2554189623823395,0.0,2.4747903559332265,2.2012897218901983,37.84991345506158,37.74476452123615,0.0
3.991,0.7245325226635667,-0.2092364549012371,0.5575561954220741,0.0,2.468336599452247,2.215089765773538,38.29443982671737,37.74476452123615,0.0
3.992,0.7284411611897637,-0.21262315142477012,0.32979625653936673,0.0,2.4643080981920886,2.1982332729022804,38.19865494053709,37.74476452123615,0.0
3.993,0.7195429542110786,-0.2156774048382305,0.37314979543649884,0.0,2.459298898681064,2.1907239570125605,37.8662099349339,37.74476452123615,0.0
3.994,0.7142252097421173,-0.21493591946991314,0.5381578441011168,0.0,2.453927581607522,2.201677972546647,38.46461242924558,37.74476452123615,0.0
3.995,0.7181400579998982,-0.21982831836466937,0.23175811786518352,0.0,2.4507343765268494,2.1751615936943263,38.07109961783257,37.74476452123615,0.0
3.996,0.7047682913175615,-0.21980751942868237,0.4252511726057211,0.0,2.4451576421971053,2.1768358083206225,37.94029016968473,37.74476452123615,0.0
3.997,0.7026918092586819,-0.2198707779176703,0.488700640195157,0.0,2.440313169186114,2.182924134298402,38.53300692771984,37.74476452123615,0.0
3.998,0.7044985917933788,-0.2249954853152649,0.18445983711276537,0.0,2.4371250613028446,2.1535986864629404,37.99571906060044,37.74476452123615,0.0
3.999,0.6895278287228361,-0.22321869298103864,0.4505942252788204,0.0,2.4310765251936166,2.1608690151148955,37.99563040947993,37.74476452123615,0.0
4.0,0.6897086271070194,-0.2240944449795949,0.44812989195663955,0.0,2.4264739762036887,2.1637054412906656,38.52345935892502,37.74476452123615,0.0
4.001,0.6902519287213987,-0.22931044509355936,0.1764284688572071,0.0,2.4231803272228825,2.1358775015484106,37.96604603562802,37.74476452123615,0.0
4.002,0.6759874773159315,-0.22713284864196576,0.45292231536178773,0.0,2.417141553555116,2.1452088508995435,38.00937277797106,37.74476452123615,0.0
4.003,0.67731418772379,-0.22850767033980965,0.42861286162291823,0.0,2.412812798540518,2.147275626913547,38.51004972942032,37.74476452123615,0.0
4.0040000000000004,0.6777636678195139,-0.23367521474162425,0.17062153381644773,0.0,2.4096782782960005,2.1205307225969148,37.979614188353686,37.74476452123615,0.0
4.005,0.6639907493647009,-0.231570117987155,0.4334908076785876,0.0,2.4038994835572627,2.1291619059213813,37.98113135894787,37.74476452123615,0.0
4.006,0.6650013847273705,-0.23280037480810922,0.43036855400437846,0.0,2.3997180658426953,2.1331310517223017,38.50130543990814,37.74476452123615,0.0
4.007,0.6665045411581204,-0.2377832332438663,0.16271610433752515,0.0,2.3968875163394006,2.1067193533913056,38.0363048720433,37.74476452123615,0.0
4.008,0.6528796825990866,-0.23613384285577332,0.3923009847618707,0.0,2.391467590426287,2.112110397292227,37.929418654419145,37.74476452123615,0.0
4.009,0.6521716728763134,-0.23670188590268879,0.4438975522421197,0.0,2.3872077401336194,2.119741750314244,38.44862484282421,37.74476452123615,0.0
4.01,0.655468224453108,-0.24120634687173304,0.17725585482370687,0.0,2.3846268204485455,2.0959677298432893,38.1510200383075,37.74476452123615,0.0
4.011,0.6431995063147588,-0.24088674838201607,0.32199570191134785,0.0,2.3798463902413243,2.0942833441157345,37.88753121668819,37.74476452123615,0.0
4.0120000000000005,0.6391028814900597,-0.2403714072938657,0.45231244576648333,0.0,2.3753220729472697,2.1055047388427335,38.29030004454177,37.74476452123615,0.0
4.013,0.6437527674329859,-0.2439718500000459,0.24547267660663474,0.0,2.372773528963882,2.0905435666195245,38.32016208196157,37.74476452123615,0.0
4.014,0.6359859562839568,-0.24605705800167146,0.2247876822894822,0.0,2.3691770906096306,2.077517553622831,37.9305219118977,37.74476452123615,0.0
4.015,0.6270614405737002,-0.24431750161427324,0.4177501934148019,0.0,2.3644254915085035,2.0877712528739774,38.0490470879826,37.74476452123615,0.0
4.016,0.6300413161985164,-0.24623574542558968,0.35544477970488675,0.0,2.361402824625723,2.0873241701947194,38.45817331274175,37.74476452123615,0.0
4.017,0.6295423412169755,-0.2502887623892797,0.1437475794102564,0.0,2.3590643655911885,2.064040577204018,38.08009994491109,37.74476452123615,0.0
4.018,0.6169138008435511,-0.24816239270954418,0.32943090908883643,0.0,2.3543569623266274,2.0667777855677825,37.94914252584382,37.74476452123615,0.0
4.019,0.6147170313757624,-0.2481285614669632,0.39286583857639573,0.0,2.3504115624850135,2.074006900953284,38.28444524463518,37.74476452123615,0.0
4.0200000000000005,0.6176551606613879,-0.2511227275038277,0.2198176719467249,0.0,2.3479133107425922,2.0601037552758377,38.2902333469866,37.74476452123615,0.0
4.021,0.6100914702661768,-0.252477885632975,0.21146893251351195,0.0,2.344393695340506,2.049014606556867,37.964414616291705,37.74476452123615,0.0
4.022,0.6020740642762843,-0.2509613841380714,0.372181796910402,0.0,2.339936759861,2.0572505914025103,37.983916440682364,37.74476452123615,0.0
4.023,0.6041149254398447,-0.2525837038078248,0.36003936552061044,0.0,2.336942736592631,2.060969819330902,38.38225245833938,37.74476452123615,0.0
4.024,0.6059837875416797,-0.25619962581843214,0.1544964773210702,0.0,2.335001566668407,2.041344262532,38.18050054503596,37.74476452123615,0.0
4.025,0.5955681076567794,-0.25524951977207483,0.25101507373478127,0.0,2.33115128717151,2.0373240323164272,37.9563598189311,37.74476452123615,0.0
4.026,0.5901445802815798,-0.2545089446599077,0.3609694838102636,0.0,2.3272120504008713,2.0449430275293103,37.97137007704289,37.74476452123615,0.0
4.027,0.5925844217984033,-0.2562884473940906,0.35119829919629947,0.0,2.3246317878804663,2.0489092072949484,38.30301864805278,37.74476452123615,0.0
4.0280000000000005,0.5943687909719011,-0.2602974060554888,0.1797914724231902,0.0,2.3231293600140774,2.0332918215391635,38.17119254578292,37.74476452123615,0.0
4.029,0.5863455645407383,-0.2593455880775929,0.24144024331265002,0.0,2.3200706467945666,2.028481763237052,38.08890554165067,37.74476452123615,0.0
4.03,0.5810618641575235,-0.25844326187893374,0.2791423351746321,0.0,2.3167470613647216,2.0278785566169666,38.094488641062085,37.74476452123615,0.0
4.031,0.578625845454842,-0.2591797427532118,0.272853544270664,0.0,2.31378554997401,2.0261496492513116,38.11736888138595,37.74476452123615,0.0
4.032,0.5765031606990155,-0.2603079542700909,0.2576873805072337,0.0,2.311064037443918,2.0229012265143265,38.12343216637454,37.74476452123615,0.0
4.033,0.5738690589459281,-0.2608119865654886,0.2508690615615538,0.0,2.308333995330461,2.019375665696922,38.12241185544605,37.74476452123615,0.0
4.034,0.5707956227963185,-0.2612082047755035,0.24760274368369917,0.0,2.305562945026757,2.015950281931732,38.10569545362775,37.74476452123615,0.0
4.035,0.5676338219362648,-0.2615587828513252,0.25235163526893317,0.0,2.302761062783146,2.0134624364989544,38.08861827660173,37.74476452123615,0.0
4.0360000000000005,0.5649393631283303,-0.26206524354799693,0.2574516862282896,0.0,2.3000427891164925,2.0117214765350417,38.068812239079364,37.74476452123615,0.0
4.037,0.5626497358664541,-0.2629872414353489,0.2641142278110398,0.0,2.297518601980756,2.010789578676092,38.03209654804338,37.74476452123615,0.0
4.038,0.561192870942055,-0.26362180491246456,0.27959875306096094,0.0,2.2952142257763075,2.0114724831201922,37.930725814620295,37.74476452123615,0.0
4.039,0.5602930149139804,-0.2653605550054669,0.32842450683866026,0.0,2.2933934945121726,2.0171570626763295,38.055894274111914,37.74476452123615,0.0
4.04,0.5630172740378119,-0.26674434502403943,0.26272897956409336,0.0,2.2924581237311776,2.0140676785485576,38.303745564231434,37.74476452123615,0.0
4.041,0.5610783648488935,-0.2681740905285831,0.13321352407438036,0.0,2.2914507857208193,1.9978444735263605,38.13944171330658,37.74476452123615,0.0
4.042,0.5512670352417066,-0.265836037844464,0.2114186776161024,0.0,2.288650377758979,1.9941004338147352,37.91623774211956,37.74476452123615,0.0
4.043,0.545928253220697,-0.26420864487472007,0.3213059310007776,0.0,2.2855999739223294,2.0022454563412238,37.90345972230897,37.74476452123615,0.0
4.0440000000000005,0.5485305952141705,-0.2651752232967459,0.3261079888953441,0.0,2.283791710278114,2.008360644626463,38.27162177868064,37.74476452123615,0.0
4.045,0.5518814741769454,-0.2678437978286907,0.13675838813506608,0.0,2.2830596692411373,1.9924644377902097,38.24261444984019,37.74476452123615,0.0
4.046,0.543502770710579,-0.26701670317494597,0.14628355326925063,0.0,2.280693545467001,1.9819810778771751,37.92658435982689,37.74476452123615,0.0
4.047,0.5352462851563132,-0.2641856110125288,0.302480399889993,0.0,2.277212548887647,1.9902202694312758,37.8318118086243,37.74476452123615,0.0
4.048,0.537013293976024,-0.2646370480915512,0.3489962026174056,0.0,2.2749815401219546,2.0005652761801276,38.120871683735,37.74476452123615,0.0
4.049,0.5426749431076021,-0.26745940344198255,0.20070519343706966,0.0,2.274314077625475,1.992270401024138,38.2867503034355,37.74476452123615,0.0
4.05,0.5388604622335943,-0.2685545211262058,0.11234602576482616,0.0,2.2729761132548045,1.9769778781694127,37.96503995862428,37.74476452123615,0.0
4.051,0.529330914041771,-0.26558635762807564,0.2709984437965526,0.0,2.269905243874092,1.9824262743156662,37.759080819352526,37.74476452123615,0.0
4.0520000000000005,0.5292198502241539,-0.26507237477552054,0.3738348504512663,0.0,2.267659444567275,1.9966651459989428,37.98756309430688,37.74476452123615,0.0
4.053,0.5364684925611687,-0.26785103760246254,0.2571657272433829,0.0,2.2673729050989584,1.994595121668549,38.32535384373596,37.74476452123615,0.0
4.054,0.5363606385045504,-0.27009693783206323,0.0824644593038436,0.0,2.267127279541419,1.9747373479526895,38.03061635072304,37.74476452123615,0.0
4.055,0.5252918827923904,-0.26685868528934725,0.22697468751543687,0.0,2.2645417723860533,1.9757004114231052,37.70998068343029,37.74476452123615,0.0
4.056,0.522265268469113,-0.26506102410366905,0.3876403595398697,0.0,2.2621457620882692,1.992758979489953,37.87722071085381,37.74476452123615,0.0
4.057,0.5301446090718701,-0.26758764894487574,0.30269578393193086,0.0,2.261991114971337,1.9960245360736837,38.30087415776424,37.74476452123615,0.0
4.058,0.5332770816291863,-0.2702863479502712,0.08530796411143565,0.0,2.262450078866653,1.9756190792878952,38.103914133418186,37.74476452123615,0.0
4.059,0.5225799390923699,-0.26758432170476254,0.18019648016264267,0.0,2.2604983908167973,1.9711196899386783,37.7185770252334,37.74476452123615,0.0
4.0600000000000005,0.516719374053708,-0.2647238626176884,0.37312690921506286,0.0,2.2580043023998835,1.9876862234835364,37.752306311685494,37.74476452123615,0.0
4.061,0.523601462012551,-0.26629052418948396,0.3561868480845228,0.0,2.2576172135429156,1.9977383484914746,38.19242002028036,37.74476452123615,0.0
4.062,0.5301623187944527,-0.2696504606145672,0.13165343879664831,0.0,2.258627972463479,1.9815644043361407,38.20519891305173,37.74476452123615,0.0
4.063,0.5224459605578065,-0.2685105501679767,0.1206596484928063,0.0,2.2577612715630764,1.969059355621702,37.77586788220555,37.74476452123615,0.0
4.064,0.5133365041017472,-0.264280106681296,0.3350141303062015,0.0,2.2552767862022023,1.98233194921898,37.614059009567775,37.74476452123615,0.0
4.065,0.5174742546885394,-0.2644046826279686,0.41722562174177413,0.0,2.2544240165261433,2.000382307031113,38.05893411551963,37.74476452123615,0.0
4.066,0.5274251671104642,-0.268684262767496,0.1916463728230136,0.0,2.2559310676547852,1.9898532969384641,38.30903464800326,37.74476452123615,0.0
4.067,0.5237395985098974,-0.26894545456992175,0.06095340531352472,0.0,2.256220447958169,1.9689123807013695,37.8374738714882,37.74476452123615,0.0
4.0680000000000005,0.5114047724463875,-0.2634116492905065,0.2958067000685353,0.0,2.2537754681087465,1.9785552613974497,37.53370321470225,37.74476452123615,0.0
4.069,0.5124931069446672,-0.26228984763008045,0.4498026415268494,0.0,2.2524712141840193,2.001337311596398,37.931355504930046,37.74476452123615,0.0
4.07,0.5242479269542787,-0.26652853904930496,0.24911058657601226,0.0,2.2540530647443804,1.9968124990677285,38.30784497467147,37.74476452123615,0.0
4.071,0.5243949550983992,-0.26783600434319343,0.05523504717094807,0.0,2.255125683263974,1.9736803391671573,37.89431147122268,37.74476452123615,0.0
4.072,0.5117536248236211,-0.2627833757457366,0.2605063293954775,0.0,2.253208960142891,1.9788792701590174,37.49217856873794,37.74476452123615,0.0
4.073,0.5104190146703912,-0.2606569028443533,0.4640986401628283,0.0,2.251820416699925,2.0037294709158537,37.82106705220475,37.74476452123615,0.0
4.074,0.5227525191096666,-0.2643176523309277,0.2988913731197397,0.0,2.2534796948494766,2.004377043180445,38.29062869639128,37.74476452123615,0.0
4.075,0.5259278049431897,-0.2661756082793072,0.058651909274921366,0.0,2.2552055700699887,1.9801255712837382,37.96189043232341,37.74476452123615,0.0
4.0760000000000005,0.5132744627266538,-0.2616616113698105,0.22084978219798523,0.0,2.25381859135925,1.9801396152608928,37.46625374307419,37.74476452123615,0.0
4.077,0.5091593506920508,-0.258559744446248,0.4714532346042133,0.0,2.2522756495248024,2.006284086906352,37.69272546192861,37.74476452123615,0.0
4.078,0.5216030274681002,-0.2614480444684006,0.35873776577007893,0.0,2.2538501807100193,2.0133451255422936,38.23194203578004,37.74476452123615,0.0
4.079,0.5282509325202831,-0.2641833275719664,0.08425770369892682,0.0,2.256245360781479,1.9901850285056975,38.0341042371017,37.74476452123615,0.0
4.08,0.5169268441104888,-0.26070222938591486,0.18028320587943913,0.0,2.255674739510632,1.9842001938160734,37.4915795470694,37.74476452123615,0.0
4.081,0.5102244459709687,-0.2562700106730425,0.45407740063725754,0.0,2.2541099638213518,2.0085379097811313,37.5740590829587,37.74476452123615,0.0
4.082,0.5210699714752424,-0.257864731440509,0.4145446870753828,0.0,2.255355178769055,2.021938804354506,38.13228644003973,37.74476452123615,0.0
4.083,0.5303594299574101,-0.26170955554921405,0.13155578934683199,0.0,2.2582229451236087,2.0024772941727957,38.08297232895296,37.74476452123615,0.0
4.0840000000000005,0.5217514445950314,-0.25940887618637753,0.15283076681304658,0.0,2.2585662608535366,1.9914586211179643,37.50645226900247,37.74476452123615,0.0
4.085,0.5134342660587781,-0.2539065225538144,0.443473919310628,0.0,2.2571911255990353,2.0141629537270447,37.49837880355753,37.74476452123615,0.0
4.086,0.5229334189167515,-0.25454763342639053,0.4499745092098864,0.0,2.2583494828632005,2.03113989431397,38.082845879644196,37.74476452123615,0.0
4.087,0.533537003025007,-0.2589099465491497,0.154360157582472,0.0,2.2615631417944204,2.0128809892672828,38.07992162993646,37.74476452123615,0.0
4.088,0.5259993224366808,-0.25693618899979914,0.15247071134933848,0.0,2.262368807866193,2.000452825754814,37.46859469891974,37.74476452123615,0.0
4.089,0.517390579836549,-0.25097709400512586,0.4608958750808625,0.0,2.2612153281056204,2.0241652925537,37.47662912441045,37.74476452123615,0.0
4.09,0.527346413403299,-0.2514868928237106,0.45956001630376286,0.0,2.2626641118209854,2.0409787394755,38.09051783844326,37.74476452123615,0.0
4.091,0.5379567495107428,-0.2557566021878915,0.14915812611528634,0.0,2.266113931898868,2.0210572921075434,38.01287940530963,37.74476452123615,0.0
4.0920000000000005,0.5295819322479789,-0.25330487772932797,0.18529619384136592,0.0,2.2669142384480834,2.0115795110959027,37.35989565303933,37.74476452123615,0.0
4.093,0.5222814094544012,-0.2476820651411581,0.515636758658485,0.0,2.2660927441010985,2.039824929627637,37.52263979592417,37.74476452123615,0.0
4.094,0.5350239901117978,-0.24911960819302917,0.4364859344691849,0.0,2.268392298903574,2.051678971462254,38.185762696905556,37.74476452123615,0.0
4.095,0.5439653831427315,-0.2524818282940971,0.10051450222179825,0.0,2.272002771189862,2.0255560878615095,37.86536092068923,37.74476452123615,0.0
4.096,0.5319495775197897,-0.2481511122553531,0.259509426335432,0.0,2.2721299069221748,2.0246668483732746,37.156089192058374,37.74476452123615,0.0
4.097,0.5280183171939002,-0.24359029026106324,0.6200320439426361,0.0,2.271697021873449,2.0622590656823694,37.66170984101219,37.74476452123615,0.0
4.098,0.5463780431894942,-0.24783315177713583,0.36805226626796794,0.0,2.2755789700472153,2.062666888572622,38.3197549995812,37.74476452123615,0.0
4.099,0.5510021678971808,-0.24981661324700294,0.03327978220001249,0.0,2.2792892578391544,2.028791892062608,37.61571179092213,37.74476452123615,0.0
4.1,0.5343457039598455,-0.24188547123832324,0.38659191383268904,0.0,2.2783487569652454,2.0427659355832466,37.061971234372116,37.74476452123615,0.0
4.101,0.5369759087461154,-0.23870050409874025,0.6702901249763348,0.0,2.2786286755655225,2.0824663194080424,37.87562715769847,37.74476452123615,0.0
4.102,0.5573457173051961,-0.24596992164277837,0.26215353694853605,0.0,2.2836821262894933,2.0682782730222558,38.20754792639058,37.74476452123615,0.0
4.103,0.5549548226862602,-0.2458977663254727,0.09156531855093442,0.0,2.286730796042144,2.041797734697661,37.37235534173416,37.74476452123615,0.0
4.104,0.5411932448750539,-0.23642482984467345,0.5128857026741636,0.0,2.2857852435273553,2.067811106231364,37.32851772492181,37.74476452123615,0.0
4.105,0.5508431610126499,-0.2355591907258965,0.538966979043484,0.0,2.2875350924791573,2.0885852153663635,38.055517625406495,37.74476452123615,0.0
4.106,0.5631454428134495,-0.24055803941561155,0.17235949775943793,0.0,2.2917458971963365,2.065612510941394,37.70359679109542,37.74476452123615,0.0
4.107,0.554082759153609,-0.23717818995176526,0.3487315922163819,0.0,2.292816579071381,2.0695450806543327,36.97180072844129,37.74476452123615,0.0
4.108,0.554128900310266,-0.23290230417404056,0.7223592614713973,0.0,2.2937369007893023,2.1124310818931336,37.82646477648329,37.74476452123615,0.0
4.109,0.5756315418278888,-0.23938313863056981,0.294210234897924,0.0,2.2996094411073074,2.097923016408843,38.165804476102885,37.74476452123615,0.0
4.11,0.5731050345318055,-0.23924203161979585,0.12032998553946006,0.0,2.303363590729334,2.0711006165588315,37.27941302232562,37.74476452123615,0.0
4.111,0.5593596587860267,-0.22902289169194662,0.5681792274171975,0.0,2.302937391082199,2.099824817015234,37.41993225166447,37.74476452123615,0.0
4.112,0.5703448432341436,-0.22836185664504324,0.5011679354434895,0.0,2.3054557089895376,2.1124384188786474,38.19110350924238,37.74476452123615,0.0
4.113,0.5788260939709906,-0.2316650392438362,0.11111891677447139,0.0,2.3093535157288207,2.0809841274760257,37.36997116067982,37.74476452123615,0.0
4.114,0.564960739451329,-0.22476255301092,0.5254330246613168,0.0,2.3089238073423037,2.1041500894463683,37.068136747281514,37.74476452123615,0.0
4.115,0.574041848223561,-0.2226520472394564,0.6831165091000149,0.0,2.3106905352189404,2.137020951080273,37.907135536862015,37.74476452123615,0.0
4.116,0.592041714016628,-0.23033671636902164,0.2619934041535059,0.0,2.316434095133272,2.1169918488004313,37.58796298925174,37.74476452123615,0.0
4.117,0.5864973739423027,-0.2279825227791297,0.4231476932784859,0.0,2.3192645808420016,2.1222680916593264,36.918393588876015,37.74476452123615,0.0
4.118,0.5886971654883747,-0.22322416465433892,0.7661961027899513,0.0,2.3218397648079208,2.1631261204874055,37.95141208108346,37.74476452123615,0.0
4.119,0.6089495374274263,-0.22995544458938547,0.24762038108775491,0.0,2.329031257634158,2.1374762883490783,37.763452855858354,37.74476452123615,0.0
4.12,0.6004168459254107,-0.22682641592472802,0.34141311035408645,0.0,2.332527112011477,2.131754665928137,36.952236068733455,37.74476452123615,0.0
4.121,0.5962527971542656,-0.21861857905788765,0.7549467884415626,0.0,2.3342296469402624,2.171878286933787,37.87695374087587,37.74476452123615,0.0
4.122,0.6145477869837478,-0.22330851276511807,0.2912660601739585,0.0,2.340372261553199,2.1509654930724844,37.76191152351514,37.74476452123615,0.0
4.123,0.6077927773950808,-0.22102691046597794,0.3486156988315341,0.0,2.343511459728734,2.144629508546664,36.93595917254311,37.74476452123615,0.0
4.124,0.6041951633580206,-0.21295806227132927,0.76967992780448,0.0,2.3448383823557126,2.185312798539617,37.868909265940765,37.74476452123615,0.0
4.125,0.6230540717526862,-0.21802652211216716,0.30196343365860506,0.0,2.350739160783728,2.1642905390864127,37.64289620519088,37.74476452123615,0.0
4.126,0.6166567552821526,-0.2157736376960959,0.41598864719400036,0.0,2.3536491335394456,2.164072815747388,36.94134766840444,37.74476452123615,0.0
4.127,0.6166453656711036,-0.20866505617001774,0.7747970841155375,0.0,2.355486921561981,2.2024338176363636,37.92036486351276,37.74476452123615,0.0
4.128,0.634931476751712,-0.21454702846006057,0.2835324831386116,0.0,2.3616951337383254,2.177503721547039,37.43140567898615,37.74476452123615,0.0
4.1290000000000004,0.6269977404931908,-0.21059590584533483,0.531145663824415,0.0,2.364296071877582,2.1888931242687337,37.11243493820774,37.74476452123615,0.0
4.13,0.6325095499685537,-0.2052611217449743,0.6969543300439047,0.0,2.3672285414501917,2.214480865604595,37.92964689719691,37.74476452123615,0.0
4.131,0.6452215193670083,-0.21037928411779722,0.28649952678971247,0.0,2.3730428839011406,2.1896517662048987,37.217812455243546,37.74476452123615,0.0
4.132,0.6367597224257269,-0.20409717574537198,0.6476862684263207,0.0,2.3750506686223294,2.2127800179603616,37.461369996740025,37.74476452123615,0.0
4.133,0.6473628929551577,-0.2019490340807056,0.5287414429230425,0.0,2.3789970255475557,2.215849458063019,37.876635937418676,37.74476452123615,0.0
4.134,0.6499644456739129,-0.20390907972022315,0.31978975842189167,0.0,2.3830927772275206,2.197031213714072,36.958954076148714,37.74476452123615,0.0
4.135,0.6432054620781184,-0.1950102245691032,0.786488793507747,0.0,2.383898654781574,2.2347002833951954,37.664191682162176,37.74476452123615,0.0
4.136,0.6601598933523953,-0.1985430016042905,0.43467571889175577,0.0,2.3888684455737166,2.223384028028867,37.31375649778599,37.74476452123615,0.0
4.1370000000000005,0.658591216274751,-0.19773701573536553,0.6142033913143514,0.0,2.39208564553408,2.237304650782315,37.12772170896015,37.74476452123615,0.0
4.138,0.6677692400823487,-0.19391890165170148,0.7133912138500293,0.0,2.3959612550832365,2.2582450456215404,37.839797284650345,37.74476452123615,0.0
4.139,0.6790203685927331,-0.19905485480438734,0.35640309837079104,0.0,2.4021464791490326,2.236072547105619,36.993017414410595,37.74476452123615,0.0
4.14,0.6723896785059585,-0.19170600972924892,0.7873105045589217,0.0,2.404636198466864,2.2685474038780056,37.622476026204104,37.74476452123615,0.0
4.141,0.6871217918279768,-0.19323349332737882,0.47380408361248727,0.0,2.410365943176699,2.257542127172659,37.25023500847683,37.74476452123615,0.0
4.142,0.6847562904435069,-0.1916810650245357,0.6648698876037187,0.0,2.4142361437957187,2.272770181542841,37.22816373412859,37.74476452123615,0.0
4.143,0.6942763292097123,-0.18767987056028845,0.6810715326489118,0.0,2.418817522681818,2.285663114174838,37.74719320399107,37.74476452123615,0.0
4.144,0.7012401650162465,-0.19135454332355922,0.42153251089012567,0.0,2.4246742828911083,2.268342761037271,36.903524296366555,37.74476452123615,0.0
4.1450000000000005,0.6966733089989092,-0.18293450641678122,0.8517793669510774,0.0,2.427250380978334,2.3038346561386547,37.687709826496544,37.74476452123615,0.0
4.146,0.7126178116653048,-0.18662274163125186,0.4602571488334791,0.0,2.4336079650096365,2.2868654951315994,37.0079497327779,37.74476452123615,0.0
4.147,0.7089415341602188,-0.1823169545967797,0.8075053435773825,0.0,2.4371223556111654,2.3149053677836107,37.563324659042266,37.74476452123615,0.0
4.148,0.7231432112953469,-0.18262190862706046,0.5316322790671395,0.0,2.443165897231419,2.3050752259270904,37.13836395776375,37.74476452123615,0.0
4.149,0.7211380849687296,-0.18101098283792383,0.750176635341121,0.0,2.4474418191268876,2.323993642920769,37.36422347484686,37.74476452123615,0.0
4.15,0.7325598876336391,-0.17795405983075274,0.6410522872634595,0.0,2.4528618382592793,2.325982238996937,37.3999372769404,37.74476452123615,0.0
4.151,0.734663259333921,-0.17949627393530118,0.6266436586596473,0.0,2.45813892786762,2.327703118852703,37.0051448943174,37.74476452123615,0.0
4.152,0.7393052255886464,-0.17271722494289354,0.831436046240336,0.0,2.4622992789704936,2.3519612860326236,37.623770719724966,37.74476452123615,0.0
4.1530000000000005,0.7507105146325853,-0.17763210482925654,0.5233330715516631,0.0,2.469077838958496,2.337062258380992,36.88739045965117,37.74476452123615,0.0
4.154,0.7488448587299461,-0.17020838505273922,0.9000969422044098,0.0,2.4728228822082547,2.369175320051743,37.672901428437726,37.74476452123615,0.0
4.155,0.763571254801028,-0.17403093134883257,0.5080600887391173,0.0,2.479899444590448,2.349921327165839,36.84688263351526,37.74476452123615,0.0
4.156,0.7595110084092624,-0.1671757583182873,0.9300483050775605,0.0,2.4835506569495096,2.384233353202432,37.68031768119012,37.74476452123615,0.0
4.157,0.7753845298983479,-0.17043675500404099,0.5139752496405903,0.0,2.490695212042063,2.3637046897821037,36.799458965804085,37.74476452123615,0.0
4.158,0.7707488182500933,-0.16372542505388707,0.9638576628879274,0.0,2.494301589021955,2.400259807720838,37.72419988680824,37.74476452123615,0.0
4.159,0.7877434802157293,-0.16731396400416146,0.5016928487301273,0.0,2.5016646926817616,2.376267327941155,36.68388501684498,37.74476452123615,0.0
4.16,0.781806408335398,-0.15986439232051144,1.0324590787556696,0.0,2.5050368997229158,2.4192393644763013,37.738277005154806,37.74476452123615,0.0
4.1610000000000005,0.8014378203416289,-0.16501559144609979,0.505327959761571,0.0,2.51301021733412,2.392740506632954,36.67661935880339,37.74476452123615,0.0
4.162,0.7954401599960282,-0.15690663369394875,1.0468382345616054,0.0,2.5165928200558767,2.435382364511085,37.7171187230545,37.74476452123615,0.0
4.163,0.8145087235386842,-0.16233335916887404,0.5268650104178696,0.0,2.5247593776730346,2.409348620876619,36.689666312755925,37.74476452123615,0.0
4.164,0.809008153370603,-0.1536054257765808,1.051142197651958,0.0,2.528491565237128,2.4504008785584173,37.67488226814323,37.74476452123615,0.0
4.165,0.8270059635981252,-0.1592217369307649,0.5592330424892353,0.0,2.5366608333738743,2.4263335854614976,36.72680173818424,37.74476452123615,0.0
4.166,0.8226624167066885,-0.15013979667623992,1.0434529352992474,0.0,2.5405512688477154,2.464330996509005,37.59873493727978,37.74476452123615,0.0
4.167,0.8390769938624794,-0.15575045451783934,0.6089466315910427,0.0,2.5485603936440446,2.444430778707093,36.80351185092149,37.74476452123615,0.0
4.168,0.8368286112091314,-0.14679525753506736,1.0159707014733348,0.0,2.552737405934028,2.4768506737525646,37.468343974806494,37.74476452123615,0.0
4.1690000000000005,0.8507605995910118,-0.15190357124313558,0.6863188449951285,0.0,2.560390172977277,2.464559333062522,36.90414039767557,37.74476452123615,0.0
4.17,0.8520325011895148,-0.14373171679609642,0.976826874796197,0.0,2.56509854212094,2.4895142156966914,37.311608274668004,37.74476452123615,0.0
4.171,0.8629081040734112,-0.14825882128890927,0.7774244987656611,0.0,2.5724112626523334,2.4864215080191965,37.09911076170144,37.74476452123615,0.0
4.172,0.8682965266491733,-0.14117101843603827,0.8901297928442904,0.0,2.5778585110040955,2.498276978817051,37.0121204217288,37.74476452123615,0.0
4.173,0.8736462166772971,-0.1436102743384916,0.9409514038256822,0.0,2.5842857777782644,2.5134203699601256,37.47745118342067,37.74476452123615,0.0
4.174,0.8861325202968405,-0.14049973339438654,0.7109591563579036,0.0,2.5912181049264484,2.500564788837173,36.58399020817519,37.74476452123615,0.0
4.175,0.8831256694376411,-0.13565342853455054,1.1692973871112542,0.0,2.5956696531223775,2.542860743029587,37.560139978970376,37.74476452123615,0.0
4.176,0.9036243110676462,-0.14153633106692703,0.6830687471363175,0.0,2.604601224245114,2.5210188048296844,36.814435558870386,37.74476452123615,0.0
4.1770000000000005,0.9018288309099638,-0.13216174723485824,1.0652242468099704,0.0,2.609365411188737,2.5495560981595418,37.2008538424519,37.74476452123615,0.0
4.178,0.9137525457792142,-0.1367780563535297,0.8774542118070564,0.0,2.617108448612357,2.549910258566524,37.25446413396449,37.74476452123615,0.0
4.179,0.9212334271515794,-0.13056815230117969,0.8555520699234775,0.0,2.623383345797368,2.549768111615738,36.62535134687244,37.74476452123615,0.0
4.18,0.9221123315213714,-0.12919523068430225,1.1813025952131384,0.0,2.628927616231466,2.586297377612276,37.535449011935924,37.74476452123615,0.0
4.181,0.9419675521657596,-0.13328619714282006,0.7283469177743996,0.0,2.638034121748414,2.564470229054227,36.808369189604846,37.74476452123615,0.0
4.182,0.9397805962083524,-0.12362720156375093,1.1012507822562516,0.0,2.6429438626795805,2.5917245451328292,37.05553300902946,37.74476452123615,0.0
4.183,0.9510077294606093,-0.12791177597389414,0.9845611876660114,0.0,2.650655954266396,2.598922655429619,37.43312551641449,37.74476452123615,0.0
4.184,0.9614674742293483,-0.1237108974402487,0.7988813240217122,0.0,2.6578117053414063,2.5858759742084025,36.52764683520505,37.74476452123615,0.0
4.1850000000000005,0.9584568637404793,-0.11735133026385328,1.2637918414867455,0.0,2.662289669582728,2.6282822563758685,37.26416138376906,37.74476452123615,0.0
4.186,0.9782338003777274,-0.12461828567197264,0.9003405985794115,0.0,2.6714234263833205,2.6200613957212773,37.19202750192396,37.74476452123615,0.0
4.187,0.9841128233065461,-0.11725359398782051,0.9419349096950821,0.0,2.6779389357990557,2.6213369603082035,36.51808645111597,37.74476452123615,0.0
4.188,0.9856260269165877,-0.11519307354921088,1.291172215800279,0.0,2.683777440400506,2.661029017770609,37.35737921835404,37.74476452123615,0.0
4.189,1.0066212921393982,-0.12120688697381893,0.8753996852100646,0.0,2.6936834249691444,2.645814021382535,37.09760878189267,37.74476452123615,0.0
4.19,1.0089426386041258,-0.11228394024770702,1.011756460834186,0.0,2.7000356491679924,2.652222698255797,36.512340473361476,37.74476452123615,0.0
4.191,1.0117835354871587,-0.11098960129168864,1.3167148555785284,0.0,2.706340370816382,2.690518300334766,37.341799294779904,37.74476452123615,0.0
4.192,1.0327864603509327,-0.11649463434084356,0.9060150971338772,0.0,2.716462677532795,2.675106344228139,37.14198496482296,37.74476452123615,0.0
4.1930000000000005,1.0349560456076299,-0.1074325156358425,1.0119500576764808,0.0,2.7229796745788635,2.6779790325183477,36.45706738978446,37.74476452123615,0.0
4.194,1.036474277889436,-0.10448282352778884,1.3672858165102464,0.0,2.7288983958045105,2.719098425852,37.199279047338315,37.74476452123615,0.0
4.195,1.05791192180287,-0.1113225929348013,1.0016348424722985,0.0,2.7391190557968095,2.7105798287346805,37.54101128605889,37.74476452123615,0.0
4.196,1.0621118059790233,-0.10714411957184529,0.8328062554637838,0.0,2.7469377603141525,2.6887729116775216,36.917754216775606,37.74476452123615,0.0
4.197,1.050147643503748,-0.10278099421138522,1.1527048931500312,0.0,2.7513557436180234,2.708163749507429,37.439402767535114,37.74476452123615,0.0
4.198,1.0527302661807185,-0.11027823333397044,0.8949342353072874,0.0,2.7581393399315863,2.6940998130259475,38.0158352992688,37.74476452123615,0.0
4.199,1.0472288223270334,-0.1071344485318505,0.6040072616601175,0.0,2.762417394246186,2.6533273543518856,37.258070074348765,37.74476452123615,0.0
4.2,1.023616422526303,-0.09846255157257565,0.9877568185890091,0.0,2.7612679264444213,2.6647240175148825,37.59000493096495,37.74476452123615,0.0
4.2010000000000005,1.0191144910105365,-0.10390212725833849,0.8233369861836278,0.0,2.762058144034158,2.6532014789162486,38.1254486346209,37.74476452123615,0.0
4.202,1.0136952501109773,-0.10180706922920588,0.5518082932218051,0.0,2.7613322338649966,2.6152373552185004,37.35870732572225,37.74476452123615,0.0
4.203,0.9924323253864498,-0.09561536114768317,0.9390395196262703,0.0,2.7562223650343,2.6285925040184215,37.776011736544866,37.74476452123615,0.0
4.204,0.9908984707032842,-0.10287977163827108,0.7300748420618749,0.0,2.753820000201445,2.613198819027056,38.03025155111858,37.74476452123615,0.0
4.205,0.9856136638314147,-0.10070428392142308,0.600100064476193,0.0,2.74980655559898,2.587462677501836,37.389878496854195,37.74476452123615,0.0
4.206,0.9703491341004594,-0.09956440782696854,0.9238354518522061,0.0,2.743517209811017,2.602435696257793,38.05548538940323,37.74476452123615,0.0
4.207,0.9728819867756475,-0.10785542949958542,0.5879247968960173,0.0,2.7402775116223794,2.57466369354884,37.787680188698026,37.74476452123615,0.0
4.208,0.9627433605347072,-0.10376770667655313,0.7213982405740007,0.0,2.7340520232544514,2.5685266840593113,37.52129171706649,37.74476452123615,0.0
4.2090000000000005,0.9551865153573924,-0.10832983961971143,0.8568272044314656,0.0,2.7283780946263394,2.5766731449765814,38.32937635828113,37.74476452123615,0.0
4.21,0.9587272435397972,-0.11378545982056028,0.44693876545369504,0.0,2.724640701845428,2.536530500461345,37.53280619516785,37.74476452123615,0.0
4.211,0.9412757031832821,-0.10847768312369824,0.8473434302710181,0.0,2.716624372252421,2.550126855360265,37.95873457180704,37.74476452123615,0.0
4.212,0.9414964364721465,-0.11719954642664115,0.6322395414457134,0.0,2.7117817938388984,2.533697671325696,37.933877286195994,37.74476452123615,0.0
4.213,0.9368511240611327,-0.11547196121504523,0.6427770566016391,0.0,2.705503301856967,2.5222505051067357,37.56634108264856,37.74476452123615,0.0
4.214,0.9284901079416207,-0.11971826329598814,0.8283293927612303,0.0,2.6991923115323515,2.53249884678651,38.357010289223226,37.74476452123615,0.0
4.215,0.9328876928720577,-0.12551178793705095,0.4268723317940283,0.0,2.6951320790978834,2.4945081106943157,37.534814282313654,37.74476452123615,0.0
4.216,0.9164504947422563,-0.12138987356263745,0.840069837638039,0.0,2.6871674504700467,2.5112287888639893,38.18200595623728,37.74476452123615,0.0
4.2170000000000005,0.9189725463715439,-0.1303728679424212,0.512101586326213,0.0,2.68270070104748,2.484830655990651,37.74553340487718,37.74476452123615,0.0
4.218,0.9095152815218093,-0.12700826502806958,0.7303301731698549,0.0,2.6755808770154608,2.4889760081780716,37.94809739254881,37.74476452123615,0.0
4.219,0.9071702975528018,-0.13466635201825905,0.6270148506209127,0.0,2.6704636062034495,2.478611246982823,38.00085009795504,37.74476452123615,0.0
4.22,0.9044434884821416,-0.1340388965178042,0.5980776421506101,0.0,2.6646759853781625,2.4668977942777355,37.711278169553175,37.74476452123615,0.0
4.221,0.8962493368633061,-0.13867105538502444,0.7431984698683711,0.0,2.6588115933952943,2.4729036764816503,38.32691149165482,37.74476452123615,0.0
4.222,0.8991263398632903,-0.1419718306721866,0.42956033911336244,0.0,2.6544509925240205,2.4413727167604726,37.585522386121816,37.74476452123615,0.0
4.223,0.8839359577431569,-0.14077649180160917,0.801847313231007,0.0,2.6472088607391204,2.45834645344799,38.40720407014526,37.74476452123615,0.0
4.224,0.8883701602901597,-0.14773934610056563,0.384382075730193,0.0,2.643166183163053,2.422614891320627,37.60839341690196,37.74476452123615,0.0
4.225,0.8730116417072573,-0.14414942922409746,0.7851511133951853,0.0,2.6354900977324567,2.440045243236142,38.37118857355911,37.74476452123615,0.0
4.226,0.8767095686689241,-0.152124430673205,0.39748929454338155,0.0,2.6312378053646364,2.4077541038150847,37.644733852722226,37.74476452123615,0.0
4.227,0.8633485064764908,-0.14877421738781704,0.7617169616469628,0.0,2.6237333548156094,2.423715206780048,38.36748064566931,37.74476452123615,0.0
4.228,0.8667647526022372,-0.15678143229716165,0.39411640392908864,0.0,2.6194897553908616,2.3927420186778523,37.65548135806615,37.74476452123615,0.0
4.229,0.8539034606237041,-0.15373997737249373,0.7510088793623703,0.0,2.612158564907564,2.4088248718971377,38.395500848620195,37.74476452123615,0.0
4.23,0.857651356543197,-0.16152835779238423,0.3744917708115061,0.0,2.608055915189958,2.377039632580308,37.65411577963341,37.74476452123615,0.0
4.231,0.8441560504948891,-0.15863585065338603,0.746090792720927,0.0,2.6007889469229415,2.3941856783434545,38.4257314318808,37.74476452123615,0.0
4.232,0.8485198620422648,-0.1660299351677298,0.35347329749078504,0.0,2.596805554426909,2.3613715356784803,37.65621394131171,37.74476452123615,0.0
4.233,0.8342438543108475,-0.16344221728050068,0.7391175485745725,0.0,2.589580497101244,2.379401509567847,38.44390485274476,37.74476452123615,0.0
4.234,0.8391859712723184,-0.17028047470641539,0.3382806895429634,0.0,2.5856590283928043,2.346271090388321,37.67024462909371,37.74476452123615,0.0
4.235,0.8244243310360035,-0.16823497332198753,0.7258560002899124,0.0,2.5785232769107114,2.3643764206239934,38.44412290841471,37.74476452123615,0.0
4.236,0.8296765134405697,-0.17432977809364628,0.331923276757625,0.0,2.574602517139121,2.3320239335250013,37.706063432986355,37.74476452123615,0.0
4.237,0.8148675934632653,-0.17308263759383133,0.701340025354302,0.0,2.5676404511320934,2.3487712917612567,38.412921892717826,37.74476452123615,0.0
4.238,0.8198654803173545,-0.17814364278501557,0.3412292217737496,0.0,2.563618509525423,2.3191434949396346,37.78781993341858,37.74476452123615,0.0
4.239,0.8058506571150097,-0.17799135004014657,0.653349647301547,0.0,2.5569686201434103,2.331602247904168,38.3360239741335,37.74476452123615,0.0
4.24,0.8093352425473498,-0.18151528262162972,0.37333503241511656,0.0,2.5526187505074636,2.3077038721116816,37.9083242890559,37.74476452123615,0.0
4.241,0.7972593126884716,-0.18295858536613904,0.5855492772757184,0.0,2.5464375542319444,2.3132672581571785,38.180591109043846,37.74476452123615,0.0
4.242,0.7982501421150544,-0.18457489920875025,0.44505760140366757,0.0,2.541594177683768,2.299850208640531,38.116447498675306,37.74476452123615,0.0
4.243,0.7902075425072115,-0.18859615937196436,0.47341257681354565,0.0,2.536319609318274,2.292709084725664,37.89350549725026,37.74476452123615,0.0
4.244,0.7860690556427377,-0.187885472816507,0.5833961677659278,0.0,2.530739997275109,2.2979440691754123,38.50530250049295,37.74476452123615,0.0
4.245,0.786414184071725,-0.1942332097201368,0.26989228635201346,0.0,2.5269472028061895,2.2664329821149822,37.774157636586025,37.74476452123615,0.0
4.246,0.7712100341348271,-0.1909825388063388,0.6351707871519783,0.0,2.5199615279085634,2.2826853059931866,38.411002560984656,37.74476452123615,0.0
4.247,0.7755132853710807,-0.19532536922137858,0.3100859445551779,0.0,2.5158098709433148,2.2565763131648033,37.96780521919992,37.74476452123615,0.0
4.248,0.7625343630568617,-0.19626443708041771,0.5294542084679097,0.0,2.509522349552096,2.261515125346029,38.081420735334206,37.74476452123615,0.0
4.249,0.7628531640142422,-0.19734034397780031,0.46927988825978495,0.0,2.504466420598243,2.256353588979534,38.353525733631116,37.74476452123615,0.0
4.25,0.7588104723301784,-0.20277121119349545,0.32713977698738006,0.0,2.4999865672278787,2.2366168284112415,37.842361758384925,37.74476452123615,0.0
4.251,0.7488411560990977,-0.20051532806629505,0.5817457922389878,0.0,2.493678567321572,2.248890019221721,38.44136923853757,37.74476452123615,0.0
4.252,0.7522869772255277,-0.2050405535310655,0.275276004989652,0.0,2.4897490201193415,2.2225686207243607,37.99144456948922,37.74476452123615,0.0
4.253,0.7390126386998086,-0.2054094462562543,0.49777153903129645,0.0,2.4835756137327207,2.227520249422682,38.030162559611455,37.74476452123615,0.0
4.2540000000000004,0.7390359678827594,-0.20633897642603216,0.4755585635864251,0.0,2.4786132702460177,2.226555682377774,38.479179857147116,37.74476452123615,0.0
4.255,0.7372230744177447,-0.21202899138035877,0.24370576145948464,0.0,2.474667310746773,2.200109310782153,37.843022672979,37.74476452123615,0.0
4.256,0.7239292128165905,-0.20911619130089987,0.5608017720261161,0.0,2.4680940018796065,2.2145562654212463,38.28179499031875,37.74476452123615,0.0
4.257,0.7280058003743722,-0.2125053060021498,0.3360453086654128,0.0,2.464024649980998,2.1984256593870017,38.207603124498974,37.74476452123615,0.0
4.258,0.7195254993885307,-0.21577372772169257,0.3685128555426733,0.0,2.459074807910963,2.190293772540446,37.86318865686887,37.74476452123615,0.0
4.259,0.714007943224469,-0.21499773084119003,0.5395358480013972,0.0,2.453688717489225,2.2014900720414183,38.45637490766499,37.74476452123615,0.0
4.26,0.7180302795122561,-0.21983643139131462,0.23582661873905109,0.0,2.450500883089077,2.175412254853377,38.07956484440017,37.74476452123615,0.0
4.261,0.7048733262625069,-0.2199770124695191,0.42088364713982085,0.0,2.444991127323241,2.1765042895811844,37.932873063320265,37.74476452123615,0.0
4.2620000000000005,0.7025582925643801,-0.21996286183675307,0.49234845225893054,0.0,2.4401385882263833,2.1830697877130167,38.52979234167245,37.74476452123615,0.0
4.263,0.7045819192204347,-0.22505950817968226,0.18603853487847666,0.0,2.436988625456444,2.153838993889793,38.0055250195679,37.74476452123615,0.0
4.264,0.6896605224704423,-0.2234100290492685,0.44556459094743384,0.0,2.4309981704134014,2.1604888384223466,37.98645282683889,37.74476452123615,0.0
4.265,0.6895397169534678,-0.22416177434783363,0.45268380425590915,0.0,2.4263709321020652,2.1639265805399504,38.525927207145436,37.74476452123615,0.0
4.266,0.690352327722282,-0.22934864969326146,0.17513498724354437,0.0,2.423113230668634,2.135865667370476,37.97566634574072,37.74476452123615,0.0
4.267,0.6759732577168038,-0.2272550331638927,0.4479563997008569,0.0,2.417093041489914,2.1446607427233246,37.99849120375013,37.74476452123615,0.0
4.268,0.6770003031429063,-0.22849940044021932,0.43400670387101326,0.0,2.41271219533004,2.147454845260235,38.512335099197756,37.74476452123615,0.0
4.269,0.6777939100060244,-0.233663480841835,0.16940905036758303,0.0,2.409604449211259,2.1204881816997068,37.98997740641466,37.74476452123615,0.0
4.2700000000000005,0.6639358984718524,-0.23166683695817836,0.428135767907346,0.0,2.4038395397170857,2.1285456426851503,37.970529226433406,37.74476452123615,0.0
4.271,0.6646360978056532,-0.23277511034132822,0.43560221084600026,0.0,2.399598743781856,2.1332393061284267,38.49923718584533,37.74476452123615,0.0
4.272,0.6664904643945655,-0.23773923205452688,0.163703504493946,0.0,2.396786364439097,2.106859023174298,38.04940673136756,37.74476452123615,0.0
4.273,0.6529106968600018,-0.2362574420428309,0.3855723096315167,0.0,2.391404556616784,2.111472404304651,37.921124040085715,37.74476452123615,0.0
4.274,0.6518185347952574,-0.23669614052946447,0.4479500600839442,0.0,2.3870853424233833,2.119713471189905,38.436194416089705,37.74476452123615,0.0
4.275,0.6553864094893201,-0.24114321106491013,0.1835005731334135,0.0,2.3845069471118805,2.096581901061215,38.16862122980787,37.74476452123615,0.0
4.276,0.6434624371375978,-0.24109191054753104,0.3130485991886146,0.0,2.3798231205563933,2.093747741855454,37.88659956411371,37.74476452123615,0.0
4.277,0.638858846202794,-0.24044180615703725,0.45264108160691885,0.0,2.3752532622580977,2.10517546399949,38.2589240326663,37.74476452123615,0.0
4.2780000000000005,0.6435348509300182,-0.2438740147549811,0.26133725221632176,0.0,2.372667205993715,2.092003685612804,38.34802453879225,37.74476452123615,0.0
4.279,0.6366624887347266,-0.24636879069717735,0.2107543989777847,0.0,2.369262680784763,2.077042123764768,37.948054533751126,37.74476452123615,0.0
4.28,0.6269614540667693,-0.2444376811356682,0.4087065013731981,0.0,2.3644650821007165,2.0865152155680446,38.02459469784093,37.74476452123615,0.0
4.281,0.6292932820700525,-0.24607651703493547,0.3676381175622472,0.0,2.361294135509935,2.0877106836523875,38.452743952611776,37.74476452123615,0.0
4.282,0.6295629367841429,-0.2501826498246643,0.14648369586306897,0.0,2.3589951166345444,2.064546863981903,38.10138033526899,37.74476452123615,0.0
4.283,0.6171122909155117,-0.24837325103521482,0.31859934639413257,0.0,2.3543695224849066,2.065986057759026,37.941426380345895,37.74476452123615,0.0
4.284,0.6143208565299025,-0.24811180363191399,0.3966097052645835,0.0,2.350339741901477,2.073861307037643,38.25977104916455,37.74476452123615,0.0
4.285,0.6174775868123319,-0.2510259035007799,0.23228730557597277,0.0,2.3478236297638597,2.0613153311006798,38.3093166006756,37.74476452123615,0.0
4.2860000000000005,0.6106555256055367,-0.2527185646529786,0.2018690090260522,0.0,2.3444615829743616,2.0488515469556186,37.98272015602906,37.74476452123615,0.0
4.287,0.6021078665072844,-0.25110210200876454,0.36278767500139325,0.0,2.3399946249469217,2.05617519465764,37.98605819427341,37.74476452123615,0.0
4.288,0.6034770213153806,-0.2525117346739226,0.3587057191488451,0.0,2.3368779517120366,2.0600254963633073,38.36201600048766,37.74476452123615,0.0
4.289,0.6053460377705853,-0.25583405017541294,0.16455430124920745,0.0,2.334809334349721,2.041671363902495,38.19334859216036,37.74476452123615,0.0
4.29,0.5955009688898247,-0.25527687807621824,0.2444021647036127,0.0,2.331017653391628,2.0367722098519483,37.9630037334507,37.74476452123615,0.0
4.291,0.5898513792033228,-0.25442695893773437,0.35739220193629917,0.0,2.3270273057400486,2.0441372327484046,37.95710707696445,37.74476452123615,0.0
4.292,0.5920535660052654,-0.25618691045761205,0.35821710462214124,0.0,2.3243745890018452,2.0490288210680965,38.291385559915184,37.74476452123615,0.0
4.293,0.5942967207824469,-0.2603072186312393,0.1856116527599826,0.0,2.3229119371533296,2.033946404992831,38.17692078931698,37.74476452123615,0.0
4.2940000000000005,0.586670093386237,-0.259568544143014,0.2385224753782762,0.0,2.3199648516066986,2.0286335709082293,38.0920672860684,37.74476452123615,0.0
4.295,0.5812461841311811,-0.2586146215641034,0.2774761993542444,0.0,2.316683646467473,2.0278334768326944,38.09332062028234,37.74476452123615,0.0
4.296,0.5786479754011521,-0.25927912293675215,0.27336397125681144,0.0,2.3137331868113966,2.026174953188063,38.11356009287352,37.74476452123615,0.0
4.297,0.576509300937478,-0.2603748706609648,0.25955627924484836,0.0,2.3110258079924026,2.0231187842056517,38.12529459862636,37.74476452123615,0.0
4.298,0.5739624891118409,-0.2609082650726129,0.24988372559452576,0.0,2.308331266065105,2.019430352814348,38.12447771202935,37.74476452123615,0.0
4.299,0.5708265164514763,-0.2612766641675927,0.24649503698509756,0.0,2.3055725251477384,2.015884769033295,38.106832486609335,37.74476452123615,0.0
4.3,0.5675781641373521,-0.261586126771933,0.251696970041375,0.0,2.3027654568395306,2.0133499280888456,38.08871951803744,37.74476452123615,0.0
4.301,0.5648333887386161,-0.26206021217674513,0.2573139043593078,0.0,2.300034666036184,2.011623149623149,38.06835521094393,37.74476452123615,0.0
4.3020000000000005,0.5625391309228189,-0.26296915695264045,0.2642601510089879,0.0,2.297499519537905,2.010728808317725,38.03223687666523,37.74476452123615,0.0
4.303,0.5610978641921156,-0.2636169964009897,0.27944459459404575,0.0,2.295190626450469,2.011406809583094,37.931127692394874,37.74476452123615,0.0
4.304,0.5602172455829595,-0.2653337549351792,0.3281355550176367,0.0,2.2933627878425904,2.017072738003625,38.05906922851869,37.74476452123615,0.0
4.305,0.5629292803075275,-0.26672671259124975,0.26102173988290445,0.0,2.2924203836943797,2.013812730446468,38.3038373276813,37.74476452123615,0.0
4.306,0.5608934977243814,-0.2681361641075476,0.13304696223714652,0.0,2.2913873292955067,1.9976294522719085,38.13610179526372,37.74476452123615,0.0
4.307,0.5510858705249586,-0.2657822593608986,0.21300135570566114,0.0,2.28856622848177,1.9940944086990187,37.915041662401876,37.74476452123615,0.0
4.308,0.5458668047109063,-0.2641869342158021,0.3218286507249257,0.0,2.2855217866736237,2.002278238887029,37.905162014567814,37.74476452123615,0.0
4.309,0.5485190864361889,-0.2651940848961255,0.3251644997086399,0.0,2.28372691189138,2.0082739706655173,38.273857924997884,37.74476452123615,0.0
4.3100000000000005,0.5518185530761455,-0.26785831195927423,0.13552561045598766,0.0,2.2829940912353526,1.9922605869671624,38.24014300585576,37.74476452123615,0.0
4.311,0.543367851227583,-0.26699274311595333,0.1474292851808554,0.0,2.2806113594316963,1.9819436245550426,37.924022640506294,37.74476452123615,0.0
4.312,0.5351772084425036,-0.264181110802391,0.3036968866628852,0.0,2.2771345807011345,1.9903069483074174,37.83126826383921,37.74476452123615,0.0
4.313,0.537032077435243,-0.2646631814998085,0.34920903757039495,0.0,2.274922956318718,2.0006439803794525,38.123791582685804,37.74476452123615,0.0
4.314,0.5427134910025759,-0.267497243590084,0.1991571075326029,0.0,2.274273123704702,1.9921589061903298,38.28583560965139,37.74476452123615,0.0
4.315,0.5387987124179708,-0.26856240126836495,0.11272438316565608,0.0,2.272928593656884,1.9769377155587116,37.96340718081958,37.74476452123615,0.0
4.316,0.5292785144053688,-0.2655856066844514,0.27175217098572835,0.0,2.269858298569673,1.9824696488848923,37.75880995052447,37.74476452123615,0.0
4.317,0.5292141913349372,-0.26508477132899744,0.3739103318403987,0.0,2.26762290238054,1.9967003527431675,37.986415008907144,37.74476452123615,0.0
4.3180000000000005,0.5364692966514442,-0.2678710749645196,0.2576912977723529,0.0,2.26734561794961,1.9946800664251496,38.326120772890626,37.74476452123615,0.0
4.319,0.5363884597382798,-0.2701256936077625,0.0820248532640675,0.0,2.2671141783443725,1.9747544048542236,38.038816671431036,37.74476452123615,0.0
4.32,0.525244383239994,-0.26695517948701647,0.22273638249191358,0.0,2.264542013802852,1.9752581381856917,37.70886576804333,37.74476452123615,0.0
4.321,0.5220266849499725,-0.2649515705120773,0.38807082171769397,0.0,2.2620887472025943,1.9924764607993375,37.87394740966083,37.74476452123615,0.0
4.322,0.5299134565958061,-0.26747955289942094,0.3042381720246984,0.0,2.2619007536760845,1.9959529667691642,38.29825499559569,37.74476452123615,0.0
4.323,0.5331666659268157,-0.2702274698335354,0.08654947431367188,0.0,2.262356201138086,1.9756766072281213,38.10487564459285,37.74476452123615,0.0
4.324,0.522572139165018,-0.26758697497253875,0.17963803858152455,0.0,2.260420534295734,1.9710879874710654,37.71907962793048,37.74476452123615,0.0
4.325,0.5166974193741576,-0.2647309801930375,0.37279289584576536,0.0,2.257931817684776,1.9876210855712437,37.750010347727766,37.74476452123615,0.0
4.3260000000000005,0.523558806243551,-0.26628601706876526,0.3572750776822078,0.0,2.2575448965490557,1.9977999938761335,38.19006674466331,37.74476452123615,0.0
4.327,0.5301790810524578,-0.26966464097344706,0.13279385698016322,0.0,2.258570656618155,1.981724946781086,38.20705737967421,37.74476452123615,0.0
4.328,0.5225285463461925,-0.2685544403798821,0.11967561089033318,0.0,2.257730427666502,1.9690695471053723,37.777231738275304,37.74476452123615,0.0
4.329,0.51335878113638,-0.2642994559766441,0.33426375941939496,0.0,2.25525173536402,1.9822637121271747,37.61228095671975,37.74476452123615,0.0
4.33,0.5174324132130778,-0.26439790945524677,0.41806398584233584,0.0,2.254393708520646,2.000422937657247,38.056992938394956,37.74476452123615,0.0
4.331,0.5274214387175569,-0.26868385150992447,0.1925857108331453,0.0,2.2559078760058457,1.9899817689500086,38.31055480824893,37.74476452123615,0.0
4.332,0.5237951653454574,-0.2689608121220127,0.06014687303603006,0.0,2.256214116118584,1.9689214247803999,37.838835535199486,37.74476452123615,0.0
4.333,0.5114112576015348,-0.263413899998834,0.29506579942111893,0.0,2.2537707678634176,1.978489176437467,37.53321764521418,37.74476452123615,0.0
4.3340000000000005,0.512442781254802,-0.2622711357671055,0.44999021317399196,0.0,2.2524582946552156,2.001311007672977,37.92933012016923,37.74476452123615,0.0
4.335,0.5242067947031175,-0.2664990675409879,0.25008831970713435,0.0,2.2540357520288294,1.9968972298024505,38.30759622707562,37.74476452123615,0.0
4.336,0.524416116203727,-0.267825176861927,0.055326949195545816,0.0,2.2551176785855938,1.973752458404149,37.89573326187895,37.74476452123615,0.0
4.337,0.5117802363002887,-0.26278994805687556,0.259748744387452,0.0,2.2532097990850857,1.9788564079819624,37.49177700446458,37.74476452123615,0.0
4.338,0.5103977072148169,-0.2606468508626545,0.46425674826235347,0.0,2.251817714089097,2.0037365565266327,37.819392624951774,37.74476452123615,0.0
4.339,0.5227359475551068,-0.2642980903528984,0.29970265698160026,0.0,2.253475919763042,2.0044724199093173,38.28536884729711,37.74476452123615,0.0
4.34,0.5258977659086266,-0.2662752992862022,0.06130850254832432,0.0,2.2552228717956235,1.9804982838307919,37.951821402468426,37.74476452123615,0.0
4.341,0.5134390988438656,-0.26175152629051995,0.2260116561503424,0.0,2.2538803278982353,1.9809996165645902,37.46756324423752,37.74476452123615,0.0
4.3420000000000005,0.5096463579835001,-0.2587165513211292,0.4709127480357827,0.0,2.2524335621472895,2.0069012650306415,37.71012265878361,37.74476452123615,0.0
4.343,0.5220156770369482,-0.26163402960561744,0.34997945938726144,0.0,2.254072910179031,2.0129178469003173,38.23862491133502,37.74476452123615,0.0
4.344,0.5280720797509832,-0.2641716698397416,0.08078972921056654,0.0,2.256399947237476,1.9895526568452402,38.01678541716378,37.74476452123615,0.0
4.345,0.5165085879221276,-0.26047782087585036,0.18898926733691113,0.0,2.2557260617961985,1.9846830841254934,37.4744305724405,37.74476452123615,0.0
4.346,0.5102803304420349,-0.25627980554526736,0.46287002918650993,0.0,2.2542077644303493,2.0098474419603085,37.59333880197262,37.74476452123615,0.0
4.347,0.5217027220651758,-0.25813778237005214,0.4049301716130831,0.0,2.255604090188598,2.0219125966701372,38.153909596260604,37.74476452123615,0.0
4.348,0.5305019426894354,-0.2617374233303613,0.12055332371884697,0.0,2.2584446795793918,2.001355123439741,38.06651787376835,37.74476452123615,0.0
4.349,0.5211717565254416,-0.2591046750818884,0.16103165143965326,0.0,2.25861986399113,1.9915481536839745,37.489371788981046,37.74476452123615,0.0
4.3500000000000005,0.5132433689497689,-0.2537810884653142,0.45215862115585503,0.0,2.25723756594078,2.0151374035082177,37.51475874104271,37.74476452123615,0.0
4.351,0.5233372616161256,-0.25467796694614653,0.44176520292695637,0.0,2.2585043151769475,2.0309853407736047,38.0999457968022,37.74476452123615,0.0
4.352,0.5335641411061961,-0.25886153470165707,0.1456198622915505,0.0,2.2616804068843344,2.011879088131219,38.063304108332765,37.74476452123615,0.0
4.353,0.5254658556299754,-0.2566518027429533,0.16075531065530307,0.0,2.2623433579637307,2.0006205028474624,37.451191326450676,37.74476452123615,0.0
4.354,0.5172759096003421,-0.2508947653592628,0.4697474335442025,0.0,2.2612029786141927,2.0252117614426606,37.4922467796336,37.74476452123615,0.0
4.355,0.5278292498861827,-0.2516628711899229,0.45174488436876775,0.0,2.262777825074339,2.04091688771346,38.108491291107605,37.74476452123615,0.0
4.356,0.5380721975626657,-0.2557523168923902,0.1399853609330492,0.0,2.266207857484514,2.0200742730754637,37.996506883623724,37.74476452123615,0.0
4.357,0.5291035680969811,-0.2530362141600324,0.19346014105111387,0.0,2.266870959432289,2.0117477229076193,37.3396785927217,37.74476452123615,0.0
4.358,0.5221965992612984,-0.24760317389753483,0.5259251457872718,0.0,2.266064622766951,2.041026620948404,37.53868243945819,37.74476452123615,0.0
4.359,0.5355895652643899,-0.24935310544355324,0.42848404323680367,0.0,2.2685136324449107,2.0517115282419627,38.205783410810604,37.74476452123615,0.0
4.36,0.5441425507040341,-0.25254394924611334,0.09032336866485341,0.0,2.2721197253872534,2.0245426838582246,37.847882155358654,37.74476452123615,0.0
4.361,0.5314906040329349,-0.2478681937836552,0.2682428200496031,0.0,2.2721020830580914,2.0248813235933527,37.14229040067358,37.74476452123615,0.0
4.362,0.52800866155553,-0.24343324445334266,0.6270634385977656,0.0,2.2716789820636487,2.063131902854305,37.68052883261149,37.74476452123615,0.0
4.363,0.5467826455665862,-0.24799906582754921,0.3585865795150557,0.0,2.275669838939211,2.062294495739149,38.3253779236962,37.74476452123615,0.0
4.364,0.5508709823298918,-0.2498628246874345,0.03035589994810095,0.0,2.2793372246765475,2.0282573316576737,37.59373829804566,37.74476452123615,0.0
4.365,0.5340755037932003,-0.24164663902455485,0.39768597500527797,0.0,2.278311737420487,2.043567623616707,37.07017887278329,37.74476452123615,0.0
4.366,0.5373529415028979,-0.23866012497379002,0.6662115441209915,0.0,2.27867347339698,2.0825803765729547,37.88780266231655,37.74476452123615,0.0
4.367,0.5574755341270976,-0.2460330518187397,0.2559692679435551,0.0,2.283741198164901,2.067735410948987,38.18755156578188,37.74476452123615,0.0
4.368,0.554683601222867,-0.24581347487095676,0.10166694576543356,0.0,2.2867197711609273,2.042519220232096,37.36448370947265,37.74476452123615,0.0
4.369,0.5414927925842273,-0.23647121014112676,0.5170036820376834,0.0,2.2858534144348583,2.0687756397194343,37.358051283524944,37.74476452123615,0.0
4.37,0.5514038611636914,-0.23577491369213746,0.5240870273886493,0.0,2.28771616536804,2.087723456581187,38.087782906000456,37.74476452123615,0.0
4.371,0.5629184028552731,-0.24030697058525435,0.1557910323032502,0.0,2.2917929121168115,2.0632118850369006,37.67548752918697,37.74476452123615,0.0
4.372,0.5528242851492522,-0.23645140934088177,0.3626314906304866,0.0,2.2925413947304643,2.069220054053347,36.97203753120335,37.74476452123615,0.0
4.373,0.5537143267646326,-0.2323619686670124,0.7220837595226238,0.0,2.2934045631227153,2.111974753669625,37.83605551288066,37.74476452123615,0.0
4.374,0.5752845452651488,-0.23921453500377532,0.28916185876752165,0.0,2.2992515613411513,2.0969605447726147,38.14078557720815,37.74476452123615,0.0
4.375,0.572573715242479,-0.239042931710104,0.13283661604405833,0.0,2.302925036822372,2.071679792382619,37.264928763828095,37.74476452123615,0.0
4.376,0.559626559035486,-0.22905087761321216,0.5755633803081657,0.0,2.3026056795987486,2.100954738158573,37.44752088488751,37.74476452123615,0.0
4.377,0.5710626869190366,-0.22872471065146027,0.4872397561419448,0.0,2.305309794850259,2.111739941704384,38.20314810176985,37.74476452123615,0.0
4.378,0.578739897842888,-0.2317187199539162,0.10484231189543863,0.0,2.309154621624088,2.079806421872523,37.34007617142779,37.74476452123615,0.0
4.3790000000000004,0.5644813244970697,-0.22439432834869763,0.5404251605645518,0.0,2.3085859905677495,2.1048340396745773,37.09278878619185,37.74476452123615,0.0
4.38,0.5743577527590882,-0.2226167790348658,0.6705886105329626,0.0,2.3104546978887797,2.1360351907583457,37.91234265867094,37.74476452123615,0.0
4.381,0.5917168749302729,-0.23015163573866546,0.2591358929190729,0.0,2.3161032593166415,2.1159309248724187,37.553977321116776,37.74476452123615,0.0
4.382,0.5860114297765769,-0.22760158337391684,0.44022643369734743,0.0,2.318820683685963,2.123237618568237,36.93208999640683,37.74476452123615,0.0
4.383,0.5892291981900974,-0.2231924982022262,0.7592968413006133,0.0,2.321537536142696,2.1629612157829596,37.959012254224106,37.74476452123615,0.0
4.384,0.6090625665845277,-0.23008564207045507,0.24369323506209573,0.0,2.32875739975245,2.1369275449203604,37.72698879789474,37.74476452123615,0.0
4.385,0.6003028932264183,-0.22671746061754383,0.35988272046019243,0.0,2.332212478516466,2.133318004714508,36.95431192424346,37.74476452123615,0.0
4.386,0.5971643588248251,-0.21882930106613804,0.7541256832557584,0.0,2.33412707964737,2.1728773995097694,37.895736322917614,37.74476452123615,0.0
4.3870000000000005,0.6153358596756286,-0.22373865665509088,0.2819037659018682,0.0,2.3404250708550096,2.150755223964107,37.73176083126052,37.74476452123615,0.0
4.388,0.6079826083471291,-0.2210857908384174,0.3640215486301699,0.0,2.343540136591594,2.1462208130220692,36.94189773296992,37.74476452123615,0.0
4.389,0.6051337853935859,-0.21318304004282107,0.7669817656581336,0.0,2.3450474807309685,2.1861956338052915,37.888530216724455,37.74476452123615,0.0
4.39,0.6237150243936812,-0.2183695937199285,0.2922278668259834,0.0,2.351051120947164,2.163998751362767,37.6156560295788,37.74476452123615,0.0
4.391,0.6167106484265397,-0.21569903075624525,0.4299560453153836,0.0,2.353889081434712,2.165475853554656,36.96745164685653,37.74476452123615,0.0
4.392,0.6173848078253419,-0.20875705984413087,0.7618313654203146,0.0,2.355854044921998,2.2020738437092207,37.92403829867567,37.74476452123615,0.0
4.393,0.6348495263444499,-0.21454642018836192,0.28174530173635093,0.0,2.361988560422999,2.177165933547658,37.40489994074356,37.74476452123615,0.0
4.394,0.6268468594911444,-0.21024739712503598,0.5447131265073303,0.0,2.3644880472173355,2.1901445278530534,37.15051335425146,37.74476452123615,0.0
4.3950000000000005,0.6330777176987173,-0.2052843845099746,0.6778489314232288,0.0,2.3675325036057533,2.213325050629016,37.95006542607959,37.74476452123615,0.0
4.396,0.644735007090548,-0.21012684104069232,0.2760198864607287,0.0,2.3731728669774563,2.1877394205201646,37.18899582812533,37.74476452123615,0.0
4.397,0.6357115520909326,-0.20334993701452875,0.6621123723689676,0.0,2.374896746992918,2.2128740066027754,37.4857005526431,37.74476452123615,0.0
4.398,0.6470537690652856,-0.20174121091007968,0.5163506497960111,0.0,2.378852506783868,2.21443492931939,37.84107990098831,37.74476452123615,0.0
4.399,0.64916805473614,-0.20356945570163137,0.3376978218258847,0.0,2.382785977055498,2.1979219926384017,36.94769245321688,37.74476452123615,0.0
4.4,0.6435332820076364,-0.1949884762117687,0.792362266391793,0.0,2.3837126164400666,2.2358942816914715,37.67913506458081,37.74476452123615,0.0
4.401,0.6608789464021221,-0.1989161983159686,0.4272972552763806,0.0,2.3888616800178464,2.2234938392986585,37.290820849926746,37.74476452123615,0.0
4.402,0.6589767564653979,-0.19779546951497534,0.6259937993165079,0.0,2.392093235609415,2.2387383149954565,37.1663168588143,37.74476452123615,0.0
4.4030000000000005,0.6686481242410753,-0.1942218318637485,0.6940302714969503,0.0,2.3961441903578815,2.257195672826487,37.85062773353667,37.74476452123615,0.0
4.404,0.6787150603410571,-0.19899204207741503,0.3508162020127596,0.0,2.402196244914621,2.2347678286909547,36.96760757386384,37.74476452123615,0.0
4.405,0.6717529942766134,-0.1911548065696441,0.8000978513228985,0.0,2.404490511594141,2.2689075931716958,37.63469363346638,37.74476452123615,0.0
4.406,0.6870875706833739,-0.19317507458101044,0.4676555303993266,0.0,2.410269929890111,2.2570449120122325,37.22138318876403,37.74476452123615,0.0
4.407,0.6846118105667112,-0.19142378174630698,0.6795445660752213,0.0,2.414072293348607,2.2740043373087975,37.268824801757056,37.74476452123615,0.0
4.408,0.6948842449792481,-0.1878973545688355,0.6605831567734992,0.0,2.418819968929735,2.284288685655061,37.71696707861932,37.74476452123615,0.0
4.409,0.7007217887672336,-0.1912272974327416,0.4367899927685357,0.0,2.4245228697741807,2.2690523273047285,36.89516458110831,37.74476452123615,0.0
4.41,0.6970200186633796,-0.18284921063906825,0.8561872409253182,0.0,2.4271769557232052,2.304747093960474,37.70205148017214,37.74476452123615,0.0
4.4110000000000005,0.7131575373688288,-0.1869230699967578,0.4531709218040451,0.0,2.433667015140185,2.2867998802020018,36.994441906605566,37.74476452123615,0.0
4.412,0.7091782607771075,-0.18226915488982243,0.8144789347336368,0.0,2.4371606779842794,2.3156695339866857,37.57737573841528,37.74476452123615,0.0
4.413,0.7235663218853892,-0.1828375496999799,0.5246859066569898,0.0,2.4433010025026194,2.3048887959717557,37.11467987951079,37.74476452123615,0.0
4.414,0.7212702479748886,-0.18086044043160587,0.7623346825264878,0.0,2.44752605480001,2.325235908577803,37.40143323580476,37.74476452123615,0.0
4.415,0.7331705390706901,-0.178232255028611,0.6223913172338161,0.0,2.4530939838266206,2.324868564452451,37.34963279345604,37.74476452123615,0.0
4.416,0.7343124660896175,-0.17924923446115598,0.652242855685978,0.0,2.4582065351296443,2.3297712414638365,37.07198544061875,37.74476452123615,0.0
4.417,0.7402586037108653,-0.17297855236998844,0.7977943229107978,0.0,2.462598154179151,2.3497643960464463,37.601059719924336,37.74476452123615,0.0
4.418,0.7498260957838525,-0.17729288347491323,0.534694231271121,0.0,2.469087210024421,2.336807909571317,36.879168528110256,37.74476452123615,0.0
4.4190000000000005,0.7485830106287045,-0.1697230649816024,0.9042957871094202,0.0,2.4727558882923377,2.369315563674633,37.680943110678854,37.74476452123615,0.0
4.42,0.7634914359637767,-0.17403364211915517,0.5040467099306942,0.0,2.4798583258138582,2.3495635485079576,36.832163773225645,37.74476452123615,0.0
4.421,0.7594362773079302,-0.16692224495823116,0.9375623861374037,0.0,2.483449958607482,2.3847813454701208,37.69579402333288,37.74476452123615,0.0
4.422,0.7756431143527917,-0.17053067656431042,0.5062369660628189,0.0,2.4906722492662374,2.363232269383665,36.77781538600439,37.74476452123615,0.0
4.423,0.7706896709467709,-0.16355571051185724,0.9748957760793806,0.0,2.4942140726686426,2.4011330004194096,37.732294832674995,37.74476452123615,0.0
4.424,0.788185997518823,-0.1674793771584137,0.4977807496296904,0.0,2.501693139826026,2.376454469325201,36.68081715680193,37.74476452123615,0.0
4.425,0.7821086142565256,-0.15989722648617338,1.0341590612105658,0.0,2.5050831739178383,2.4196079380191193,37.73837189370181,37.74476452123615,0.0
4.426,0.8017447911663087,-0.16508684377865823,0.5054456190359684,0.0,2.513096230878757,2.3930420482051136,36.676783789478485,37.74476452123615,0.0
4.4270000000000005,0.7957286485410127,-0.1569306684666364,1.0469194784652078,0.0,2.5167023177049352,2.435641449485442,37.716693197772635,37.74476452123615,0.0
4.428,0.814747852879825,-0.16235221569781721,0.5272454875527679,0.0,2.52488566792508,2.409610367822174,36.690275535085156,37.74476452123615,0.0
4.429,0.8092402027509404,-0.15359705739040236,1.0509992087580171,0.0,2.5286302920707553,2.450606412146514,37.674118198582406,37.74476452123615,0.0
4.43,0.8271945841449552,-0.15920528674532347,0.5597843402359299,0.0,2.5368045150464127,2.426576083248874,36.727825364208265,37.74476452123615,0.0
4.431,0.8228623747302067,-0.150111792522636,1.0431001489932794,0.0,2.540701916176695,2.4644991840366566,37.59732042742659,37.74476452123615,0.0
4.432,0.8392351757784899,-0.15571308868846484,0.6098270583222131,0.0,2.548708964793196,2.444682186587839,36.80500925635035,37.74476452123615,0.0
4.433,0.8370213885040483,-0.1467615253147671,1.0153801965091889,0.0,2.5528929238704015,2.4769984144635036,37.466311997456344,37.74476452123615,0.0
4.434,0.8509071982949215,-0.15185664776872648,0.687513351193991,0.0,2.5605400889311225,2.4648309541430384,36.90637050376945,37.74476452123615,0.0
4.4350000000000005,0.8522308000648805,-0.1437011167908352,0.9758680382121043,0.0,2.565257731821619,2.489635902289051,37.30930260043304,37.74476452123615,0.0
4.436,0.8630434116865384,-0.14820778764940162,0.77875660908834,0.0,2.5725613943418875,2.486690164575033,37.10288992192578,37.74476452123615,0.0
4.437,0.868490919431949,-0.14113768824088724,0.8883816943350752,0.0,2.5780173391952053,2.498308140817045,37.005939130816174,37.74476452123615,0.0
4.438,0.8737455163267205,-0.14352249806910305,0.9442453437940779,0.0,2.5844225172625817,2.513835133927239,37.48222582144351,37.74476452123615,0.0
4.439,0.8863707553114246,-0.14052375721850763,0.7087273854783378,0.0,2.5913861672423923,2.50064810330446,36.58275167183755,37.74476452123615,0.0
4.44,0.883289879127656,-0.13555682501402933,1.1700845887753024,0.0,2.5958183740279575,2.5430457614578246,37.557132329416504,37.74476452123615,0.0
4.441,0.9037678751305831,-0.14150634982134724,0.6847705819040215,0.0,2.6047512430011523,2.5213653733634405,36.81994511885472,37.74476452123615,0.0
4.442,0.9020756831769302,-0.13214257585125772,1.0626123812087285,0.0,2.6095332758828063,2.5495529700429747,37.19521976332688,37.74476452123615,0.0
4.4430000000000005,0.9138461746976545,-0.13670131339504815,0.8804705065517393,0.0,2.617250964013766,2.5502743101505896,37.26244774117091,37.74476452123615,0.0
4.444,0.9214576070362868,-0.1305651419346222,0.8516796854303782,0.0,2.623548451106306,2.5496301608417165,36.61793716172474,37.74476452123615,0.0
4.445,0.9221702285833783,-0.12903024437828836,1.185203248748577,0.0,2.6290442975421118,2.586653401302406,37.53281959176838,37.74476452123615,0.0
4.446,0.9421559352707795,-0.13329949592548246,0.7298814830214347,0.0,2.6381778500261612,2.5649119709772963,36.81700549462094,37.74476452123615,0.0
4.447,0.9401006595598965,-0.12364073881573234,1.0970661218613051,0.0,2.6431187484317515,2.591627504257831,37.04678571281516,37.74476452123615,0.0
4.448,0.9510825342667273,-0.12782545170105203,0.9891558008484078,0.0,2.6507940163133172,2.599395033376194,37.43895635142605,37.74476452123615,0.0
4.449,0.961722548431837,-0.12376653222982475,0.7961285632410626,0.0,2.657990182047876,2.5859388606331053,36.53088485875378,37.74476452123615,0.0
4.45,0.9586366900923812,-0.11723381573397879,1.2623031062020216,0.0,2.6624431043148378,2.6282032383985494,37.254552557543555,37.74476452123615,0.0
4.4510000000000005,0.9782631054853141,-0.12450997146133935,0.90537137644406,0.0,2.671542876426617,2.6205724706345443,37.20401666057445,37.74476452123615,0.0
4.452,0.9844035014513539,-0.11726973803351165,0.9360468035352278,0.0,2.6781004073164825,2.62107919173339,36.513354918404616,37.74476452123615,0.0
4.453,0.9856694825904068,-0.11498320843161197,1.2936917706484619,0.0,2.6838737413053155,2.6611473319572467,37.347358588493414,37.74476452123615,0.0
4.454,1.0066980519480646,-0.12115179306884,0.8806639949314902,0.0,2.693777965523765,2.6464760037396498,37.11079690375473,37.74476452123615,0.0
4.455,1.0093452162048615,-0.11234202639767071,1.0052845134756452,0.0,2.7001938743184093,2.6520198631880136,36.50501612756409,37.74476452123615,0.0
4.456,1.0119052860796964,-0.11079647397378073,1.3205723855076865,0.0,2.7064406650785084,2.6908312522654243,37.33055136180869,37.74476452123615,0.0
4.457,1.0329803286800074,-0.11650748481422357,0.9119468999796625,0.0,2.716587582387027,2.675991845395415,37.15968189116483,37.74476452123615,0.0
4.458,1.0355054646067712,-0.10756602990428193,1.0032324616023045,0.0,2.723195197129194,2.677711723051088,36.45715561298523,37.74476452123615,0.0
4.4590000000000005,1.0366229654155743,-0.10426037435223268,1.3673716897746124,0.0,2.7290398306010863,2.718965160168437,37.18196768841307,37.74476452123615,0.0
4.46,1.0578954553956395,-0.1111943926015973,1.0105936203889259,0.0,2.7392211430004743,2.711461938117374,37.55226041964356,37.74476452123615,0.0
4.461,1.0624917420148325,-0.10739897688233185,0.8273722957896057,0.0,2.7471471660432054,2.6888477378709763,36.92741660923772,37.74476452123615,0.0
4.462,1.050299757115805,-0.10286898269662142,1.1479676801125112,0.0,2.7515588215537874,2.707772346680088,37.43556701197445,37.74476452123615,0.0
4.463,1.0525439058569577,-0.11023707081249334,0.8969844538367623,0.0,2.758277562028826,2.6940627752152704,38.023939682876104,37.74476452123615,0.0
4.464,1.047088183959824,-0.1071808310963544,0.6000063667695349,0.0,2.7625436040599447,2.6528608485258953,37.26322991776499,37.74476452123615,0.0
4.465,1.0233198402068382,-0.09837488151314938,0.9851765953598046,0.0,2.7613247571620216,2.66410418531803,37.58496823235254,37.74476452123615,0.0
4.466,1.0186812490428703,-0.10377696951980897,0.8259054009548664,0.0,2.7620344178096703,2.6530023316612192,38.130462041170205,37.74476452123615,0.0
4.4670000000000005,1.0134241026765902,-0.10181315727982548,0.5493015213466921,0.0,2.7612928868004083,2.614779814810655,37.36127394172193,37.74476452123615,0.0
4.468,0.9921314743801358,-0.0955484380740903,0.93773047686597,0.0,2.7561337762167843,2.628088238096371,37.770819646588706,37.74476452123615,0.0
4.469,0.9905529128613011,-0.10282325130091852,0.7326970731790581,0.0,2.7536842956671026,2.613072659518507,38.03628803287208,37.74476452123615,0.0
4.47,0.9854485494046273,-0.10075530712057895,0.597047644921012,0.0,2.7496779833224987,2.5869882820369927,37.389893984186656,37.74476452123615,0.0
4.471,0.9700946631988367,-0.09953504154399423,0.9237933746342184,0.0,2.7433503146925813,2.6020481194682703,38.05142213672775,37.74476452123615,0.0
4.472,0.97262562522635,-0.1078617248204301,0.5899627222087549,0.0,2.740089534484958,2.5745484325444123,37.79067588315548,37.74476452123615,0.0
4.473,0.9626364520629648,-0.10383865747920878,0.7198767353756975,0.0,2.733879059365412,2.568225602933044,37.51929900355621,37.74476452123615,0.0
4.474,0.9550424606687151,-0.10836844889837977,0.85781983035213,0.0,2.7281958565262046,2.5765240564083287,38.328890924874415,37.74476452123615,0.0
4.4750000000000005,0.958626997196694,-0.11388522136406937,0.4471826056566466,0.0,2.7244723663754806,2.5364045796538766,37.53462034771416,37.74476452123615,0.0
4.476,0.9412185657268067,-0.10856792931775361,0.8464193359719938,0.0,2.716469207714632,2.5498978869684077,37.95719302547512,37.74476452123615,0.0
4.477,0.9413907073515511,-0.11727500705481775,0.6330087120491237,0.0,2.7116266471228627,2.5335809918573124,37.93620714374203,37.74476452123615,0.0
4.478,0.9367871454288413,-0.11556090249384365,0.6415872266906097,0.0,2.705361030800082,2.521997386275686,37.56575379749799,37.74476452123615,0.0
4.479,0.928371500745236,-0.11977336637763109,0.8286040070500118,0.0,2.699044127624243,2.5323113256090326,38.35713775229073,37.74476452123615,0.0
4.48,0.932774179728929,-0.1255859274885458,0.42678829734309487,0.0,2.6949875657826863,2.4943238336850646,37.53543767719124,37.74476452123615,0.0
4.481,0.9163470476487228,-0.12145632628480246,0.8397316033332903,0.0,2.6870255291893668,2.511022366843987,38.182033024326756,37.74476452123615,0.0
4.482,0.9188567766394233,-0.13043713863091208,0.5120612447346261,0.0,2.682558734941381,2.4846413290121516,37.74581406905074,37.74476452123615,0.0
4.483,0.9094042050821535,-0.12707311014061215,0.7301602268944896,0.0,2.6754406650776166,2.4887841873234793,37.94878066089044,37.74476452123615,0.0
4.484,0.9070587414194683,-0.13473020470250302,0.6266367695780944,0.0,2.6703246087180723,2.478395857978219,38.00027806525246,37.74476452123615,0.0
4.485,0.9043189071610925,-0.13409642875583483,0.5983329319569228,0.0,2.6645350387602043,2.4667344954981596,37.71256048172598,37.74476452123615,0.0
4.486,0.896143650061408,-0.13874290970016714,0.7425137641152642,0.0,2.6586757402134595,2.4726751221223298,38.325990125931455,37.74476452123615,0.0
4.487,0.8990003260468964,-0.14201923624767987,0.4299866859655739,0.0,2.654310365294588,2.4412199823819583,37.586217286624105,37.74476452123615,0.0
4.488,0.8838306807371745,-0.14085197889822904,0.8014585779653689,0.0,2.647074852319654,2.4581582257691363,38.407568748721204,37.74476452123615,0.0
4.489,0.888264632574042,-0.14779366627243062,0.3841548046419694,0.0,2.643031973165588,2.4224215283793775,37.60819746906108,37.74476452123615,0.0
4.49,0.872891643622839,-0.14421447057991366,0.7852061149937808,0.0,2.635356583788033,2.439878262988123,38.37222722408497,37.74476452123615,0.0
4.491,0.8766065118970962,-0.15218196080642538,0.3969166104533469,0.0,2.6311066226909494,2.4075370611955917,37.644366203317894,37.74476452123615,0.0
4.492,0.8632168190945786,-0.14883161837765144,0.7618511040160691,0.0,2.6235993249548915,2.423540687700929,38.36840624622557,37.74476452123615,0.0
4.493,0.8666525526403122,-0.15683400333249348,0.3935946653123378,0.0,2.619356885412292,2.3925238409710334,37.65513985205767,37.74476452123615,0.0
4.494,0.8537674500838932,-0.15379451578874798,0.7511241090880703,0.0,2.6120226376716045,2.408646956778899,38.39617796800341,37.74476452123615,0.0
4.495,0.8575354986628141,-0.1615783823505436,0.3740909166475306,0.0,2.6079207464830056,2.376832054256446,37.653944943063436,37.74476452123615,0.0
4.496,0.8440237887134858,-0.1586913277760749,0.746115624899243,0.0,2.6006521394922113,2.394005471279688,38.42611031490902,37.74476452123615,0.0
4.497,0.8484033672691907,-0.16607935973343516,0.3532194810397238,0.0,2.596669288963877,2.361178992253841,37.65625708126768,37.74476452123615,0.0
4.498,0.8341186298341802,-0.16349976528893223,0.739031172260076,0.0,2.589444439877321,2.3792202404539884,38.44405031154955,37.74476452123615,0.0
4.499,0.8390701505213709,-0.17032992794500929,0.33814169921600656,0.0,2.5855233143560503,2.3460914053284725,37.67058859407255,37.74476452123615,0.0
4.5,0.8243050044497301,-0.1682942478193878,0.7256143172261451,0.0,2.578389191433975,2.3641879051496892,38.443857698157196,37.74476452123615,0.0
4.501,0.8295577894235213,-0.17437701444953718,0.33198883341461094,0.0,2.574467591916801,2.3318623554893736,37.70668137206924,37.74476452123615,0.0
4.502,0.8147554307787355,-0.17314404529438135,0.7009578279502574,0.0,2.5675091431119452,2.3485808323810726,38.41236929457781,37.74476452123615,0.0
4.503,0.8197466830892718,-0.17819013440472223,0.34143781896255754,0.0,2.5634857863704337,2.3189976644285064,37.78907124162789,37.74476452123615,0.0
4.5040000000000004,0.805745925937799,-0.178053271489652,0.6526437782336002,0.0,2.5568409326960557,2.3313883290165043,38.334763633842165,37.74476452123615,0.0
4.505,0.8092054874919007,-0.1815551258339802,0.3738975910004011,0.0,2.5524862034549414,2.3075807422474357,37.91014985107697,37.74476452123615,0.0
4.506,0.7971612478423695,-0.18302229396915504,0.584550629084589,0.0,2.546312558412459,2.313037199269746,38.17790983400096,37.74476452123615,0.0
4.507,0.7981118461310645,-0.18461271390521727,0.4463391844949489,0.0,2.5414621980880687,2.299795848591622,38.120285786736794,37.74476452123615,0.0
4.508,0.7901411199412844,-0.18867243082984017,0.47139599547202393,0.0,2.536203403390654,2.292418246466009,37.91411517025211,37.74476452123615,0.0
4.509,0.7859098686553028,-0.1879092638293648,0.5727877972242064,0.0,2.5306081824111217,2.296540785545746,38.49733793929765,37.74476452123615,0.0
4.51,0.7856185510014121,-0.194060148070723,0.2736506785208206,0.0,2.5266689663740696,2.2657622799737296,37.76543311748484,37.74476452123615,0.0
4.511,0.7706823966009704,-0.1907616159651529,0.6393964034647396,0.0,2.5196214740094955,2.2825311680935845,38.416223239250655,37.74476452123615,0.0
4.5120000000000005,0.7752062009767117,-0.1954964868092739,0.3072867554016866,0.0,2.5155094408072736,2.256081919603285,37.94905290374189,37.74476452123615,0.0
4.513,0.7622993108838025,-0.1961808534289225,0.5388290393310136,0.0,2.509191617695963,2.2621221363086264,38.108530290228586,37.74476452123615,0.0
4.514,0.7631373499710646,-0.1975520495281013,0.45545268839773945,0.0,2.5042535864710316,2.255218474389823,38.316443454866494,37.74476452123615,0.0
4.515,0.7583349620292693,-0.20273711739559225,0.34577931674248186,0.0,2.499675637681145,2.2378177112321307,37.84740793729804,37.74476452123615,0.0
4.516,0.7493935038317111,-0.20076724297553095,0.5792706413660916,0.0,2.4935468705895967,2.2494155454586817,38.4604942939388,37.74476452123615,0.0
4.517,0.7526797872755105,-0.2054796481598397,0.26557016531868305,0.0,2.489728826944331,2.221947848181178,37.97327064839961,37.74476452123615,0.0
4.518,0.7388662597737791,-0.20540022144681755,0.5068969268166427,0.0,2.483489956945568,2.228080415651776,38.057897070159534,37.74476452123615,0.0
4.519,0.7392846682036752,-0.20648572004348975,0.4614523904474481,0.0,2.478608429806504,2.2253795125575415,38.435006080631084,37.74476452123615,0.0
4.5200000000000005,0.7366152931031068,-0.21200126099650488,0.2659954696177239,0.0,2.474540819590789,2.2017125464766085,37.85336972797851,37.74476452123615,0.0
4.521,0.7246029761975717,-0.2094015333367529,0.555727593876587,0.0,2.4681721483364485,2.2151252799675722,38.311330426518104,37.74476452123615,0.0
4.522,0.7284479850251536,-0.21285860546709556,0.3210815855539705,0.0,2.464187892767574,2.1973084166858396,38.18447693808422,37.74476452123615,0.0
4.523,0.7190642306028904,-0.2156430963178985,0.3801112056024336,0.0,2.4590920996996983,2.190785195538674,37.870277848711616,37.74476452123615,0.0
4.524,0.7141166985555008,-0.2149936047140484,0.5359556170139792,0.0,2.4537542748389627,2.2014076972352137,38.4752047260225,37.74476452123615,0.0
4.525,0.7179119716385771,-0.21997871934719324,0.22618777631067533,0.0,2.4505673401596386,2.1743343043249355,38.05976532359153,37.74476452123615,0.0
4.526,0.7042769097942118,-0.2197444190477429,0.4307574695026063,0.0,2.444916135477948,2.1767877114296086,37.94984691974113,37.74476452123615,0.0
4.527,0.7025212136664732,-0.21991255257140205,0.48366584744275687,0.0,2.4400962296654907,2.1822616579527487,38.53560430351272,37.74476452123615,0.0
4.5280000000000005,0.7040503520763975,-0.22506921551676223,0.1828787577341946,0.0,2.4368712606753467,2.1529047934086187,37.984505610440884,37.74476452123615,0.0
4.529,0.6890582170390728,-0.2231444495294575,0.45603069337806523,0.0,2.430769811241746,2.160880128476002,38.006467036851895,37.74476452123615,0.0
4.53,0.6895850958781061,-0.2241654302728451,0.44243295501640245,0.0,2.42620759579989,2.1630126364944,38.519589656845525,37.74476452123615,0.0
4.531,0.6898139407338929,-0.22939908280375887,0.17812339366349328,0.0,2.422880344675027,2.135517693655822,37.95728859038287,37.74476452123615,0.0
4.532,0.6757075223626321,-0.22713527795609356,0.45714868620335203,0.0,2.4168349693202384,2.1453293922509262,38.01977505687582,37.74476452123615,0.0
4.533,0.677309444522497,-0.2286382463158173,0.4231553476004809,0.0,2.412563265928487,2.146708587658028,38.507424793247715,37.74476452123615,0.0
4.534,0.6774335132508764,-0.23379795323830443,0.171703876694419,0.0,2.409409190494496,2.1202053364330835,37.97174099589608,37.74476452123615,0.0
4.535,0.6637534875063164,-0.23159414847299012,0.4372760106236385,0.0,2.4036261818880003,2.1292704957476953,37.989344926424025,37.74476452123615,0.0
4.5360000000000005,0.6649985954831741,-0.23292361105990117,0.42602824130778605,0.0,2.3994962690058297,2.1326841001712586,38.50158403412885,37.74476452123615,0.0
4.537,0.6662321493287506,-0.23791488226960442,0.1623404923264481,0.0,2.3966564530614303,2.106326938326217,38.027693102383964,37.74476452123615,0.0
4.538,0.6526111058884989,-0.23615005352938517,0.39645667238741145,0.0,2.391220858653444,2.112221818684641,37.935239226579384,37.74476452123615,0.0
4.539,0.6521554240175083,-0.23680707899602682,0.440778863236269,0.0,2.3870082328108335,2.119431845330596,38.455691826942896,37.74476452123615,0.0
4.54,0.6552607853724904,-0.24134281140089917,0.1734432899974454,0.0,2.3844302325269484,2.095303325195177,38.14024928308043,37.74476452123615,0.0
4.541,0.6427965164466554,-0.24085249268935183,0.32720971431023615,0.0,2.3795978878755912,2.0943196426470987,37.87782085521957,37.74476452123615,0.0
4.542,0.6389853546831679,-0.24046204380958547,0.45709336490083263,0.0,2.3751123632449023,2.1059952163152555,38.30000879119653,37.74476452123615,0.0
4.543,0.6439301831886332,-0.2442585721570025,0.24044695421274653,0.0,2.3726644710511122,2.090342695718696,38.31677358779795,37.74476452123615,0.0
4.5440000000000005,0.6359138925869351,-0.2462056833497291,0.22634446524642138,0.0,2.3690723329647705,2.0775570685342406,37.92968573818944,37.74476452123615,0.0
4.545,0.6270359981700475,-0.24443614210532577,0.4180391778811412,0.0,2.3643467253198063,2.0878146390189185,38.055340687868366,37.74476452123615,0.0
4.546,0.630022174527153,-0.24634884851029787,0.35210594137535667,0.0,2.3613475286047976,2.0869870302051985,38.45901561632585,37.74476452123615,0.0
4.547,0.6293038397525337,-0.2503480358401642,0.14312596619571782,0.0,2.358986274222152,2.063722676285426,38.07765311119757,37.74476452123615,0.0
4.548,0.6166398581855563,-0.2481559661095455,0.3304783328602435,0.0,2.3542535903421276,2.066633047028883,37.951313230758664,37.74476452123615,0.0
4.549,0.6145190483632369,-0.24814989597472165,0.39158278598447105,0.0,2.350306464906928,2.0737337277517955,38.28799709428138,37.74476452123615,0.0
4.55,0.6174058570088569,-0.25115011506689644,0.21780852849266102,0.0,2.3477942048890257,2.0596646579543147,38.287318567995364,37.74476452123615,0.0
4.551,0.6097519778403683,-0.2524546032314739,0.21272225116807697,0.0,2.344239755400348,2.048800315998996,37.962404923775644,37.74476452123615,0.0
4.5520000000000005,0.6018332922142816,-0.25095963503222335,0.373002669252542,0.0,2.339776825281442,2.0571431886800626,37.98373206633619,37.74476452123615,0.0
4.553,0.6039659325092264,-0.2526144457310621,0.3599494225212695,0.0,2.3367914543013986,2.060853042471143,38.38401476367955,37.74476452123615,0.0
4.554,0.605844803452799,-0.25626735400315265,0.15341557142515339,0.0,2.3348608776014093,2.041119833231007,38.17937996945581,37.74476452123615,0.0
4.555,0.5953888842920965,-0.25527965455397716,0.2513868140548284,0.0,2.331004861625275,2.0371780022622246,37.95679692624778,37.74476452123615,0.0
4.556,0.5899879889276572,-0.25454969756794715,0.3605580116087249,0.0,2.3270698458759047,2.0447634113958197,37.97113952964674,37.74476452123615,0.0
4.557,0.592416130653631,-0.2563270386983602,0.35112295982513975,0.0,2.3244896797090364,2.048746105825883,38.30161028801371,37.74476452123615,0.0
4.558,0.5942049604821372,-0.260337032982733,0.1803191229738786,0.0,2.3229891255618385,2.033205952796575,38.1713809997742,37.74476452123615,0.0
4.559,0.5862261411869326,-0.25939449401638753,0.24116760230825418,0.0,2.3199408322972874,2.0283666891715293,38.090055282729125,37.74476452123615,0.0
4.5600000000000005,0.5809393378677108,-0.2584895616504663,0.2783775532158621,0.0,2.3166233248260983,2.0276928925611895,38.09443056596409,37.74476452123615,0.0
4.561,0.5784598164705193,-0.2592159609849779,0.27269325115110066,0.0,2.313659141691451,2.0259772314490623,38.11542928195661,37.74476452123615,0.0
4.562,0.576329148881681,-0.260341948960937,0.2584872455476365,0.0,2.310936405443065,2.022840478759751,38.12351958918689,37.74476452123615,0.0
4.563,0.5737584291189887,-0.26085302641446495,0.25065454125298753,0.0,2.308217226190715,2.0192870627961628,38.12306677511537,37.74476452123615,0.0
4.564,0.5706873852278167,-0.26124972966605936,0.24709792574995648,0.0,2.3054531498503814,2.0158162774717128,38.10610311437963,37.74476452123615,0.0
4.565,0.5674993188276726,-0.261592284350982,0.2519663701863919,0.0,2.3026521165944622,2.013307234953817,38.087926193650496,37.74476452123615,0.0
4.566,0.5647876453981999,-0.2620840354295802,0.25762321382681463,0.0,2.2999309494841422,2.011608965131442,38.06705423047626,37.74476452123615,0.0
4.567,0.5625223670152198,-0.2629952643447198,0.264836298321532,0.0,2.2974073897724954,2.010767340326121,38.03197525175938,37.74476452123615,0.0
4.5680000000000005,0.5611090091753796,-0.26366478668204624,0.27950368037474077,0.0,2.295116558719436,2.0114316197896245,37.93211741125057,37.74476452123615,0.0
4.569,0.5602591624505325,-0.26532599332425855,0.3275590717289985,0.0,2.2932972762253026,2.017019156991244,38.066113687245675,37.74476452123615,0.0
4.57,0.5629128576260501,-0.26672771240360055,0.25734744207135224,0.0,2.2923562527330503,2.0133617741108485,38.298961320530935,37.74476452123615,0.0
4.571,0.5606314294932807,-0.26809045177181173,0.13538165743577424,0.0,2.2912794774416936,1.9975394012022891,38.13018230454493,37.74476452123615,0.0
4.572,0.5509514438874941,-0.26576649411580977,0.21591698759568856,0.0,2.288458879652774,1.9943121163547064,37.91388071136104,37.74476452123615,0.0
4.573,0.5459638128620289,-0.2642003035080235,0.322376622286386,0.0,2.2854485717676916,2.002482546284111,37.910247795008445,37.74476452123615,0.0
4.574,0.5486517204890506,-0.26526799505467646,0.32253824772495976,0.0,2.2836894456402668,2.008142538734175,38.27979649859836,37.74476452123615,0.0
4.575,0.5517709518613173,-0.2678971378446416,0.13241357615638094,0.0,2.282950760162022,1.991829052824882,38.23421435745766,37.74476452123615,0.0
4.5760000000000005,0.5431206601482593,-0.26692231133228406,0.15031014836451517,0.0,2.280521072296413,1.981925641019434,37.91835289398393,37.74476452123615,0.0
4.577,0.5350870367781213,-0.2641561384769901,0.3065049963739026,0.0,2.277049481287861,1.9905692648205053,37.830870460411234,37.74476452123615,0.0
4.578,0.5371432524552711,-0.26471119270121957,0.3493851537684996,0.0,2.274878129453489,2.0008497160157375,38.13130681007345,37.74476452123615,0.0
4.579,0.5428503486064686,-0.2675679239470784,0.19530155604901994,0.0,2.2742606478168805,1.9918997711650608,38.283438166658385,37.74476452123615,0.0
4.58,0.5386864730460008,-0.2685572203258932,0.11384914130232848,0.0,2.272890175148076,1.9768792402640136,37.95961126613233,37.74476452123615,0.0
4.581,0.5292025772648956,-0.2655679292152393,0.2736141241163956,0.0,2.2698159816700874,1.9826139772235216,37.75883517865802,37.74476452123615,0.0
4.582,0.5292572567165039,-0.2651048114613039,0.37386146127933184,0.0,2.267601631194021,1.9967965247015742,37.999445063392564,37.74476452123615,0.0
4.583,0.5365042275135478,-0.2679285302623987,0.2510097134904946,0.0,2.2673422107590273,1.9940265967626554,38.32338167942987,37.74476452123615,0.0
4.5840000000000005,0.5360333332313334,-0.27003174877826674,0.0832552338899033,0.0,2.267034856422376,1.9744075123749654,38.020623499775795,37.74476452123615,0.0
4.585,0.525006653913589,-0.26673831047515334,0.23187573393154554,0.0,2.264413018682119,1.9759536265750957,37.70511718361352,37.74476452123615,0.0
4.586,0.5222955406239727,-0.26506452710845146,0.39002536538891075,0.0,2.2620567943485943,1.9931811557097618,37.886888340927136,37.74476452123615,0.0
4.587,0.5303484845739707,-0.2676971986665072,0.2977185485351912,0.0,2.261965277066943,1.9958021283617298,38.30781211369448,37.74476452123615,0.0
4.588,0.533176945047041,-0.2703234501573824,0.08162618622693518,0.0,2.2624075697270687,1.9750741591224275,38.09305461043334,37.74476452123615,0.0
4.589,0.5222475766767585,-0.2674598465924618,0.18552203696553327,0.0,2.2603915772902017,1.971283198402858,37.70971946532716,37.74476452123615,0.0
4.59,0.5166878590815697,-0.26469007588431304,0.37754006007771324,0.0,2.257922049282816,1.98825503379828,37.762595731493114,37.74476452123615,0.0
4.591,0.5238650112959397,-0.2663998462628832,0.35092361489216717,0.0,2.2576124300644373,1.9975896597323568,38.20427891970622,37.74476452123615,0.0
4.5920000000000005,0.5301313763175288,-0.269672925345874,0.12548687680091397,0.0,2.258610176356646,1.9808104557827746,38.19263723581797,37.74476452123615,0.0
4.593,0.5220205392992984,-0.2683409800747701,0.12682899159922084,0.0,2.2576509828540248,1.9691658025883196,37.765083592393175,37.74476452123615,0.0
4.594,0.5132387784156559,-0.2642250251623307,0.3404026226000476,0.0,2.255183807794563,1.9829542589521738,37.62245764420076,37.74476452123615,0.0
4.595,0.5177629680154818,-0.26448615872358383,0.41293866546661034,0.0,2.2544120801182954,2.0003749021141934,38.07011757032404,37.74476452123615,0.0
4.596,0.527484038591701,-0.26871691109622853,0.18585517191409184,0.0,2.255922360951234,1.9892476876055543,38.298985014888366,37.74476452123615,0.0
4.597,0.5233986786232157,-0.26884820752724375,0.06587924469540496,0.0,2.2561410273337006,1.9690043058748399,37.82698603931525,37.74476452123615,0.0
4.598,0.5113310275591469,-0.2633607633870826,0.3010565173011714,0.0,2.253708557085121,1.9791629762316267,37.53454128678626,37.74476452123615,0.0
4.599,0.5127838792895042,-0.26235244286116066,0.44938112591016705,0.0,2.2524791600806284,2.0017459765478285,37.9435863256631,37.74476452123615,0.0
4.6000000000000005,0.5245023976908574,-0.26666067561050066,0.24287038842747738,0.0,2.2541149916158925,1.9964738014159307,38.30862031192587,37.74476452123615,0.0
4.601,0.5242361969180903,-0.2678327371704605,0.05471483738919358,0.0,2.255145866928542,1.9734068909803817,37.882908164364906,37.74476452123615,0.0
4.602,0.5115491954362195,-0.2626462733898955,0.2661894747383885,0.0,2.253184732034909,1.9792864328937247,37.49193021456326,37.74476452123615,0.0
4.603,0.5105583682005465,-0.2606204667774576,0.4642067927059398,0.0,2.2518366907324117,2.0040311867104146,37.83200419148336,37.74476452123615,0.0
4.604,0.5229123373938095,-0.2643593293073124,0.29329740754342004,0.0,2.2535294618862434,2.0040176105840173,38.289684737846315,37.74476452123615,0.0
4.605,0.5256663235402237,-0.2662418561385072,0.059007932195839274,0.0,2.2552212876381827,1.9799325219648622,37.94261367099452,37.74476452123615,0.0
4.606,0.5130511585560986,-0.2616103199407158,0.2305649741241539,0.0,2.2538071277029443,1.9810545021581238,37.44912424567446,37.74476452123615,0.0
4.607,0.5095818690738679,-0.25860289069425774,0.4802660895397991,0.0,2.2523620799254234,2.007929890808178,37.72811812083209,37.74476452123615,0.0
4.6080000000000005,0.5225010245668023,-0.26184720032151587,0.340935615965024,0.0,2.2541360241421238,2.0126940725690483,38.24862591616082,37.74476452123615,0.0
4.609,0.528056506681816,-0.2642645173073345,0.07564310435141436,0.0,2.256442453885407,1.9888884475560284,37.99727269245127,37.74476452123615,0.0
4.61,0.5161666286069568,-0.26030691164104225,0.19879463449403834,0.0,2.255678168359911,1.9852570628598492,37.45423912532411,37.74476452123615,0.0
4.611,0.5104432739561124,-0.2563418347863465,0.4732166720167391,0.0,2.254230590519992,2.011377967137654,37.61518840296226,37.74476452123615,0.0
4.612,0.5225014890681853,-0.25850602173284715,0.39403779438040154,0.0,2.255817572224508,2.021904489079626,38.179233039278664,37.74476452123615,0.0
4.613,0.5307221909510988,-0.2618192960123446,0.10767079104177485,0.0,2.2586413262540495,2.0000447803509656,38.047036625509115,37.74476452123615,0.0
4.614,0.5205379601105556,-0.25877940728069637,0.1707462768838196,0.0,2.258629213504494,1.9916578637854263,37.46850128593932,37.74476452123615,0.0
4.615,0.5130561120703503,-0.25366294217034513,0.4627765790216863,0.0,2.257247208098518,2.016322166954247,37.533784282195825,37.74476452123615,0.0
4.616,0.5238556013847344,-0.25487360895789374,0.43224488328383626,0.0,2.258654171547756,2.0308402874080618,38.12092509984612,37.74476452123615,0.0
4.617,0.533641146637082,-0.2588423044125939,0.13491286867258956,0.0,2.2617967005295925,2.010677672426946,38.0442022568407,37.74476452123615,0.0
4.618,0.5248543976845063,-0.25633261232891225,0.17027991281925425,0.0,2.262292962031382,2.0007736646816783,37.43028460558597,37.74476452123615,0.0
4.619,0.5171330200830034,-0.25080395684969986,0.48038353760312147,0.0,2.2611661414265902,2.0264288961925145,37.51011318265397,37.74476452123615,0.0
4.62,0.5283918654380451,-0.2518865173347846,0.44281576245494353,0.0,2.2628918942415113,2.040856744212579,38.129878354152304,37.74476452123615,0.0
4.621,0.5382181207843054,-0.2557699044525897,0.12908203837661375,0.0,2.266304203555054,2.0189110511804564,37.9779101365799,37.74476452123615,0.0
4.622,0.5285493068233292,-0.2527328843865763,0.20273469100937763,0.0,2.2668078065555926,2.011902119502459,37.31672998817205,37.74476452123615,0.0
4.623,0.522087154599373,-0.24750839624623105,0.5376051105439443,0.0,2.2660158325934994,2.0423578095198156,37.556907779365915,37.74476452123615,0.0
4.624,0.5362128886229505,-0.24962407577521145,0.419394782365714,0.0,2.2686335946589415,2.051718440579441,38.227428217572424,37.74476452123615,0.0
4.625,0.5443207945678061,-0.25263168644517514,0.07930792629909672,0.0,2.2722353240022084,2.0234267215404063,37.82767363543557,37.74476452123615,0.0
4.626,0.5309866714291579,-0.24756687439088995,0.27835612622552763,0.0,2.272060503074574,2.025168350496874,37.129155079634685,37.74476452123615,0.0
4.627,0.5280342638089152,-0.2432726442501011,0.6337714985419863,0.0,2.2716556099404066,2.064014967027317,37.70373277920748,37.74476452123615,0.0
4.628,0.5471937816621061,-0.24819277929519373,0.3468929661758769,0.0,2.2757600249290677,2.06168856926781,38.3262834974916,37.74476452123615,0.0
4.6290000000000004,0.5506231817879691,-0.24987522536301515,0.029802417271260317,0.0,2.2793572263599224,2.0278084388919604,37.571175754208014,37.74476452123615,0.0
4.63,0.5338199039288533,-0.24141193096684935,0.40909217658333574,0.0,2.278258907765849,2.044451475275917,37.08161710302119,37.74476452123615,0.0
4.631,0.5377817869913462,-0.23864466963229597,0.6605029763588983,0.0,2.27871495886674,2.082578826628796,37.90051000675871,37.74476452123615,0.0
4.632,0.5575661108045622,-0.24608619164343593,0.24949906963491258,0.0,2.2837843800274005,2.0670778534302525,38.16285785714751,37.74476452123615,0.0
4.633,0.5543460310869044,-0.24570463460927155,0.11414421108139927,0.0,2.2866803752582716,2.0434069763010596,37.35509691875833,37.74476452123615,0.0
4.634,0.541851333240227,-0.23656714461661524,0.5219213563007674,0.0,2.2859183749242846,2.069944036933494,37.389719797173555,37.74476452123615,0.0
4.635,0.5520826293243843,-0.23606944373856753,0.5081603643337795,0.0,2.2879229084902812,2.086909321353002,38.12633804066763,37.74476452123615,0.0
4.636,0.5627474793632975,-0.2401011767783791,0.13603550739242565,0.0,2.291871984784791,2.06051158579984,37.643423532927926,37.74476452123615,0.0
4.6370000000000005,0.5514376977264908,-0.23565537024575006,0.3785061711453615,0.0,2.2922570238455435,2.0688922774941187,36.96350670240139,37.74476452123615,0.0
4.638,0.5532280937378925,-0.23184329010111093,0.7262771645969774,0.0,2.2930667574190666,2.1119934651895726,37.84505022281033,37.74476452123615,0.0
4.639,0.5751658697049368,-0.23913816143360345,0.28450254737676584,0.0,2.298946193052802,2.0963973382478316,38.11744480520392,37.74476452123615,0.0
4.64,0.5723086347961808,-0.2389651588673255,0.1445784533402943,0.0,2.302586093433375,2.0725085369914638,37.25392088746477,37.74476452123615,0.0
4.641,0.5600647178533791,-0.229203949202238,0.58124884854758,0.0,2.3024011206127564,2.102123848826576,37.47021884972675,37.74476452123615,0.0
4.642,0.5718300987001163,-0.22911875077283966,0.4758453241316861,0.0,2.3052844165271287,2.1113814094957246,38.21165572292945,37.74476452123615,0.0
4.643,0.5788050795934052,-0.23184628925752326,0.10045797551340241,0.0,2.3091060201345868,2.0791133764957492,37.318742218443724,37.74476452123615,0.0
4.644,0.5642429122724265,-0.22416221883385318,0.5511749507841898,0.0,2.308446136949852,2.105458636136727,37.114134501320336,37.74476452123615,0.0
4.6450000000000005,0.5746592537912267,-0.2226159619279109,0.6597851095450417,0.0,2.310393520492271,2.1352519099658402,37.92145120667215,37.74476452123615,0.0
4.646,0.5914518006744274,-0.22997478124469586,0.2543598900147735,0.0,2.3159504257572663,2.1148347022883835,37.527804561134744,37.74476452123615,0.0
4.647,0.5854661526664323,-0.22720945608497184,0.45335281238449193,0.0,2.318532145767277,2.1237847263108547,36.94662556384789,37.74476452123615,0.0
4.648,0.5894718911025929,-0.22305869691791552,0.7519237006018022,0.0,2.321321765921756,2.1624503007042293,37.960719163618286,37.74476452123615,0.0
4.649,0.6088932300641912,-0.23005264213780235,0.24271735429278196,0.0,2.328509823065982,2.136433582796135,37.69321007630539,37.74476452123615,0.0
4.65,0.6001184039377716,-0.22653534272284132,0.37698744239853715,0.0,2.3319205603171325,2.1347585598115186,36.94841628769776,37.74476452123615,0.0
4.651,0.597970262808123,-0.2190028271177541,0.7573478190377362,0.0,2.334029317822295,2.174237600662729,37.91881551500932,37.74476452123615,0.0
4.652,0.6162654090456419,-0.2242339898112882,0.2704076954442244,0.0,2.3405258567144034,2.1505786483202334,37.703333111292295,37.74476452123615,0.0
4.6530000000000005,0.6082247601627426,-0.22117421420974326,0.37856321140217575,0.0,2.343617959539945,2.1477691759320017,36.951756888627294,37.74476452123615,0.0
4.654,0.6060536802059407,-0.2134064642259285,0.7622813990607649,0.0,2.3452960501019056,2.1868357188544323,37.90591862877273,37.74476452123615,0.0
4.655,0.6242339516829788,-0.21865689072253408,0.28358898791268033,0.0,2.351368210314378,2.163648528775899,37.58797447085416,37.74476452123615,0.0
4.656,0.6166931096902553,-0.21557203327217286,0.4441289673757877,0.0,2.3541225969132435,2.166844890912858,36.98306811259139,37.74476452123615,0.0
4.657,0.6180686505883849,-0.20884768620416072,0.7541991105936187,0.0,2.3562123514629407,2.2022726535366166,37.9344717487475,37.74476452123615,0.0
4.658,0.6350343435960252,-0.21466275515805458,0.27660022024045106,0.0,2.3623428078756525,2.1768775651600833,37.38548335472119,37.74476452123615,0.0
4.659,0.6267722276228284,-0.2099918091393231,0.5546872289187557,0.0,2.3647487550578408,2.191079080807749,37.18859594116651,37.74476452123615,0.0
4.66,0.6334808564522679,-0.20528585525001147,0.6586926214967905,0.0,2.3678633136189395,2.211940192374695,37.97340451520399,37.74476452123615,0.0
4.6610000000000005,0.6440797864314672,-0.20978828853328707,0.26400193453837356,0.0,2.373294854680677,2.185471823140434,37.15888965971004,37.74476452123615,0.0
4.662,0.6344267256329794,-0.2024926634347182,0.677118110900608,0.0,2.3746888616191386,2.212750957192829,37.50337476142172,37.74476452123615,0.0
4.663,0.6465728311610259,-0.20144023801677596,0.5072894576429142,0.0,2.378628570724006,2.213196662695791,37.80672385066877,37.74476452123615,0.0
4.664,0.6484261399188698,-0.20323660338148147,0.35499531972506326,0.0,2.38242700391298,2.198855297012475,36.93083961404052,37.74476452123615,0.0
4.665,0.6438991546579952,-0.1950173888502363,0.8010766871111421,0.0,2.383489379962641,2.23743630447431,37.697159710294606,37.74476452123615,0.0
4.666,0.6617933748817667,-0.1993968579252708,0.4183926870935154,0.0,2.3888675528970844,2.2236957610419035,37.27143755813552,37.74476452123615,0.0
4.667,0.6594628649479297,-0.19793446340821577,0.6359870328040663,0.0,2.3921291961072173,2.240064605569479,37.202957267600304,37.74476452123615,0.0
4.668,0.6694906512006908,-0.19454491068944776,0.6756452506080313,0.0,2.3963433325952,2.2561828288794987,37.854217525203154,37.74476452123615,0.0
4.6690000000000005,0.6784091868630302,-0.19894315511375615,0.34892059176693624,0.0,2.402265580179249,2.233893587796425,36.94829744574919,37.74476452123615,0.0
4.67,0.6713180191695276,-0.19071323693273104,0.8098453022487876,0.0,2.4044174054524294,2.269263674124387,37.64631298700689,37.74476452123615,0.0
4.671,0.6870990682953726,-0.19315289976095848,0.46182204696223206,0.0,2.410241718924003,2.2566133020797547,37.19693934420301,37.74476452123615,0.0
4.672,0.6844952488887678,-0.191186296999701,0.6919871201345021,0.0,2.4139778409119366,2.2750530198145404,37.305761556891646,37.74476452123615,0.0
4.673,0.6953794024848555,-0.188086005580345,0.641966043433629,0.0,2.4188629564460373,2.282995113716188,37.68312657948102,37.74476452123615,0.0
4.674,0.7002088142618975,-0.19106990806824786,0.45389991155649356,0.0,2.4244130020047563,2.2700220522820906,36.88337204597133,37.74476452123615,0.0
4.675,0.6974745269638545,-0.18282296940900952,0.8623911030639876,0.0,2.4271737345867987,2.3060650596524264,37.72476743084712,37.74476452123615,0.0
4.676,0.7139112110262954,-0.18733630288911715,0.44189338152998003,0.0,2.4338416307170743,2.2866048001402675,36.979998668710806,37.74476452123615,0.0
4.6770000000000005,0.7093939192549474,-0.18221721338076455,0.8219254211233922,0.0,2.4372884781023867,2.3164271266984398,37.59259250650756,37.74476452123615,0.0
4.678,0.7239551930139372,-0.18303017552195108,0.5171502223723023,0.0,2.4435134901355986,2.3046394000495702,37.093574128085834,37.74476452123615,0.0
4.679,0.7213357767783175,-0.18067394323878253,0.7731713155146673,0.0,2.4476699131280424,2.326296768025588,37.435685674065695,37.74476452123615,0.0
4.68,0.7336412638533484,-0.17845830115356812,0.6052063309964412,0.0,2.453356272312302,2.32378788453421,37.300780477301466,37.74476452123615,0.0
4.681,0.7339334082780696,-0.17895836661767972,0.6770987698179028,0.0,2.458300270850902,2.33177726240997,37.137414471881506,37.74476452123615,0.0
4.682,0.741132227602047,-0.17325504869541675,0.7648552730214291,0.0,2.4629164416971276,2.347607444634797,37.576093548288284,37.74476452123615,0.0
4.683,0.7488998750688881,-0.17700795948169584,0.5472024445475185,0.0,2.4691238670469264,2.336714396529485,36.87522634940139,37.74476452123615,0.0
4.684,0.748418802121913,-0.16922030529439613,0.9063314257093146,0.0,2.472727073982749,2.3693427064810577,37.68750747552073,37.74476452123615,0.0
4.6850000000000005,0.7633391390305714,-0.17406432599560356,0.5007634331067964,0.0,2.4798435100391525,2.3492186893437377,36.8163879429327,37.74476452123615,0.0
4.686,0.7593572473666226,-0.16663684807792092,0.9456069651838471,0.0,2.483370437998226,2.3853943974324117,37.717528431594125,37.74476452123615,0.0
4.687,0.775910845989502,-0.17064781240606083,0.49530908174955446,0.0,2.490677724825532,2.3624633102444257,36.744511239727736,37.74476452123615,0.0
4.688,0.7704740327090346,-0.16332741152638458,0.9918202104978335,0.0,2.4941158205112632,2.4024388489017046,37.74177620981208,37.74476452123615,0.0
4.689,0.7887832706711055,-0.16773094737158398,0.4932176085699018,0.0,2.5017652534459174,2.376880861453639,36.679824681132764,37.74476452123615,0.0
4.69,0.7825635062225742,-0.16002467960640204,1.0348427713105937,0.0,2.5052022195296777,2.4200756764335614,37.740067953584926,37.74476452123615,0.0
4.691,0.8021354452740945,-0.16520295675821017,0.5047681007610249,0.0,2.5132616436674056,2.3933551301958547,36.677793937297686,37.74476452123615,0.0
4.692,0.7960266648408596,-0.156965606557057,1.0465748147440297,0.0,2.5168851794739444,2.4358797514774886,37.7171184167156,37.74476452123615,0.0
4.6930000000000005,0.8149588824671523,-0.1623563422111134,0.5271890360802782,0.0,2.525074178251951,2.409820129675547,36.69129446113802,37.74476452123615,0.0
4.694,0.8094155981710934,-0.15356310456804995,1.0506357144700489,0.0,2.5288171514746844,2.4507574457899413,37.673736225946804,37.74476452123615,0.0
4.695,0.8273203955497507,-0.1591582576326191,0.5601251150185508,0.0,2.5369829582001175,2.426759734336994,36.72896992455476,37.74476452123615,0.0
4.696,0.8229970263445332,-0.1500556296401287,1.0426662116813863,0.0,2.5408751724978935,2.4646176199156726,37.59613109422138,37.74476452123615,0.0
4.697,0.8393359125187694,-0.15565109562049234,0.6105719611182259,0.0,2.548870481461524,2.444882648666465,36.80642512128353,37.74476452123615,0.0
4.698,0.837160340899006,-0.1467080801600446,1.0148083415866749,0.0,2.553053076043418,2.47711035153562,37.46451723502202,37.74476452123615,0.0
4.699,0.8510116490712991,-0.15179578517786024,0.6885647575795708,0.0,2.5606892591606027,2.4650589859154346,36.908352974868016,37.74476452123615,0.0
4.7,0.8523880848925371,-0.14365908300825814,0.975011003120255,0.0,2.5654107731152154,2.4897350031599172,37.30721473782495,37.74476452123615,0.0
4.7010000000000005,0.8631503934390997,-0.14815133575326395,0.7799556194759004,0.0,2.572703252222462,2.4869249258372177,37.10630211325054,37.74476452123615,0.0
4.702,0.8686557102221504,-0.14110036357755096,0.88679655584296,0.0,2.5781649462199354,2.4983301992336626,37.00033239163202,37.74476452123615,0.0
4.703,0.8738278274664777,-0.1434374508673779,0.947225737948262,0.0,2.5845485874809437,2.514206035629077,37.48643482436198,37.74476452123615,0.0
4.704,0.8865809187900083,-0.1405419116493546,0.706757818552025,0.0,2.5915395680685123,2.5007257706832684,36.58179869557606,37.74476452123615,0.0
4.705,0.8834375087095007,-0.13546819638188257,1.1707055412015843,0.0,2.5959542708155015,2.543204864998302,37.5543034070697,37.74476452123615,0.0
4.706,0.9038935740443192,-0.1414758077678463,0.686357796596428,0.0,2.604886987124426,2.521678189735833,36.82490571120901,37.74476452123615,0.0
4.707,0.902297259517201,-0.13212381887033509,1.0602552326270447,0.0,2.6096849693836255,2.5495498042912534,37.19010526323662,37.74476452123615,0.0
4.708,0.9139302219203904,-0.13663142728959726,0.8832020491932376,0.0,2.6173796716875404,2.550603642069406,37.26970102145183,37.74476452123615,0.0
4.7090000000000005,0.9216610108695495,-0.1305612590705038,0.8481548050834745,0.0,2.623697492950586,2.5495028441220224,36.611541817276276,37.74476452123615,0.0
4.71,0.9222224847013573,-0.1288789315678599,1.1885666342108503,0.0,2.6291490979494894,2.586955227508784,37.52994511510268,37.74476452123615,0.0
4.711,0.9423181185004205,-0.1333036786236813,0.7315131793589843,0.0,2.6383043262383454,2.565322629752201,36.82470788870514,37.74476452123615,0.0
4.712,0.9403924586970177,-0.12365556841688913,1.0933323588830621,0.0,2.6432752323293514,2.591552237812695,37.03899651269852,37.74476452123615,0.0
4.713,0.9511577756666447,-0.1277517769002044,0.9932457269717506,0.0,2.6509190726525396,2.599824812906062,37.44372171297784,37.74476452123615,0.0
4.714,0.9619580599480628,-0.12381800280253635,0.7938935549146723,0.0,2.658152109217169,2.5860262638139853,36.53418120463284,37.74476452123615,0.0
4.715,0.9588149996206402,-0.11713726908899585,1.260769642253207,0.0,2.6625864442486145,2.6281345040942194,37.24595821622445,37.74476452123615,0.0
4.716,0.9782970409129046,-0.12441315873858483,0.9098691995075168,0.0,2.671655325003529,2.6210330891287406,37.21478444406025,37.74476452123615,0.0
4.7170000000000005,0.9846663954929604,-0.11728523751493003,0.9307558863613767,0.0,2.6782503459553064,2.6208494351257987,36.50959561089832,37.74476452123615,0.0
4.718,0.985709677276299,-0.11479374943920129,1.2957019920457185,0.0,2.683964714935519,2.661227785924702,37.338168165343504,37.74476452123615,0.0
4.719,1.0067553507170768,-0.12109250302643193,0.8854816783820545,0.0,2.693863259872952,2.6470614517212363,37.1227196469879,37.74476452123615,0.0
4.72,1.0096979372564423,-0.1123890333460909,0.9994263863023372,0.0,2.7003349476955867,2.651824498654807,36.49919637143095,37.74476452123615,0.0
4.721,1.012006502947359,-0.11061656763306954,1.323643705578867,0.0,2.7065278348976847,2.691058351357891,37.31993100740061,37.74476452123615,0.0
4.722,1.0331273563527792,-0.11650189858757026,0.9175247227323902,0.0,2.7166899297120084,2.6767726379873134,37.17568310739112,37.74476452123615,0.0
4.723,1.0359833988618063,-0.10768042581163956,0.995339486875585,0.0,2.7233780283929434,2.6774495631775026,36.45828264668908,37.74476452123615,0.0
4.724,1.0367427411294508,-0.10405596431379716,1.3669045359720782,0.0,2.7291545336878,2.718766646251597,37.166085713462856,37.74476452123615,0.0
4.7250000000000005,1.0578423264131882,-0.11105738304559165,1.0187897906629222,0.0,2.739291497436057,2.7122080381142615,37.56079211328623,37.74476452123615,0.0
4.726,1.0628007032441331,-0.10761497558510297,0.8232763148307327,0.0,2.7473102249877837,2.6889592266784703,36.935549535825146,37.74476452123615,0.0
4.727,1.050450652640043,-0.10296327390977,1.1439897534153862,0.0,2.751724935531075,2.707478871478823,37.43298374955129,37.74476452123615,0.0
4.728,1.0524143114046227,-0.11022426012854841,0.8983904542691625,0.0,2.758395365000893,2.6940254625913944,38.030571240375686,37.74476452123615,0.0
4.729,1.0469775252438596,-0.10722862014787687,0.5967386416655696,0.0,2.762651280374924,2.652476414210088,37.26757560958069,37.74476452123615,0.0
4.73,1.023075736005854,-0.09831205298945894,0.9830083461796226,0.0,2.761375833385802,2.6635888767814673,37.58127414386634,37.74476452123615,0.0
4.731,1.0183212194148497,-0.10368037834472893,0.8277939828104962,0.0,2.762018858813394,2.6528102503136837,38.134447020218914,37.74476452123615,0.0
4.732,1.0131854378586032,-0.10181696829219755,0.5473107196443805,0.0,2.7612610606921173,2.6143901645261343,37.363424453164626,37.74476452123615,0.0
4.7330000000000005,0.9918704068353028,-0.09549681039149971,0.9366354038522399,0.0,2.7560604505356614,2.6276601509967374,37.766995468483856,37.74476452123615,0.0
4.734,0.9902573602395375,-0.10277975468807565,0.7346275867201479,0.0,2.7535712254935425,2.612933255893328,38.04088672710061,37.74476452123615,0.0
4.735,0.985291202270192,-0.10079519719472996,0.5947207353531248,0.0,2.749567102678061,2.5865905992276668,37.390008628981576,37.74476452123615,0.0
4.736,0.969873698177243,-0.09951655786248703,0.9237073433351889,0.0,2.7432083217259473,2.6017156552092504,38.0485159928306,37.74476452123615,0.0
4.737,0.9724053097713221,-0.10787070882475402,0.5914161466947315,0.0,2.7399296674663756,2.5744177774709156,37.79283280066537,37.74476452123615,0.0
4.738,0.9625278834460111,-0.10389669485365938,0.7187770599830537,0.0,2.733728407812485,2.567966267520302,37.518007249657785,37.74476452123615,0.0
4.739,0.9549112587556658,-0.10840604766539846,0.8584574082026313,0.0,2.7280378920779236,2.5763700662233164,38.32857916399134,37.74476452123615,0.0
4.74,0.958527885110588,-0.11396518775752612,0.44733330460830056,0.0,2.7243232196691363,2.5362699834590554,37.535810794371315,37.74476452123615,0.0
4.741,0.9411508593504068,-0.10864362122432969,0.8458070266869626,0.0,2.7163290425052296,2.5496994312921073,37.956437329517854,37.74476452123615,0.0
4.742,0.9412942554977558,-0.11734190089033403,0.6333770310308761,0.0,2.71148725426961,2.5334449360486975,37.93748722576247,37.74476452123615,0.0
4.743,0.9367130453586424,-0.11563440628224614,0.6409248558633063,0.0,2.7052293881296623,2.52179163927097,37.56565423929487,37.74476452123615,0.0
4.744,0.9282688078038184,-0.11983010392667776,0.8286324519165166,0.0,2.698910580612906,2.53213329690419,38.35722229907201,37.74476452123615,0.0
4.745,0.9326718974164825,-0.12564827432646358,0.4267238442495873,0.0,2.694855861378678,2.494153102985576,37.535722987489194,37.74476452123615,0.0
4.746,0.9162496196780336,-0.12151805245015823,0.8395639153784665,0.0,2.6868960885656206,2.5108474318836027,38.18259351041895,37.74476452123615,0.0
4.747,0.9187581341463225,-0.13049670939744779,0.5117503640217622,0.0,2.6824306804066365,2.484448299881099,37.74554633360544,37.74476452123615,0.0
4.748,0.9092939811734473,-0.12712900169364139,0.7302661343048231,0.0,2.675311665446409,2.4886235524793494,37.95014696240786,37.74476452123615,0.0
4.749,0.906961316944972,-0.13479046190256938,0.6259119954918974,0.0,2.6701985149420495,2.478167216884903,37.99883380819649,37.74476452123615,0.0
4.75,0.9041910789918324,-0.1341408504430064,0.5990278797279788,0.0,2.6644029740660393,2.466612887986124,37.71478937896346,37.74476452123615,0.0
4.751,0.8960556034621392,-0.13881429691639113,0.7413498457672195,0.0,2.658552129614421,2.472425895240313,38.32393207589007,37.74476452123615,0.0
4.752,0.8988707780981506,-0.14204974312284213,0.4309868217573748,0.0,2.654176834951359,2.4411183410571877,37.58715078211294,37.74476452123615,0.0
4.753,0.8837459546478005,-0.1409322459235151,0.8009536060371707,0.0,2.646953035182299,2.457995871662843,38.40797254948886,37.74476452123615,0.0
4.7540000000000004,0.8881803841689182,-0.14784360191028306,0.38391064206668457,0.0,2.6429107925812496,2.42224983986965,37.607849049769754,37.74476452123615,0.0
4.755,0.8727864790991247,-0.1442785587503545,0.7853415466409016,0.0,2.6352369027535256,2.4397396899914274,38.37349465467097,37.74476452123615,0.0
4.756,0.8765218953934102,-0.15223636096543114,0.39623144285594514,0.0,2.6309903955960094,2.4073319108130975,37.64389161698191,37.74476452123615,0.0
4.757,0.8630946964303268,-0.1488840034577843,0.7620416907430175,0.0,2.6234794238884214,2.4233848331911605,38.36940128903136,37.74476452123615,0.0
4.758,0.8665513867701196,-0.1568807157886859,0.39304048704034145,0.0,2.619238003520872,2.3923186233474834,37.65475109353265,37.74476452123615,0.0
4.759,0.8536395706842447,-0.15384278456082506,0.7512657190667293,0.0,2.611899964647337,2.4084845466841935,38.39684497414517,37.74476452123615,0.0
4.76,0.8574285395531078,-0.16162216505856253,0.37369797423138174,0.0,2.6077984331618564,2.3766394648112934,37.653755041185,37.74476452123615,0.0
4.761,0.8439005023988941,-0.15874073160696345,0.7461530355119769,0.0,2.6005277951529795,2.3938404459420055,38.42645912193281,37.74476452123615,0.0
4.7620000000000005,0.8482959893970029,-0.16612314564799646,0.3529840491311065,0.0,2.596545198937093,2.361002342102724,37.65628303505103,37.74476452123615,0.0
4.763,0.8340033023517246,-0.16355164163239794,0.7389569074338456,0.0,2.589320362376739,2.3790546437478524,38.44417414305813,37.74476452123615,0.0
4.764,0.838964123500519,-0.17037437605970557,0.3380172572120783,0.0,2.5853994554640947,2.3459275242681916,37.67090079993778,37.74476452123615,0.0
4.765,0.8241960053623176,-0.16834808205839397,0.725392565985234,0.0,2.5782668076103303,2.3640158077191873,38.44359888928757,37.74476452123615,0.0
4.766,0.8294494808191879,-0.17441974730440907,0.33205517762982584,0.0,2.5743443990041164,2.3317155687512425,37.70724638543994,37.74476452123615,0.0
4.767,0.8146534485032906,-0.1732000139751959,0.7006066109116049,0.0,2.567389320043057,2.3484072426733382,38.411850730420745,37.74476452123615,0.0
4.768,0.8196385888539732,-0.17823238009916703,0.34163357632935487,0.0,2.563364673977242,2.3188653674085185,37.79021683131312,37.74476452123615,0.0
4.769,0.8056509016913509,-0.17810974679103914,0.6519960027823994,0.0,2.5567244916663916,2.3311933093106525,38.33359648172019,37.74476452123615,0.0
4.7700000000000005,0.8090874132724775,-0.1815913320107841,0.3744178579740213,0.0,2.5523653224840936,2.3074693254524856,37.91182365058958,37.74476452123615,0.0
4.771,0.7970723813761036,-0.18308043959481052,0.5836336822457922,0.0,2.546198657816254,2.312827363804297,38.175436547520626,37.74476452123615,0.0
4.772,0.7979858930617408,-0.184647139777514,0.4475205135174256,0.0,2.5413419093946366,2.2997476884469212,38.12382617831484,37.74476452123615,0.0
4.773,0.790081404606964,-0.1887420455174621,0.46953508154952994,0.0,2.536097640909011,2.292151668800818,37.91206402112495,37.74476452123615,0.0
4.774,0.7857545539022254,-0.18794807414179343,0.5737431651455895,0.0,2.530489911398614,2.296430476478981,38.499409348115464,37.74476452123615,0.0
4.775,0.7855326239107203,-0.19408472777200741,0.2725240533815386,0.0,2.5265538072201545,2.2655255911003023,37.76532832865558,37.74476452123615,0.0
4.776,0.7705289794073705,-0.19080105797309738,0.6393589250372873,0.0,2.5194982547074893,2.2823297924368697,38.41376334136907,37.74476452123615,0.0
4.777,0.7750691046887564,-0.19551181368987092,0.3084514304792123,0.0,2.515379697406581,2.256030395044582,37.95177473215463,37.74476452123615,0.0
4.7780000000000005,0.7622317862148495,-0.1962472432345289,0.5373756329772459,0.0,2.509076845789281,2.2618973251667414,38.10444967179835,37.74476452123615,0.0
4.779,0.7630076643914967,-0.19758676048311774,0.45744131164976554,0.0,2.5041309649478247,2.255251539959781,38.322281289168956,37.74476452123615,0.0
4.78,0.758320264875002,-0.20281061284649815,0.3427503352851342,0.0,2.499576322257304,2.2374824537311175,37.8466920690865,37.74476452123615,0.0
4.781,0.749213200546298,-0.2007927248862732,0.5795256698478581,0.0,2.4934260290137105,2.2491819115028058,38.45733677780208,37.74476452123615,0.0
4.782,0.7525210091866537,-0.20546775218043056,0.2670775929244109,0.0,2.4895951427536045,2.221904422772035,37.97678430142189,37.74476452123615,0.0
4.783,0.7387918797166406,-0.20546152572890958,0.5050336333126485,0.0,2.483372161063823,2.2278145218283743,38.05256884723821,37.74476452123615,0.0
4.784,0.7391285865516926,-0.2065118209700142,0.4640633171444649,0.0,2.478478082189691,2.225450688581164,38.44175685484736,37.74476452123615,0.0
4.785,0.7366198050153683,-0.21206324306483387,0.262499390003778,0.0,2.47443718135627,2.2013508349848143,37.852809292402064,37.74476452123615,0.0
4.7860000000000005,0.7244132044034722,-0.20942041013870527,0.5558927235147679,0.0,2.4680441594037332,2.2148634208743183,38.304872836109006,37.74476452123615,0.0
4.787,0.7282686606622519,-0.2128427794997766,0.3242598685125686,0.0,2.4640445871943797,2.1974257323996813,38.19082354975341,37.74476452123615,0.0
4.788,0.7190698838802714,-0.21573055938789276,0.3768239214051935,0.0,2.4589846354525804,2.190480649928389,37.86860817267456,37.74476452123615,0.0
4.789,0.7139547693779802,-0.21503779989176308,0.5366931734302334,0.0,2.453631089294377,2.2012547325513068,38.47035164509597,37.74476452123615,0.0
4.79,0.7178059691466238,-0.21997739953191525,0.22856556598093314,0.0,2.4504405895696624,2.1744485398368654,38.0657176540827,37.74476452123615,0.0
4.791,0.7042964586476164,-0.21984411323877517,0.42767303015910274,0.0,2.4448244630573286,2.176511571708065,37.94483937560483,37.74476452123615,0.0
4.792,0.7023767872862433,-0.21995880508286772,0.4861114208543498,0.0,2.43999020134913,2.1823199048203694,38.53427957765547,37.74476452123615,0.0
4.793,0.7040616986781105,-0.22509677708932754,0.18349616926483703,0.0,2.4367842291252515,2.1529873799021026,37.99110631189518,37.74476452123615,0.0
4.7940000000000005,0.6890848787409048,-0.2232556834072157,0.45261938423839065,0.0,2.4307117016068367,2.1605615157232743,37.99973517248932,37.74476452123615,0.0
4.795,0.6894151358437417,-0.22419424528453108,0.44575524742878725,0.0,2.4261254931657064,2.1631386015310103,38.521928402744635,37.74476452123615,0.0
4.796,0.6898496712028417,-0.22941902550338686,0.17688699348604664,0.0,2.422820954354764,2.135447995029782,37.9628472702813,37.74476452123615,0.0
4.797,0.675651513100108,-0.22721461955712988,0.45424673222726186,0.0,2.4167830763185165,2.1449603918434357,38.012842549964745,37.74476452123615,0.0
4.798,0.6770842326692955,-0.2286361679014734,0.4265683120982542,0.0,2.4124786401445992,2.146799956836858,38.509055061929196,37.74476452123615,0.0
4.799,0.6774309152745213,-0.23379870133093533,0.17081915070909814,0.0,2.409342267281213,2.1201456902711455,37.97730264205032,37.74476452123615,0.0
4.8,0.6636920168490686,-0.23166480873822232,0.43436997944039524,0.0,2.403567751528102,2.1289060415028525,37.983454978067755,37.74476452123615,0.0
4.801,0.6647730748953957,-0.23292243162117257,0.42890690686336097,0.0,2.399406399916523,2.132720154395941,38.501249916492625,37.74476452123615,0.0
4.8020000000000005,0.6662028306225001,-0.2379018699931357,0.162444583698361,0.0,2.396577756747498,2.1063340334666636,38.034497524682756,37.74476452123615,0.0
4.803,0.6525811598827728,-0.23622267797059796,0.39292344956882963,0.0,2.391158860296248,2.1118336401294546,37.93071698896496,37.74476452123615,0.0
4.804,0.651925960799,-0.2368076885276546,0.44295419275043946,0.0,2.386912957237905,2.119375844763932,38.44962822767721,37.74476452123615,0.0
4.805,0.6551831307396064,-0.24131121886032963,0.17644993632990436,0.0,2.384335403179868,2.0955586223067475,38.14957148147917,37.74476452123615,0.0
4.806,0.6428868778444401,-0.24096120420205694,0.3224302398264931,0.0,2.3795503453661793,2.093973402156183,37.88781266301977,37.74476452123615,0.0
4.807,0.6388315916476447,-0.24045599153318173,0.4518791676383561,0.0,2.375033198071809,2.1051708962163405,38.290957690683975,37.74476452123615,0.0
4.808,0.6434776801846541,-0.2440602716935457,0.24484472211177688,0.0,2.3724890378572194,2.090177025253963,38.31940867243715,37.74476452123615,0.0
4.809,0.6356946805521374,-0.24613131825521675,0.2248727897231798,0.0,2.368891678888033,2.0772041481038324,37.93051911120131,37.74476452123615,0.0
4.8100000000000005,0.6267907472828034,-0.2443980644777412,0.4174600244414458,0.0,2.364145399719612,2.087454740577993,38.04856460057238,37.74476452123615,0.0
4.811,0.6297740875120099,-0.24631702637032465,0.35539927896255197,0.0,2.3611272260614085,2.087035884780128,38.45749431033415,37.74476452123615,0.0
4.812,0.6292923669229622,-0.2503687963321922,0.14380712619068614,0.0,2.358795489266118,2.0637853905132,38.08099204726814,37.74476452123615,0.0
4.813,0.6166826124768503,-0.2482512110837502,0.3286959824633705,0.0,2.354098424646717,2.066462723494332,37.949301104797485,37.74476452123615,0.0
4.814,0.614457763197038,-0.24820683754307896,0.3924960878630847,0.0,2.35015509455038,2.073690375622971,38.28217593254124,37.74476452123615,0.0
4.815,0.6173871307533769,-0.25118942054418786,0.2206845598781546,0.0,2.347657390542069,2.0599191814727766,38.291391888449624,37.74476452123615,0.0
4.816,0.6098896956436772,-0.25256355039794287,0.2106103082518293,0.0,2.344153665973471,2.0487392954753543,37.96609005237754,37.74476452123615,0.0
4.817,0.6018425759892493,-0.2510360443960546,0.37104797097645836,0.0,2.3397005583032455,2.0568861198476776,37.98349427383619,37.74476452123615,0.0
4.8180000000000005,0.6038213051060934,-0.25264062041297264,0.3599585627211304,0.0,2.336699222259155,2.060650608081016,38.38000655847874,37.74476452123615,0.0
4.819,0.6057117651503882,-0.2562247838403652,0.15535000002743082,0.0,2.334752680859653,2.041154302759155,38.182428538997634,37.74476452123615,0.0
4.82,0.5953577105058911,-0.25531530357668486,0.2497623695903693,0.0,2.3309152786046337,2.037002270719726,37.95877234317871,37.74476452123615,0.0
4.821,0.58988953829385,-0.2545510079319979,0.3594503892804065,0.0,2.3269714356528968,2.0445012185258937,37.966535580445914,37.74476452123615,0.0
4.822,0.5922395878775372,-0.2563183154018652,0.35335106005470607,0.0,2.3243739185550814,2.048774893668217,38.29780100713879,37.74476452123615,0.0
4.823,0.594166939563997,-0.2603661181102729,0.18218798184924306,0.0,2.322891105904506,2.033405996086509,38.17321911087745,37.74476452123615,0.0
4.824,0.5863145340753382,-0.25948467072357845,0.24019438408350002,0.0,2.3198822475211966,2.0284010801463537,38.09155930577743,37.74476452123615,0.0
4.825,0.5809777585904752,-0.2585613390080476,0.2775563387880957,0.0,2.3165810313673627,2.027634042205495,38.09399273219047,37.74476452123615,0.0
4.8260000000000005,0.5784263929168906,-0.25926004367918987,0.27284734347203166,0.0,2.3136193238658054,2.0259492598807713,38.11348035614946,37.74476452123615,0.0
4.827,0.5762876832453478,-0.26037595561748106,0.2594163731434048,0.0,2.310901072148433,2.022916212662509,38.12420914721665,37.74476452123615,0.0
4.828,0.573769561383504,-0.26089812179628086,0.25025753135000267,0.0,2.308197620041257,2.019297088408435,38.12421695039487,37.74476452123615,0.0
4.829,0.5706712392727311,-0.2612971976219621,0.2464591054693086,0.0,2.3054412773984274,2.0157589271536764,38.10562830520793,37.74476452123615,0.0
4.83,0.5674465716952446,-0.26160668417063176,0.2521447902230598,0.0,2.302636805656501,2.013286087554245,38.088152336788234,37.74476452123615,0.0
4.831,0.5647388566748983,-0.2620978267725736,0.25744889627738676,0.0,2.2999164279495536,2.0115722815354666,38.06726506080248,37.74476452123615,0.0
4.832,0.5624701203068169,-0.26299921165265033,0.264667528874602,0.0,2.29739094832221,2.0107213107233073,38.032216666596895,37.74476452123615,0.0
4.833,0.5610462982146462,-0.26367175394381664,0.2793172045237854,0.0,2.2950978853796133,2.011376100091525,37.93141180078127,37.74476452123615,0.0
4.8340000000000005,0.5601780714677033,-0.2653502498138286,0.327853164636147,0.0,2.293277516790888,2.017009829805771,38.06358082748014,37.74476452123615,0.0
4.835,0.5628614877544164,-0.2667460773027504,0.258580488224273,0.0,2.29233931409754,2.0134889376242824,38.304276265893854,37.74476452123615,0.0
4.836,0.5606717192522872,-0.2681146323526826,0.13263765157083768,0.0,2.291279425235982,1.9973330378219503,38.13160966871947,37.74476452123615,0.0
4.837,0.5508453428618887,-0.26572637680210326,0.21510249868319653,0.0,2.288433541619283,1.9940763043805116,37.91372435293695,37.74476452123615,0.0
4.838,0.5457794627822568,-0.2641626340581847,0.3223555582574472,0.0,2.285398443873785,2.002292827048447,37.90736498184628,37.74476452123615,0.0
4.839,0.5484825819543221,-0.2652210383799863,0.32390923919668313,0.0,2.2836205700724683,2.008134560072888,38.2766860411163,37.74476452123615,0.0
4.84,0.5517114028814565,-0.2678782616913352,0.13392949436287105,0.0,2.282886367474757,1.991972884563378,38.23672412457636,37.74476452123615,0.0
4.841,0.5431684780614379,-0.2669619663547138,0.1489908565994375,0.0,2.2804820528657253,1.9818825135788825,37.920460643350886,37.74476452123615,0.0
4.8420000000000005,0.5350690494377414,-0.2641777686951849,0.3053656359910284,0.0,2.2770120338299638,1.9904168682430476,37.83044857910072,37.74476452123615,0.0
4.843,0.5370452544654319,-0.2647014321055872,0.34951482753746654,0.0,2.2748278971159346,2.00074507197413,38.12771708697008,37.74476452123615,0.0
4.844,0.5427552335557015,-0.26755106498836007,0.19705104794544642,0.0,2.2742032174294176,1.992001198340462,38.28460894900547,37.74476452123615,0.0
4.845,0.538704201260223,-0.2685752118888513,0.11320667265005979,0.0,2.272850778178412,1.9768737139583425,37.9612266082287,37.74476452123615,0.0
4.846,0.5291945956317274,-0.26558605019614995,0.2727332221685179,0.0,2.2697817851590933,1.982515644585498,37.75829784095795,37.74476452123615,0.0
4.847,0.5291912596672067,-0.26510163082473326,0.374062272606674,0.0,2.267560489990493,1.9967426838008304,37.996884886062,37.74476452123615,0.0
4.848,0.5364474526939069,-0.26791772178400414,0.2522475464063918,0.0,2.267298642459519,1.994113764598775,38.32378695818661,37.74476452123615,0.0
4.849,0.5360547246585476,-0.2700450259740754,0.08300628597458182,0.0,2.267005930312753,1.9744389231924884,38.022394505123586,37.74476452123615,0.0
4.8500000000000005,0.525016226427141,-0.26676012434273005,0.23092621266721913,0.0,2.264392393018686,1.9758762067777629,37.705598184359545,37.74476452123615,0.0
4.851,0.522244662328632,-0.2650617325138971,0.38971603641800573,0.0,2.262029963727695,1.9930905766892857,37.88471242165972,37.74476452123615,0.0
4.852,0.5302743541248741,-0.2676764848451119,0.29875943876368194,0.0,2.261929821031677,1.9958431609625018,38.30637949303494,37.74476452123615,0.0
4.853,0.5331690754478361,-0.27031655598585297,0.0823097533580851,0.0,2.2623792113347534,1.9751724506931587,38.09511337152073,37.74476452123615,0.0
4.854,0.5222832487408569,-0.26748320407616016,0.18443932561234272,0.0,2.2603785221591117,1.9712388884340786,37.71115697203154,37.74476452123615,0.0
4.855,0.516661470343649,-0.2646934485992214,0.37675360084898546,0.0,2.257906006091762,1.9881414253934544,37.760190294193684,37.74476452123615,0.0
4.856,0.5237854486145609,-0.2663742272578972,0.3520826820383373,0.0,2.257583778534307,1.997629657834847,38.201690269897455,37.74476452123615,0.0
4.857,0.530117566514024,-0.269665550419578,0.12676343669983903,0.0,2.258587834737935,1.9809731432909947,38.19517304338021,37.74476452123615,0.0
4.8580000000000005,0.522087822858599,-0.26837238027604216,0.12551796473702165,0.0,2.2576506719194107,1.969145469340457,37.767040580604856,37.74476452123615,0.0
4.859,0.5132358010831034,-0.2642291379461028,0.3393614355310106,0.0,2.2551816330328265,1.9828355079688387,37.620304700345834,37.74476452123615,0.0
4.86,0.5176837595915376,-0.26446074624050503,0.413973973869425,0.0,2.2543954112334217,2.0004007877013255,38.06768536741455,37.74476452123615,0.0
4.861,0.5274600212866248,-0.26870450918934136,0.18705443187328413,0.0,2.255908837428635,1.989392733076289,38.30106280584119,37.74476452123615,0.0
4.862,0.5234572069326906,-0.26886151598648794,0.064802729813912,0.0,2.2561449486600207,1.968996406922591,37.82883521325182,37.74476452123615,0.0
4.863,0.5113305003094857,-0.26335950880335574,0.3000758191884401,0.0,2.2537110252947814,1.9790597909442067,37.53402236788454,37.74476452123615,0.0
4.864,0.5127127179345019,-0.2623271391042635,0.44958966340559736,0.0,2.2524682920731594,2.0016939251922956,37.94100532828798,37.74476452123615,0.0
4.865,0.524444645278843,-0.26662315032115924,0.24413577513335927,0.0,2.2540961305293576,1.9965686167096677,38.308315543709384,37.74476452123615,0.0
4.866,0.5242618204430338,-0.26782105977002646,0.05484515719792443,0.0,2.2551374642188797,1.973488623836129,37.88483917383083,37.74476452123615,0.0
4.867,0.5115845752264779,-0.26265925120796096,0.26518259561125623,0.0,2.2531868872157803,1.9792434567491812,37.491649874794874,37.74476452123615,0.0
4.868,0.5105313117069359,-0.2606136650499553,0.4643083915936454,0.0,2.251833454812536,2.004017298379531,37.82979910733575,37.74476452123615,0.0
4.869,0.522886782829532,-0.2643384938792793,0.2943834294622101,0.0,2.2535229368454566,2.004125774353559,38.289385807817354,37.74476452123615,0.0
4.87,0.52571252263177,-0.2662285799526229,0.05914386635559732,0.0,2.2552249794522625,1.9800279719460439,37.93803697303597,37.74476452123615,0.0
4.871,0.513129257152765,-0.2615701527945838,0.23288555922829074,0.0,2.253815709709519,1.981386552487735,37.46182754019405,37.74476452123615,0.0
4.872,0.5097609673169984,-0.25865352514456086,0.4738196454596715,0.0,2.2524089802252956,2.007478359784852,37.72563235865405,37.74476452123615,0.0
4.873,0.5223173836064358,-0.26174182216858366,0.3421085578554913,0.0,2.2541209833683498,2.0125078642148657,38.243931803901646,37.74476452123615,0.0
4.874,0.5279020117564833,-0.26415127101276964,0.07796716240504015,0.0,2.2563988930427206,1.9889784309590655,37.998502046833735,37.74476452123615,0.0
4.875,0.5161587841618357,-0.26027603414574846,0.19814466568301942,0.0,2.25564569788026,1.9852382726282753,37.45564638359623,37.74476452123615,0.0
4.876,0.5104298596457062,-0.25631854133294796,0.47246367867817035,0.0,2.2541972345602272,2.011282876431833,37.61211626450827,37.74476452123615,0.0
4.877,0.5224514617847354,-0.25846292675834076,0.39555522078942834,0.0,2.255773535277476,2.0219953875448637,38.17597951462463,37.74476452123615,0.0
4.878,0.5307527933891655,-0.26181645279428273,0.10931144579736568,0.0,2.258610901044003,2.0002836164929803,38.04912257875761,37.74476452123615,0.0
4.8790000000000004,0.5206681484111008,-0.2588235018022594,0.1696963331556599,0.0,2.2586305932592063,1.9917238587459023,37.470558810551104,37.74476452123615,0.0
4.88,0.5131289139489933,-0.2536779388604296,0.461720274365764,0.0,2.257256258064501,2.0162692999956313,37.531548310230846,37.74476452123615,0.0
4.881,0.5238466505495307,-0.25484832067209906,0.4333576866359459,0.0,2.2586540981429395,2.0309282961678563,38.11863290150064,37.74476452123615,0.0
4.882,0.5336746850627172,-0.2588366193420448,0.13607670719840448,0.0,2.261805062866335,2.010869988439426,38.04597181474676,37.74476452123615,0.0
4.883,0.5249545139957162,-0.2563547621042604,0.1693951776402396,0.0,2.2623222130616925,2.000827948661658,37.43203633242102,37.74476452123615,0.0
4.884,0.5171840730446291,-0.2507997859065346,0.479490200691259,0.0,2.2611972154503643,2.0263866425063446,37.50838825757261,37.74476452123615,0.0
4.885,0.5283766564869773,-0.25184985295366014,0.4436780007520986,0.0,2.2629116441218007,2.040927786393444,38.12800918179847,37.74476452123615,0.0
4.886,0.5382379786252981,-0.25574971216630915,0.13003509203354735,0.0,2.266327228157723,2.019070841198536,37.9791762288193,37.74476452123615,0.0
4.8870000000000005,0.5286258379671792,-0.2527381178817004,0.2021074514473008,0.0,2.2668452853071286,2.0119614862431856,37.31806219290965,37.74476452123615,0.0
4.888,0.5221311950430925,-0.24749677504608858,0.5369314926853899,0.0,2.266054169476986,2.0423430827554316,37.555627367578204,37.74476452123615,0.0
4.889,0.5362097230455753,-0.24958630104950727,0.42004027688769263,0.0,2.2686625861698153,2.0517875493737967,38.226174178823385,37.74476452123615,0.0
4.89,0.5443452132415573,-0.2526043995705512,0.07995277468922968,0.0,2.2722657034324785,2.023553579274221,37.82849880120557,37.74476452123615,0.0
4.891,0.5310476167893495,-0.2475602275892095,0.27795312069844336,0.0,2.2721000720557605,2.0252283215055704,37.1293992485102,37.74476452123615,0.0
4.892,0.5280722999740317,-0.2432580176599925,0.6336565497733891,0.0,2.271695676667447,2.064060708999428,37.70273505945573,37.74476452123615,0.0
4.893,0.5472211106412959,-0.2481639308892636,0.347408938918425,0.0,2.275797632121865,2.0617890243787205,38.326213878543236,37.74476452123615,0.0
4.894,0.550674803740785,-0.24985392298316644,0.029855035801603036,0.0,2.2793990635668067,2.027897832396954,37.5715131364205,37.74476452123615,0.0
4.8950000000000005,0.5338704985863725,-0.24139619651445499,0.40893792071112767,0.0,2.278303982836579,2.0445135696270533,37.08114876547273,37.74476452123615,0.0
4.896,0.5378189827529318,-0.2386222309257022,0.660756263742645,0.0,2.2787594249523098,2.0826650376356266,37.90029178428973,37.74476452123615,0.0
4.897,0.5576128317384885,-0.2460634269048352,0.24962948170361188,0.0,2.2838307408709166,2.067166935053562,38.16297713589958,37.74476452123615,0.0
4.898,0.5543965988192612,-0.24568348595098494,0.11410467975205085,0.0,2.286728909474741,2.043481038038253,37.35486370999679,37.74476452123615,0.0
4.899,0.5418962115225022,-0.23654175994044807,0.5220604008158389,0.0,2.2859668810650318,2.070026805194841,37.38969234640903,37.74476452123615,0.0
4.9,0.552130508785207,-0.23604370580628606,0.5081968043579923,0.0,2.2879722635172994,2.086986463401933,38.12653011646352,37.74476452123615,0.0
4.901,0.5627932358070401,-0.24007464998884664,0.13596026337847222,0.0,2.291921457946473,2.060572753490599,37.64263021854683,37.74476452123615,0.0
4.902,0.5514760919340014,-0.23562314730651063,0.378931555363712,0.0,2.2923043872047124,2.06899605463774,36.963380078792596,37.74476452123615,0.0
4.9030000000000005,0.5532881953158216,-0.23181521439311265,0.726370469665263,0.0,2.2931169960581936,2.1120913834385795,37.845511975635006,37.74476452123615,0.0
4.904,0.5752259922477165,-0.23911729001870524,0.2842970467000697,0.0,2.2989991845543583,2.096460937946805,38.11623969184297,37.74476452123615,0.0
4.905,0.5723516049648528,-0.238938114027196,0.145218436890019,0.0,2.3026373795364075,2.0726394035748053,37.25315336628379,37.74476452123615,0.0
4.906,0.5601392635147033,-0.2291843162737801,0.5816777112191329,0.0,2.3024584755900905,2.102279762099201,37.471669726392435,37.74476452123615,0.0
4.907,0.5719241668468953,-0.2291117478009351,0.4751504791132478,0.0,2.305351053336367,2.1114371433205443,38.21204919600886,37.74476452123615,0.0
4.908,0.5788519130429812,-0.23182342982268703,0.1002878975573065,0.0,2.3091691221372708,2.079154229496039,37.31688459450693,37.74476452123615,0.0
4.909,0.5642762580265666,-0.22411431929732809,0.5521489975755648,0.0,2.308501973697627,2.105607360265408,37.11613335672657,37.74476452123615,0.0
4.91,0.574741468465952,-0.22258822398689204,0.6588109281108402,0.0,2.3104560737999904,2.1352657347740784,37.92252845366754,37.74476452123615,0.0
4.9110000000000005,0.5914795962290359,-0.22992891355407458,0.2538357403160426,0.0,2.316003338148478,2.1148032499297913,37.5248422063035,37.74476452123615,0.0
4.912,0.5854606560416085,-0.22713815160059578,0.4548780871473903,0.0,2.3185692368671336,2.1239356147324258,36.94853027154333,37.74476452123615,0.0
4.913,0.5895547396421514,-0.22301368740192942,0.7509963970244,0.0,2.3213659987518684,2.1624633849468857,37.96078985105607,37.74476452123615,0.0
4.914,0.6089197906187108,-0.23001566818386354,0.24270635396983242,0.0,2.3285473239975767,2.1364557517221847,37.688285657215694,37.74476452123615,0.0
4.915,0.6001471189143754,-0.22647808324353552,0.37952323953022515,0.0,2.3319505992449887,2.1350584165839566,36.95011644517189,37.74476452123615,0.0
4.916,0.5981441301662714,-0.21899603273601967,0.7565543263127679,0.0,2.3340861637474113,2.1743789952200157,37.9207120773649,37.74476452123615,0.0
4.917,0.6163831872651873,-0.22424417429263807,0.26949703465497876,0.0,2.3405923457395024,2.150608133324167,37.69805806315382,37.74476452123615,0.0
4.918,0.6082816327346102,-0.22113450374581434,0.38129110634133884,0.0,2.343676278167082,2.1481064581885434,36.95308017909916,37.74476452123615,0.0
4.9190000000000005,0.6062515548867744,-0.21340679398557927,0.7616968917900402,0.0,2.3453826984701833,2.1870323325096894,37.90863553466256,37.74476452123615,0.0
4.92,0.6243801124084066,-0.2186782834786321,0.28228050387407716,0.0,2.3514682051169276,2.1636819587979295,37.582472999325034,37.74476452123615,0.0
4.921,0.6167583458101527,-0.21552471353748387,0.44698468676195013,0.0,2.3542105161393647,2.16720647701987,36.98700527947946,37.74476452123615,0.0
4.922,0.6182751136962231,-0.20884471830559448,0.7522961391023033,0.0,2.3563277841056554,2.2023469303169705,37.935462136948715,37.74476452123615,0.0
4.923,0.6351140918856628,-0.21465341579781352,0.2761607342105511,0.0,2.3624531272814906,2.1769199360975158,37.38109295812123,37.74476452123615,0.0
4.924,0.6268273380817245,-0.2099144714628315,0.5569820392554431,0.0,2.364843865866026,2.1913798059217737,37.197436057082065,37.74476452123615,0.0
4.925,0.6336439671591582,-0.20527106133484282,0.654283774416566,0.0,2.367978131903806,2.2116950437027763,37.97884943488776,37.74476452123615,0.0
4.926,0.6439929724635217,-0.20969142556968656,0.26123623637720067,0.0,2.3733631692830195,2.18501371348081,37.15060096868172,37.74476452123615,0.0
4.9270000000000005,0.634189473728208,-0.20226963133448897,0.6813021050057655,0.0,2.374680968893897,2.2128586158624257,37.50746202609064,37.74476452123615,0.0
4.928,0.6465546607769275,-0.20135948612802387,0.5052446012527603,0.0,2.3786255807514864,2.213025618305139,37.79746795281986,37.74476452123615,0.0
4.929,0.6483461277535079,-0.20314941021443628,0.35971460357231577,0.0,2.3823984247691588,2.199249247485084,36.9256043264839,37.74476452123615,0.0
4.93,0.6441070476187619,-0.1950236764764334,0.8038380186878176,0.0,2.383504617351014,2.2380208872728993,37.70257646019904,37.74476452123615,0.0
4.931,0.6621554210687722,-0.1995303007857701,0.41577383244061816,0.0,2.388954340664873,2.2238699758209233,37.2660994751975,37.74476452123615,0.0
4.932,0.6596887824170156,-0.1979586161077332,0.6387989754017749,0.0,2.3922260489444716,2.2405443494199244,37.21398390231922,37.74476452123615,0.0
4.933,0.6698034040126677,-0.1946169323225568,0.6701645680300836,0.0,2.3964861553864205,2.2559611454844464,37.85342862917263,37.74476452123615,0.0
4.934,0.6783726301713913,-0.19889939046439825,0.34935556352401265,0.0,2.402366418024082,2.2338181575032587,36.94385324331534,37.74476452123615,0.0
4.9350000000000005,0.6712957918714096,-0.190571710876329,0.8121523692318682,0.0,2.4044854862637517,2.269457377731465,37.649733085345,37.74476452123615,0.0
4.936,0.6871747547676023,-0.19312581994414021,0.46016276257594985,0.0,2.4103207984956145,2.256580303670008,37.18955356046469,37.74476452123615,0.0
4.937,0.6845301961257396,-0.19108460329984256,0.6958046346238195,0.0,2.4140347971765954,2.275464661309273,37.31756035595576,37.74476452123615,0.0
4.938,0.6955926595383367,-0.18811824416609974,0.6360732785310859,0.0,2.418959944415136,2.2826617986002264,37.671013303848376,37.74476452123615,0.0
4.939,0.7001014146772184,-0.19098460368981607,0.460084316758657,0.0,2.424457253797864,2.270484926220749,36.878859690228815,37.74476452123615,0.0
4.94,0.6977161437468925,-0.18279151059360965,0.864820171878511,0.0,2.4272572411685513,2.3066637730521236,37.734235377231755,37.74476452123615,0.0
4.941,0.7142654933887588,-0.18746877791474115,0.43723761981708475,0.0,2.433991544821594,2.2865790134895665,36.974113261151096,37.74476452123615,0.0
4.942,0.7095186236705212,-0.1821620459283429,0.8250051904582647,0.0,2.4374134289613614,2.3167940677051377,37.59838603165415,37.74476452123615,0.0
4.9430000000000005,0.7241555591851083,-0.1830697229181663,0.5143325901025574,0.0,2.4436675418974527,2.304620611563801,37.08584658689611,37.74476452123615,0.0
4.944,0.7214151459419962,-0.18057225383866038,0.777191491824978,0.0,2.4477950995571587,2.32675893233512,37.44793320421452,37.74476452123615,0.0
4.945,0.7338663898554781,-0.17851372727920062,0.5991164963359887,0.0,2.453522270297281,2.3234822973113505,37.28201573993834,37.74476452123615,0.0
4.946,0.7338637199091982,-0.1788175258970598,0.6867027162870588,0.0,2.458403063574573,2.3326460831467037,37.16242920283241,37.74476452123615,0.0
4.947,0.7415399484473889,-0.17334620892592056,0.7523193380240583,0.0,2.463107273254666,2.3468791240791447,37.560142761676985,37.74476452123615,0.0
4.948,0.7486187146217886,-0.1768837941727444,0.5553087761973639,0.0,2.4692082136068563,2.3371300518742437,36.87747783101712,37.74476452123615,0.0
4.949,0.7486157445934495,-0.16907555512016004,0.9053141084294883,0.0,2.4728298705550857,2.369507787453714,37.68833776070119,37.74476452123615,0.0
4.95,0.7634235820398018,-0.17411555968113263,0.5004484111928025,0.0,2.479959618258672,2.3493457433323206,36.81300950261744,37.74476452123615,0.0
4.9510000000000005,0.7595072881779952,-0.16653571106452655,0.9474300904208635,0.0,2.483476003386323,2.3857083907801413,37.72548210908646,37.74476452123615,0.0
4.952,0.7760924333987743,-0.17068236409921805,0.49138661130785216,0.0,2.490808945065973,2.3622882835883297,36.73119982172319,37.74476452123615,0.0
4.953,0.7704713131297202,-0.1632071070663107,0.9986634019846165,0.0,2.49420283705451,2.403088537731042,37.745640831325275,37.74476452123615,0.0
4.954,0.7890994559854697,-0.1678092307894099,0.49143413408268133,0.0,2.5019183514383365,2.3771748613655324,36.68013509525363,37.74476452123615,0.0
4.955,0.7828257805180799,-0.16004466971978154,1.034833296378328,0.0,2.5053708237923376,2.4203466903364683,37.74090211599489,37.74476452123615,0.0
4.956,0.8023497998323196,-0.165215110829369,0.5044884100601106,0.0,2.513441625940783,2.39356427564851,36.67854314673629,37.74476452123615,0.0
4.957,0.7962033414962935,-0.15693665101184484,1.046330108434411,0.0,2.517064771414564,2.4360445689386525,37.71710019534215,37.74476452123615,0.0
4.958,0.8150910879038615,-0.16231776833138015,0.5273282273904213,0.0,2.5252483391733067,2.4099914068603843,36.69203046323865,37.74476452123615,0.0
4.9590000000000005,0.8095455228848858,-0.15350878165995074,1.0503904340221444,0.0,2.528985434241295,2.4508876689219092,37.673143020925465,37.74476452123615,0.0
4.96,0.8274238730829723,-0.15910233721124606,0.5605503701818444,0.0,2.537141826985994,2.4269329110233513,36.72989062910784,37.74476452123615,0.0
4.961,0.8231221686533314,-0.1499991529333348,1.042325305011939,0.0,2.541029818840284,2.4647348826480733,37.59488508080998,37.74476452123615,0.0
4.962,0.8394367005083718,-0.15559306568976794,0.6113268735651315,0.0,2.5490155709176037,2.445080263939951,36.807665783137445,37.74476452123615,0.0
4.963,0.8373009962431327,-0.14666009238828637,1.0143075097823866,0.0,2.5531987197256525,2.4772256093964673,37.46274427414978,37.74476452123615,0.0
4.964,0.8511212223245653,-0.1517415092085108,0.689588466747084,0.0,2.5608263737817873,2.4652842521804703,36.91016593864902,37.74476452123615,0.0
4.965,0.8525479501090192,-0.14362235515849603,0.9742236203233325,0.0,2.565553205597005,2.4898381156199507,37.305169526097885,37.74476452123615,0.0
4.966,0.863262113014409,-0.1481007776122371,0.7811177765502841,0.0,2.5728365585850606,2.4871569909044595,37.109562591174836,37.74476452123615,0.0
4.9670000000000005,0.8688219589946481,-0.14106750616764957,0.8852732633124217,0.0,2.5783050197193207,2.4983560345121165,36.994899630522674,37.74476452123615,0.0
4.968,0.8739134553713752,-0.1433574081561138,0.9501033925456372,0.0,2.5846687610340955,2.5145673130788277,37.490401774251154,37.74476452123615,0.0
4.969,0.8867884207421579,-0.14056110980559128,0.7048959481512472,0.0,2.591686764235622,2.5008073865176113,36.581011212749694,37.74476452123615,0.0
4.97,0.8835856604716142,-0.13538473986967667,1.1712287619868422,0.0,2.5960855367514304,2.5433549901819967,37.55148827168217,37.74476452123615,0.0
4.971,0.9040160196718432,-0.14144545708933431,0.687922995016145,0.0,2.6050176349756162,2.5219813811116616,36.82965734389218,37.74476452123615,0.0
4.972,0.902512690389128,-0.1321055216323581,1.0579895306845786,0.0,2.609831162397887,2.5495483891771134,37.185141087313156,37.74476452123615,0.0
4.973,0.9140131370922328,-0.13656424582797894,0.8858438933133206,0.0,2.6175038969005637,2.5509232812805553,37.27674349837358,37.74476452123615,0.0
4.974,0.9218598529323891,-0.13055688347012925,0.8447228980117357,0.0,2.623841450061997,2.5493779702390738,36.60564412998251,37.74476452123615,0.0
4.9750000000000005,0.9222738352000367,-0.12873098986247694,1.1916637861198065,0.0,2.6292499421298765,2.5872285823717474,37.52683597225393,37.74476452123615,0.0
4.976,0.9424674630940574,-0.13330120117494415,0.7332471504739191,0.0,2.6384236283846825,2.5657225844501474,36.83206303967086,37.74476452123615,0.0
4.977,0.9406737130452386,-0.12366981978176944,1.0897606315811075,0.0,2.6434241921554746,2.5914844530087473,37.03143645743599,37.74476452123615,0.0
4.978,0.9512334977125119,-0.127682259172141,0.9972072033365438,0.0,2.651038568551919,2.600244665356705,37.44792927700926,37.74476452123615,0.0
4.979,0.9621900155956367,-0.1238690886122549,0.7919291459921769,0.0,2.658307955388024,2.586135622963605,36.53774077831686,37.74476452123615,0.0
4.98,0.9590010540177301,-0.11705160519447018,1.2590936327675692,0.0,2.662727707830852,2.628065648564564,37.23760541569443,37.74476452123615,0.0
4.981,0.978334402864701,-0.12431940592300514,0.9142329051342002,0.0,2.6717661205038086,2.6214797639533396,37.22523686455626,37.74476452123615,0.0
4.982,0.9849219005756057,-0.11730139359175976,0.9256124572700859,0.0,2.6783974440846245,2.6206253758220845,36.506372510328724,37.74476452123615,0.0
4.9830000000000005,0.9857483115706799,-0.11460931542323397,1.2974285544929274,0.0,2.684054248019009,2.6612805038028404,37.32905120529058,37.74476452123615,0.0
4.984,1.006799217149601,-0.12102664019012808,0.8902463401714538,0.0,2.6939437108640747,2.647620259327639,37.13435774193373,37.74476452123615,0.0
4.985,1.0100313866761594,-0.11243102380030125,0.993697139642906,0.0,2.7004685119265623,2.651621366077406,36.49420709161684,37.74476452123615,0.0
4.986,1.012096379189919,-0.11043712640248152,1.3262780390975406,0.0,2.7066075710079156,2.6912294057224924,37.30917618048476,37.74476452123615,0.0
4.987,1.0332451961839757,-0.11648179434125859,0.9231493780710952,0.0,2.7167783805928876,2.677514865659542,37.19123192703281,37.74476452123615,0.0
4.988,1.0364316150283777,-0.10778751726349581,0.9876568307391047,0.0,2.7235438380551242,2.6771769490621855,36.46019863595373,37.74476452123615,0.0
4.989,1.0368466495570088,-0.10385537895115673,1.3660191351314683,0.0,2.7292533656678226,2.718510359217562,37.150250977477405,37.74476452123615,0.0
4.99,1.057759567908764,-0.11090827983527612,1.0269380998072184,0.0,2.739340422015165,2.7129025735156738,37.568243764818945,37.74476452123615,0.0
4.9910000000000005,1.0630787916609399,-0.10781665531431897,0.8197069137006208,0.0,2.74744738645144,2.689083666471003,36.94317541480671,37.74476452123615,0.0
4.992,1.050601486484832,-0.10306193356403315,1.1402569797710327,0.0,2.751869660592296,2.7072158615101323,37.43071805997633,37.74476452123615,0.0
4.993,1.0523048012859342,-0.11022381194774881,0.8996261217988215,0.0,2.758498280662692,2.6939900317419045,38.03668235425265,37.74476452123615,0.0
4.994,1.0468799152076607,-0.10728118612243026,0.5937247963304971,0.0,2.7627461481246023,2.6521205803523666,37.271669263599925,37.74476452123615,0.0
4.995,1.0228527556359417,-0.09826078494182156,0.9809622942332206,0.0,2.7614194658297544,2.6631067375640622,37.5779169944918,37.74476452123615,0.0
4.996,1.0179874486575566,-0.10359572710717664,0.8295069040547262,0.0,2.762001115135557,2.652624055098347,38.13811099246632,37.74476452123615,0.0
4.997,1.0129608881677152,-0.10182382777086388,0.5454764403551633,0.0,2.761228072915559,2.6140232772887146,37.36550331327887,37.74476452123615,0.0
4.998,0.9916248209857257,-0.09545281795739126,0.935572892028462,0.0,2.7559891650504786,2.6272528891442257,37.763562950061434,37.74476452123615,0.0
4.999,0.9899777621089875,-0.10274148914277695,0.7363550893489279,0.0,2.7534625730859856,2.6127885420208172,38.04503985343671,37.74476452123615,0.0
5.0,0.9851363515072904,-0.1008327952835634,0.5926138843392832,0.0,2.749459362569232,2.5862147004664546,37.39014214784861,37.74476452123615,0.0
5.001,0.9696628021039977,-0.09950201657085458,0.9236089608672112,0.0,2.7430717902289126,2.6013984688123655,38.04593591841299,37.74476452123615,0.0
5.002,0.9721956662111715,-0.10788108668257926,0.5927003616132531,0.0,2.7397763574566336,2.5742818558606166,37.7947352058909,37.74476452123615,0.0
5.003,0.9624188924802507,-0.10395151178932618,0.7178010110277481,0.0,2.7335827627270315,2.5677182921064228,37.51691529451195,37.74476452123615,0.0
5.0040000000000004,0.9547837662038359,-0.10844385022847076,0.8589894589844642,0.0,2.727885624072209,2.5762135441888776,38.32830528336403,37.74476452123615,0.0
5.005,0.9584288870310969,-0.11403970922746878,0.4474590569371466,0.0,2.724178345596613,2.5361320139390697,37.53680664387187,37.74476452123615,0.0
5.006,0.941079860853755,-0.10871545177973813,0.84528795545687,0.0,2.716192015034355,2.549509235812106,37.9559101437879,37.74476452123615,0.0
5.007,0.9412004027079324,-0.1174066915876393,0.6336247492733392,0.0,2.7113513186689726,2.533302110910495,37.93844434948574,37.74476452123615,0.0
5.008,0.9366356518807981,-0.11570368347396386,0.6404208481419205,0.0,2.705099736159385,2.5215991598094116,37.56569452703488,37.74476452123615,0.0
5.009,0.9281705816795986,-0.1198877182662045,0.8285864593093649,0.0,2.6987802906989313,2.5319571120210727,38.357288840279026,37.74476452123615,0.0
5.01,0.9325726281023645,-0.1257074030127132,0.4266640594968626,0.0,2.694726909979881,2.4939853285659552,37.53589870492287,37.74476452123615,0.0
5.011,0.9161535393177581,-0.12157865350667246,0.8394477853380724,0.0,2.6867693296940947,2.510680939455638,38.18331117762951,37.74476452123615,0.0
5.0120000000000005,0.918664199318302,-0.1305551324024375,0.5113560824208182,0.0,2.682305768699451,2.484252943160557,37.74510386000765,37.74476452123615,0.0
5.013,0.909183453013481,-0.12718243927096856,0.7304563478440331,0.0,2.675185003141344,2.488471325314782,37.95171998205686,37.74476452123615,0.0
5.014,0.9068676785521315,-0.13484988306030182,0.6250787322112236,0.0,2.6700752981026112,2.477933180051633,37.99711386827068,37.74476452123615,0.0
5.015,0.9040615912987009,-0.1341815085803802,0.5998582956339668,0.0,2.6642725534107523,2.466502918797018,37.71768632981352,37.74476452123615,0.0
5.016,0.8959739424040074,-0.1388829934289916,0.7398428467767748,0.0,2.658430904140764,2.4721474946960433,38.32089457175692,37.74476452123615,0.0
5.017,0.8987285714756621,-0.14207058359773328,0.43247742529986755,0.0,2.6540414974577526,2.4410495205174505,37.58824997327958,37.74476452123615,0.0
5.018,0.8836724941006809,-0.14101796266120736,0.8003648700181012,0.0,2.646833569820478,2.4578473910241545,38.408401250198686,37.74476452123615,0.0
5.019,0.8881082069161156,-0.14789476163485848,0.383652864268923,0.0,2.6427931960940683,2.4220889974534225,37.607453809708105,37.74476452123615,0.0
5.0200000000000005,0.872689699941955,-0.14434523578114142,0.7854996916294943,0.0,2.63512180454958,2.4396130698295884,38.37489073702019,37.74476452123615,0.0
5.021,0.8764460329238773,-0.1522914237603948,0.3954799658156123,0.0,2.6308795353334125,2.4071295760028026,37.64338174264907,37.74476452123615,0.0
5.022,0.8629758113918828,-0.14893561415764262,0.7622482907870425,0.0,2.6233645427200885,2.4232342053404134,38.370444261772114,37.74476452123615,0.0
5.023,0.8664533506333564,-0.1569256738999907,0.39246023382016015,0.0,2.619123976969543,2.392115271434979,37.65434661823354,37.74476452123615,0.0
5.024,0.8535127392378739,-0.15388891388693696,0.7514132346194737,0.0,2.6117816302046495,2.4083251276485425,38.39751510292368,37.74476452123615,0.0
5.025,0.857322832434025,-0.16166356622723094,0.3733014864575297,0.0,2.6076800830951647,2.3764494248929227,37.65355829949168,37.74476452123615,0.0
5.026,0.8437782748556583,-0.15878791504019668,0.7461919503909739,0.0,2.600407052267091,2.3936782084817967,38.42679558537593,37.74476452123615,0.0
5.027,0.848189878391569,-0.16616479993134126,0.3527529968074513,0.0,2.596424416730607,2.36082889913072,37.65630179781487,37.74476452123615,0.0
5.0280000000000005,0.8338896174586415,-0.1636015783707116,0.7388845178221932,0.0,2.589199390592083,2.3788922587465398,38.444285657851246,37.74476452123615,0.0
5.029,0.8388598868280644,-0.17041709975161462,0.3378973764378538,0.0,2.585278542596499,2.345767146784536,37.67120241057158,37.74476452123615,0.0
5.03,0.8240891308445866,-0.1684002336334885,0.725174621184332,0.0,2.5781472577174696,2.3638473154070057,38.4433326004424,37.74476452123615,0.0
5.031,0.829343399989087,-0.174461062718159,0.33212384545685847,0.0,2.574223978049087,2.33157230373611,37.707795316722276,37.74476452123615,0.0
5.032,0.8145538366030354,-0.1732544490971887,0.7002621793620609,0.0,2.567272189391298,2.348237584416222,38.41133202623266,37.74476452123615,0.0
5.033,0.8195330229429637,-0.1782734048569618,0.3418281495569053,0.0,2.5632462589370837,2.3187364254136726,37.79133367235056,37.74476452123615,0.0
5.034,0.805558305962935,-0.17816476832789133,0.6513616349868092,0.0,2.5566106660522414,2.331002823692501,38.3324421830477,37.74476452123615,0.0
5.035,0.808972225589825,-0.18162653369623255,0.37493060302012604,0.0,2.5522471528395743,2.3073609961555697,37.913459997423615,37.74476452123615,0.0
5.0360000000000005,0.7969859492920172,-0.18313717825998913,0.582734741070292,0.0,2.5460873614428103,2.3126223951452767,38.172999841796454,37.74476452123615,0.0
5.037,0.7978630071390514,-0.18468069959704966,0.44868246567826975,0.0,2.541224369986132,2.2997015442965614,38.12731027498345,37.74476452123615,0.0
5.038,0.7900237000490664,-0.18880999179908053,0.4677017915472983,0.0,2.535994379519103,2.2918902223449322,37.91001263795566,37.74476452123615,0.0
5.039,0.7856025939589847,-0.18798554192073236,0.5746981288939985,0.0,2.530374273494976,2.296324365990218,38.50134757399413,37.74476452123615,0.0
5.04,0.7854496741401144,-0.19410853368512565,0.27146483034718294,0.0,2.526441366030657,2.2653000685741205,37.76536004903802,37.74476452123615,0.0
5.041,0.7703823097559598,-0.19084083200344185,0.6392526375472185,0.0,2.5193786424685296,2.2821297828147418,38.41131273026607,37.74476452123615,0.0
5.042,0.7749345863605829,-0.19552614582449482,0.30961081484289643,0.0,2.5152532242238115,2.255980350635263,37.95446080399644,37.74476452123615,0.0
5.043,0.7621657199829405,-0.19631177443677794,0.5359398151501077,0.0,2.508964970594758,2.261676026177684,38.100409224640124,37.74476452123615,0.0
5.0440000000000005,0.7628799347982405,-0.19762024338540324,0.45940915779422586,0.0,2.504011185181077,2.2552853941972772,38.32804402530855,37.74476452123615,0.0
5.045,0.7583067266212543,-0.20288182283378775,0.33975896241928893,0.0,2.499479404160559,2.2371524270034806,37.84598135749394,37.74476452123615,0.0
5.046,0.7490360226433532,-0.20081684580103137,0.579778127964016,0.0,2.4933077412546263,2.248952233946482,38.45418749542843,37.74476452123615,0.0
5.047,0.7523649030080545,-0.2054554292675822,0.2685808292548493,0.0,2.4894641192852367,2.221864115511237,37.98025001478884,37.74476452123615,0.0
5.048,0.7387201176792612,-0.20552154135889947,0.5031947146391181,0.0,2.4832569341646393,2.2275541622917534,38.047349379124455,37.74476452123615,0.0
5.049,0.7389759617222083,-0.20653761440842444,0.46661918389242596,0.0,2.478350579148689,2.225520447948167,38.44852252282682,37.74476452123615,0.0
5.05,0.7366249430784264,-0.21212283168095084,0.25899503202533647,0.0,2.4743357013694567,2.200987738630677,37.852111665460214,37.74476452123615,0.0
5.051,0.7242230034716352,-0.2094366486008924,0.5561269892663991,0.0,2.467917708124867,2.2146082724525105,38.298824849959026,37.74476452123615,0.0
5.0520000000000005,0.7280914173800722,-0.21282869207148883,0.3272297937297646,0.0,2.4639035541994865,2.1975253975602653,38.19660328941555,37.74476452123615,0.0
5.053,0.7190681016289966,-0.21581187756773512,0.37382218631970887,0.0,2.4588767581473006,2.1901947787766685,37.867166561217445,37.74476452123615,0.0
5.054,0.7138016535960544,-0.21508060925440667,0.5373165300189479,0.0,2.4535093084525443,2.201102072273342,38.46586194047213,37.74476452123615,0.0
5.055,0.7177013703261593,-0.21997845262422386,0.2307578661992452,0.0,2.4503154085307446,2.1745438616730732,38.07109327048695,37.74476452123615,0.0
5.056,0.7043082405874481,-0.219937120554849,0.4248789136993286,0.0,2.444731552579768,2.176253225442416,37.940379197008085,37.74476452123615,0.0
5.057,0.7022405755975872,-0.2200039204370834,0.48827980368104096,0.0,2.4398847799085637,2.182359666514213,38.53273063156456,37.74476452123615,0.0
5.058,0.7040637235465549,-0.22512483493920973,0.18422442529951832,0.0,2.4366959612080707,2.1530694627656395,37.99716532143806,37.74476452123615,0.0
5.059,0.689111008394962,-0.22336230768318777,0.44948307236074947,0.0,2.430651916859586,2.1602714326285897,37.99380283835747,37.74476452123615,0.0
5.0600000000000005,0.6892608871951357,-0.22422659786856391,0.4486739307298331,0.0,2.426045171125197,2.163241195200848,38.52374294594161,37.74476452123615,0.0
5.061,0.6898763056772008,-0.22943948169596157,0.17591409269070546,0.0,2.422760850540632,2.1353916189294213,37.968756770128685,37.74476452123615,0.0
5.062,0.6756044109027725,-0.22728801814363372,0.4511672581082442,0.0,2.416731214558351,2.1445800774130084,38.00575157342413,37.74476452123615,0.0
5.063,0.6768561575646855,-0.2286302736056585,0.43005998593864303,0.0,2.4123925507590025,2.1468919837766243,38.51059878730708,37.74476452123615,0.0
5.064,0.67742950898285,-0.23379599001092946,0.1699780363364568,0.0,2.409273750225911,2.120090340200018,37.98376860537145,37.74476452123615,0.0
5.065,0.6636363715702632,-0.23173072695221045,0.4310030864629186,0.0,2.403507829287955,2.1284935345672644,37.97655762562521,37.74476452123615,0.0
5.066,0.664524177441035,-0.2329118710709715,0.4322906452921481,0.0,2.3993093983641707,2.1327756083540295,38.500233125038214,37.74476452123615,0.0
5.067,0.6661820400368827,-0.23788165063814232,0.16289820954762624,0.0,2.3964938822226425,2.106390101322713,38.0427341938174,37.74476452123615,0.0
5.0680000000000005,0.6525803625030717,-0.2363054113275794,0.3886679784322197,0.0,2.391098282872302,2.1114029554698055,37.92530953034346,37.74476452123615,0.0
5.069,0.651682119658183,-0.23680820185427626,0.44557486007811675,0.0,2.3868145982227467,2.1193398134969565,38.44186043600866,37.74476452123615,0.0
5.07,0.6551168190980684,-0.2412748816715722,0.18032844809779247,0.0,2.384239274715499,2.0959216437553065,38.16081143621453,37.74476452123615,0.0
5.071,0.6430351722926114,-0.2410956114615867,0.3166924788450738,0.0,2.3795152800635373,2.093603594282099,37.887238947433275,37.74476452123615,0.0
5.072,0.6386553320321804,-0.24050381569866602,0.4520539789737301,0.0,2.374968575097631,2.104932040958288,38.27675117896541,37.74476452123615,0.0
5.073,0.6433108061757519,-0.24401231113964802,0.2519779966303689,0.0,2.3724012377520713,2.0907550988528145,38.33158822025931,37.74476452123615,0.0
5.074,0.6359338287948313,-0.24626942061792764,0.21869123899318677,0.0,2.368886137018721,2.076936355960013,37.93787495844827,37.74476452123615,0.0
5.075,0.6266961343707933,-0.24445581755782086,0.41361676552658766,0.0,2.3641186046380307,2.086865029391037,38.03727765714693,37.74476452123615,0.0
5.0760000000000005,0.6294098020926016,-0.24625566839084967,0.3609902848181492,0.0,2.3610368124607475,2.087195033703989,38.451540866906015,37.74476452123615,0.0
5.077,0.6292762482067653,-0.2503530144415727,0.14679091648190812,0.0,2.358728909489736,2.0641900202626755,38.09053091213986,37.74476452123615,0.0
5.078,0.6168500364810408,-0.2484157282842012,0.32383822995594774,0.0,2.354097220533876,2.0662374637848697,37.94767363594086,37.74476452123615,0.0
5.079,0.6143659720347752,-0.2482653760948226,0.3932377769084019,0.0,2.3501362789465636,2.073629456061121,38.27292320433424,37.74476452123615,0.0
5.08,0.6173212981327468,-0.25118890547200656,0.2253314058807302,0.0,2.3476337224989927,2.0603725321532065,38.299786998939425,37.74476452123615,0.0
5.081,0.6100854462773346,-0.2526761218171595,0.20634928380110545,0.0,2.3441900878095807,2.04860757223792,37.97365548654431,37.74476452123615,0.0
5.082,0.6017987620240037,-0.2510882413574266,0.3671261303455813,0.0,2.3397247815835596,2.056389195935222,37.9842524988936,37.74476452123615,0.0
5.083,0.6034989072616043,-0.2526045143286321,0.3594327443943599,0.0,2.3366668371813017,2.060222202901443,38.3723514332112,37.74476452123615,0.0
5.0840000000000005,0.6053989395938049,-0.2560693394636887,0.15910740811581092,0.0,2.3346639559510347,2.0412152594955217,38.187733876422314,37.74476452123615,0.0
5.085,0.5952662493639143,-0.25531629482953216,0.24698649295839248,0.0,2.3308431853420952,2.036712271251245,37.96179490076702,37.74476452123615,0.0
5.086,0.5897075417573384,-0.25450851979130507,0.35778567699073194,0.0,2.326872868161759,2.0440967551000595,37.96008850459424,37.74476452123615,0.0
5.087,0.5919551435153185,-0.2562702874586287,0.3564856352435403,0.0,2.3242399032781247,2.0487919391439995,38.292781464200004,37.74476452123615,0.0
5.088,0.5940944203249885,-0.26036994017570647,0.1846589860110191,0.0,2.3227730974094536,2.0336535328655936,38.175705421771056,37.74476452123615,0.0
5.089,0.5864180135604544,-0.2595825001074825,0.23888759822014416,0.0,2.3198115165651334,2.028431497975685,38.09295619175494,37.74476452123615,0.0
5.09,0.581022149722735,-0.2586385305251775,0.2767802965230125,0.0,2.316527928062883,2.0275782001360634,38.093147611733535,37.74476452123615,0.0
5.091,0.5783990640566551,-0.25930956476762945,0.2732007556287429,0.0,2.3135706220893892,2.0259437775336724,38.11121731970654,37.74476452123615,0.0
5.0920000000000005,0.5762613212780408,-0.2604202036073797,0.2605013736575364,0.0,2.3108610643829524,2.0230248508352675,38.124973686386895,37.74476452123615,0.0
5.093,0.5738041102342252,-0.2609553802648138,0.24982109866585173,0.0,2.3081783328212397,2.0193279403937203,38.12534921343803,37.74476452123615,0.0
5.094,0.5706785711466738,-0.26134604731567423,0.24582748821826628,0.0,2.3054318049805635,2.015719190630032,38.106113784980025,37.74476452123615,0.0
5.095,0.5674078159252975,-0.2616303736702895,0.25183170980982916,0.0,2.3026264241760854,2.0132255912216666,38.08824466402508,37.74476452123615,0.0
5.096,0.564674505985722,-0.26210442921602606,0.2573314688594105,0.0,2.2999015243577032,2.011513701494369,38.06705392753119,37.74476452123615,0.0
5.097,0.5624013508256466,-0.26299534350398457,0.2647039430434063,0.0,2.297371185564648,2.0106791992959194,38.03227810470288,37.74476452123615,0.0
5.098,0.5609816656817616,-0.2636750613894448,0.2792167186228931,0.0,2.295076290255574,2.011331227824139,37.931603228921816,37.74476452123615,0.0
5.099,0.5601222787738611,-0.26534102133285364,0.32768576943656985,0.0,2.2932525457451503,2.0169553675107688,38.065204592476924,37.74476452123615,0.0
5.1000000000000005,0.5627997201611868,-0.26673958509160056,0.25768068694660795,0.0,2.2923107720684586,2.0133463567739756,38.30817714829565,37.74476452123615,0.0
5.101,0.5605714563333191,-0.2680766130436263,0.13056028276665077,0.0,2.2912353621228934,1.9969927595432364,38.13016510425845,37.74476452123615,0.0
5.102,0.5506363837076504,-0.2656321886541352,0.2157122989550257,0.0,2.2883498764864463,1.9938754822140798,37.91282090846401,37.74476452123615,0.0
5.103,0.5456016795379195,-0.2641034116490719,0.32270383297996663,0.0,2.2852974904540657,2.0021533993674687,37.905476876566524,37.74476452123615,0.0
5.104,0.5483543905698616,-0.26518712227255703,0.3247687253754073,0.0,2.283512630678897,2.0081023637703175,38.27480041695261,37.74476452123615,0.0
5.105,0.5516601321507468,-0.2678743596167677,0.13480659622520075,0.0,2.2827859123231584,1.9920253581613103,38.23727580655599,37.74476452123615,0.0
5.106,0.5431827576384028,-0.2669930575941345,0.1486437885703104,0.0,2.28040034964616,1.9818706623392597,37.92081581270353,37.74476452123615,0.0
5.107,0.5350679306230248,-0.2642074362952551,0.3051132725818675,0.0,2.2769402683320066,1.9903740083761041,37.82990528703167,37.74476452123615,0.0
5.1080000000000005,0.5370209937556715,-0.26472025984409164,0.34971712775984176,0.0,2.274760796556314,2.0007267556925648,38.12632629457128,37.74476452123615,0.0
5.109,0.542735761376099,-0.267566695362641,0.19769100625668706,0.0,2.2741425263613886,1.9920482753757618,38.2850194947891,37.74476452123615,0.0
5.11,0.5387191805902766,-0.2686007495513866,0.11294185641224819,0.0,2.2728035167598515,1.9768726423659362,37.96178818721366,37.74476452123615,0.0
5.111,0.5291914937785469,-0.2656069526054131,0.27238727354018977,0.0,2.269741186611542,1.9824750388208887,37.757869669421886,37.74476452123615,0.0
5.112,0.5291600965580272,-0.2651100848870408,0.3742154809542211,0.0,2.267520611643997,1.9967257880859193,37.9847200017678,37.74476452123615,0.0
5.113,0.5364306551415368,-0.26790418602920796,0.25839075997594885,0.0,2.267259488902532,1.9947703281295501,38.327137187794456,37.74476452123615,0.0
5.114,0.5363873550186623,-0.2701670039473394,0.08135844029703665,0.0,2.2670499013991487,1.9747464625391253,38.03877562020536,37.74476452123615,0.0
5.115,0.5252026643654573,-0.2669717372238597,0.22259911310189429,0.0,2.2644847785682973,1.975240704933352,37.7087296856909,37.74476452123615,0.0
5.1160000000000005,0.5219582018146539,-0.2649644706451978,0.3879824287145762,0.0,2.262036745603537,1.9924538127684737,37.873375346113754,37.74476452123615,0.0
5.117,0.5298360241178601,-0.26748011592372506,0.3043734902543721,0.0,2.2618516203651877,1.9959509850579966,38.29810286392719,37.74476452123615,0.0
5.118,0.5330995818031387,-0.27022037525973563,0.08647634792074299,0.0,2.262310996953802,1.9756671182002874,38.10542571898683,37.74476452123615,0.0
5.119,0.522502008502257,-0.2675781976477244,0.17920830841341706,0.0,2.2603780070671027,1.9710354314046903,37.71905263098786,37.74476452123615,0.0
5.12,0.5166041448233459,-0.26471081056377277,0.37265197131538436,0.0,2.2578861566863995,1.9875678868859445,37.74879592615161,37.74476452123615,0.0
5.121,0.52346005689478,-0.2662575705961732,0.35774000968435604,0.0,2.257495554366295,1.9978100304079234,38.18898747132076,37.74476452123615,0.0
5.122,0.5301131290994907,-0.26964445316667696,0.13320200759893525,0.0,2.258525316112831,1.9817755599108036,38.20775458891434,37.74476452123615,0.0
5.123,0.5224935852601319,-0.26854660515092443,0.11918854812536167,0.0,2.257694022527563,1.9690560926611866,37.77734671578615,37.74476452123615,0.0
5.124,0.5133013738880328,-0.26427909416608525,0.33406666274395613,0.0,2.2552154638476853,1.9822371177933238,37.6109081256727,37.74476452123615,0.0
5.125,0.5173608050456742,-0.2643688417594039,0.4186245217563161,0.0,2.254355410894123,2.000466308348371,38.055985349169895,37.74476452123615,0.0
5.126,0.5273824213023899,-0.2686640749130086,0.1929737017283819,0.0,2.255875860462384,1.9900576222826991,38.31107909885434,37.74476452123615,0.0
5.127,0.5237848152495341,-0.268947375316592,0.059763681109975764,0.0,2.2561916071801114,1.9689412085410563,37.83883498546105,37.74476452123615,0.0
5.128,0.5113798704993673,-0.26339044968487346,0.29494503316437415,0.0,2.253750043028376,1.9784986276395078,37.532416113283006,37.74476452123615,0.0
5.1290000000000004,0.5123991749147125,-0.26223962390119027,0.45027795333292686,0.0,2.2524373556217716,2.001354783177748,37.92839882651255,37.74476452123615,0.0
5.13,0.52417875514853,-0.26646772092703036,0.25045025366539136,0.0,2.2540181514403304,1.996974117474823,38.30724874418428,37.74476452123615,0.0
5.131,0.5244109839586932,-0.267798588131577,0.055400452600045336,0.0,2.2551069155289833,1.973824647436754,37.895595187451804,37.74476452123615,0.0
5.132,0.5117780981527407,-0.262765634182894,0.2597189243041261,0.0,2.2532049225985626,1.978916470436216,37.49097671864977,37.74476452123615,0.0
5.133,0.5103907431113257,-0.2606171280346591,0.4645660367310072,0.0,2.2518163051243114,2.0038251896891013,37.81881911367923,37.74476452123615,0.0
5.134,0.522742634236059,-0.2642690006387327,0.2999042932918445,0.0,2.253480612370705,2.0045703307925624,38.28514592215715,37.74476452123615,0.0
5.135,0.5259137757314797,-0.26624563112172345,0.061337075043676414,0.0,2.2552339136298927,1.9805863052841601,37.95143304609849,37.74476452123615,0.0
5.136,0.5134522418273598,-0.2617184262499431,0.2261268278243842,0.0,2.2538957233715964,1.9810910375852842,37.46670770201101,37.74476452123615,0.0
5.1370000000000005,0.5096608594825613,-0.2586796869325019,0.4712700680603754,0.0,2.252452836093041,2.007021773247505,37.709783231080934,37.74476452123615,0.0
5.138,0.5220458179310015,-0.261599353109832,0.3500821164269642,0.0,2.254098861781243,2.013032780280836,38.238718751195094,37.74476452123615,0.0
5.139,0.5281036938192121,-0.2641352959725289,0.08067481407029459,0.0,2.2564311426570822,1.9896418486735363,38.015948672618265,37.74476452123615,0.0
5.14,0.5165278464616011,-0.2604325408032333,0.18934801184488803,0.0,2.2557584397873582,1.9848052850615419,37.47294862170888,37.74476452123615,0.0
5.141,0.5103131424664216,-0.2562362405588383,0.46356619629485285,0.0,2.2542447853682166,2.0100302348014174,37.5935490595702,37.74476452123615,0.0
5.142,0.5217713815804398,-0.2581053335679232,0.40477813198085233,0.0,2.2556525545984196,2.022049901863859,38.15474055894354,37.74476452123615,0.0
5.143,0.5305581264802999,-0.2616969227472614,0.12008262191711028,0.0,2.2584978974914836,2.0014277941313603,38.06506846579941,37.74476452123615,0.0
5.144,0.5211908073316491,-0.2590448531940356,0.16171562904353948,0.0,2.2586688517793423,1.9916972899013117,37.487272998856334,37.74476452123615,0.0
5.1450000000000005,0.5132905118893178,-0.25372941333530624,0.4531882777388776,0.0,2.2572914825264827,2.015377952115447,37.515642081780314,37.74476452123615,0.0
5.146,0.5234415850306285,-0.2546457480632459,0.44129496067144586,0.0,2.258573867638983,2.0311341988185445,38.1014330397609,37.74476452123615,0.0
5.147,0.5336393600694054,-0.2588136230685914,0.1448327964959059,0.0,2.2617529418138522,2.011930909951096,38.06099769216611,37.74476452123615,0.0
5.148,0.5254814141066859,-0.25657608037543844,0.16188813858399986,0.0,2.2624059712381888,2.0008059184656113,37.44815320072408,37.74476452123615,0.0
5.149,0.5173414269234757,-0.25083808362520743,0.471276497510137,0.0,2.261272394355949,2.0255347142626285,37.494063059567665,37.74476452123615,0.0
5.15,0.5279828637144153,-0.25163928992852963,0.4508285827050286,0.0,2.262870567402504,2.041082160655061,38.111219903907234,37.74476452123615,0.0
5.151,0.5381734921930938,-0.25570109809550745,0.13858560670853354,0.0,2.2663024546189803,2.020077876736598,37.9930788342147,37.74476452123615,0.0
5.152,0.5291051449181005,-0.2529377947250593,0.195172998425015,0.0,2.2669461432695424,2.011963677265442,37.3348717313598,37.74476452123615,0.0
5.1530000000000005,0.5222751411104574,-0.24753656130260726,0.5283754777512297,0.0,2.2661475404651688,2.0414722823612674,37.54184961962779,37.74476452123615,0.0
5.154,0.5358089141595228,-0.24935005778008346,0.4269156826333169,0.0,2.2686331553975623,2.051900549337368,38.21027335881596,37.74476452123615,0.0
5.155,0.5442743859819654,-0.2525025385885198,0.08804872466343339,0.0,2.272241673458479,2.0244779195136107,37.84270258472285,37.74476452123615,0.0
5.156,0.5314721247937367,-0.24774073939178415,0.2708547310751215,0.0,2.2721917540112035,2.0251486382122352,37.13789882178705,37.74476452123615,0.0
5.157,0.5281213743472118,-0.24333657093057764,0.6293252695375142,0.0,2.2717770578397523,2.0635915522002515,37.68624644274191,37.74476452123615,0.0
5.158,0.5470144916339276,-0.24799503251189767,0.35573663984502457,0.0,2.2758045951428048,2.0623575001155188,38.325710240587576,37.74476452123615,0.0
5.159,0.5509290010230335,-0.24981414321929554,0.030195283728678135,0.0,2.2794594910690797,2.028334279233758,37.586504327691806,37.74476452123615,0.0
5.16,0.5341207494871635,-0.2415204348531496,0.4013808421120064,0.0,2.2784160762872014,2.044052747778966,37.07280977766116,37.74476452123615,0.0
5.1610000000000005,0.5376073188552847,-0.2385933492659367,0.6649476645630775,0.0,2.2788098075070993,2.0828239177313983,37.8918344280924,37.74476452123615,0.0
5.162,0.5576394084431741,-0.2459925853138674,0.25396464027889587,0.0,2.2838844694213947,2.067744878753819,38.17932538563501,37.74476452123615,0.0
5.163,0.5547021913311225,-0.2457191881257555,0.1058735528636029,0.0,2.286839695195332,2.043024435270793,37.360626613177374,37.74476452123615,0.0
5.164,0.5417374757137173,-0.23643207012521295,0.519064318173009,0.0,2.286008505035394,2.069400200318444,37.36940609263494,37.74476452123615,0.0
5.165,0.551766090217923,-0.23580381467764513,0.5184281627302383,0.0,2.2879217734769886,2.0876205903419014,38.101851014894386,37.74476452123615,0.0
5.166,0.5629694547356395,-0.2401517452125464,0.14863483666393257,0.0,2.291950308990083,2.0624072799423985,37.66211702966243,37.74476452123615,0.0
5.167,0.5524259076547725,-0.23607762885113295,0.3693283041956464,0.0,2.2925630278068128,2.069364192647379,36.972777765894534,37.74476452123615,0.0
5.168,0.5537053069822172,-0.23207450525126627,0.7217178036330119,0.0,2.2934105635799975,2.1119964268295015,37.84038172823339,37.74476452123615,0.0
5.1690000000000005,0.5752770504738345,-0.23907696134152256,0.2869596503936121,0.0,2.2992468706000033,2.0967428015292184,38.1270619278567,37.74476452123615,0.0
5.17,0.5724662427555931,-0.23888449052953267,0.1397965765157505,0.0,2.3028829880377586,2.0722827191507176,37.25717724674258,37.74476452123615,0.0
5.171,0.5599370508598963,-0.22902004928862282,0.5796147898177473,0.0,2.3026263216655076,2.101833993987183,37.4615452082916,37.74476452123615,0.0
5.172,0.5716078388832034,-0.2288591614926184,0.48026300217268403,0.0,2.3054313961689763,2.1116685173272796,38.208044285365794,37.74476452123615,0.0
5.173,0.5788595358572297,-0.2317001853137489,0.10238066599428874,0.0,2.309253537054393,2.079545577893632,37.32449336938452,37.74476452123615,0.0
5.174,0.5644347980728935,-0.2241525709202574,0.5483588355034422,0.0,2.308622522086408,2.1055128066256974,37.10767159948336,37.74476452123615,0.0
5.175,0.5747178151497555,-0.22254685020177406,0.6631406496715497,0.0,2.3105501783533295,2.1357110495948604,37.91832626767058,37.74476452123615,0.0
5.176,0.5916787481844101,-0.2299627478060728,0.256077698113596,0.0,2.3161366992341326,2.1153946186177,37.53376641735478,37.74476452123615,0.0
5.1770000000000005,0.5857848693009289,-0.22725726530068896,0.4504676043103112,0.0,2.3187611628775033,2.1239399380310826,36.943106995569224,37.74476452123615,0.0
5.178,0.5896057858255399,-0.22303948888250227,0.7538138904597569,0.0,2.3215408115169303,2.1628381246753947,37.960952951368135,37.74476452123615,0.0
5.179,0.6091122741219697,-0.2300068724095233,0.24272902825898124,0.0,2.3287409039089995,2.136764155268278,37.69942872732644,37.74476452123615,0.0
5.18,0.6003120414422257,-0.22650710272113533,0.37394449821892495,0.0,2.332158941620157,2.1347252328364177,36.94757164764021,37.74476452123615,0.0
5.181,0.5979699429221871,-0.21890146257998574,0.7578449667980004,0.0,2.3342296605983694,2.174318531773363,37.91541861749249,37.74476452123615,0.0
5.182,0.6162931527305263,-0.22408661971680757,0.2722149409092961,0.0,2.340699061258919,2.1508622911167703,37.70781303312232,37.74476452123615,0.0
5.183,0.6083523700303033,-0.22109306609584262,0.3763872479755198,0.0,2.3437947553180782,2.1477705868231722,36.95025235122826,37.74476452123615,0.0
5.184,0.6060718597720722,-0.21329471812858025,0.7631127106226302,0.0,2.3454438268017737,2.186967148486772,37.90335451945603,37.74476452123615,0.0
5.1850000000000005,0.624306457066137,-0.2185337276047285,0.2849757265265451,0.0,2.3515019218255078,2.163918027450411,37.59025495989493,37.74476452123615,0.0
5.186,0.6168428611342593,-0.21550515773500928,0.4430706019205086,0.0,2.354263762462802,2.166954775679804,36.981033400937115,37.74476452123615,0.0
5.187,0.618166686677575,-0.20876351894554313,0.7553186926024055,0.0,2.3563417992911626,2.2025101176019732,37.93347323766455,37.74476452123615,0.0
5.188,0.6351922067695029,-0.21458451627170783,0.2772116870744036,0.0,2.3624752927226753,2.1771439085451827,37.38572587453519,37.74476452123615,0.0
5.189,0.6269544611746434,-0.2099416810418357,0.5546757551060935,0.0,2.3648898940568106,2.191306194492342,37.186941185332955,37.74476452123615,0.0
5.19,0.6336568435985913,-0.205226169887968,0.6596463330662428,0.0,2.368006985977623,2.212246195350917,37.97194977135451,37.74476452123615,0.0
5.191,0.6442932503902044,-0.2097418803734311,0.264870187554282,0.0,2.3734502520571494,2.1858258426069597,37.15904061845416,37.74476452123615,0.0
5.192,0.6346741413409764,-0.20246222418915594,0.6771820030322748,0.0,2.3748612369692026,2.2130583789663794,37.503840184244766,37.74476452123615,0.0
5.1930000000000005,0.6468051866932474,-0.20140309383301624,0.5071914635068877,0.0,2.378810669248661,2.2134560765992504,37.80523438200317,37.74476452123615,0.0
5.194,0.6486278609708223,-0.20318352443713164,0.3558896660200148,0.0,2.382611366733474,2.199186471651466,36.930020595200446,37.74476452123615,0.0
5.195,0.6441313194468148,-0.1949648550517055,0.8016439986817343,0.0,2.3836831760365897,2.237782737825015,37.6983169835641,37.74476452123615,0.0
5.196,0.6620346176961047,-0.19935957206059182,0.41796027987662887,0.0,2.38907303659158,2.2239494776936812,37.269054945114675,37.74476452123615,0.0
5.197,0.659669367216718,-0.197862762625294,0.637348394862555,0.0,2.392331988869967,2.2404472700027074,37.20740444788092,37.74476452123615,0.0
5.198,0.6697448235197263,-0.19449907682105494,0.6735472442129856,0.0,2.3965597878073033,2.256277217889233,37.85316953825045,37.74476452123615,0.0
5.199,0.6785251420698083,-0.19885517766529506,0.3495806488580779,0.0,2.4024606095904693,2.234083556420818,36.94593866664444,37.74476452123615,0.0
5.2,0.6714650511593787,-0.19058988302479696,0.8111843432070003,0.0,2.4045992396295786,2.269579828795139,37.64800783502157,37.74476452123615,0.0
5.2010000000000005,0.6872988053592402,-0.1930905912515382,0.4611173258805781,0.0,2.4104313647535562,2.2568046142154543,37.19209496147443,37.74476452123615,0.0
5.202,0.6846739948511367,-0.19107917572538638,0.6946004582517661,0.0,2.414156493117023,2.27552101503812,37.31339982502962,37.74476452123615,0.0
5.203,0.6956709562655934,-0.1880618437450792,0.6382616734362371,0.0,2.419068956363837,2.282970277100774,37.67451057053485,37.74476452123615,0.0
5.204,0.7002861346415781,-0.19096690258837437,0.45840884019063555,0.0,2.424584829284801,2.27054773546577,36.880234294103815,37.74476452123615,0.0
5.205,0.6977964905946441,-0.18275682233165896,0.8641922806774762,0.0,2.427374701333497,2.3066737547012948,37.73119410033015,37.74476452123615,0.0
5.206,0.714305496653951,-0.18738313013274668,0.43884808177336865,0.0,2.434089182761563,2.286779575826823,36.97530390239012,37.74476452123615,0.0
5.207,0.709630506540953,-0.1821275632741973,0.8244877869318455,0.0,2.4375184227269227,2.3168994115121007,37.59704807023801,37.74476452123615,0.0
5.208,0.7242532431736356,-0.18301771883173162,0.5150928675178803,0.0,2.443767195044189,2.3048050985075403,37.0866379125607,37.74476452123615,0.0
5.2090000000000005,0.7215412528243907,-0.18054550281182624,0.7768792124432914,0.0,2.4479008135115086,2.3268800874758426,37.4463641829669,37.74476452123615,0.0
5.21,0.7339779851482893,-0.17846822097046067,0.6000000806228808,0.0,2.453624790186574,2.3236912109854253,37.283429305803665,37.74476452123615,0.0
5.211,0.7340101438437,-0.17879373866762832,0.6860808713588246,0.0,2.458514061310194,2.3327521279774577,37.16037409231244,37.74476452123615,0.0
5.212,0.7416479952471542,-0.17330268553376832,0.7534523823936754,0.0,2.4632132259989583,2.347106096621698,37.560881515022935,37.74476452123615,0.0
5.213,0.7487778337343628,-0.17685628384920565,0.555037501100559,0.0,2.469323677429307,2.33728732909824,36.87724711145736,37.74476452123615,0.0
5.214,0.7487490388830411,-0.16904947168159762,0.9055298769811354,0.0,2.472946921642684,2.369674259448475,37.68812058297736,37.74476452123615,0.0
5.215,0.7635603537386141,-0.17407823167506525,0.5006595806037211,0.0,2.480077766190704,2.3495146322420766,36.812789452739516,37.74476452123615,0.0
5.216,0.7596424067432739,-0.16650183662038442,0.9476448964076106,0.0,2.4835958725073324,2.3858802272313646,37.725537577662614,37.74476452123615,0.0
5.2170000000000005,0.7762300187170976,-0.1706477588185732,0.4914631033817969,0.0,2.4909305430835755,2.3624474061754355,36.73038578297407,37.74476452123615,0.0
5.218,0.7706043323471339,-0.1631677562279243,0.9991827881086907,0.0,2.4943242049896472,2.4032870191533733,37.74561666010959,37.74476452123615,0.0
5.219,0.7892485149668925,-0.16778142255522815,0.4915588281521951,0.0,2.5020447653248152,2.3773590876297677,36.680054096373425,37.74476452123615,0.0
5.22,0.7829769842113335,-0.16001005484393116,1.034987214268905,0.0,2.5054994893625904,2.420525677573753,37.74068427882918,37.74476452123615,0.0
5.221,0.8024944134764411,-0.16518443415306144,0.504712925465098,0.0,2.513572295392105,2.393746992770814,36.67860135600663,37.74476452123615,0.0
5.222,0.7963533853438557,-0.1568979641745421,1.0464160185286668,0.0,2.517196696847645,2.4362142275633856,37.716671177355096,37.74476452123615,0.0
5.223,0.8152309969031853,-0.16228290176552568,0.527662041293245,0.0,2.5253805894716805,2.41017926304287,36.692307367515056,37.74476452123615,0.0
5.224,0.8096975051609984,-0.15346897145956956,1.0503685177504758,0.0,2.529119214671698,2.4510488966266935,37.67243870906998,37.74476452123615,0.0
5.2250000000000005,0.8275612360913609,-0.15906454378593232,0.5610261050946759,0.0,2.537274592969054,2.4271303538956635,36.730539018357106,37.74476452123615,0.0
5.226,0.8232791893532687,-0.14996025511634287,1.0421182054799027,0.0,2.5411651516866534,2.464882420886899,37.5936573138616,37.74476452123615,0.0
5.227,0.8395703598462474,-0.15555157514801166,0.6120701298014023,0.0,2.549147949321795,2.445297278500675,36.80875906503492,37.74476452123615,0.0
5.228,0.8374676020115337,-0.14662470807438244,1.0138793087767537,0.0,2.5533360843763853,2.477362635627409,37.46100163386067,37.74476452123615,0.0
5.229,0.8512544350962643,-0.15169770400472726,0.6905956532376344,0.0,2.560959239861264,2.4655233974302053,36.91187566082194,37.74476452123615,0.0
5.23,0.8527257407186,-0.14359252575510417,0.9734875283611399,0.0,2.565693856411172,2.4899573661325776,37.303133367218955,37.74476452123615,0.0
5.231,0.8633901122745831,-0.14805589387068896,0.7822749867028053,0.0,2.5729704304515373,2.4874007334711155,37.11279908899809,37.74476452123615,0.0
5.232,0.8690010867921504,-0.14103834493545403,0.8837617801356192,0.0,2.5784471197576884,2.4983925306926573,36.98950626459385,37.74476452123615,0.0
5.2330000000000005,0.8740101505106014,-0.14327929483550333,0.9529607749041614,0.0,2.5847919998337368,2.514934951349018,37.494280720699905,37.74476452123615,0.0
5.234,0.8870036629276852,-0.14058084202929982,0.7030783848564962,0.0,2.591837394660133,2.5008993693657233,36.58036563237736,37.74476452123615,0.0
5.235,0.8837421342748354,-0.1353023332741397,1.1716799179063575,0.0,2.5962210403705543,2.543505580875343,37.54858721122904,37.74476452123615,0.0
5.236,0.9041423857969626,-0.14141307554360705,0.6895309015805872,0.0,2.6051519093980886,2.5222904857247475,36.834385384983364,37.74476452123615,0.0
5.237,0.902732901285432,-0.132086118013034,1.0557356060659537,0.0,2.6099811092567515,2.549553040460102,37.18014642488187,37.74476452123615,0.0
5.238,0.9141011188629424,-0.13649647285484717,0.8885012670802438,0.0,2.61763205321099,2.551249836595866,37.28386918484769,37.74476452123615,0.0
5.239,0.922064877163364,-0.1305512306997944,0.8412488404612187,0.0,2.623989502197905,2.549254292737968,36.60001540831093,37.74476452123615,0.0
5.24,0.9223289892026859,-0.12858001865440777,1.1946232198588498,0.0,2.629354270996899,2.587488339423162,37.523493742498545,37.74476452123615,0.0
5.2410000000000005,0.9426121979783095,-0.13329235922889443,0.7350967605524188,0.0,2.63854403716816,2.5661252921571265,36.83943724503767,37.74476452123615,0.0
5.242,0.9409556252688334,-0.12368142184667624,1.0861782820448398,0.0,2.643574195477902,2.5914168132778492,37.02363516001731,37.74476452123615,0.0
5.243,0.9513104540012007,-0.12761104455093553,1.001290618167211,0.0,2.6511588579400325,2.6006781429883548,37.45185769980986,37.74476452123615,0.0
5.244,0.9624301663103951,-0.1239220862639166,0.7901084164851989,0.0,2.6584661054883867,2.5862710203610915,36.54172295773232,37.74476452123615,0.0
5.245,0.9592039773218379,-0.1169712375147387,1.2572062031590063,0.0,2.662874212239639,2.627993991214161,37.22900857673374,37.74476452123615,0.0
5.246,0.9783774509051031,-0.12422369704657965,0.9187209531033196,0.0,2.6718810844370684,2.6219397763001413,37.236009348138246,37.74476452123615,0.0
5.247,0.9851856737992699,-0.11731967248877972,0.9203081191320455,0.0,2.6785498806266745,2.6203939410784574,36.503504689149,37.74476452123615,0.0
5.248,0.9857878197951973,-0.11441961039773679,1.2989730469475418,0.0,2.6841472470907166,2.6613086855667083,37.319493851491366,37.74476452123615,0.0
5.249,1.006832202430839,-0.12095084516649773,0.8952311724738051,0.0,2.694023787802653,2.648184576152312,37.146384789204156,37.74476452123615,0.0
5.25,1.0103645221820288,-0.11247096921189892,0.9877695009377302,0.0,2.700602164799263,2.6513990552800437,36.48973291970841,37.74476452123615,0.0
5.251,1.0121799445083979,-0.11024837496117401,1.328645751700881,0.0,2.7066844654009516,2.691356555235582,37.297707360804914,37.74476452123615,0.0
5.252,1.0333416630079324,-0.11644673543805584,0.9291291027569408,0.0,2.7168583315329893,2.678261306552585,37.20715721005964,37.74476452123615,0.0
5.253,1.0368757943865652,-0.10789433809156912,0.9797802512413423,0.0,2.723702538870641,2.67688262490716,36.462901623694016,37.74476452123615,0.0
5.2540000000000004,1.0369424688896258,-0.10364871557917543,1.3647266733995762,0.0,2.729342962807086,2.7181918342310554,37.13364432578124,37.74476452123615,0.0
5.255,1.0576481465165315,-0.1107408890399717,1.035466524310513,0.0,2.7393728605880874,2.713589126600897,37.58719664759807,37.74476452123615,0.0
5.256,1.0633690198703212,-0.1079757693611087,0.8102660421384791,0.0,2.7475644129286914,2.6885479886711736,36.95035657571936,37.74476452123615,0.0
5.257,1.0504238966003014,-0.1030108861776391,1.1366301575330013,0.0,2.7519142102888687,2.7064633495768406,37.42477962782929,37.74476452123615,0.0
5.258,1.0518590802865437,-0.11006893028188608,0.9026184804121065,0.0,2.758446597686897,2.693729907052528,38.04074369028813,37.74476452123615,0.0
5.259,1.0465805565948287,-0.10726503536829396,0.5916766574921649,0.0,2.7626733932111542,2.651654553213417,37.274550194196195,37.74476452123615,0.0
5.26,1.022545522065651,-0.098188403712962,0.9794755488085329,0.0,2.761299583266123,2.6625677791459337,37.572231246789734,37.74476452123615,0.0
5.261,1.0176346484973466,-0.10352519579390917,0.8323603552562274,0.0,2.761832290354304,2.652491487034,38.14151810012218,37.74476452123615,0.0
5.2620000000000005,1.0127893879959093,-0.10188792754183618,0.5437493928011458,0.0,2.761070630093937,2.6136839108270182,37.36726085719376,37.74476452123615,0.0
5.263,0.9914458536913843,-0.09545850127043665,0.9346530509057767,0.0,2.7558135140315745,2.626865774399241,37.758691208544654,37.74476452123615,0.0
5.264,0.9897577520750007,-0.10274991793452187,0.738798608357246,0.0,2.753266646028434,2.6127229705813777,38.04992661426983,37.74476452123615,0.0
5.265,0.9850629872355647,-0.1009275894083031,0.5901292845643219,0.0,2.7492868141392965,2.585844222269423,37.3898496470041,37.74476452123615,0.0
5.266,0.9695030714145871,-0.09951941893245575,0.9237169169395077,0.0,2.7428804151407973,2.601101341490865,38.04234448915103,37.74476452123615,0.0
5.267,0.9720267851162199,-0.10792258986911818,0.5944936961868944,0.0,2.739578798472082,2.574208470618383,37.79721912874451,37.74476452123615,0.0
5.268,0.962367467521501,-0.10404142531051991,0.7165318303150702,0.0,2.733407096572178,2.5674789142003385,37.5152035308434,37.74476452123615,0.0
5.269,0.9546906768427024,-0.108500513321375,0.8598352391695514,0.0,2.7277089205472405,2.57609599066554,38.32783964214347,37.74476452123615,0.0
5.2700000000000005,0.9583645246747443,-0.11414200656068768,0.4476864323104419,0.0,2.724018243147531,2.5360312478703677,37.53827803526067,37.74476452123615,0.0
5.271,0.9410458266231323,-0.10880654093280723,0.8445321006115998,0.0,2.7160468430568177,2.5493202184604584,37.95470122172316,37.74476452123615,0.0
5.272,0.9411217250217252,-0.11748267641199539,0.6342211403754822,0.0,2.7112092095931732,2.533198953869123,37.94033909652029,37.74476452123615,0.0
5.273,0.9365855691292968,-0.11578744145741965,0.6394464572240768,0.0,2.7049699758169647,2.5213836829784166,37.56528145130495,37.74476452123615,0.0
5.274,0.9280727035643733,-0.1199424178205874,0.8287701105310601,0.0,2.6986471380788,2.531790418147659,38.35740764176572,37.74476452123615,0.0
5.275,0.932475566867828,-0.1257745760486076,0.42658058409537924,0.0,2.6945972452728277,2.493820667966137,37.536379542102516,37.74476452123615,0.0
5.276,0.9160622481149278,-0.12163945112803792,0.8391784837183167,0.0,2.6866421814057566,2.5105000614409034,38.183472535935984,37.74476452123615,0.0
5.277,0.9185633663882823,-0.13061334599528351,0.5112449066545844,0.0,2.6821790429574723,2.4840780805106477,37.745215903632975,37.74476452123615,0.0
5.2780000000000005,0.9090820118405538,-0.12723969179169653,0.7303687089821207,0.0,2.6750591793499234,2.4883028980382402,37.952515170177065,37.74476452123615,0.0
5.279,0.9067688319239103,-0.1349073858531554,0.6246415692206662,0.0,2.6699509667446852,2.477731660300636,37.99636243926496,37.74476452123615,0.0
5.28,0.903946147072632,-0.13423074324810422,0.600201955496429,0.0,2.66414534399904,2.4663630024986904,37.71950939160265,37.74476452123615,0.0
5.281,0.8958827540976589,-0.13894540627959173,0.7388810306239211,0.0,2.658308797107279,2.4719084889823764,38.31907123898276,37.74476452123615,0.0
5.282,0.898599731213144,-0.14210439429703023,0.4333570397564006,0.0,2.653910795604667,2.440941840969362,37.58905428879515,37.74476452123615,0.0
5.283,0.8835868764939443,-0.1410922495585613,0.7999226171746162,0.0,2.6467130036496074,2.4576880948223345,38.408735900786716,37.74476452123615,0.0
5.284,0.888022978507305,-0.14794570508225635,0.3834420973833257,0.0,2.6426736178303427,2.4219233313746167,37.6072433436844,37.74476452123615,0.0
5.285,0.8725883238959605,-0.14440750713575293,0.7855635877100003,0.0,2.6350039579188795,2.4394714478509734,38.375947740874324,37.74476452123615,0.0
5.2860000000000005,0.876360091003369,-0.15234481517166854,0.39489955691865786,0.0,2.6307645615096162,2.4069342874703055,37.64302684379501,37.74476452123615,0.0
5.287,0.8628587168196471,-0.14898760675875763,0.7623773822327244,0.0,2.623246722697431,2.4230789734105223,38.37132237105025,37.74476452123615,0.0
5.288,0.8663534593468614,-0.15697211961817012,0.3919640401069664,0.0,2.619007004859151,2.391917725568694,37.654032673356966,37.74476452123615,0.0
5.289,0.8533893645202247,-0.15393684738663943,0.7515162074323991,0.0,2.6116614089464543,2.4081645004104777,38.398123897222774,37.74476452123615,0.0
5.29,0.8572176338427804,-0.16170701177339028,0.3729370017396285,0.0,2.6075601209140626,2.3762620533036065,37.65340526647389,37.74476452123615,0.0
5.291,0.8436582022120728,-0.15883656090786744,0.7462099096616936,0.0,2.600285265735149,2.3935153542051424,38.42712024192283,37.74476452123615,0.0
5.292,0.8480841088802105,-0.16620792944046156,0.35252886473035727,0.0,2.596302781211521,2.360655751427163,37.6563392074286,37.74476452123615,0.0
5.293,0.8337764644496127,-0.16365236488760593,0.7388036351155465,0.0,2.5890777590763165,2.37872899562035,38.44440124490834,37.74476452123615,0.0
5.2940000000000005,0.8387553112122762,-0.17046066203825255,0.33777624913895443,0.0,2.5851570319060526,2.3456059034312213,37.67151069830614,37.74476452123615,0.0
5.295,0.8239817901413303,-0.16845283884797976,0.7249540606693538,0.0,2.578027124711463,2.3636777566575202,38.443075038696975,37.74476452123615,0.0
5.296,0.8292365643122106,-0.17450287729483788,0.3321887852993296,0.0,2.574102976020022,2.331427715066218,37.708349032531714,37.74476452123615,0.0
5.297,0.8144533189247065,-0.17330917759931996,0.6999159432690042,0.0,2.5671544306876175,2.3480666076296,38.41081727423997,37.74476452123615,0.0
5.298,0.8194264560974795,-0.17831474533920535,0.34202129488483957,0.0,2.563127178593136,2.3186061959585684,37.792456630161816,37.74476452123615,0.0
5.299,0.8054647285826217,-0.1782200671316082,0.6507246958346588,0.0,2.5564961402607635,2.3308109422318752,38.33128424217385,37.74476452123615,0.0
5.3,0.8088559956683824,-0.1816620099551837,0.3754456926192641,0.0,2.5521282408816295,2.30725172902684,37.915109157628656,37.74476452123615,0.0
5.301,0.796898695019242,-0.18319429633735942,0.5818297885279364,0.0,2.5459753421937075,2.312415903528767,38.170546098719036,37.74476452123615,0.0
5.3020000000000005,0.7977390361821094,-0.18471460723896993,0.4498535022079174,0.0,2.541106062160127,2.299655127723013,38.13083786624969,37.74476452123615,0.0
5.303,0.7899655599500556,-0.1888783803559307,0.4658468849924542,0.0,2.535890444483178,2.2916260222611307,37.90795129775909,37.74476452123615,0.0
5.304,0.785449052355955,-0.18802307602442975,0.5756583014725254,0.0,2.530257756820101,2.2962166686357337,38.50320443206074,37.74476452123615,0.0
5.305,0.7853655870098829,-0.19413216310610143,0.2704473352134542,0.0,2.526327955183091,2.265077677265398,37.7655178088441,37.74476452123615,0.0
5.306,0.7702368408282944,-0.1908818659103621,0.6390831139456944,0.0,2.519258611010401,2.281924977618045,38.40881705761956,37.74476452123615,0.0
5.307,0.7747980574095603,-0.1955401819906058,0.31079296419413227,0.0,2.515125849031028,2.25592931797241,37.95718063045143,37.74476452123615,0.0
5.308,0.7620984668429509,-0.1963764769328339,0.5344870166860421,0.0,2.5088522065678722,2.2614517624931656,38.0963165488125,37.74476452123615,0.0
5.309,0.7627501775657445,-0.19765385599758567,0.4614035372297435,0.0,2.5038903215508066,2.2553197909652454,38.33387639268095,37.74476452123615,0.0
5.3100000000000005,0.7582931998062376,-0.20295303952250482,0.3367324965810724,0.0,2.4993815642797506,2.236818633072394,37.84525982365024,37.74476452123615,0.0
5.311,0.74885688724381,-0.20084078773585817,0.580035828072287,0.0,2.4931882274147346,2.2487202167165132,38.450975722005346,37.74476452123615,0.0
5.312,0.752207052154308,-0.20544299150014328,0.2701157668870412,0.0,2.4893317475325696,2.221825186998651,37.98376619812028,37.74476452123615,0.0
5.313,0.7386485910147762,-0.20558236178443073,0.5013305120607336,0.0,2.483140721360463,2.2272917672197705,38.04211114840116,37.74476452123615,0.0
5.314,0.7388221842241074,-0.20656422537414884,0.46918457064864183,0.0,2.478222067119706,2.2255897059300795,38.45559127694375,37.74476452123615,0.0
5.315,0.7366301992715167,-0.21218178494328946,0.2553362388202719,0.0,2.474233185090764,2.2006069825351604,37.851210981719206,37.74476452123615,0.0
5.316,0.724023569011553,-0.20944980332855165,0.5564619218277135,0.0,2.467788225351911,2.21435076120501,38.292997758177435,37.74476452123615,0.0
5.317,0.7279093585999795,-0.2128152281873787,0.33008620122918564,0.0,2.4637596560045463,2.197609576780752,38.202001947924316,37.74476452123615,0.0
5.3180000000000005,0.7190578704526579,-0.21588953640873285,0.3710117320888636,0.0,2.4587643448052545,2.189917741056822,37.86587802812451,37.74476452123615,0.0
5.319,0.713651819890639,-0.2151234883193798,0.5378625569198815,0.0,2.4533843727814557,2.20094604388852,38.461590740745514,37.74476452123615,0.0
5.32,0.7175954568111973,-0.21998218611971637,0.23283793841428735,0.0,2.450187345482137,2.1746244423838608,38.07609519792649,37.74476452123615,0.0
5.321,0.7043133778505538,-0.22002714244189767,0.42227240305689506,0.0,2.444634218979721,2.1760038006503546,37.936262739156405,37.74476452123615,0.0
5.322,0.7021081561098785,-0.22004964280816164,0.49027365026273606,0.0,2.4397763664312637,2.1823854565880425,38.530999879924686,37.74476452123615,0.0
5.323,0.7040583233742707,-0.22515488036172615,0.18504272629171026,0.0,2.436603815858649,2.153151176951755,38.00288969095655,37.74476452123615,0.0
5.324,0.6891365307592654,-0.2234678179952278,0.44651656907857384,0.0,2.4305884631438173,2.1599984010283935,37.98841350291399,37.74476452123615,0.0
5.325,0.6891160076896399,-0.22426299800712804,0.4513181732830742,0.0,2.425963708533107,2.1633258450720203,38.52512798544377,37.74476452123615,0.0
5.3260000000000005,0.689895321572338,-0.2294614991156339,0.17515729737611097,0.0,2.422698057109646,2.1353464271006093,37.97444483575217,37.74476452123615,0.0
5.327,0.6755621932989037,-0.22736255339615288,0.4482020690767474,0.0,2.416678159991163,2.144219356679039,37.99928198139526,37.74476452123615,0.0
5.328,0.6766398969010716,-0.22862979527988442,0.43323832165361487,0.0,2.4123079316067764,2.146964664975252,38.511840857567606,37.74476452123615,0.0
5.329,0.6774203203312211,-0.23379396920051804,0.16928812020412565,0.0,2.4092046436028824,2.120038465376899,37.99000354221537,37.74476452123615,0.0
5.33,0.6635810199234988,-0.23179545086542017,0.4277543876704517,0.0,2.4034475856834745,2.1280954756529327,37.97023905487761,37.74476452123615,0.0
5.331,0.6642827960807406,-0.23290410751613275,0.43538188600291705,0.0,2.399213871998541,2.132809852869957,38.49872514993336,37.74476452123615,0.0
5.332,0.6661505896051885,-0.23786134257682318,0.16359923218807126,0.0,2.3964091766939717,2.1064586145677104,38.05073776032645,37.74476452123615,0.0
5.333,0.6525833384945253,-0.2363888768503447,0.3845331946006223,0.0,2.391038283509115,2.110993668526178,37.92037548204914,37.74476452123615,0.0
5.3340000000000005,0.6514507154318929,-0.23681300428265717,0.4479582241311475,0.0,2.3867193637134103,2.1192944574203283,38.43401267899487,37.74476452123615,0.0
5.335,0.6550457803007839,-0.24124407938507442,0.1842471440806953,0.0,2.384145591773634,2.0962840229784345,38.17156853049777,37.74476452123615,0.0
5.336,0.6431819782031705,-0.24122917869957505,0.3112011782366271,0.0,2.3794822037572168,2.093260278223836,37.886645923467505,37.74476452123615,0.0
5.337,0.6384921937758512,-0.24055551446643775,0.45224366772944735,0.0,2.3749088260081908,2.1047149409117347,38.26054824294034,37.74476452123615,0.0
5.338,0.6431594858464232,-0.24396801551906072,0.26013467077598884,0.0,2.372320364060978,2.0914640850240964,38.34570913348414,37.74476452123615,0.0
5.339,0.6362458421766747,-0.2464327530429291,0.21154477938160676,0.0,2.3689026588368214,2.076662844171031,37.94708684255249,37.74476452123615,0.0
5.34,0.62661631815413,-0.24452356688849536,0.408832701634271,0.0,2.3641119421975474,2.086177638448377,38.0250759537242,37.74476452123615,0.0
5.341,0.6289913309608158,-0.24618076938958489,0.36703503172353524,0.0,2.3609531607866003,2.0873337120723914,38.451829075375294,37.74476452123615,0.0
5.3420000000000005,0.6292501961758146,-0.2502864077078642,0.14658782535659576,0.0,2.358660913069147,2.064222359146071,38.1014001086355,37.74476452123615,0.0
5.343,0.6168251216294065,-0.2484770423713134,0.3182359528524979,0.0,2.3540466682606063,2.0656480296811113,37.94203788978423,37.74476452123615,0.0
5.344,0.6140301016700704,-0.248214014735123,0.39594432859265266,0.0,2.350025575599807,2.073484350188314,38.25836227325476,37.74476452123615,0.0
5.345,0.6171623685784191,-0.2511168970085692,0.23264615933720162,0.0,2.34751217158225,2.0610225474437036,38.309503519327194,37.74476452123615,0.0
5.346,0.6103791802407753,-0.25281134275643696,0.20142814632007472,0.0,2.344161287901517,2.048532058218693,37.9839208096164,37.74476452123615,0.0
5.347,0.6018269009678783,-0.25118994631871583,0.3618279382916692,0.0,2.339701145600729,2.0557846056318,37.98620255450253,37.74476452123615,0.0
5.348,0.6031512627652716,-0.25258775863346483,0.35827268551593877,0.0,2.3365822455903293,2.0596396057580275,38.35954221802519,37.74476452123615,0.0
5.349,0.6050207518175035,-0.25588006622379567,0.1654550767867199,0.0,2.3345089113053827,2.0414304312603653,38.19477816426672,37.74476452123615,0.0
5.3500000000000005,0.5952433234935973,-0.25535659457707693,0.24333696723564807,0.0,2.330731488042122,2.0364242368268,37.96538904211071,37.74476452123615,0.0
5.351,0.589560578321079,-0.25449064571686286,0.3558252831049097,0.0,2.326741168003674,2.0436631430371337,37.95419813719893,37.74476452123615,0.0
5.352,0.5916736937034267,-0.2562373179690335,0.3593263994011711,0.0,2.324074564026445,2.048750096112701,38.28715013020082,37.74476452123615,0.0
5.353,0.5940064805773589,-0.26036239028266167,0.18742654681057846,0.0,2.3226196069864726,2.0338822231327525,38.17807412313975,37.74476452123615,0.0
5.354,0.5865144892542034,-0.2596800236520639,0.23763145432207744,0.0,2.3197070473000014,2.0284446270132577,38.093655986696675,37.74476452123615,0.0
5.355,0.5810648684548216,-0.2587162168442156,0.2763516078890105,0.0,2.3164427888876693,2.0275412407290143,38.09217254420928,37.74476452123615,0.0
5.356,0.5783910390589418,-0.259365779213153,0.27361924890297834,0.0,2.3134957076168092,2.0259536312333823,38.10943690621508,37.74476452123615,0.0
5.357,0.5762628152037567,-0.2604642221009644,0.26134034405028705,0.0,2.3107989066174413,2.023114084946402,38.12596550191303,37.74476452123615,0.0
5.3580000000000005,0.5738423783254766,-0.2610165837572156,0.2492640363945438,0.0,2.3081376064426213,2.0193281742126388,38.12601607210232,37.74476452123615,0.0
5.359,0.5706776478763651,-0.2613928815835609,0.24542623579123835,0.0,2.305399714356243,2.0156772455255827,38.10615710906818,37.74476452123615,0.0
5.36,0.5673718446363455,-0.2616551853510776,0.2517417914299875,0.0,2.3025956090459587,2.0131827006768006,38.088193872474235,37.74476452123615,0.0
5.361,0.5646254146570675,-0.2621192760380721,0.2572891162145779,0.0,2.29987088671972,2.0114732992171063,38.066791307926515,37.74476452123615,0.0
5.362,0.562351903527144,-0.26300092460731905,0.2647701306215346,0.0,2.297340036915883,2.010652425932175,38.032312269584736,37.74476452123615,0.0
5.363,0.5609343606984574,-0.26368847031822434,0.2791341723089381,0.0,2.2950469983064443,2.011298984036755,37.93165667161925,37.74476452123615,0.0
5.364,0.5600791061614759,-0.2653437714517877,0.32759304978784953,0.0,2.293223127035989,2.0169183211465205,38.06647218022622,37.74476452123615,0.0
5.365,0.5627522525872373,-0.26674303009234235,0.2569682188944641,0.0,2.292280942042682,2.013237418592998,38.30024257218549,37.74476452123615,0.0
5.3660000000000005,0.560464859578879,-0.26810146950348873,0.13452824240533645,0.0,2.2912003210421745,1.9973465833858046,38.130410866585976,37.74476452123615,0.0
5.367,0.5507489684368788,-0.2657606379300484,0.21558763175159484,0.0,2.2883676027538087,1.9941235762877962,37.91322250866032,37.74476452123615,0.0
5.368,0.5457584380236611,-0.2641819650647425,0.3224972308401818,0.0,2.2853456098850287,2.0023408595110674,37.91034992244707,37.74476452123615,0.0
5.369,0.5484718414762019,-0.26525731383871837,0.32227766993469775,0.0,2.283581619719243,2.007992587750733,38.280256951908626,37.74476452123615,0.0
5.37,0.5515953396476341,-0.26789140035967546,0.13196923089719398,0.0,2.2828381974235694,1.9916545607004508,38.23343401055818,37.74476452123615,0.0
5.371,0.5429370578686432,-0.2669104038338654,0.1504940066791981,0.0,2.280401064169386,1.981800449829428,37.917059740190595,37.74476452123615,0.0
5.372,0.5349286907969292,-0.26415174486244847,0.30695818967344474,0.0,2.27692859063192,1.990508186651735,37.829932881124684,37.74476452123615,0.0
5.373,0.5370294656159439,-0.26471903431988314,0.3496699356075151,0.0,2.2747641265604646,2.000820383760061,38.13192349376403,37.74476452123615,0.0
5.3740000000000006,0.5427672855856043,-0.2675853794226844,0.1948030395625645,0.0,2.274156953673721,1.991812286277651,38.28333295365183,37.74476452123615,0.0
5.375,0.538579242720912,-0.26856868927613714,0.11371262529450676,0.0,2.272789188960262,1.9767910675605838,37.958975822703714,37.74476452123615,0.0
5.376,0.5290884326849858,-0.26557107567659083,0.2737490777538889,0.0,2.2697165082519573,1.9825522168323952,37.757826620296726,37.74476452123615,0.0
5.377,0.5291548863916674,-0.2651078292230187,0.37419305796677715,0.0,2.2675062295677675,1.9967762383969248,37.99961257834377,37.74476452123615,0.0
5.378,0.5364250929599106,-0.26794131066240395,0.25075159837217786,0.0,2.2672556963313175,1.9939747713936071,38.32356690360062,37.74476452123615,0.0
5.3790000000000004,0.5359457768683997,-0.27003676525990006,0.08298641192010836,0.0,2.2669522349095117,1.9743340686889432,38.01995693275727,37.74476452123615,0.0
5.38,0.5249060428542724,-0.26673141236626896,0.2320394732265742,0.0,2.2643305059951446,1.975910156301436,37.7040397402847,37.74476452123615,0.0
5.381,0.5222057719362062,-0.265058895235763,0.3904053172723728,0.0,2.2619776353780447,1.9931828069540625,37.886918641339655,37.74476452123615,0.0
5.382,0.5302849489855405,-0.2677006275346679,0.29754432554386,0.0,2.261894632612103,1.995778825764514,38.30803491302758,37.74476452123615,0.0
5.383,0.5331091218997251,-0.27032121241561824,0.08135348578198132,0.0,2.2623413790177156,1.975024692710738,38.09241066466307,37.74476452123615,0.0
5.384,0.5221650823049411,-0.26744669792159786,0.1856891485299686,0.0,2.260325635034237,1.971261564987366,37.70873536708522,37.74476452123615,0.0
5.385,0.5166151103949166,-0.26467719356653596,0.377887088860404,0.0,2.2578592523426533,1.9882726489610065,37.76238899396583,37.74476452123615,0.0
5.386,0.5238159702004268,-0.26639317016243275,0.35088403069280216,0.0,2.257557068786691,1.9975960761686775,38.20435010622258,37.74476452123615,0.0
5.3870000000000005,0.5300834145703678,-0.2696645376467182,0.12530761871456347,0.0,2.2585601369644044,1.9807961572814163,38.19210104891181,37.74476452123615,0.0
5.388,0.5219619507187232,-0.2683250601456354,0.126958782093191,0.0,2.2576028502356578,1.9691699646594651,37.76419323977703,37.74476452123615,0.0
5.389,0.513187148407429,-0.26420689706870937,0.34071839947517213,0.0,2.25513906975414,1.982991722520791,37.62198168947433,37.74476452123615,0.0
5.39,0.5177315272132369,-0.2644711428591947,0.413052002944139,0.0,2.25437409177463,2.000416397063848,38.07020917822813,37.74476452123615,0.0
5.391,0.5274590613791872,-0.26870469409575254,0.1856838119973186,0.0,2.2558911272254916,1.9892636843456115,38.298541224839134,37.74476452123615,0.0
5.392,0.5233619887285255,-0.2688293453307023,0.06598002165578809,0.0,2.2561125639829243,1.9690321647494167,37.82603313889093,37.74476452123615,0.0
5.393,0.5112986436168876,-0.26333636765617796,0.3014213784533435,0.0,2.253683231048446,1.9792275251755054,37.53390778082959,37.74476452123615,0.0
5.394,0.5127726613761898,-0.2623306065139362,0.4495926248880796,0.0,2.2524606635011235,2.0018220644007427,37.943847863515565,37.74476452123615,0.0
5.3950000000000005,0.5245008651379766,-0.266644756230074,0.24263175012229654,0.0,2.2541044207112533,1.9965121220239368,38.308367944971515,37.74476452123615,0.0
5.396,0.5242175353340094,-0.26780865569018897,0.05473567515696787,0.0,2.255137695406142,1.9734470384233502,37.88174178519222,37.74476452123615,0.0
5.397,0.5115290740126767,-0.2626120306694613,0.26667898240705523,0.0,2.2531778665246014,1.979377412646782,37.49116386167523,37.74476452123615,0.0
5.398,0.5105651327508759,-0.2605903446707292,0.4645039507611574,0.0,2.2518366387439053,2.0041392289317503,37.832509674748096,37.74476452123615,0.0
5.399,0.5229335610773198,-0.2643372805720265,0.2929535926896065,0.0,2.2535380951789064,2.004071785210215,38.28976517448976,37.74476452123615,0.0
5.4,0.5256621791696138,-0.26621171870167176,0.05887583628623888,0.0,2.2552313804335,1.97997171817379,37.94037924029508,37.74476452123615,0.0
5.401,0.5130365055733099,-0.2615628596372127,0.23161265619298899,0.0,2.253815211580606,1.9812089243967597,37.44827155845377,37.74476452123615,0.0
5.402,0.5096258501255259,-0.2585690132534772,0.48063142674146847,0.0,2.2523815457237317,2.008094405036701,37.72986446385075,37.74476452123615,0.0
5.4030000000000005,0.5225625635016431,-0.261829151226677,0.33998397461683055,0.0,2.254168348157428,2.0127294185619156,38.24922455728783,37.74476452123615,0.0
5.404,0.5280538150359465,-0.2642255110265133,0.07525932753777409,0.0,2.2564709698985275,1.9888917037855154,37.99414385436042,37.74476452123615,0.0
5.405,0.5161348655329978,-0.26023820705727696,0.20030588567023555,0.0,2.255696990953261,1.9854363874868948,37.45047119939995,37.74476452123615,0.0
5.406,0.5104905203045182,-0.2563065466678542,0.4750851463688346,0.0,2.2542622686695157,2.0117261464992335,37.61784624443701,37.74476452123615,0.0
5.407,0.5226587014180956,-0.25851982109972294,0.392666806618295,0.0,2.255882771306778,2.02203470402764,38.18294134121001,37.74476452123615,0.0
5.408,0.5308028567026644,-0.26179427154022644,0.10573749003205651,0.0,2.2587101362372914,1.9999622393697858,38.04341373275139,37.74476452123615,0.0
5.409,0.5204856741300125,-0.2586877085304935,0.17251480214621484,0.0,2.2586730517734934,1.9918108868050244,37.4640102130869,37.74476452123615,0.0
5.41,0.5130813260112418,-0.2536026656876418,0.4650241050599515,0.0,2.257296251416982,2.016690517717068,37.53682826789712,37.74476452123615,0.0
5.4110000000000005,0.5240175805617209,-0.25487018226532865,0.4306944401882317,0.0,2.2587353714393004,2.030966117855488,38.1249291998094,37.74476452123615,0.0
5.412,0.5337241965780377,-0.2587983803541926,0.13284232744635943,0.0,2.261877566097227,2.0105792690131192,38.03983104375216,37.74476452123615,0.0
5.413,0.5247965436257749,-0.2562238817741468,0.17244074024982042,0.0,2.2623443795804303,2.000958779041492,37.42485019798519,37.74476452123615,0.0
5.414,0.5171748878720569,-0.2507391318730986,0.4831303063658161,0.0,2.2612248852148364,2.026875993163459,37.51387859598669,37.74476452123615,0.0
5.415,0.5286017140133573,-0.25189280795053554,0.44092496661755937,0.0,2.2629908135655263,2.0410068859701216,38.13506712442941,37.74476452123615,0.0
5.416,0.5383314902861727,-0.25572684675414986,0.1264276763642655,0.0,2.266403445869437,2.0187726266722104,37.972536975598345,37.74476452123615,0.0
5.417,0.5284846684407389,-0.25260457413864945,0.20541502623617697,0.0,2.2668695986374243,2.0121170860886495,37.309601388304195,37.74476452123615,0.0
5.418,0.5221465740040967,-0.24743215711122593,0.5412344512125716,0.0,2.2660858389233955,2.0429227002585053,37.56199010709172,37.74476452123615,0.0
5.4190000000000005,0.5364865432766015,-0.24965235114562107,0.416867835960255,0.0,2.2687569621118118,2.0518900775481113,38.23377209798364,37.74476452123615,0.0
5.42,0.5444589867489098,-0.25260634029460777,0.07608676474681891,0.0,2.2723604475763937,2.023252008657414,37.82020129116569,37.74476452123615,0.0
5.421,0.5309183379224878,-0.2474164928369701,0.28211780045649903,0.0,2.2721393544936155,2.0254785156480746,37.12419977494728,37.74476452123615,0.0
5.422,0.5281604498341528,-0.2431691506913251,0.6363242060285923,0.0,2.2717477122567376,2.0645306180886767,37.71129333268582,37.74476452123615,0.0
5.423,0.5474548868932299,-0.24821125725199183,0.3431121390448251,0.0,2.2758975496307374,2.061692987680214,38.32550769743145,37.74476452123615,0.0
5.424,0.5506546453561219,-0.24983582340367202,0.03019752491005817,0.0,2.2794769214375696,2.027906588104684,37.56462469828822,37.74476452123615,0.0
5.425,0.5338653732120388,-0.24129901944983845,0.4124404227111511,0.0,2.278364422009725,2.0449114480873343,37.08562991623734,37.74476452123615,0.0
5.426,0.5380234883108742,-0.2385790640201797,0.6585291597865807,0.0,2.2788498314652075,2.08272661884691,37.9038331200075,37.74476452123615,0.0
5.4270000000000005,0.5576795857694363,-0.24602434886716334,0.247836871913787,0.0,2.283914397938564,2.067051184869862,38.15369781609396,37.74476452123615,0.0
5.428,0.5543348041193884,-0.24559374492370226,0.11881519092197795,0.0,2.28678314508463,2.0439287758635736,37.35068858371822,37.74476452123615,0.0
5.429,0.5420939159989551,-0.23653778646692414,0.5242605664850287,0.0,2.2860609272246486,2.070607740471121,37.40035132045672,37.74476452123615,0.0
5.43,0.5524658632214611,-0.23611719951865984,0.5028733301235708,0.0,2.288123122631679,2.0868762140008448,38.14036605057793,37.74476452123615,0.0
5.431,0.5628354926824476,-0.23998347867217373,0.12890994976954795,0.0,2.2920354424273484,2.059765020474489,37.62962309446304,37.74476452123615,0.0
5.432,0.5510831555449679,-0.23530456648579168,0.38543284209472356,0.0,2.2922920677587775,2.069109783619376,36.96394515666631,37.74476452123615,0.0
5.433,0.5532610160142003,-0.23159217715293468,0.7260800046387867,0.0,2.2930959331668017,2.1120946039165234,37.84957085373344,37.74476452123615,0.0
5.434,0.5752088514936443,-0.23902662092029664,0.2822190927802504,0.0,2.298972806771477,2.0962376734968324,38.103798589706145,37.74476452123615,0.0
5.4350000000000005,0.5722402893860906,-0.23882516371071394,0.1515148841091979,0.0,2.302579795242989,2.073161289830973,37.246175111749274,37.74476452123615,0.0
5.436,0.5603975562464285,-0.22919809999321372,0.585312517182502,0.0,2.302461484063934,2.103051040127911,37.48318692430995,37.74476452123615,0.0
5.437,0.5723970651674406,-0.22926660594248394,0.4694223868714272,0.0,2.3054477853240725,2.111415720299591,38.215261347391476,37.74476452123615,0.0
5.438,0.5789695289124156,-0.23185784909859966,0.09868020706910996,0.0,2.3092562761630457,2.0790168481822358,37.30614255906977,37.74476452123615,0.0
5.439,0.5642740213901952,-0.22397173142357601,0.5576258208516267,0.0,2.3085506453305724,2.106112382139507,37.1280826207395,37.74476452123615,0.0
5.44,0.5750093380620066,-0.22256055327092863,0.6528226090217291,0.0,2.3105487625570316,2.1349821502695683,37.929302326262274,37.74476452123615,0.0
5.441,0.5914254506207756,-0.2297859942620647,0.25036737821007976,0.0,2.316042955164403,2.1142442908235406,37.51003974159859,37.74476452123615,0.0
5.442,0.5851961202170679,-0.22685102271199087,0.4623459183382976,0.0,2.318518841286016,2.12432121577507,36.95824386311935,37.74476452123615,0.0
5.4430000000000005,0.5897311245142671,-0.22286588521215123,0.7461090641590855,0.0,2.3213458158811378,2.1621710537058823,37.960006048615426,37.74476452123615,0.0
5.444,0.6088242034526157,-0.22990822851720352,0.2430755561372545,0.0,2.3284895859483834,2.1362923993222696,37.665641459403886,37.74476452123615,0.0
5.445,0.6001058382896469,-0.22629114615128565,0.39104908136134703,0.0,2.3318628110772415,2.1361733611959224,36.958406861838746,37.74476452123615,0.0
5.446,0.5987748433510303,-0.21906267956163533,0.7525299567378911,0.0,2.334127849379376,2.174745936225891,37.928711352359066,37.74476452123615,0.0
5.447,0.6167497929914285,-0.22438400720928856,0.265538243166502,0.0,2.3406812720614334,2.15051330592663,37.67559883422517,37.74476452123615,0.0
5.448,0.6083919919534175,-0.22105165470612015,0.39278615910356,0.0,2.3437363173935335,2.1493255764248747,36.951148702560296,37.74476452123615,0.0
5.449,0.6069599350594747,-0.21349433179485738,0.7629473831227555,0.0,2.34556910324704,2.1880813281371996,37.92659197030975,37.74476452123615,0.0
5.45,0.6250737852920423,-0.21895895034107918,0.273407474757292,0.0,2.3517708669556265,2.1635869370087284,37.56152450608881,37.74476452123615,0.0
5.4510000000000005,0.6169353169558006,-0.21544988792202163,0.4577736070192366,0.0,2.3544623721289484,2.168414205015744,37.006281682809934,37.74476452123615,0.0
5.452,0.6189481941468334,-0.20890369806249307,0.7427798470429359,0.0,2.356682463325282,2.2022321206450006,37.93777775593808,37.74476452123615,0.0
5.453,0.6351722099242038,-0.2146291988708724,0.2751016781318443,0.0,2.3627576039524247,2.1768310798869077,37.365820801800425,37.74476452123615,0.0
5.454,0.6268277416276771,-0.2096422196610887,0.5648695923950287,0.0,2.3650793037198845,2.1922090411957926,37.2323978922759,37.74476452123615,0.0
5.455,0.6340273719410479,-0.20524651754305956,0.6367047134468944,0.0,2.368272972200601,2.2104101565061707,37.99949164078269,37.74476452123615,0.0
5.456,0.643406972650586,-0.2093415005207359,0.25061056799803133,0.0,2.3734617905130073,2.182962060148774,37.117317007002185,37.74476452123615,0.0
5.457,0.633050220499925,-0.2014484634823369,0.697972360030625,0.0,2.3744777334544347,2.213081432580101,37.521798371703035,37.74476452123615,0.0
5.458,0.6463234169661363,-0.2011053600780978,0.49796133917553137,0.0,2.378445208340769,2.2122520127152603,37.76339966216699,37.74476452123615,0.0
5.4590000000000005,0.6479355669118174,-0.2028958923774005,0.3769743425342458,0.0,2.382133383338951,2.2005492183741846,36.90442204292767,37.74476452123615,0.0
5.46,0.6447638222078809,-0.19512619724363278,0.8148665769369899,0.0,2.3834098896155,2.2401285501346386,37.726124610690206,37.74476452123615,0.0
5.461,0.6634344124393893,-0.20012331156554972,0.4042016921611815,0.0,2.389144057967188,2.2242400573048307,37.24832611585126,37.74476452123615,0.0
5.462,0.6603572113067224,-0.19811909351603094,0.648065323634502,0.0,2.3924455250720604,2.2419706769299044,37.251648440287234,37.74476452123615,0.0
5.463,0.6707233216911771,-0.1949202301805128,0.6513353222260059,0.0,2.39685807464254,2.255008400679673,37.845610932763684,37.74476452123615,0.0
5.464,0.6780993557046336,-0.19879154031892923,0.35334561187250546,0.0,2.402590974379531,2.233664336249078,36.93423677696578,37.74476452123615,0.0
5.465,0.6712126514173238,-0.19020583979593383,0.8171379672141597,0.0,2.4046330375408482,2.2698563222380965,37.65996352774433,37.74476452123615,0.0
5.466,0.6872887563570607,-0.19308399140176136,0.4551226017598036,0.0,2.410492546666808,2.2563364636047045,37.16832507423498,37.74476452123615,0.0
5.4670000000000005,0.6845214570562532,-0.1907978930450138,0.7067062229844917,0.0,2.4141338666815315,2.2765140577089933,37.353191952843176,37.74476452123615,0.0
5.468,0.6960845746665177,-0.18824241472031045,0.6181885093643228,0.0,2.4191705724730617,2.2814856237637233,37.630367551602745,37.74476452123615,0.0
5.469,0.6996510304083955,-0.19072045341861749,0.480744679680872,0.0,2.4244989033309725,2.271953380707651,36.86640841480809,37.74476452123615,0.0
5.47,0.6984344918930655,-0.182760850754071,0.8715078091424794,0.0,2.4274408401174026,2.3084350613746945,37.76686400405621,37.74476452123615,0.0
5.471,0.7152950815318165,-0.18794869902649558,0.42105901969021986,0.0,2.4343870106285044,2.286238939273895,36.95479513658923,37.74476452123615,0.0
5.472,0.7097394147898942,-0.18200990675162684,0.8349931472701773,0.0,2.437713806245459,2.3177740176006036,37.61701004091157,37.74476452123615,0.0
5.473,0.7246357226580789,-0.1832103558623764,0.505163239912253,0.0,2.4440528674583173,2.3043734860382443,37.06464636489532,37.74476452123615,0.0
5.474,0.7215029424776676,-0.18028793082672412,0.7881462594837892,0.0,2.4480844981486256,2.3278669138783834,37.4809891495701,37.74476452123615,0.0
5.4750000000000005,0.7343422189945042,-0.1786768879745006,0.5826126208630587,0.0,2.4539143180905296,2.3225319833408875,37.23021014885172,37.74476452123615,0.0
5.476,0.7335761363618378,-0.17842152614805928,0.7131476649460937,0.0,2.4586156836121065,2.3349403809414344,37.232495331045605,37.74476452123615,0.0
5.477,0.7425565105026204,-0.17364298431838454,0.7171277657510555,0.0,2.463564666358581,2.3447150339999863,37.4961614709546,37.74476452123615,0.0
5.478,0.7477442155906033,-0.17652571338834247,0.5877807262993752,0.0,2.469361101752255,2.3392583008613266,36.908026995756316,37.74476452123615,0.0
5.479,0.7496139315790404,-0.1689267079106274,0.8902153391533139,0.0,2.473167502399448,2.3693343706765004,37.6592121898766,37.74476452123615,0.0
5.48,0.7634346578513571,-0.17428602428834153,0.5154782654067684,0.0,2.480266384819765,2.3510364666041483,36.84517634211244,37.74476452123615,0.0
5.481,0.7605097925286247,-0.1665610859047851,0.9314920710800854,0.0,2.483922252204846,2.385247072990817,37.69474719041313,37.74476452123615,0.0
5.482,0.7760223131244837,-0.17068657875269394,0.5072068202379687,0.0,2.4911646470871913,2.363835063909188,36.76963943768826,37.74476452123615,0.0
5.4830000000000005,0.7713158666797124,-0.16320476427425085,0.9795119474358824,0.0,2.4946773470520323,2.402157746039032,37.73244532546611,37.74476452123615,0.0
5.484,0.7888035743859731,-0.16757315848793553,0.4982321955046593,0.0,2.5022263867416625,2.3773648936558267,36.68389290612412,37.74476452123615,0.0
5.485,0.7828809593178079,-0.15973180678893545,1.0331171213267734,0.0,2.505635004594982,2.42028273457421,37.73626240815554,37.74476452123615,0.0
5.486,0.8022950434689498,-0.1650333736134601,0.5070173914418705,0.0,2.513656130622496,2.393835058233219,36.67996580219215,37.74476452123615,0.0
5.487,0.7963704574257364,-0.15675389697778397,1.0458136816140051,0.0,2.5172666183149897,2.4362086966531264,37.713624449361696,37.74476452123615,0.0
5.488,0.8152318928275205,-0.1622118384405714,0.5292957587479771,0.0,2.525436589407489,2.41036708182868,36.69363112112825,37.74476452123615,0.0
5.489,0.8098276946845551,-0.15341367454908234,1.0498037568657796,0.0,2.5291830244656017,2.451130760767291,37.669831451784425,37.74476452123615,0.0
5.49,0.8276589203164412,-0.15903252190677547,0.5624529222322084,0.0,2.5373372387600246,2.4273635667260436,36.73229584118262,37.74476452123615,0.0
5.4910000000000005,0.8234595855561249,-0.1499406598985371,1.0413454143336467,0.0,2.541243018926398,2.464980435075812,37.59074563071112,37.74476452123615,0.0
5.492,0.8396962446150033,-0.15552654934494659,0.6136607084746473,0.0,2.5492252743702988,2.445563926197656,36.81089538777588,37.74476452123615,0.0
5.493,0.8376692807719958,-0.14661746270658194,1.0129245212768696,0.0,2.5534317949573078,2.47746849283186,37.45794943663137,37.74476452123615,0.0
5.494,0.8513905098097546,-0.15167217396206678,0.6922656476951738,0.0,2.561053229253525,2.465808535806752,36.91467574232606,37.74476452123615,0.0
5.495,0.8529346270969135,-0.1435903023132976,0.9722033826369276,0.0,2.5658069714236897,2.490043816881977,37.300246886610864,37.74476452123615,0.0
5.496,0.8635148801396251,-0.14802589150021794,0.7838629868407788,0.0,2.5730776010114096,2.487665736517875,37.117423674129924,37.74476452123615,0.0
5.497,0.8691938283982182,-0.14102682382084564,0.8815480015523113,0.0,2.578569106267347,2.4983624009471668,36.982150989214134,37.74476452123615,0.0
5.498,0.8740821453736044,-0.1431966510871221,0.9568104793304266,0.0,2.584889799116703,2.515359646482895,37.499437613136216,37.74476452123615,0.0
5.4990000000000006,0.8872352249852745,-0.14063038387593157,0.7006204364503847,0.0,2.591974159568804,2.5009577516678685,36.579790299549515,37.74476452123615,0.0
5.5,0.8838955953394351,-0.1352161216712795,1.1720938354606014,0.0,2.5963399883237916,2.5436273467566397,37.54481703485101,37.74476452123615,0.0
5.501,0.9042489778527216,-0.1413873925065321,0.6915799426737067,0.0,2.6052691761260833,2.522623034642452,36.84039928157495,37.74476452123615,0.0
5.502,0.9029598682033311,-0.13207831549670523,1.0528324717083457,0.0,2.6101193027572913,2.549500325528156,37.174052125201996,37.74476452123615,0.0
5.503,0.9141607689643686,-0.13642782491616973,0.8917131738551659,0.0,2.6177436826201896,2.5515942617540075,37.29271571764449,37.74476452123615,0.0
5.5040000000000004,0.9222682501522551,-0.1305568038513934,0.8369018656698352,0.0,2.6241257107080633,2.549043377498651,36.593692617514535,37.74476452123615,0.0
5.505,0.9223458756551155,-0.12840740033608455,1.1979241347720295,0.0,2.6294367233855773,2.5877188831672773,37.51929909200599,37.74476452123615,0.0
5.506,0.9427248520121692,-0.1332850241342034,0.7373755518186048,0.0,2.638642218015149,2.566546461576646,36.8481412067557,37.74476452123615,0.0
5.507,0.9412377781945067,-0.12370359276530524,1.0819207275885534,0.0,2.6437071873341402,2.5912846546557766,37.014361990957426,37.74476452123615,0.0
5.508,0.9513541270719099,-0.1275380354834606,1.0061143607904772,0.0,2.6512570820418313,2.601143704138715,37.45605119896578,37.74476452123615,0.0
5.509,0.9626714553678843,-0.12399653906971092,0.7881568900090032,0.0,2.6586099831943533,2.586410837402364,36.5469109424427,37.74476452123615,0.0
5.51,0.9594135640780569,-0.11689812985779208,1.2547055540584782,0.0,2.6630088975088144,2.627858016532998,37.21907085465555,37.74476452123615,0.0
5.511,0.9783889921362376,-0.12412249815065246,0.9238825346178601,0.0,2.6719783029092268,2.622424474403754,37.24851591886786,37.74476452123615,0.0
5.5120000000000005,0.9854484257092591,-0.11735180899380593,0.9141224885353874,0.0,2.678690394066492,2.6200790687403592,36.500822195319564,37.74476452123615,0.0
5.513,0.9857901829602951,-0.11421080164087216,1.3004087735687007,0.0,2.684218931624436,2.6612615056116353,37.30841508856526,37.74476452123615,0.0
5.514,1.0068124158787073,-0.1208623536003674,0.9009758212725609,0.0,2.6940759399027883,2.6487690369001555,37.16009610047944,37.74476452123615,0.0
5.515,1.010690112151985,-0.1125211776970142,0.9809819995230374,0.0,2.700713955613192,2.651090200757296,36.48551918737998,37.74476452123615,0.0
5.516,1.0122250141931806,-0.11003990527101581,1.3308629094113313,0.0,2.7067307579304445,2.6913998258431713,37.284449581542844,37.74476452123615,0.0
5.517,1.033382642809313,-0.11639880456774854,0.9360008617268313,0.0,2.716901134171459,2.6790345441806442,37.22478286612601,37.74476452123615,0.0
5.518,1.0373146012111027,-0.10801871221494885,0.9710340359863484,0.0,2.7238325454703443,2.6765041588158276,36.46669874071127,37.74476452123615,0.0
5.519,1.0370022154272127,-0.10342873476456232,1.3628567564989673,0.0,2.729396680506844,2.71774380265142,37.11501630874602,37.74476452123615,0.0
5.5200000000000005,1.0574629382508758,-0.11054907461552349,1.0449954546064941,0.0,2.7393575035813638,2.714279121825363,37.600465688261885,37.74476452123615,0.0
5.521,1.0635738805702304,-0.10825592346742491,0.8037137531783052,0.0,2.7476523262410257,2.6883270208242944,36.9671486915732,37.74476452123615,0.0
5.522,1.0504399750757194,-0.10297432765639847,1.1281484098192767,0.0,2.7519644125068825,2.705406080461679,37.40455784102064,37.74476452123615,0.0
5.523,1.0513269816057658,-0.1098486278580511,0.9128459018977119,0.0,2.758362185090184,2.6940519105508787,38.0555504845005,37.74476452123615,0.0
5.524,1.046489371380652,-0.1074651548628866,0.5842417205251382,0.0,2.76265383839259,2.6510205072077815,37.28704268164063,37.74476452123615,0.0
5.525,1.0222637204096734,-0.09806104914342051,0.9730728403510298,0.0,2.761202569131257,2.661395320028367,37.54912197972625,37.74476452123615,0.0
5.526,1.0169663719559372,-0.10328082069110439,0.843989616723317,0.0,2.761602124005555,2.6528405106636543,38.15643886032454,37.74476452123615,0.0
5.527,1.0126965732225148,-0.10211545016377438,0.5362144330332879,0.0,2.760925853982469,2.613033404129356,37.37663311526048,37.74476452123615,0.0
5.5280000000000005,0.9911909253942117,-0.0953507574690779,0.9297986196250744,0.0,2.755604037817119,2.6258343168819533,37.73464020751768,37.74476452123615,0.0
5.529,0.9891860841517018,-0.10258472295456617,0.750896316633661,0.0,2.7529578776739143,2.6132133376061777,38.07544452453431,37.74476452123615,0.0
5.53,0.9851332909381849,-0.10116512084229745,0.5771873580923624,0.0,2.7490857397302464,2.5846966366750905,37.389116593845515,37.74476452123615,0.0
5.531,0.9690718309095055,-0.09930790665377792,0.9239078027106675,0.0,2.742559047948223,2.6002469632071925,38.019870244961254,37.74476452123615,0.0
5.532,0.9714818167051892,-0.1078222268814879,0.6057799199155467,0.0,2.7391952053645463,2.5747026033164224,37.81403557865146,37.74476452123615,0.0
5.533,0.9625170743168788,-0.10422938927553432,0.708004542496289,0.0,2.7331329557112283,2.5668125039888663,37.5023918599404,37.74476452123615,0.0
5.534,0.9545235857464416,-0.10843524133184801,0.8662501284647767,0.0,2.72738649319274,2.5762795941783243,38.32152053404579,37.74476452123615,0.0
5.535,0.958384707302147,-0.11442723864316184,0.45091823128398734,0.0,2.723778447128727,2.5364517062905865,37.55083548596293,37.74476452123615,0.0
5.5360000000000005,0.9413647004407435,-0.10902736034244775,0.83820004567815,0.0,2.715894510296151,2.548910933110697,37.93744705177598,37.74476452123615,0.0
5.537,0.9410457520010063,-0.11758434162269515,0.642967437466224,0.0,2.711040156552677,2.533852322778041,37.96353771894885,37.74476452123615,0.0
5.538,0.9369299598164219,-0.1160462039203013,0.6277343719026638,0.0,2.7049106121902198,2.5205403746303396,37.55459030386966,37.74476452123615,0.0
5.539,0.9278332412919466,-0.11981500521435579,0.8341098216159237,0.0,2.698492776968608,2.5317597781011028,38.35708689809374,37.74476452123615,0.0
5.54,0.9323251868784671,-0.12593886128047171,0.4267383007353073,0.0,2.6944746017705654,2.4937557547088653,37.544906702943436,37.74476452123615,0.0
5.541,0.916046497840016,-0.12167138793650695,0.8348269764933867,0.0,2.6865271811246063,2.5099493609283385,38.17143516791094,37.74476452123615,0.0
5.542,0.9182735847041255,-0.13061749830047076,0.5172960375428854,0.0,2.6820206100386663,2.4843118079736954,37.756450366172345,37.74476452123615,0.0
5.543,0.9091456611412398,-0.12733713714366712,0.7246715799628223,0.0,2.6749506399349676,2.487800314722179,37.93614532958637,37.74476452123615,0.0
5.5440000000000005,0.9065575216089722,-0.13489592617455692,0.6329102901723092,0.0,2.669800787921454,2.4782588925972084,38.01609801413961,37.74476452123615,0.0
5.545,0.9041504353637445,-0.13444737456125727,0.5902206129666541,0.0,2.6640868503290216,2.4656172739803193,37.701179772880906,37.74476452123615,0.0
5.546,0.8956292350671569,-0.13883634296248026,0.7481155810795577,0.0,2.658167416674411,2.472377027900525,38.33753882681112,37.74476452123615,0.0
5.547,0.8986991516367926,-0.14237049618357228,0.42400831105870107,0.0,2.653860768947591,2.4402152108541992,37.583913128609346,37.74476452123615,0.0
5.548,0.8833337154378673,-0.1409459772584742,0.8024296740858557,0.0,2.646576565674849,2.457427230520598,38.406477662333444,37.74476452123615,0.0
5.549,0.8877597145305349,-0.14801485225268668,0.38453027581283394,0.0,2.642533806134634,2.421795966190596,37.611217781125205,37.74476452123615,0.0
5.55,0.8724940813154469,-0.1444002489023567,0.7834956838180627,0.0,2.634863900996963,2.4391122208474645,38.37011934962683,37.74476452123615,0.0
5.551,0.8761429343461237,-0.15237618496056532,0.397791351283342,0.0,2.6306061108386514,2.406958698700482,37.646049486101596,37.74476452123615,0.0
5.5520000000000005,0.8628383142951153,-0.14904643846524346,0.760813433397306,0.0,2.623112716006406,2.4228842188461686,38.36887283178045,37.74476452123615,0.0
5.553,0.8662564565550306,-0.15704225260486315,0.3931606774524359,0.0,2.618874049692264,2.3918867816698843,37.65564367323083,37.74476452123615,0.0
5.554,0.853369372856052,-0.15400714199239451,0.7506664652073006,0.0,2.611545685983141,2.4080191464217857,38.397496347780034,37.74476452123615,0.0
5.555,0.857147058256246,-0.16177673783098812,0.3732128096672582,0.0,2.6074484017684902,2.3761660621096206,37.65412016515661,37.74476452123615,0.0
5.556,0.8436040198576434,-0.1588958621880277,0.7458073445397645,0.0,2.6001809452649765,2.3933760042764303,38.42719752145912,37.74476452123615,0.0
5.557,0.8480050803684804,-0.16626375280465805,0.3524443363862807,0.0,2.596200505352754,2.360522783290422,37.65667978876543,37.74476452123615,0.0
5.558,0.8336942450108291,-0.163701153149295,0.7385840500578332,0.0,2.588977222464896,2.3785840414916475,38.44456854499729,37.74476452123615,0.0
5.559,0.8386642645132268,-0.1705048957013608,0.33764163170429273,0.0,2.5850564313632285,2.3454619719295184,37.67178980627294,37.74476452123615,0.0
5.5600000000000005,0.8238868102144037,-0.1684968136225991,0.7247607482160987,0.0,2.5779265859613294,2.363527777381166,38.4430707775398,37.74476452123615,0.0
5.561,0.8291389590137742,-0.17454101060096716,0.33213720001963143,0.0,2.574001248133193,2.331288725369809,37.70876097594039,37.74476452123615,0.0
5.562,0.8143572333242959,-0.17335298923588693,0.6996521362722934,0.0,2.5670534145667934,2.3479124345603695,38.41053562495049,37.74476452123615,0.0
5.563,0.8193263566504095,-0.17835017069425174,0.3421071007301012,0.0,2.5630243054501594,2.318479465380298,37.793296769876655,37.74476452123615,0.0
5.564,0.8053736878536026,-0.17826498746993696,0.6502412057806143,0.0,2.5563954683579246,2.330641568918458,38.3304528855032,37.74476452123615,0.0
5.565,0.8087495487090586,-0.18169313261126135,0.3758062643246717,0.0,2.552023673126517,2.307144522400853,37.9163889913678,37.74476452123615,0.0
5.566,0.7968148369710213,-0.18324202191043376,0.581121966691053,0.0,2.545875449137985,2.3122356545864653,38.168658820767405,37.74476452123615,0.0
5.567,0.79762793996656,-0.18474511417258616,0.45074810899593964,0.0,2.541001012022714,2.299599781337649,38.133622351992464,37.74476452123615,0.0
5.5680000000000005,0.7899065074760783,-0.18893587946096774,0.4643777650758467,0.0,2.535796384553188,2.2914005410518365,37.906345436463276,37.74476452123615,0.0
5.569,0.7853155881650435,-0.1880567219393922,0.5764004136881695,0.0,2.530153680821776,2.2961147436335176,38.50461655681311,37.74476452123615,0.0
5.57,0.7852873612715865,-0.19415483756504426,0.26966633315748223,0.0,2.5262262520157113,2.264889476004561,37.76576188440931,37.74476452123615,0.0
5.571,0.7701123287364727,-0.19091946265030763,0.6388836957276525,0.0,2.5191521669304797,2.2817442142558466,38.40679586541374,37.74476452123615,0.0
5.572,0.7746781305313484,-0.19555501284778115,0.3117463917836598,0.0,2.5150132284497686,2.2558748045911523,37.95941275840972,37.74476452123615,0.0
5.573,0.7620346651941245,-0.19643223394227077,0.5332914629139351,0.0,2.508751381669079,2.26125621211367,38.092966285149416,37.74476452123615,0.0
5.574,0.7626352389180964,-0.1976844324066807,0.46303268190495417,0.0,2.50378282993885,2.255336879820567,38.33867943086506,37.74476452123615,0.0
5.575,0.7582742437562593,-0.2030139867906764,0.3342369599508448,0.0,2.499292929149929,2.236533399183932,37.84466997809734,37.74476452123615,0.0
5.5760000000000005,0.7487018391615883,-0.20086324992654236,0.5802426317660895,0.0,2.493081793777343,2.2485192122050806,38.44830657456849,37.74476452123615,0.0
5.577,0.7520697887660412,-0.2054357653890967,0.27138891299719214,0.0,2.489214837313652,2.221785166101687,37.986712752646724,37.74476452123615,0.0
5.578,0.738583540339339,-0.2056358273284314,0.4997663416439697,0.0,2.483037453544692,2.2270650501240823,38.03778374497831,37.74476452123615,0.0
5.579,0.7386881054218577,-0.2065893986426029,0.4713006532407539,0.0,2.478108688780033,2.2256378427131756,38.461807188710694,37.74476452123615,0.0
5.58,0.7366284375960617,-0.21223215215962676,0.2521185046998181,0.0,2.4741412469244795,2.2002627092230855,37.85025208826697,37.74476452123615,0.0
5.581,0.7238414187288567,-0.20945909529481682,0.5568411792513717,0.0,2.4676715721151736,2.214125635979664,38.28829623515047,37.74476452123615,0.0
5.582,0.7277468910258074,-0.2128055730543052,0.33238378867047913,0.0,2.4636310005846482,2.197660290728904,38.20623238756736,37.74476452123615,0.0
5.583,0.7190368698219856,-0.2159533167519046,0.36880103379872076,0.0,2.4586607387112407,2.1896850507754726,37.8648965663185,37.74476452123615,0.0
5.5840000000000005,0.713523256955577,-0.21516124671818465,0.5382676239723281,0.0,2.453271373889144,2.200806858301124,38.45816291347881,37.74476452123615,0.0
5.585,0.7175011991758011,-0.21998926912420583,0.23450046646974687,0.0,2.4500721294668226,2.1746757855920933,38.08004054323862,37.74476452123615,0.0
5.586,0.7043087185678101,-0.22010273459039148,0.4202088913698181,0.0,2.4445439031930514,2.1757944463148475,37.93302815873109,37.74476452123615,0.0
5.587,0.7019951652706501,-0.22009051621042314,0.49183244724863195,0.0,2.4396778869424742,2.1823924912922257,38.529439154596105,37.74476452123615,0.0
5.588,0.7040448586496395,-0.2251835327331197,0.1857802029825253,0.0,2.4365186308159874,2.1532135459140873,38.00748715031849,37.74476452123615,0.0
5.589,0.6891532178318365,-0.22355767871387822,0.4441289788305096,0.0,2.430527631656992,2.1597740346708023,37.98423049254931,37.74476452123615,0.0
5.59,0.6889958741365124,-0.2242980364658386,0.4533626480019687,0.0,2.425889479182477,2.1633799818846358,38.52599029991502,37.74476452123615,0.0
5.591,0.6899021734282089,-0.2294828587772593,0.17467048653232253,0.0,2.422638663553533,2.135311778317217,37.97910678293818,37.74476452123615,0.0
5.5920000000000005,0.6755264082060035,-0.22742818422667282,0.44576882240372284,0.0,2.4166282467070634,2.1439234492715573,37.994236799885975,37.74476452123615,0.0
5.593,0.6764617441328704,-0.22863485151308174,0.4357090911433278,0.0,2.4122333187876848,2.1470087130442805,38.51264068864027,37.74476452123615,0.0
5.594,0.6774038300409926,-0.23379454278269787,0.16882838509214038,0.0,2.4091419094043105,2.1199954012041426,37.99514104982744,37.74476452123615,0.0
5.595,0.6635322848075964,-0.23185172399492418,0.425074439212642,0.0,2.4033930027959083,2.127765443458203,37.96530049388245,37.74476452123615,0.0
5.596,0.6640811790801181,-0.2329014616238398,0.4377893574586721,0.0,2.3991308904008104,2.1328206774695637,38.497122453753626,37.74476452123615,0.0
5.597,0.6661136405057054,-0.23784587521954156,0.16435479819791055,0.0,2.396333900765597,2.1065211443250456,38.05737403678242,37.74476452123615,0.0
5.598,0.6525850607573327,-0.23646146870994603,0.38110291152805076,0.0,2.39098492792744,2.1106569719769577,37.916513935306604,37.74476452123615,0.0
5.599,0.6512593687343209,-0.23682107501612173,0.4498154681252543,0.0,2.386637835897066,2.1192457599973014,38.427360186816536,37.74476452123615,0.0
5.6000000000000005,0.6549786319070352,-0.24122310032854474,0.18756638571448447,0.0,2.384064958593068,2.096584059512187,38.18033789832223,37.74476452123615,0.0
5.601,0.6433004809440813,-0.24134219268423657,0.3067217961907771,0.0,2.3794522788769603,2.092982616559338,37.88634979360617,37.74476452123615,0.0
5.602,0.6383587309755064,-0.24060220772870525,0.4522999958251054,0.0,2.374858133568514,2.104528908772089,38.25151833022633,37.74476452123615,0.0
5.603,0.6430211236623771,-0.24394967329312225,0.26464818942512325,0.0,2.372253653073828,2.0918013958371375,38.353011855272875,37.74476452123615,0.0
5.604,0.6363700464674646,-0.2465211976075798,0.2078189535614846,0.0,2.368886262354061,2.0764897306835217,37.952092339413355,37.74476452123615,0.0
5.605,0.6265434874628697,-0.24456460396801144,0.4062054333094728,0.0,2.364083503647413,2.085777708822762,38.01912952170348,37.74476452123615,0.0
5.606,0.62873737014786,-0.24614850305499864,0.36994319215973503,0.0,2.3608836134613176,2.0873443092680675,38.45178108252699,37.74476452123615,0.0
5.607,0.6291916194944276,-0.2502498262915577,0.14654724613507242,0.0,2.358595678903513,2.0641953003977442,38.1071880774378,37.74476452123615,0.0
5.6080000000000005,0.6167724858895733,-0.24851079119682307,0.31521951311765317,0.0,2.353989329821671,2.0652909549770038,37.921787503677876,37.74476452123615,0.0
5.609,0.6137800483918883,-0.24825109090431502,0.4061495701731964,0.0,2.3499420044247112,2.074336969585134,38.24232152267676,37.74476452123615,0.0
5.61,0.6176125460701155,-0.25116117934875537,0.240906990659348,0.0,2.347526719760073,2.062536166756094,38.32802972320644,37.74476452123615,0.0
5.611,0.6112966908681785,-0.25316865598265137,0.1922202383748049,0.0,2.34436460482428,2.0487038678363283,38.00813930523401,37.74476452123615,0.0
5.612,0.6021174588670763,-0.2514484427558609,0.3495316995210417,0.0,2.339926173268802,2.0546762725319936,37.99324236890245,37.74476452123615,0.0
5.613,0.6025530303232766,-0.25252140943120815,0.3544953892101587,0.0,2.336664053804996,2.0584407796766913,38.33173233873463,37.74476452123615,0.0
5.614,0.6042288093919997,-0.25544469236951095,0.17938072611908307,0.0,2.3344154284585,2.0420103943406316,38.21179582684153,37.74476452123615,0.0
5.615,0.5952278279236838,-0.25539669564765244,0.2346786690095799,0.0,2.330714114644259,2.0358389711045963,37.97268124009605,37.74476452123615,0.0
5.6160000000000005,0.5892413794589705,-0.2543903525716195,0.3519567951937207,0.0,2.326655572116694,2.0428306727785253,37.951168962062034,37.74476452123615,0.0
5.617,0.5911048692041211,-0.25609515014398,0.3606488898024702,0.0,2.323899645172999,2.0482358508208143,38.27734201464177,37.74476452123615,0.0
5.618,0.5936002781912371,-0.2601681127455508,0.1922365885785473,0.0,2.322390806638352,2.0339567841926534,38.179705909929574,37.74476452123615,0.0
5.619,0.5864383750495717,-0.25968407249381215,0.23670522704771013,0.0,2.3195109712406454,2.028343177053145,38.09221645199456,37.74476452123615,0.0
5.62,0.5810151448996493,-0.2587428572156636,0.276975436707633,0.0,2.3162590653906805,2.027512920050792,38.09069727423518,37.74476452123615,0.0
5.621,0.5783901069409716,-0.25940558193119123,0.2742756980573312,0.0,2.3133316362969665,2.0259753466895005,38.109476526693264,37.74476452123615,0.0
5.622,0.5763064579609914,-0.26050504699666843,0.2612389517737193,0.0,2.310657506686541,2.0230946940584835,38.126303659866664,37.74476452123615,0.0
5.623,0.573860781700707,-0.2610706086158435,0.24900999380071392,0.0,2.3080139419015113,2.0192680637141627,38.125040342723494,37.74476452123615,0.0
5.6240000000000006,0.5706651307506951,-0.26143282205780416,0.2458388941574256,0.0,2.305286258422977,2.015660273386638,38.10519075436558,37.74476452123615,0.0
5.625,0.567369047291202,-0.2616942408227769,0.2521594260050884,0.0,2.30249569818927,2.013198075914732,38.08763702944729,37.74476452123615,0.0
5.626,0.5646376927187138,-0.26216501505750833,0.25750756338212033,0.0,2.299787145209915,2.0114956201280214,38.06614116372427,37.74476452123615,0.0
5.627,0.5623735290063909,-0.2630395585266861,0.2650417298187519,0.0,2.297270693989085,2.0106895760189367,38.03231989967174,37.74476452123615,0.0
5.628,0.5609566129342418,-0.26373656497407993,0.27907680806065954,0.0,2.294993208753952,2.0113142272717335,37.93182237910151,37.74476452123615,0.0
5.6290000000000004,0.5600952260509673,-0.26537182206732945,0.3274549897671206,0.0,2.2931788453833954,2.0169104974774683,38.06801388071426,37.74476452123615,0.0
5.63,0.5627473443464472,-0.26676459846307854,0.2561267453659647,0.0,2.2922423982030686,2.0131354687430463,38.3001241242999,37.74476452123615,0.0
5.631,0.5603994530525928,-0.2681045328838168,0.1345180275425084,0.0,2.291155557889655,1.9972654108727446,38.12927254131829,37.74476452123615,0.0
5.632,0.5506780759640405,-0.2657543909251072,0.21609873883249314,0.0,2.288318480860888,1.9941095127450665,37.912944645971784,37.74476452123615,0.0
5.633,0.5457256299534118,-0.2641791886029803,0.322580885258388,0.0,2.2852997508863826,2.002330281011511,37.91101847082979,37.74476452123615,0.0
5.634,0.5484479506234705,-0.2652663298025715,0.3218814333334497,0.0,2.283540308291148,2.0079363585440464,38.28105978752071,37.74476452123615,0.0
5.635,0.5515481828521377,-0.2678974419637002,0.13149782232514262,0.0,2.282795968634419,1.9915568790336875,38.23233467585293,37.74476452123615,0.0
5.636,0.5428635084765688,-0.26690099070009576,0.1509846766128639,0.0,2.2803521942317198,1.981774620094023,37.91589761874016,37.74476452123615,0.0
5.6370000000000005,0.534884924663434,-0.264151435595693,0.30749187419420976,0.0,2.276882084826475,1.9905379302748152,37.82965122535527,37.74476452123615,0.0
5.638,0.5370253137448214,-0.2647319278516315,0.3497662038454636,0.0,2.274726667079032,2.000847774145744,38.13316015428481,37.74476452123615,0.0
5.639,0.5427728740993083,-0.2676029907592328,0.19412778305020773,0.0,2.2741277874907024,1.9917572945226658,38.28295854382275,37.74476452123615,0.0
5.64,0.5385416162511896,-0.26857308102477373,0.11384664805537065,0.0,2.2727577471990315,1.9767643482284198,37.95829999905192,37.74476452123615,0.0
5.641,0.5290532675537121,-0.2655712691498463,0.27404056566263,0.0,2.269685516098205,1.9825592405994197,37.75758594364712,37.74476452123615,0.0
5.642,0.5291382271438443,-0.26511269877815924,0.37426937914091785,0.0,2.267479572722426,1.9967864218878872,38.00038222874268,37.74476452123615,0.0
5.643,0.5364136178982029,-0.26795130002523226,0.2503150595180735,0.0,2.267233773653966,1.9939335840295562,38.32354318292366,37.74476452123615,0.0
5.644,0.5359087558567055,-0.27003657949667065,0.08294679581070974,0.0,2.2669282654359066,1.9742987729707395,38.019230658868565,37.74476452123615,0.0
5.6450000000000005,0.5248662411891821,-0.2667237729777476,0.23235839646193163,0.0,2.264304565421975,1.9759154788977187,37.70349699830552,37.74476452123615,0.0
5.646,0.5221859096873485,-0.2650580587881285,0.3906379019727618,0.0,2.2619548055064667,1.993209185148812,37.88753398020757,37.74476452123615,0.0
5.647,0.5302812822786749,-0.2677080075495475,0.2971917164320207,0.0,2.261877543713269,1.9957593750185916,38.308519842301216,37.74476452123615,0.0
5.648,0.5330854694189961,-0.2703224519687243,0.08106123217454775,0.0,2.262324116484866,1.9749794214496368,38.09161153365436,37.74476452123615,0.0
5.649,0.5221237380293559,-0.2674353654544854,0.18604691637379445,0.0,2.2603043126616496,1.971265682943492,37.70797316664066,37.74476452123615,0.0
5.65,0.5165942746496136,-0.2646713037288206,0.37823401342659696,0.0,2.257839939445459,1.9883106853973318,37.762973250141954,37.74476452123615,0.0
5.651,0.5238186438300345,-0.26639754442107705,0.3505518843868935,0.0,2.2575440308896755,1.9975878698756286,38.205089628845116,37.74476452123615,0.0
5.652,0.5300685290113015,-0.2696632362729808,0.124890443959223,0.0,2.2585473953340887,1.9807465642157365,38.19120866530426,37.74476452123615,0.0
5.6530000000000005,0.5219209006537412,-0.2683102424211601,0.12736648428897002,0.0,2.257584806525851,1.9691774423779678,37.7633213429079,37.74476452123615,0.0
5.654,0.5131679707976409,-0.26419870050860117,0.34112457727043183,0.0,2.2551228247427977,1.983038949668411,37.62239618560652,37.74476452123615,0.0
5.655,0.5177409592215411,-0.2644722530164045,0.4128108392774191,0.0,2.254364398062077,2.0004254579172684,38.070913186101556,37.74476452123615,0.0
5.656,0.5274558415395901,-0.26870323844701366,0.1852908523812462,0.0,2.255883137746604,1.9892305043237728,38.297802376811084,37.74476452123615,0.0
5.657,0.5233317770454169,-0.26881828323634466,0.06631587847073284,0.0,2.256100853175848,1.9690456687144233,37.82516677757159,37.74476452123615,0.0
5.658,0.5112863870460302,-0.26332728580705256,0.3018296555271263,0.0,2.2536731533361176,1.9792811056792332,37.53381152134348,37.74476452123615,0.0
5.659,0.5127878783914346,-0.26232907870690064,0.44961681364010714,0.0,2.252456874370118,2.0018660606374654,37.94465824634583,37.74476452123615,0.0
5.66,0.5245161298959199,-0.2666488202694649,0.24219451388783492,0.0,2.254105872439425,1.9965014748973546,38.30835980207828,37.74476452123615,0.0
5.6610000000000005,0.5242034212145582,-0.26780252574406377,0.05470778321318992,0.0,2.2551372223143695,1.9734406106314915,37.88077048151092,37.74476452123615,0.0
5.662,0.511511705234668,-0.2625952332386562,0.26714238389412065,0.0,2.2531750115448927,1.9794246028323328,37.491016736264015,37.74476452123615,0.0
5.663,0.51057567134706,-0.26057962549439273,0.46455673436729533,0.0,2.251837777145634,2.0041812538492207,37.83338857056016,37.74476452123615,0.0
5.664,0.5229470373479042,-0.2643332417280123,0.29248457672598266,0.0,2.2535429851511304,2.0040562248802476,38.2899289746346,37.74476452123615,0.0
5.665,0.5256450960630901,-0.26619958036378694,0.05876273015477901,0.0,2.255232930546779,1.9799524652636418,37.939070945932876,37.74476452123615,0.0
5.666,0.5130120596707717,-0.2615394948334025,0.23224868025867296,0.0,2.2538122326465007,1.9812653637157072,37.447542973371064,37.74476452123615,0.0
5.667,0.5096404173218549,-0.2585552972704018,0.48098488201822986,0.0,2.2523832335048315,2.008175575519508,37.73119052427735,37.74476452123615,0.0
5.668,0.5225978805409748,-0.2618319231472314,0.33929684653467385,0.0,2.25417842627979,2.012719782930384,38.249715092177816,37.74476452123615,0.0
5.6690000000000005,0.5280467873667495,-0.2642162184793292,0.07498505687502532,0.0,2.256478026746104,1.9888618672512979,37.99230112128158,37.74476452123615,0.0
5.67,0.5161091324256533,-0.26021023632883983,0.2012166763226899,0.0,2.2556973746080025,1.9855159303343697,37.44842687331396,37.74476452123615,0.0
5.671,0.5105131831956194,-0.25630013857784023,0.4761171767857193,0.0,2.2542701430609133,2.011899438617674,37.61964056353492,37.74476452123615,0.0
5.672,0.522743247222323,-0.2585428143502707,0.3917615712522519,0.0,2.25590978080934,2.0220724847693887,38.18522097970146,37.74476452123615,0.0
5.673,0.5308378971883466,-0.2617928215306941,0.10456679858432877,0.0,2.258737833430219,1.9998762102866428,38.0414409369165,37.74476452123615,0.0
5.674,0.5204417534510711,-0.25864700901920373,0.17349005582000565,0.0,2.2586849138926666,1.9918603968476234,37.461698312823124,37.74476452123615,0.0
5.675,0.5130808361076066,-0.2535807839615515,0.46619202995082465,0.0,2.2573098783337406,2.0168545968511924,37.53862736481281,37.74476452123615,0.0
5.676,0.5240903748161142,-0.2548802767050974,0.42978887552021455,0.0,2.258765372783431,2.030995848138467,38.1271407969637,37.74476452123615,0.0
5.6770000000000005,0.5337527939394389,-0.2587862204169618,0.13170839668749407,0.0,2.261906101797749,2.0104909318982074,38.03766713404721,37.74476452123615,0.0
5.678,0.5247501433689068,-0.2561775547254371,0.17351620201762824,0.0,2.262356253623424,2.001017159312041,37.42225956121837,37.74476452123615,0.0
5.679,0.5171791665788185,-0.2507161997045394,0.4844450380322277,0.0,2.261239350612531,2.027062654016566,37.51582040152858,37.74476452123615,0.0
5.68,0.5286887054062637,-0.2519062304527947,0.439954059074198,0.0,2.263024204305696,2.041046853865102,38.13761591326724,37.74476452123615,0.0
5.681,0.5383709659304925,-0.2557163604681806,0.1251277892845567,0.0,2.2664362066086086,2.018675185941429,37.97011219095528,37.74476452123615,0.0
5.682,0.5284389230867723,-0.25255341680931653,0.20662617374334696,0.0,2.266883816786233,2.0121843173468292,37.30648830356283,37.74476452123615,0.0
5.683,0.5221577654638407,-0.2474054440898638,0.5428208796163037,0.0,2.2661029315240846,2.0431453373409747,37.56432040286117,37.74476452123615,0.0
5.684,0.5365931813920708,-0.24967351872168972,0.415709271150883,0.0,2.26879720472426,2.0519372354912297,38.236532993605486,37.74476452123615,0.0
5.6850000000000005,0.5445051685957423,-0.2526042365251701,0.0746852910550318,0.0,2.2724009386315096,2.023151884987467,37.817025552145935,37.74476452123615,0.0
5.686,0.5308761722671507,-0.24736030093332428,0.2837164014757094,0.0,2.272159624004519,2.02558741434022,37.12225585487533,37.74476452123615,0.0
5.687,0.5282018367140352,-0.24313401219522368,0.6373263367746218,0.0,2.2717735413702305,2.064719928021229,37.71440476385909,37.74476452123615,0.0
5.688,0.5475504388992726,-0.24822679514836501,0.34155547985650925,0.0,2.275941787379698,2.0616745988608196,38.32509628621341,37.74476452123615,0.0
5.689,0.5506566107402134,-0.24982824317195523,0.030406401029578922,0.0,2.2795139073252413,2.027933744234965,37.562117398073624,37.74476452123615,0.0
5.69,0.533876560109914,-0.24126337373594042,0.4137223163310963,0.0,2.278396579695448,2.0450772958254295,37.08739496846327,37.74476452123615,0.0
5.691,0.538110570540051,-0.23856230761212044,0.6576572266640013,0.0,2.2788938714084193,2.082760898823853,37.90519613106662,37.74476452123615,0.0
5.692,0.5577113900823945,-0.24600685575270084,0.24715232926402397,0.0,2.2839557052066386,2.06701723283105,38.150092669964394,37.74476452123615,0.0
5.6930000000000005,0.5543164114184651,-0.24555587719137592,0.12065077832785315,0.0,2.2868129359026046,2.044113451036825,37.349019132469145,37.74476452123615,0.0
5.694,0.5421756623252264,-0.23653377080415056,0.5251450009631478,0.0,2.286106143432569,2.07084668310448,37.40443582760493,37.74476452123615,0.0
5.695,0.5526025593606234,-0.23614334809136361,0.5008399403315684,0.0,2.2881906279817685,2.086849047657714,38.14568813895869,37.74476452123615,0.0
5.696,0.562859113606985,-0.2399477276348458,0.12620454847746226,0.0,2.292089286508282,2.0594688297161623,37.62444472816367,37.74476452123615,0.0
5.697,0.5509402868889189,-0.23517911202222475,0.3880294518056986,0.0,2.2922974658751674,2.0691772291875155,36.96436481068646,37.74476452123615,0.0
5.698,0.5532632615166893,-0.23150551792945734,0.725873407649798,0.0,2.2930992580584206,2.1121054772817547,37.851223655083245,37.74476452123615,0.0
5.699,0.5752090235262035,-0.23898859708302256,0.28137939411293517,0.0,2.2989735704805905,2.0961574946626302,38.09872049497783,37.74476452123615,0.0
5.7,0.5722004639778709,-0.2387766225467835,0.15409141442822455,0.0,2.3025675054081107,2.0733854030880976,37.24325841777021,37.74476452123615,0.0
5.7010000000000005,0.5605072627973673,-0.22920242161863938,0.586837514066697,0.0,2.3024737953286922,2.103381031455222,37.487803419085004,37.74476452123615,0.0
5.702,0.5725968973941863,-0.22932833401495828,0.4671346244308097,0.0,2.3054986114668035,2.1114261553039038,38.21641320298905,37.74476452123615,0.0
5.703,0.5790264087755682,-0.2318725557156096,0.09811324566125668,0.0,2.3093040636390807,2.078987575707254,37.30254751440467,37.74476452123615,0.0
5.704,0.5642819252361703,-0.22392386421361785,0.5594682600217615,0.0,2.3085853143522406,2.1062988529579956,37.13217117042421,37.74476452123615,0.0
5.705,0.5751074527415535,-0.22254588371654818,0.6507823655201133,0.0,2.310597476779499,2.1348998761552043,37.931501425091355,37.74476452123615,0.0
5.706,0.5914152751360282,-0.2297270235093309,0.24924986914798758,0.0,2.316072230465931,2.1140746924311635,37.50525579708151,37.74476452123615,0.0
5.707,0.5851166124036445,-0.22674586065046742,0.4647677703944564,0.0,2.3185172510989123,2.1244577276735104,36.96141975163167,37.74476452123615,0.0
5.708,0.5897946572798799,-0.22280637773837317,0.744519240815423,0.0,2.321352541701089,2.1620868726250517,37.959482579748766,37.74476452123615,0.0
5.7090000000000005,0.6088002821673635,-0.22986098468202623,0.24334064617174722,0.0,2.328482619331124,2.1362656337377826,37.65801157023126,37.74476452123615,0.0
5.71,0.6001089184732029,-0.22622022016937568,0.39494368044054917,0.0,2.3318465351436,2.1365737524734802,36.96147152981506,37.74476452123615,0.0
5.711,0.5990045286079861,-0.21907923554081135,0.7510466305628614,0.0,2.334155770584384,2.1748773143358555,37.931172430905164,37.74476452123615,0.0
5.712,0.616881821484796,-0.22442238879265158,0.2643321009211177,0.0,2.3407235953713155,2.1505042696791543,37.66751014030371,37.74476452123615,0.0
5.713,0.6084450044416532,-0.22101360865529707,0.3969357900311682,0.0,2.3437689358662546,2.1497856858688547,36.95607277334259,37.74476452123615,0.0
5.714,0.6072296421648115,-0.21352039937650102,0.7605413909906644,0.0,2.345647718711377,2.188163395383542,37.9289802530627,37.74476452123615,0.0
5.715,0.6251796013580008,-0.2189862119026642,0.2722454938123457,0.0,2.351852565694122,2.163555958398046,37.55253351285827,37.74476452123615,0.0
5.716,0.6169680019986704,-0.21537910244470998,0.46239117399833896,0.0,2.354524744114406,2.168911509123073,37.01260390314877,37.74476452123615,0.0
5.7170000000000005,0.6192193042918595,-0.20892476214914565,0.7396775850339607,0.0,2.3567913534272322,2.2022690117838417,37.93919053147805,37.74476452123615,0.0
5.718,0.6352481571636268,-0.2146400129160195,0.2744400107669043,0.0,2.3628602730621626,2.17682776703712,37.36019920496136,37.74476452123615,0.0
5.719,0.6268652499756706,-0.20955678577430514,0.5677813271879951,0.0,2.3651618687656715,2.1925398675969467,37.24588979052138,37.74476452123615,0.0
5.72,0.6341959783307369,-0.20524906909507828,0.6299247817151326,0.0,2.3683814983915146,2.20992307531398,38.006474270962066,37.74476452123615,0.0
5.721,0.6431947918539541,-0.20921255953008955,0.24701544399753128,0.0,2.3734965469411207,2.182231901323682,37.104104778054484,37.74476452123615,0.0
5.722,0.6326492013267544,-0.20114484548078512,0.7046067878831388,0.0,2.374403889786962,2.213235493885193,37.52741772092963,37.74476452123615,0.0
5.723,0.6462822724373227,-0.20102438289142485,0.4951237844486327,0.0,2.3783882838600343,2.2120053239310504,37.74995216937139,37.74476452123615,0.0
5.724,0.6478196795418814,-0.20280937751247508,0.38380468374639864,0.0,2.3820487755645927,2.201113555266332,36.89562031718532,37.74476452123615,0.0
5.7250000000000005,0.6450634303759613,-0.1951738408427796,0.8194620518799425,0.0,2.383396282252348,2.241031075619551,37.73707287602669,37.74476452123615,0.0
5.726,0.6639841069599823,-0.20036924275173615,0.398812688911353,0.0,2.3892486398833315,2.2243547540824418,37.24116750402344,37.74476452123615,0.0
5.727,0.6606152114702445,-0.19817197979995088,0.6518013450851051,0.0,2.3925544766537197,2.2425263315406516,37.26660648776675,37.74476452123615,0.0
5.728,0.6710753751559352,-0.1950290660462381,0.6438634335481422,0.0,2.3970231396095,2.254623971138953,37.83986309365145,37.74476452123615,0.0
5.729,0.6779819968865366,-0.19873378737254116,0.35628414488163856,0.0,2.4026936487129618,2.2337492436815465,36.932436434700705,37.74476452123615,0.0
5.73,0.6712461704704328,-0.19008443230563815,0.8181207552223667,0.0,2.404721157889715,2.27001686702745,37.663659959208275,37.74476452123615,0.0
5.731,0.6873525752463253,-0.1930697699470728,0.4533200385888606,0.0,2.41058755917461,2.256274971233835,37.16080936368974,37.74476452123615,0.0
5.732,0.6845376690589184,-0.19068409308941955,0.7105848879235936,0.0,2.4142008529208985,2.276911749469602,37.3665245159226,37.74476452123615,0.0
5.7330000000000005,0.6962703806225227,-0.1882824692902797,0.611509711860298,0.0,2.419276173266805,2.2810565140622403,37.61452026241228,37.74476452123615,0.0
5.734,0.6994885311592238,-0.19060576032666368,0.4888142812036975,0.0,2.4245380162893784,2.272551919175211,36.86372567019425,37.74476452123615,0.0
5.735,0.6987319136810316,-0.18273734516048967,0.8730219658231306,0.0,2.427534456942349,2.309029177121814,37.7781609148291,37.74476452123615,0.0
5.736,0.7156488854338877,-0.18810655280577218,0.41547037956977506,0.0,2.434548276317325,2.286117168937394,36.94714896813253,37.74476452123615,0.0
5.737,0.709816867974155,-0.1819330157796242,0.8389525084490964,0.0,2.4378367317870335,2.318166985186272,37.62429470081519,37.74476452123615,0.0
5.738,0.7248282974011594,-0.1832534564787654,0.5015843403119756,0.0,2.444208307181825,2.3042857681617885,37.05699675565381,37.74476452123615,0.0
5.739,0.721542673494728,-0.18017391624516127,0.7921109905484882,0.0,2.4482026495020013,2.3282729765105974,37.49216894045521,37.74476452123615,0.0
5.74,0.7345198374909283,-0.17872653988604556,0.5770508539556001,0.0,2.454067862427875,2.322238672450314,37.21187341416977,37.74476452123615,0.0
5.7410000000000005,0.7335063583798235,-0.17826913490247243,0.7225275281689816,0.0,2.45870728287053,2.3357886099602307,37.25756485879059,37.74476452123615,0.0
5.742,0.7429397274716607,-0.17375436121965082,0.7045538024830299,0.0,2.463745703964638,2.3439678138046207,37.46712136287684,37.74476452123615,0.0
5.743,0.7474664519292553,-0.1763731547647985,0.6025519820234975,0.0,2.469431418360567,2.3403888703808744,36.93178180011079,37.74476452123615,0.0
5.744,0.7501609960760927,-0.16895178930507698,0.8783515906177748,0.0,2.473348128838508,2.368843235277487,37.638706590442794,37.74476452123615,0.0
5.745,0.7632829653804751,-0.1742634135178128,0.5259497747597067,0.0,2.480377097076315,2.351905167719888,36.862475584388314,37.74476452123615,0.0
5.746,0.7609543781084681,-0.16658192712561745,0.9228881671554254,0.0,2.4841112819893123,2.384938409356904,37.67636623313455,37.74476452123615,0.0
5.747,0.7759474347359604,-0.17066087258543988,0.5166268256633224,0.0,2.4913008714392135,2.3647110917316843,36.791650518985804,37.74476452123615,0.0
5.748,0.7717678927510807,-0.16325216907604045,0.9685158227601994,0.0,2.49489302334097,2.4016055480941674,37.722838414844276,37.74476452123615,0.0
5.7490000000000006,0.7886303430426795,-0.16745337222366571,0.5031411358948825,0.0,2.502351625070133,2.377563003532498,36.68756145063789,37.74476452123615,0.0
5.75,0.7829526951050576,-0.15961060337249564,1.0313516487040597,0.0,2.5057553955651075,2.4202206426536303,37.7337931546857,37.74476452123615,0.0
5.751,0.8022674264228058,-0.16495615360522406,0.5083455103456578,0.0,2.51375099113681,2.393958717640302,36.680890572034286,37.74476452123615,0.0
5.752,0.7964479676637533,-0.15667044746836048,1.0454355411633829,0.0,2.517355951472625,2.436265797235682,37.71183384201809,37.74476452123615,0.0
5.753,0.8152863964527812,-0.16216292196328813,0.5302932129636629,0.0,2.5255181529902098,2.410535686740577,36.69452575561038,37.74476452123615,0.0
5.7540000000000004,0.8099527869509859,-0.15336943677376838,1.0494496438237753,0.0,2.529268915190727,2.4512285194564387,37.6681450432576,37.74476452123615,0.0
5.755,0.8277579963992577,-0.15899996625419494,0.5634061947799485,0.0,2.537421177537523,2.4275588922830154,36.7335392197579,37.74476452123615,0.0
5.756,0.8236108897739215,-0.1499146203989505,1.0408213595445819,0.0,2.541335557593414,2.465081790499432,37.58868252352565,37.74476452123615,0.0
5.757000000000001,0.8398085180898699,-0.15549616642307448,0.6148105276378133,0.0,2.549315612986564,2.4457852835613982,36.81246737651272,37.74476452123615,0.0
5.758,0.8378361061792083,-0.1465997308346954,1.012241072591511,0.0,2.5535335887716335,2.477572842713788,37.45565914767041,37.74476452123615,0.0
5.759,0.8515098063023875,-0.15164177034221848,0.6935362407483241,0.0,2.5611521115951454,2.466047775444503,36.91678009381172,37.74476452123615,0.0
5.76,0.853110213596756,-0.14357763125528838,0.971255611951915,0.0,2.5659187997147415,2.4901339385341745,37.297932790300294,37.74476452123615,0.0
5.761,0.8636278665243943,-0.14799369062196666,0.785147581016985,0.0,2.573183843252548,2.487898139262866,37.12116837609441,37.74476452123615,0.0
5.7620000000000005,0.8693626811055543,-0.14101086122474765,0.8797657495713445,0.0,2.5786865306820825,2.498355850048145,36.976184656700035,37.74476452123615,0.0
5.763,0.8741541626162235,-0.14312318907391552,0.9599434079138931,0.0,2.5849869048045724,2.5157217044096245,37.50348098003406,37.74476452123615,0.0
5.764,0.887436930124916,-0.1406646985649299,0.6987080816589001,0.0,2.59210226971648,2.501030158664881,36.579500549197924,37.74476452123615,0.0
5.765,0.8840381264342478,-0.13514213794598176,1.1723509367973517,0.0,2.596454046799729,2.543739067394642,37.54155559204701,37.74476452123615,0.0
5.766,0.9043511802155797,-0.14135661668142438,0.6933555046646994,0.0,2.605380355314717,2.522917912920923,36.84487790935195,37.74476452123615,0.0
5.767,0.9031617366543018,-0.13206911219867368,1.0506932121310717,0.0,2.610248147250377,2.549502576218256,37.16953342051753,37.74476452123615,0.0
5.768,0.9142390611777093,-0.13637364081187245,0.8941177675554675,0.0,2.6178539995144847,2.5518884762682537,37.29945653482873,37.74476452123615,0.0
5.769,0.9224526806238715,-0.13055548109867404,0.8336092902639433,0.0,2.624254813702598,2.548913468589507,36.58924307822341,37.74476452123615,0.0
5.7700000000000005,0.9223858387392682,-0.12826994684869847,1.2002712329967289,0.0,2.6295248185336577,2.5879034303727355,37.515892270487925,37.74476452123615,0.0
5.771,0.9428267265184005,-0.13326733793329815,0.7392353593719547,0.0,2.6387393874217415,2.5668916648601443,36.85472948383736,37.74476452123615,0.0
5.772,0.9414725710086738,-0.12371139385433762,1.0787171030712246,0.0,2.643830195110226,2.59120924931465,37.00700220100068,37.74476452123615,0.0
5.773,0.9514093355432364,-0.12747489480812993,1.009958367691919,0.0,2.651353225021019,2.6015392921099365,37.45903651079185,37.74476452123615,0.0
5.774,0.9628856571782846,-0.12405054829503427,0.7867984929007789,0.0,2.658742643094283,2.5865656070090313,36.55137943298926,37.74476452123615,0.0
5.775,0.9596107949301302,-0.11684154462963725,1.2525608826845425,0.0,2.663137003912067,2.627768691913318,37.211052225744695,37.74476452123615,0.0
5.776,0.978420938801029,-0.12403617046470025,0.9280616092617386,0.0,2.672075736017013,2.6228364959863266,37.258638551188255,37.74476452123615,0.0
5.777,0.9856795599210287,-0.11737397365756541,0.9091297062404371,0.0,2.6788225874116294,2.619843529379923,36.49905002948678,37.74476452123615,0.0
5.7780000000000005,0.9858098058695888,-0.11403673511188298,1.3013811120086678,0.0,2.6842949827341904,2.6612197773951984,37.29936173047828,37.74476452123615,0.0
5.779,1.0068046652179714,-0.12077654483370179,0.9056792894204965,0.0,2.6941325147808803,2.6492477935299847,37.170869447722026,37.74476452123615,0.0
5.78,1.010960682486649,-0.11255287876751073,0.9756643815337653,0.0,2.70081709387188,2.650864926308232,36.48273781432854,37.74476452123615,0.0
5.781,1.0122782044325596,-0.10986872751629691,1.332350465299586,0.0,2.7067819083546323,2.691421054769498,37.273619344649305,37.74476452123615,0.0
5.782,1.0334200326531793,-0.11634509195348533,0.9416211519050708,0.0,2.716945095835839,2.6796585406370492,37.238541761776226,37.74476452123615,0.0
5.783,1.0376719890424684,-0.10811128231243586,0.9642221709362094,0.0,2.7239452304507936,2.6762257049727216,36.470162841627385,37.74476452123615,0.0
5.784,1.0370679237428742,-0.10325157501546244,1.3611576478067176,0.0,2.7294498383315617,2.7173820253486136,37.09995313579181,37.74476452123615,0.0
5.785,1.0573262220680664,-0.11038398680705214,1.0527106145789498,0.0,2.739352779831889,2.7148401925824674,37.61290190779024,37.74476452123615,0.0
5.7860000000000005,1.0637391349671845,-0.10849304111417607,0.7975548547141933,0.0,2.747731915761435,2.6880573365544715,36.98354826508891,37.74476452123615,0.0
5.787,1.0504077809553456,-0.10292802365126145,1.1198438386263283,0.0,2.752001610031236,2.7043246036215054,37.38541449244479,37.74476452123615,0.0
5.788,1.0507686499492566,-0.10961720484287449,0.9225042252363045,0.0,2.758262521686466,2.6942888569673435,38.066433916822355,37.74476452123615,0.0
5.789,1.0463512891163629,-0.10763802942573376,0.578777819091659,0.0,2.762609166402956,2.650535785983668,37.299633354526975,37.74476452123615,0.0
5.79,1.022040829246195,-0.09796803336260643,0.9666294119064408,0.0,2.761101931736656,2.660323602818471,37.52698378833418,37.74476452123615,0.0
5.791,1.016373360488397,-0.10306554667104444,0.855132002331859,0.0,2.7613816286450263,2.653219000486468,38.16879557493323,37.74476452123615,0.0
5.792,1.0126426166104978,-0.10235690275386769,0.5299857984953635,0.0,2.760793969665386,2.612555426891223,37.38695999015886,37.74476452123615,0.0
5.793,0.9910296926527715,-0.09528868334747025,0.9244816361933216,0.0,2.7554283015286525,2.624885563139252,37.711480644321085,37.74476452123615,0.0
5.7940000000000005,0.988684407575328,-0.102440869633289,0.7625541478813582,0.0,2.7526896365158993,2.61373098897645,38.09722139840417,37.74476452123615,0.0
5.795,0.9852194532842408,-0.10142885725953842,0.5661592020681341,0.0,2.7489265373641714,2.5837915286935624,37.39030004667264,37.74476452123615,0.0
5.796,0.9687601794636892,-0.09914622131008567,0.9231645226795345,0.0,2.742304832268624,2.599480109826527,37.99813797682337,37.74476452123615,0.0
5.797,0.9710099558890464,-0.10774044493106255,0.6167118230482974,0.0,2.73888234675373,2.575245744026097,37.83201347449402,37.74476452123615,0.0
5.798,0.9627003027098067,-0.1044187094742375,0.6989015846803952,0.0,2.7329273400738225,2.5661345266440314,37.49118423531999,37.74476452123615,0.0
5.799,0.9543475409310199,-0.10834828889153077,0.8718520071265705,0.0,2.72712218341417,2.576377286448816,38.31360010663226,37.74476452123615,0.0
5.8,0.9583477354588041,-0.11466332800099828,0.4549557156164763,0.0,2.7235771769088277,2.536903609300739,37.563795307885236,37.74476452123615,0.0
5.801,0.9416665505799416,-0.10923072451043853,0.8316678071234962,0.0,2.715778566564157,2.5485050244797622,37.91989192690745,37.74476452123615,0.0
5.8020000000000005,0.940958318095815,-0.11766655984661058,0.6518682235556781,0.0,2.710902226693741,2.5345324557233515,37.98823160403519,37.74476452123615,0.0
5.803,0.9372736452904605,-0.11629908198359779,0.6152637141638148,0.0,2.7048814830164325,2.51963924134186,37.544606360417056,37.74476452123615,0.0
5.804,0.9275597003255021,-0.11965851461899772,0.8390779175810739,0.0,2.6983567046372277,2.531650568718697,38.355110410205555,37.74476452123615,0.0
5.805,0.9321196088436114,-0.12606555447212753,0.4277224337971305,0.0,2.6943567168911193,2.4937223108828817,37.553494643749666,37.74476452123615,0.0
5.806,0.916024657705452,-0.1216941872236334,0.8304430157999397,0.0,2.6864189813401746,2.5094157426245634,38.15903347277145,37.74476452123615,0.0
5.807,0.9179889457868902,-0.13061772336034427,0.5235309117736957,0.0,2.681869665166014,2.4845814991737285,37.76828604952558,37.74476452123615,0.0
5.808,0.9092280819767014,-0.12743662918527987,0.7186694081137363,0.0,2.6748527005435627,2.487293441988163,37.919004724483294,37.74476452123615,0.0
5.809,0.906350117661161,-0.13487673865692046,0.6415676686024069,0.0,2.669658849648431,2.47882888518587,38.03731128615915,37.74476452123615,0.0
5.8100000000000005,0.9043736103672404,-0.13467098098750527,0.5794889201152477,0.0,2.6640408937242315,2.4648223901949953,37.68427653326804,37.74476452123615,0.0
5.811,0.8953670128390414,-0.13869208642097774,0.7566111764404848,0.0,2.658028463067741,2.4727299454465963,38.35228777389089,37.74476452123615,0.0
5.812,0.898728252354355,-0.1426089295750123,0.41653032360251085,0.0,2.6537986726946676,2.439605583409994,37.58058633707149,37.74476452123615,0.0
5.813,0.883117315877032,-0.14081597670842189,0.8040228238538603,0.0,2.6464430319083756,2.457146477503431,38.40322048427136,37.74476452123615,0.0
5.814,0.8875042087969562,-0.14807403491126495,0.38612119062357286,0.0,2.642393360541036,2.4217149458650837,37.61517810391654,37.74476452123615,0.0
5.815,0.8724234860306647,-0.14440326590810582,0.7814382449741774,0.0,2.6347291379742197,2.438788240998199,38.36454443438869,37.74476452123615,0.0
5.816,0.8759532839887729,-0.1524125768808908,0.40055728060657725,0.0,2.6304563990744345,2.4069986227343243,37.64904208576984,37.74476452123615,0.0
5.817,0.8628333213745522,-0.14910800399251184,0.7592656792706645,0.0,2.622988376110791,2.4227059197707295,38.36653639365416,37.74476452123615,0.0
5.8180000000000005,0.866172178340359,-0.15711166625831566,0.39430080660432654,0.0,2.618751333725275,2.391863990934812,37.65724856384356,37.74476452123615,0.0
5.819,0.8533561244113412,-0.15407466031109476,0.7498198810835519,0.0,2.6114396954178654,2.4078824521651616,38.39688085143589,37.74476452123615,0.0
5.82,0.857081760563188,-0.16184257632439758,0.37348257398539,0.0,2.6073459078851684,2.3760776284001532,37.65483240659859,37.74476452123615,0.0
5.821,0.8435540878963361,-0.15895088390980489,0.7454061175504165,0.0,2.6000852514035007,2.3932441714763804,38.42726240167639,37.74476452123615,0.0
5.822,0.8479300165966046,-0.1663153861295393,0.35236614120711396,0.0,2.5961063270459404,2.3603977328797083,37.65701047927525,37.74476452123615,0.0
5.823,0.8336163920797904,-0.16374573948671822,0.7383696428272913,0.0,2.5888843451115604,2.3784470886324502,38.44472230166415,37.74476452123615,0.0
5.824,0.8385776927892229,-0.17054543112288437,0.3375141538285614,0.0,2.5849631594923,2.345326292487215,37.672046622960586,37.74476452123615,0.0
5.825,0.8237968296930948,-0.16853697140937368,0.7245791721630991,0.0,2.5778330853355937,2.36338667224903,38.443067855719036,37.74476452123615,0.0
5.8260000000000005,0.8290466668811279,-0.17457602269654898,0.3320855224390452,0.0,2.573906436809464,2.3311577642443573,37.70913686843067,37.74476452123615,0.0
5.827,0.814266506009081,-0.17339324276737292,0.6994072926112838,0.0,2.566959066030399,2.347767729471531,38.4102710289164,37.74476452123615,0.0
5.828,0.8192321267654864,-0.17838285020614184,0.34218514729161664,0.0,2.5629281134695137,2.31836028751927,37.79406898679524,37.74476452123615,0.0
5.829,0.805288040962939,-0.17830652604257793,0.6497931236966054,0.0,2.5563012202371107,2.3304830990097374,38.32967514984084,37.74476452123615,0.0
5.83,0.8086498085479455,-0.18172201311735497,0.37614093588775865,0.0,2.5519257642968576,2.307043884312516,37.91757254150595,37.74476452123615,0.0
5.831,0.7967362311861051,-0.1832863750540725,0.5804641598525061,0.0,2.545781857423198,2.3120672331908567,38.16689706011394,37.74476452123615,0.0
5.832,0.7975240907012286,-0.18477357448491075,0.45158057515973227,0.0,2.5409026244427633,2.299547629617862,38.13621537968936,37.74476452123615,0.0
5.833,0.7898512178946,-0.18898938206824142,0.46300690678748935,0.0,2.5357082212429303,2.2911896900339856,37.904856384615165,37.74476452123615,0.0
5.8340000000000005,0.7851908702757588,-0.18808798277153685,0.577085485690797,0.0,2.5300561524062224,2.2960183939616052,38.50586619510505,37.74476452123615,0.0
5.835,0.7852137626771308,-0.19417574430956844,0.2689695637071656,0.0,2.526130828608097,2.2647163617652195,37.766049119947525,37.74476452123615,0.0
5.836,0.7699973970616774,-0.1909549692899582,0.6386652552988146,0.0,2.5190526711026093,2.2815737148452926,38.40489513944619,37.74476452123615,0.0
5.837,0.7745657519896857,-0.1955686959018573,0.3126409393673817,0.0,2.5149077823331822,2.2558232025001987,37.96148994546085,37.74476452123615,0.0
5.838,0.761974706681641,-0.19648402820294142,0.5321762821178057,0.0,2.508656880493189,2.2610730819076985,38.08983505918615,37.74476452123615,0.0
5.839,0.7625275201528897,-0.19771293897225803,0.46455301987565434,0.0,2.503682083639559,2.2553522509813897,38.3431498010563,37.74476452123615,0.0
5.84,0.7582563941107829,-0.20307043969312388,0.3319117961423784,0.0,2.4992097193502634,2.236267073473454,37.84410884119453,37.74476452123615,0.0
5.841,0.7485571517972616,-0.20088407643761333,0.5804388328736776,0.0,2.492981998773789,2.248331768959226,38.44579993076392,37.74476452123615,0.0
5.8420000000000005,0.7519417834438263,-0.2054292539802863,0.27258293399370725,0.0,2.4891053529657867,2.221748501690405,37.98946341674809,37.74476452123615,0.0
5.843,0.7385233754538727,-0.20568590389052474,0.4983042020465034,0.0,2.4829408247264038,2.2268536662376337,38.03377243422898,37.74476452123615,0.0
5.844,0.7385632005701708,-0.20661329210706453,0.4732596141761294,0.0,2.478002711970399,2.22568117931724,38.47805231321611,37.74476452123615,0.0
5.845,0.7366351423008127,-0.21226254464341,0.24378679676276382,0.0,2.4740533056947873,2.1993530504373107,37.84391489234438,37.74476452123615,0.0
5.846,0.7233697105594836,-0.20933935431600173,0.5598640034875471,0.0,2.467487983697366,2.2137659316405256,38.281472056654046,37.74476452123615,0.0
5.847,0.727432437866091,-0.21271923135769455,0.335718345978535,0.0,2.463421500397868,2.1976846438092985,38.20967788440069,37.74476452123615,0.0
5.848,0.7189705384105403,-0.21599139731201755,0.3669662984735672,0.0,2.458479676129756,2.1894550039939644,37.863059865958405,37.74476452123615,0.0
5.849,0.7134005219863183,-0.21520171834832574,0.5390923542474874,0.0,2.4530894839613717,2.200703615155641,38.4539712267497,37.74476452123615,0.0
5.8500000000000005,0.71744638693946,-0.22001557560342613,0.23654460679670397,0.0,2.4499005932136932,2.1747860878978984,38.08374480135264,37.74476452123615,0.0
5.851,0.7043639499244284,-0.22020744493156874,0.418268016694071,0.0,2.4444118058685516,2.1756360035755664,37.92950429029542,37.74476452123615,0.0
5.852,0.701941847667393,-0.22015967789924482,0.49354087453208706,0.0,2.4395497157588553,2.182450436092286,38.52757834343778,37.74476452123615,0.0
5.853,0.7040876431095396,-0.22523853056939744,0.1866757097388898,0.0,2.436414429375839,2.153329061119524,38.01210660165603,37.74476452123615,0.0
5.854,0.6892236244297676,-0.22367124646314945,0.4417381598255671,0.0,2.43045734435546,2.1595883161724,37.9801073240292,37.74476452123615,0.0
5.855,0.6889185540859049,-0.2243511509429589,0.45538437061105197,0.0,2.425812355676247,2.163461313454514,38.52666449420811,37.74476452123615,0.0
5.856,0.6899405871215925,-0.22951602742664654,0.17428678579187507,0.0,2.4225805029615755,2.1353098413651663,37.98387137480506,37.74476452123615,0.0
5.857,0.6755199140129072,-0.2275036612119054,0.44329227695771123,0.0,2.4165836792609787,2.1436484054620335,37.98935116010373,37.74476452123615,0.0
5.8580000000000005,0.676304728054133,-0.22864609414655498,0.43810651791970145,0.0,2.412166185625086,2.1470624060976933,38.51325610094414,37.74476452123615,0.0
5.859,0.6773995933001102,-0.23379641617535338,0.1684691317024165,0.0,2.4090869525101697,2.119972415376031,38.00037090653764,37.74476452123615,0.0
5.86,0.6634978564262459,-0.23190968515066301,0.4223556650526519,0.0,2.4033476000015757,2.1274475326543256,37.96055409524463,37.74476452123615,0.0
5.861,0.6638899452998139,-0.23289913402513868,0.440106174959071,0.0,2.3990574011581085,2.1328327465653043,38.49521727541465,37.74476452123615,0.0
5.862,0.6660799530882653,-0.23782787346396692,0.1652700573322754,0.0,2.396267010439613,2.1066039611948337,38.064097553269605,37.74476452123615,0.0
5.863,0.6525980125405725,-0.2365339084701064,0.377636588084465,0.0,2.3909411567122065,2.1103326083866993,37.91279243594544,37.74476452123615,0.0
5.864,0.651077501469247,-0.23682849042498072,0.45160886759945384,0.0,2.386566096741703,2.1192015277381335,38.42059008134989,37.74476452123615,0.0
5.865,0.654914780047008,-0.24120219115920213,0.19095178929609058,0.0,2.383993595964609,2.0968967419945876,38.18900483516588,37.74476452123615,0.0
5.8660000000000005,0.6434265036809389,-0.2414535664406042,0.3023020092487987,0.0,2.379431780964481,2.0927223629115645,37.886287715471155,37.74476452123615,0.0
5.867,0.6382363965318547,-0.24064829171392382,0.4522453371538119,0.0,2.3748176155833147,2.1043455331295924,38.24078957316616,37.74476452123615,0.0
5.868,0.6428871450167062,-0.24392837006909682,0.2700341577870089,0.0,2.3721960451284034,2.0922388233734788,38.36174750947413,37.74476452123615,0.0
5.869,0.6365480795638566,-0.24662427250734706,0.20338535975064564,0.0,2.3688897092280294,2.076315176241815,37.95824821988866,37.74476452123615,0.0
5.87,0.626483647339935,-0.24461024117968982,0.40300016755685486,0.0,2.3640731397340993,2.0853210739624286,38.01246334301228,37.74476452123615,0.0
5.871,0.62845354168671,-0.24610540358786537,0.37321561777728407,0.0,2.3608234251398006,2.0873549437073895,38.45140126913622,37.74476452123615,0.0
5.872,0.6291283865089523,-0.2501933775684179,0.14668028723631266,0.0,2.358536794493207,2.064184880169735,38.114401666213006,37.74476452123615,0.0
5.873,0.616726858198114,-0.24853783370686316,0.31148371724815116,0.0,2.35393883099293,2.0648678070903124,37.92927236361164,37.74476452123615,0.0
5.8740000000000006,0.6135525507716018,-0.24817187640522115,0.40220329012508016,0.0,2.3498452566701746,2.0735789222189567,38.238566457009306,37.74476452123615,0.0
5.875,0.6171102396538015,-0.2510640893065343,0.24261822406851474,0.0,2.3473539542847193,2.062124926556162,38.32356272409766,37.74476452123615,0.0
5.876,0.6109397751239253,-0.25306609689590454,0.19433210849572113,0.0,2.344157681277348,2.048565906155769,38.00235378881573,37.74476452123615,0.0
5.877,0.6019644057929066,-0.25140622793548784,0.3523606834608905,0.0,2.339722527869135,2.054834750877687,37.99125737869339,37.74476452123615,0.0
5.878,0.6026225089600495,-0.25257120888233187,0.35544395994748895,0.0,2.336502520867691,2.0586299254087703,38.33661777838914,37.74476452123615,0.0
5.8790000000000004,0.6043589388387399,-0.2555737246169441,0.17684522752808418,0.0,2.3343026589408398,2.041862462200615,38.20782672018637,37.74476452123615,0.0
5.88,0.5952158061377446,-0.25543550991205255,0.23661013463996805,0.0,2.330600808110974,2.0359349951229886,37.97139954853076,37.74476452123615,0.0
5.881,0.589296092248192,-0.25445950733279077,0.3525573701948249,0.0,2.3265704175196618,2.042946373710895,37.95092648863428,37.74476452123615,0.0
5.882000000000001,0.5911903399189107,-0.25616824246799563,0.3607322804690844,0.0,2.323841924736937,2.0483257787728246,38.27845543591933,37.74476452123615,0.0
5.883,0.5936654942144941,-0.26025176734209765,0.19163089767972963,0.0,2.322356322123476,2.0339581683449093,38.17964379785592,37.74476452123615,0.0
5.884,0.5864542158521036,-0.2597311063146034,0.23668792394523674,0.0,2.319484410766805,2.0283440375783583,38.09301392051079,37.74476452123615,0.0
5.885,0.581008796173355,-0.2587774902670173,0.27652036862505275,0.0,2.3162385863141863,2.0274620107859587,38.09067181043333,37.74476452123615,0.0
5.886,0.5783435791560145,-0.25942994760147486,0.27423235077181296,0.0,2.313310448094856,2.025932317492002,38.10851159056415,37.74476452123615,0.0
5.8870000000000005,0.5762636545864235,-0.26050174358771694,0.2616749900131226,0.0,2.3106335273532044,2.023106489733067,38.12754324282315,37.74476452123615,0.0
5.888,0.5738360642641416,-0.26109052574557595,0.2483313766677514,0.0,2.3079957639873268,2.01919956450521,38.125347512657704,37.74476452123615,0.0
5.889,0.5706052971983441,-0.2614410978613717,0.24562341183625924,0.0,2.3052637595464103,2.015586223939557,38.10482835196397,37.74476452123615,0.0
5.89,0.5672981769157138,-0.2616911432915343,0.25228235387584985,0.0,2.30246762076918,2.0131520558194773,38.08746651350843,37.74476452123615,0.0
5.891,0.5645775698539883,-0.2621662533540148,0.2575362531808948,0.0,2.2997574407102355,2.0114592257108064,38.065868532145615,37.74476452123615,0.0
5.892,0.5623254581847672,-0.263039627431795,0.26512420375320844,0.0,2.2972403156942507,2.010667322390008,38.03239465793298,37.74476452123615,0.0
5.893,0.5609162139171523,-0.26374648756807856,0.2789848394925561,0.0,2.2949647337219963,2.0112841830780432,37.931775175437174,37.74476452123615,0.0
5.894,0.5600556057198138,-0.26537879171104584,0.32742447419845017,0.0,2.293150880870135,2.0168821274193345,38.068210943046196,37.74476452123615,0.0
5.8950000000000005,0.5627089711887738,-0.266770067459966,0.25597212617583853,0.0,2.2922149250285417,2.0130942611282054,38.30039184942071,37.74476452123615,0.0
5.896,0.5603536849803266,-0.2681083776872,0.13432539970673468,0.0,2.2911270795095,1.9972105845882733,38.12914483940018,37.74476452123615,0.0
5.897,0.5506236375445664,-0.26575338413975813,0.2161051015353591,0.0,2.2882872184958782,1.9940654779721183,37.91273324595331,37.74476452123615,0.0
5.898,0.5456759607738231,-0.2641760370365795,0.32263121101162295,0.0,2.285266874676129,2.002297914910744,37.91112333732519,37.74476452123615,0.0
5.899,0.5484055471003348,-0.26526653476449663,0.3217725771647919,0.0,2.283507537153319,2.007895631691995,38.28126433067037,37.74476452123615,0.0
5.9,0.5515033109266565,-0.26789833249268113,0.13133708239786263,0.0,2.2827624978337364,1.991504866799315,38.23199390576263,37.74476452123615,0.0
5.901,0.5428130123972876,-0.2668981721865139,0.15110000100646742,0.0,2.280316550345884,1.981743860935055,37.91543011255564,37.74476452123615,0.0
5.902,0.5348441846806499,-0.26415144237008514,0.3076752416967667,0.0,2.2768469583436444,1.9905296762618192,37.82939966680108,37.74476452123615,0.0
5.9030000000000005,0.5370001840763007,-0.26473643769027366,0.34984411311839714,0.0,2.2746947238576913,2.000845926094471,38.133484450521436,37.74476452123615,0.0
5.904,0.5427557296164991,-0.26761013142718104,0.19391452196536635,0.0,2.2740995941614566,1.9917298337387477,38.28288203155408,37.74476452123615,0.0
5.905,0.5385122800411979,-0.2685767185676091,0.1138345563458647,0.0,2.272729955847351,1.976740672251043,37.95805829689033,37.74476452123615,0.0
5.906,0.5290224548169371,-0.2655722527551938,0.2741134859211991,0.0,2.2696582081051155,1.9825463912690964,37.757320679273505,37.74476452123615,0.0
5.907,0.5291126272294825,-0.26511423744964857,0.37435673314923734,0.0,2.267453870013422,1.9967835142928285,38.000531859429415,37.74476452123615,0.0
5.908,0.5363940115210133,-0.26795576909358265,0.2501934696893495,0.0,2.267210826667161,1.9939160492042074,38.32358462711166,37.74476452123615,0.0
5.909,0.5358835062183218,-0.27003777236927373,0.08287888478947347,0.0,2.2669059461905503,1.974277024011646,38.01897502646157,37.74476452123615,0.0
5.91,0.524837525412805,-0.2667211186968754,0.23244158006226373,0.0,2.264281999305623,1.9759064084552658,37.70317167090421,37.74476452123615,0.0
5.9110000000000005,0.5221624987424472,-0.2650566487717414,0.39075918634426143,0.0,2.2619334603985095,1.993213562630006,37.88763021061796,37.74476452123615,0.0
5.912,0.5302662346474064,-0.26770986141527586,0.29710125959357087,0.0,2.2618589888896223,1.9957514382749169,38.30864240550647,37.74476452123615,0.0
5.913,0.533066573108426,-0.27032211296266506,0.08095638330661181,0.0,2.2623065676398926,1.9749617222087263,38.09135074244175,37.74476452123615,0.0
5.914,0.5220989083944563,-0.2674307012917896,0.1861363526269162,0.0,2.260286239109246,1.9712614275154312,37.707638705600814,37.74476452123615,0.0
5.915,0.5165745980873845,-0.26466746934639995,0.3783636292037361,0.0,2.2578228725650504,1.9883203276552868,37.76301051374584,37.74476452123615,0.0
5.916,0.5238077848956129,-0.2663966077121216,0.35049526520612634,0.0,2.2575295702289435,1.9975883146692563,38.20521297375183,37.74476452123615,0.0
5.917,0.530055409105874,-0.2696610855054419,0.12478955067797604,0.0,2.258534198001452,1.980736320995051,38.19095872424493,37.74476452123615,0.0
5.918,0.521901594261047,-0.26830442267972143,0.12745473340133723,0.0,2.257571285940527,1.9691796125854015,37.76299265292574,37.74476452123615,0.0
5.9190000000000005,0.5131533947371798,-0.26419332396556694,0.3412554877440364,0.0,2.25511034001443,1.9830544787602662,37.62234794440444,37.74476452123615,0.0
5.92,0.5177351272755641,-0.26446892821730084,0.41280200777300363,0.0,2.254354402753261,2.0004364008103326,38.071035856749994,37.74476452123615,0.0
5.921,0.527449667515248,-0.2687001713768037,0.1851953382450876,0.0,2.2558749321282434,1.9892295559799327,38.29759412799121,37.74476452123615,0.0
5.922,0.5233190506364864,-0.26881231305720454,0.06638790655692861,0.0,2.2560927472359364,1.9690542110387137,37.82482425568723,37.74476452123615,0.0
5.923,0.5112772624921733,-0.26332034967542517,0.3019722453644067,0.0,2.253666008949939,1.9793038242151773,37.53365333188824,37.74476452123615,0.0
5.924,0.5127875712674335,-0.2623238160022261,0.44966881915738277,0.0,2.252452206739953,2.0018900301278255,37.944835754479904,37.74476452123615,0.0
5.925,0.5245180451137831,-0.2666457141113022,0.24207689552911277,0.0,2.254103779470962,1.9965089088558252,38.30830178758962,37.74476452123615,0.0
5.926,0.5241971708745529,-0.2677960791586471,0.05470850631071977,0.0,2.255135403975786,1.9734490543111638,37.88036327725846,37.74476452123615,0.0
5.9270000000000005,0.5115046441737159,-0.26258491030403086,0.2673217739160766,0.0,2.253173148351181,1.9794524601949242,37.49078562633079,37.74476452123615,0.0
5.928,0.5105785315821091,-0.26057160577573263,0.4646503883289652,0.0,2.2518381070678455,2.0042142619552803,37.83358810532626,37.74476452123615,0.0
5.929,0.5229548100727344,-0.2643281550697359,0.292360912990331,0.0,2.253546103556503,2.0040705992200047,38.28997888813827,37.74476452123615,0.0
5.93,0.5256441726989507,-0.2661916643263018,0.05871337791530229,0.0,2.2552363546480487,1.9799617011982775,37.938576172902295,37.74476452123615,0.0
5.931,0.5130070287004261,-0.26152654941252595,0.23247661901662947,0.0,2.2538148930951865,1.981300129425872,37.447173157112175,37.74476452123615,0.0
5.932,0.5096480739330456,-0.2585445629802285,0.48115404055292893,0.0,2.2523880531619547,2.008222566217829,37.73159034251342,37.74476452123615,0.0
5.933,0.5226144066773866,-0.2618267708923815,0.3390771896395333,0.0,2.254187003635902,2.01273496137188,38.24989413230218,37.74476452123615,0.0
5.934,0.5280489443497126,-0.26420653786992815,0.07487399863449296,0.0,2.256486250866268,1.988866293739985,37.991536321314946,37.74476452123615,0.0
5.9350000000000005,0.5161030701772277,-0.2601927612350341,0.20158518612732246,0.0,2.255703393510794,1.9855630716642763,37.44748326976518,37.74476452123615,0.0
5.936,0.5105259619390932,-0.2562903117307658,0.4765845244169157,0.0,2.2542793680041773,2.0119887245619887,37.6202895029296,37.74476452123615,0.0
5.937,0.5227831281885912,-0.25854503374448035,0.3914261580177699,0.0,2.255927354254543,2.0221079365626378,38.18614564454941,37.74476452123615,0.0
5.938,0.5308588331521177,-0.2617854262522403,0.1040842759747318,0.0,2.258756359035654,1.999858246744024,38.040520032508695,37.74476452123615,0.0
5.939,0.5204294823593997,-0.2586227956686867,0.17393952688236508,0.0,2.258697201067524,1.9919019084424878,37.46053905537842,37.74476452123615,0.0
5.94,0.513088276680478,-0.25356446838685576,0.4667722701060805,0.0,2.257323535370887,2.0169515765365778,37.539395738374324,37.74476452123615,0.0
5.941,0.5241329136209778,-0.254878592484568,0.4293976164367462,0.0,2.25878733997689,2.0310310497954864,38.128174471454216,37.74476452123615,0.0
5.942,0.533775320924287,-0.2587742162577079,0.13117415039461977,0.0,2.261928088822252,2.010467903027206,38.036535679242775,37.74476452123615,0.0
5.9430000000000005,0.5247363031868967,-0.2561486652149164,0.17407583492027406,0.0,2.2623706812538114,2.001067281802679,37.42083284414331,37.74476452123615,0.0
5.944,0.5171910568552514,-0.250698561141372,0.48516656924093354,0.0,2.2612556963821007,2.0271815327928837,37.51679363608152,37.74476452123615,0.0
5.945,0.5287444604763105,-0.251907266554929,0.4394658821233744,0.0,2.2630510937328063,2.0410885504091256,38.13897687867796,37.74476452123615,0.0
5.946,0.5384017067833844,-0.2557046114714534,0.12443213725073876,0.0,2.266463273996749,2.0186409378764316,37.96869946237932,37.74476452123615,0.0
5.947,0.5284230449120657,-0.25251910866480454,0.20733149598862632,0.0,2.266901096223131,2.012242796802212,37.304615913536956,37.74476452123615,0.0
5.948,0.5221745596867234,-0.24738456880256185,0.5437747564867998,0.0,2.266122377762674,2.043295563881547,37.56565742131396,37.74476452123615,0.0
5.949,0.5366660097687366,-0.24968028508511544,0.41504507359752113,0.0,2.268830682045898,2.051983940322824,38.238165099321286,37.74476452123615,0.0
5.95,0.5445420506212652,-0.25259721696250154,0.07385722881300583,0.0,2.2724348988886143,2.0231094934579352,37.81499615694993,37.74476452123615,0.0
5.9510000000000005,0.5308600174970307,-0.24732029494832491,0.28473938364154533,0.0,2.272181618620237,2.0256756124949824,37.120973010275705,37.74476452123615,0.0
5.952,0.5282387795136015,-0.24310697861582728,0.6379888720882628,0.0,2.27179958270597,2.064859929629276,37.716380646341435,37.74476452123615,0.0
5.953,0.5476220946389772,-0.24823183084139094,0.34056889280434516,0.0,2.275980049004695,2.0616805418093893,38.32477054625249,37.74476452123615,0.0
5.954,0.5506675909167781,-0.2498183072906363,0.030573882598655233,0.0,2.279547793778721,2.0279707166322725,37.56039956370609,37.74476452123615,0.0
5.955,0.5338945143376536,-0.24123510368455206,0.41460302344715366,0.0,2.2784277643964703,2.045207297432143,37.08856376982031,37.74476452123615,0.0
5.956,0.5381798414247734,-0.23854645149916665,0.6570829279042023,0.0,2.2789334763281,2.0828015985502186,37.90612337291131,37.74476452123615,0.0
5.957,0.5577430047375691,-0.24599030546082093,0.24668953784195147,0.0,2.283993757636011,2.067009874104694,38.147525777934376,37.74476452123615,0.0
5.958,0.5543129971742816,-0.24552500691124524,0.12196072276343589,0.0,2.2868432169885082,2.0442600469415897,37.34776611444127,37.74476452123615,0.0
5.9590000000000005,0.5422428540622747,-0.23652669460742967,0.5258105385779375,0.0,2.2861475863215213,2.0710343319871125,37.40732685698317,37.74476452123615,0.0
5.96,0.5527100129795712,-0.23615784051173896,0.49940454394951855,0.0,2.2882483563982965,2.086846378982091,38.14948649860637,37.74476452123615,0.0
5.961,0.5628855885544672,-0.23991858436422966,0.12427750336421461,0.0,2.292137624531624,2.059272742043084,37.62057168350383,37.74476452123615,0.0
5.962,0.550847832487654,-0.23508453596020645,0.3899768392928071,0.0,2.2923112493947513,2.0692495018924077,36.96471934719249,37.74476452123615,0.0
5.963,0.5532788780547389,-0.23143995975328463,0.7257034591889141,0.0,2.2931126248577756,2.1121310904993496,37.85250053663061,37.74476452123615,0.0
5.964,0.5752207751698459,-0.2389577347827137,0.28073550431591177,0.0,2.2989854226504987,2.0961116183299175,38.094811691193385,37.74476452123615,0.0
5.965,0.5721796573189686,-0.23873650810731964,0.1560794553349506,0.0,2.302569480762419,2.073572829252273,37.240961889641035,37.74476452123615,0.0
5.966,0.5606002301533749,-0.22920269729430387,0.5880423824270768,0.0,2.3024947472327044,2.103652133173235,37.49136435204803,37.74476452123615,0.0
5.9670000000000005,0.5727601967023113,-0.2293726223286237,0.46537515291546017,0.0,2.305549447309963,2.111449618239891,38.217237562768304,37.74476452123615,0.0
5.968,0.5790787192019231,-0.23188092211254055,0.09771381714000205,0.0,2.309352639612049,2.078983312357955,37.299739557066054,37.74476452123615,0.0
5.969,0.5642983502399211,-0.22388359992073056,0.5609130696328277,0.0,2.308624093656795,2.106461513237204,37.13545699216554,37.74476452123615,0.0
5.97,0.5751941089595951,-0.22253157794797704,0.6491474273737926,0.0,2.310647473189906,2.1348464891107963,37.933404316358704,37.74476452123615,0.0
5.971,0.591414272012459,-0.22967654231656176,0.24828736732598344,0.0,2.316106478657336,2.113943094819052,37.501358685123336,37.74476452123615,0.0
5.972,0.5850558749339377,-0.22665602107686517,0.4667442413047958,0.0,2.318525537168797,2.1245764225505397,36.96410293359368,37.74476452123615,0.0
5.973,0.5898500675280746,-0.22275329090453355,0.7431787329460486,0.0,2.321366927495702,2.1620206035446343,37.958995521242116,37.74476452123615,0.0
5.974,0.6087819242314686,-0.2298167227867167,0.24359012912177064,0.0,2.3284846016980882,2.1362508518234944,37.651636998823314,37.74476452123615,0.0
5.9750000000000005,0.6001149934651163,-0.22615647677973152,0.3982006655553001,0.0,2.3318402719285323,2.136915568691971,36.96417513906274,37.74476452123615,0.0
5.976,0.5992002666116476,-0.21908932766820746,0.7497374892573214,0.0,2.334186062880581,2.1749862767857486,37.933137833672085,37.74476452123615,0.0
5.977,0.6169919930562563,-0.22444956602202176,0.2633724088282894,0.0,2.340764643256838,2.1505027289036986,37.660521976413776,37.74476452123615,0.0
5.978,0.6084926006810742,-0.22097641126119594,0.4005227629056675,0.0,2.343801361400036,2.1501884340259982,36.96047400646926,37.74476452123615,0.0
5.979,0.607465158509741,-0.21354060554902415,0.7583896530255932,0.0,2.345719771160413,2.188231119537899,37.93088788478995,37.74476452123615,0.0
5.98,0.6252698848410653,-0.21900592759118492,0.2713214802297095,0.0,2.351926151977702,2.163536415247744,37.54465701006712,37.74476452123615,0.0
5.981,0.6170005548541088,-0.21531398431741233,0.4664379927028168,0.0,2.3545816573037093,2.1693529911302103,37.01822835604586,37.74476452123615,0.0
5.982,0.619460922228909,-0.20894203220604385,0.7369176813653495,0.0,2.3568892743858507,2.2023017268740825,37.94042125125576,37.74476452123615,0.0
5.9830000000000005,0.6353164599932957,-0.21464719205401983,0.2738646664602016,0.0,2.3629522904385554,2.1768262167452543,37.355483701840456,37.74476452123615,0.0
5.984,0.626897619121656,-0.2094828774777622,0.5702262493618124,0.0,2.3652363276712385,2.1928194913763317,37.25714803422929,37.74476452123615,0.0
5.985,0.634338079526951,-0.20524842147764508,0.6242702480374646,0.0,2.3684771416295116,2.2095204272395788,38.011638787641445,37.74476452123615,0.0
5.986,0.6430192649060289,-0.20910273967796084,0.24435612866733347,0.0,2.3735302873403175,2.1816638320072097,37.093109543427964,37.74476452123615,0.0
5.987,0.6323361262023828,-0.2008959351906638,0.7101373005521557,0.0,2.3743511672812003,2.213395238081382,37.53227460419883,37.74476452123615,0.0
5.988,0.6462693843986462,-0.2009629580220605,0.49267966933709473,0.0,2.378352540391739,2.211817950601096,37.738507460417004,37.74476452123615,0.0
5.989,0.6477385606733645,-0.2027384935631581,0.3896258118362002,0.0,2.3819906861244013,2.201614904358688,36.88819723725973,37.74476452123615,0.0
5.99,0.645334032016392,-0.19521337877613779,0.8233465962546007,0.0,2.3833991946775734,2.241814992089833,37.74697350896839,37.74476452123615,0.0
5.9910000000000005,0.6644624222721021,-0.2005776495946747,0.39393637052295016,0.0,2.3893521820864523,2.224435421013819,37.2349243368924,37.74476452123615,0.0
5.992,0.6608279813071474,-0.1982073076071089,0.6550593584043827,0.0,2.392657533320024,2.242997809119269,37.27939687439016,37.74476452123615,0.0
5.993,0.6713697459476182,-0.19511470226297206,0.6374767661239622,0.0,2.3971721050728045,2.25429323998777,37.83391176116836,37.74476452123615,0.0
5.994,0.6778782018367406,-0.1986763778146478,0.3593278503355399,0.0,2.402787473101282,2.233879517629378,36.93142864167832,37.74476452123615,0.0
5.995,0.6713012388672723,-0.18998873633712038,0.8187027688761361,0.0,2.404808674773029,2.2701699849925556,37.6668202452475,37.74476452123615,0.0
5.996,0.6874224703374202,-0.19306043381139026,0.4517864098514342,0.0,2.4106815661508634,2.2562398720170553,37.15470538553746,37.74476452123615,0.0
5.997,0.6845636657086605,-0.19058758783047833,0.7137444310634404,0.0,2.4142714270607213,2.2772502862243225,37.37761102478532,37.74476452123615,0.0
5.998,0.6964299824113687,-0.18831349633052472,0.6059631464040209,0.0,2.4193779216951343,2.2807092406936063,37.60115896257066,37.74476452123615,0.0
5.9990000000000006,0.6993592930269317,-0.19050460628807114,0.4956252330980055,0.0,2.4245834253233642,2.2730700305616507,36.86307596884907,37.74476452123615,0.0
6.0,0.6989921444423524,-0.18271169190340253,0.8734836154826716,0.0,2.427625325893686,2.309452772451546,37.78595200744362,37.74476452123615,0.0
6.001,0.7159091384267344,-0.18821809133025805,0.41163372132332093,0.0,2.4346849436767664,2.286054817203981,36.941393442708886,37.74476452123615,0.0
6.002,0.709892340636268,-0.18186281119224537,0.84194671447596,0.0,2.437944659347332,2.31848656514466,37.63007138861105,37.74476452123615,0.0
6.003,0.7249893283847921,-0.18328189936343342,0.49875467285112907,0.0,2.4443412307451204,2.304226018717827,37.050902201525076,37.74476452123615,0.0
6.0040000000000004,0.7215834655508616,-0.18007653674537338,0.7952778895912267,0.0,2.448305309590747,2.328606273120333,37.50079098755294,37.74476452123615,0.0
6.005,0.7346697942815582,-0.17876148173940926,0.5727732319141273,0.0,2.4541984035675877,2.3220306106665536,37.197374399135995,37.74476452123615,0.0
6.006,0.7334699107640512,-0.1781426134242886,0.7299554273436009,0.0,2.4587896969367615,2.336479762404082,37.27745480530032,37.74476452123615,0.0
6.007000000000001,0.7432576225605466,-0.1738437337687424,0.6945883214207952,0.0,2.463900088063812,2.3433922775661817,37.44172053959825,37.74476452123615,0.0
6.008,0.7472734454743852,-0.17622861889019031,0.6154858940882104,0.0,2.4694960177542824,2.341433120974863,36.954609110893806,37.74476452123615,0.0
6.009,0.7506696408290536,-0.16900701238246052,0.8669431625438562,0.0,2.4735182132495095,2.3683473735552947,37.6184194236739,37.74476452123615,0.0
6.01,0.7631419792498859,-0.17421141963565534,0.5363014571294322,0.0,2.480474315316186,2.3527492648743182,36.874267239579275,37.74476452123615,0.0
6.011,0.7613711815187908,-0.16662603927298658,0.9170825219933127,0.0,2.4842885603956715,2.384918422591907,37.66638834158346,37.74476452123615,0.0
6.0120000000000005,0.7760217814878569,-0.17068928780603082,0.5218057327877457,0.0,2.491461107881228,2.3653345576105265,36.80432377335414,37.74476452123615,0.0
6.013,0.7721246636333292,-0.1632862142627854,0.9622424243812264,0.0,2.495103043545004,2.4014023268068665,37.71723052869072,37.74476452123615,0.0
6.014,0.788604307708084,-0.16739593405068398,0.5060643866383914,0.0,2.5025136624741373,2.377791829555535,36.691068128488844,37.74476452123615,0.0
6.015000000000001,0.7830702263429203,-0.15953375077068227,1.0296825506668026,0.0,2.5059162324265456,2.420216767733719,37.732440338648395,37.74476452123615,0.0
6.016,0.8022785315144684,-0.1648930775846023,0.5091196874129047,0.0,2.513889186983863,2.3940731181085915,36.68201658538549,37.74476452123615,0.0
6.017,0.79651714855618,-0.15659083470243695,1.0449590434028635,0.0,2.517483641137757,2.436314921870269,37.71063158242666,37.74476452123615,0.0
6.018,0.8153245207900287,-0.16210314063603476,0.530992874270375,0.0,2.5256322063339476,2.4106708937313885,36.695465141750525,37.74476452123615,0.0
6.019,0.810042923693967,-0.15331176094720705,1.0490690884032976,0.0,2.529379337371524,2.451303219574868,37.66680782155147,37.74476452123615,0.0
6.0200000000000005,0.8278256977149823,-0.1589516356761479,0.5641773154996704,0.0,2.5375232879067635,2.4277192476637564,36.73469204246012,37.74476452123615,0.0
6.021,0.8237255783730262,-0.14987429661815171,1.040335929833108,0.0,2.541439540153698,2.465163274170819,37.58691599868738,37.74476452123615,0.0
6.022,0.8398930556512201,-0.15545423585005458,0.6158024369449642,0.0,2.5494131365327344,2.445974829196817,36.813858116632396,37.74476452123615,0.0
6.023,0.8379723499291009,-0.14657169153412197,1.0116404420184943,0.0,2.553637649509396,2.477663056247306,37.45365705238977,37.74476452123615,0.0
6.024,0.8516083661098401,-0.15160512812234156,0.6946520488282699,0.0,2.561251037361303,2.4662586397516475,36.918618173387976,37.74476452123615,0.0
6.025,0.8532615538386303,-0.14355840963610983,0.9704329518076497,0.0,2.566027171379086,2.490216296462021,37.295849915150946,37.74476452123615,0.0
6.026,0.8637269923815452,-0.1479593275396604,0.786306226987017,0.0,2.5732860258203822,2.4881093857806396,37.124620954090034,37.74476452123615,0.0
6.027,0.8695135372743981,-0.14099379061359735,0.8781221431889341,0.0,2.578798085508506,2.498348204089157,36.97083383920873,37.74476452123615,0.0
6.0280000000000005,0.8742181820666521,-0.1430521153513577,0.9627550074498603,0.0,2.585078892149085,2.5160461569641006,37.507031946089654,37.74476452123615,0.0
6.029,0.8876174307219866,-0.14069160481034526,0.6970332797608632,0.0,2.592221174006211,2.5010998056230433,36.57936637617109,37.74476452123615,0.0
6.03,0.8841685072033023,-0.13507344559870904,1.1725200461707972,0.0,2.596560200135649,2.5438364532573954,37.53855855855645,37.74476452123615,0.0
6.031,0.9044428190623265,-0.14132550575928354,0.6949860146049114,0.0,2.605482896625358,2.5231850640652307,36.84888649249658,37.74476452123615,0.0
6.032,0.9033449342267714,-0.132058221319725,1.0487808279222421,0.0,2.6103662626569224,2.5495073636723187,37.16537741228736,37.74476452123615,0.0
6.033,0.9143119202154766,-0.1363235450691344,0.89632923911634,0.0,2.61795538050287,2.552160799712919,37.30567578019158,37.74476452123615,0.0
6.034,0.9226244380172071,-0.1305534553020261,0.8305709425746781,0.0,2.6243735670564052,2.5487942001042274,36.585395999768416,37.74476452123615,0.0
6.035,0.9224238860236369,-0.12814304961506534,1.2023045180009366,0.0,2.6296058312658244,2.588059541271374,37.51261269097532,37.74476452123615,0.0
6.0360000000000005,0.9429150771897292,-0.13324661023716933,0.7410176907000943,0.0,2.6388268988963173,2.567206651437186,36.86068095468908,37.74476452123615,0.0
6.037,0.9416860813112429,-0.12371669396144286,1.0758243945086834,0.0,2.6439412443837913,2.591142864499714,37.0001246412899,37.74476452123615,0.0
6.038,0.951461609103762,-0.12741709232607074,1.0135489500077355,0.0,2.651440119611636,2.6019109268555836,37.46156820483507,37.74476452123615,0.0
6.039,0.963088042702705,-0.12410201509037089,0.7856591313991628,0.0,2.658864251072711,2.5867257924787594,36.55580797047316,37.74476452123615,0.0
6.04,0.9598030736611429,-0.11679504304755789,1.250428814087746,0.0,2.663256839797645,2.627682758898117,37.2035598733716,37.74476452123615,0.0
6.041,0.978453183123233,-0.12395592454765442,0.9319649091171704,0.0,2.6721666329774574,2.6232201994431366,37.26770560002785,37.74476452123615,0.0
6.042,0.9858932034636085,-0.117398905737292,0.9046626350011285,0.0,2.678946310009651,2.6196443630057558,36.49753213508089,37.74476452123615,0.0
6.043,0.985837332433811,-0.11388091724552646,1.3022216913361633,0.0,2.6843690271488967,2.661189142870029,37.291370796245275,37.74476452123615,0.0
6.0440000000000005,1.006806345505759,-0.12069644960306686,0.9098362980038788,0.0,2.6941888390048923,2.6496765824836865,37.18018985010802,37.74476452123615,0.0
6.045,1.0112055015032402,-0.11257935890505932,0.9710725177837866,0.0,2.7009143783362966,2.6506828804016846,36.48077848172656,37.74476452123615,0.0
6.046,1.01233543507297,-0.10971991467297892,1.3334180623696132,0.0,2.706834625567813,2.6914264490349726,37.2641029141602,37.74476452123615,0.0
6.047,1.0334522420468233,-0.11628948357921765,0.946562462223554,0.0,2.7169884519615137,2.68019856463473,37.25023742061347,37.74476452123615,0.0
6.048,1.0379813922786,-0.10818773394339776,0.9584404800031429,0.0,2.724047219126817,2.6759969508153403,36.47346604902199,37.74476452123615,0.0
6.049,1.0371323832499388,-0.10309784769779062,1.359539150521028,0.0,2.7295010782029916,2.717062131169063,37.086810594842675,37.74476452123615,0.0
6.05,1.0572108567892566,-0.11023342737222752,1.0594464168746187,0.0,2.7393518820335654,2.7153278698091343,37.62549814865919,37.74476452123615,0.0
6.051,1.0638792893195614,-0.10870597889317934,0.7912953036921304,0.0,2.74780480421565,2.687723677011707,37.00005618415265,37.74476452123615,0.0
6.0520000000000005,1.0503302433480939,-0.10286577545351877,1.1114633693162368,0.0,2.7520248670062113,2.703182273444871,37.365837634606706,37.74476452123615,0.0
6.053,1.0501666396872134,-0.10936518846606413,0.932361912955502,0.0,2.7581421206268093,2.6944966816008358,38.07421405283105,37.74476452123615,0.0
6.054,1.046185084449194,-0.10780193886560763,0.5748792085273794,0.0,2.7625421381147683,2.6501956264193507,37.31319612823155,37.74476452123615,0.0
6.055,1.0218840052705627,-0.09790909333793785,0.9597038547571752,0.0,2.760999467823743,2.6593035197916364,37.504418868914435,37.74476452123615,0.0
6.056,1.0158333852024206,-0.10286758452343292,0.8664959409389514,0.0,2.7611662163847304,2.6536677972310003,38.17925712224025,37.74476452123615,0.0
6.057,1.01263659769405,-0.10262634320135317,0.5247318882660021,0.0,2.760676596376272,2.612241495551922,37.398948596543164,37.74476452123615,0.0
6.058,0.9909644769625301,-0.09526923743625842,0.9183443103614757,0.0,2.7552864389798124,2.623975834402522,37.687777086741505,37.74476452123615,0.0
6.059,0.9882312653246756,-0.10230809528463125,0.7744999396072516,0.0,2.7524565766290303,2.6143226506973445,38.119051153009146,37.74476452123615,0.0
6.0600000000000005,0.9853456261609109,-0.10171452458926128,0.5551200401557015,0.0,2.7488087007878343,2.5829485420871148,37.39291203609116,37.74476452123615,0.0
6.061,0.9684862305132674,-0.09899202089503212,0.9217081234661436,0.0,2.7420946619703237,2.598691222042055,37.97578071130993,37.74476452123615,0.0
6.062,0.9705311106078991,-0.10764244958126701,0.6279636239560212,0.0,2.7386050672224855,2.5758169235736466,37.85156828694614,37.74476452123615,0.0
6.063,0.9628865259778144,-0.10459797306843449,0.6890017984808166,0.0,2.7327556053993165,2.565394092780379,37.480830195028716,37.74476452123615,0.0
6.064,0.9541360162169292,-0.10822789269175981,0.8770101877016029,0.0,2.726878542602832,2.5763852501805573,38.30379256728644,37.74476452123615,0.0
6.065,0.9582485443205059,-0.11485755165484468,0.4599387211122363,0.0,2.7233812651157185,2.5373917571550275,37.57732585130477,37.74476452123615,0.0
6.066,0.941961612774326,-0.1094247567629375,0.8248464658023864,0.0,2.715670462047025,2.5480911400162665,37.90113852564272,37.74476452123615,0.0
6.067,0.9408643005771675,-0.11773606688688015,0.6613763885893451,0.0,2.7107692496338758,2.5352765533704007,38.01534534500523,37.74476452123615,0.0
6.0680000000000005,0.9376439500238469,-0.11656201117605614,0.6015671706704003,0.0,2.7048644405680267,2.518652256387748,37.53488067811075,37.74476452123615,0.0
6.069,0.9272538032316255,-0.1194738393517531,0.8438983425488927,0.0,2.6982197243669304,2.5314651419242096,38.35178834772556,37.74476452123615,0.0
6.07,0.9318640372272915,-0.12616191014022565,0.4293742694765952,0.0,2.6942273378445654,2.4937002803227313,37.56210347241053,37.74476452123615,0.0
6.071,0.9159935970755815,-0.12170741589884299,0.8260433176223676,0.0,2.686300828739853,2.508883353012569,38.14576985165628,37.74476452123615,0.0
6.072,0.9177040989979115,-0.13061426403921794,0.5302000746952884,0.0,2.6817095760524507,2.4848991607065414,37.780902708221376,37.74476452123615,0.0
6.073,0.909337832980922,-0.12754379470896576,0.7122722645428896,0.0,2.6747522092954537,2.4867780299559747,37.90062378042651,37.74476452123615,0.0
6.074,0.9061526528675017,-0.13485045454542743,0.6508531358484206,0.0,2.6695129034144136,2.479463156702203,38.06020434792847,37.74476452123615,0.0
6.075,0.9046256485633114,-0.13492020144513547,0.5679084538305164,0.0,2.6640006463567025,2.463982235123008,37.666826036749185,37.74476452123615,0.0
6.0760000000000005,0.8951007270878248,-0.138526661694319,0.7653769942650277,0.0,2.657887536005258,2.473081637583198,38.36608689532064,37.74476452123615,0.0
6.077,0.8987477296534259,-0.14285197007584213,0.40953334123845464,0.0,2.65373539625445,2.4390458820279846,37.57886110632248,37.74476452123615,0.0
6.078,0.8829266392431986,-0.140690881540393,0.8048052698866732,0.0,2.6463139221004894,2.456813626705563,38.39887236509627,37.74476452123615,0.0
6.079,0.8872325154020696,-0.14811717195611115,0.3882585620611775,0.0,2.6422498726607646,2.421657735071122,37.61924568495268,37.74476452123615,0.0
6.08,0.8723595552325589,-0.1444049777841104,0.7793270904958053,0.0,2.6345940347384915,2.438473117242453,38.358761212073276,37.74476452123615,0.0
6.081,0.8757715077501349,-0.1524473565893601,0.4034293600271365,0.0,2.6303071024358764,2.407057897389895,37.65210706139078,37.74476452123615,0.0
6.082,0.8628417185410538,-0.14917026357312024,0.7576830099668381,0.0,2.622866437358428,2.4225387814285586,38.364077657800294,37.74476452123615,0.0
6.083,0.8660981092880102,-0.15718144428499584,0.39550458039643943,0.0,2.6186319280010597,2.391857845929215,37.658905581659155,37.74476452123615,0.0
6.0840000000000005,0.8533553794892426,-0.15414193762893505,0.7489492078627787,0.0,2.6113383184902075,2.4077565105464043,38.396185233615036,37.74476452123615,0.0
6.085,0.8570255800494223,-0.16190805832094238,0.3737951747610496,0.0,2.607248604734841,2.3760034084753276,37.65556721736393,37.74476452123615,0.0
6.086,0.8435145681680032,-0.1590045900814877,0.7449961559253243,0.0,2.599995509434645,2.393123206807468,38.42729583379004,37.74476452123615,0.0
6.087,0.8478631772175772,-0.16636589495872905,0.35230653458673056,0.0,2.5960184817165723,2.36028439050322,37.65734080931859,37.74476452123615,0.0
6.088,0.8335470177002309,-0.16378815411822595,0.7381582839416312,0.0,2.5887981105986544,2.378320605337417,38.44486891024218,37.74476452123615,0.0
6.089,0.8384984116260882,-0.17058416059203277,0.33739318958977704,0.0,2.5848767361964726,2.345200668777133,37.6722813803663,37.74476452123615,0.0
6.09,0.823714005571036,-0.16857437927183339,0.7244117859364146,0.0,2.577746469568519,2.3632560835796204,38.44308573108804,37.74476452123615,0.0
6.091,0.8289612367209193,-0.17460893958547727,0.33202639847702586,0.0,2.5738186705313133,2.3310353121680287,37.70947533707404,37.74476452123615,0.0
6.0920000000000005,0.8141819593096918,-0.1734303470340405,0.6991844873256473,0.0,2.5668715834728753,2.347633274468551,38.41004095936315,37.74476452123615,0.0
6.093,0.81914434923132,-0.17841321363781915,0.3422489117998213,0.0,2.562838902602262,2.3182485819713587,37.79476831686851,37.74476452123615,0.0
6.094,0.8052078971557863,-0.178344763659683,0.6493851950908167,0.0,2.556213662405359,2.330336071181618,38.328969775141644,37.74476452123615,0.0
6.095,0.8085569775268009,-0.18174884987567763,0.37644241341519635,0.0,2.5518348291327135,2.306949455272365,37.91865231601418,37.74476452123615,0.0
6.096,0.7966626943744158,-0.18332729591825825,0.5798622650311471,0.0,2.5456948057989295,2.311911091071756,38.16528575795194,37.74476452123615,0.0
6.097,0.7974275681183103,-0.18480007839143908,0.4523403316951091,0.0,2.5408111699900875,2.2994978708313543,38.13859487529466,37.74476452123615,0.0
6.098,0.7897992318530379,-0.18903872543470074,0.46174746948316625,0.0,2.535626099088117,2.2909943792507743,37.903502398441866,37.74476452123615,0.0
6.099,0.7850751813721903,-0.18811694434760465,0.5777063291375051,0.0,2.529965403728273,2.295927495112392,38.506960419792065,37.74476452123615,0.0
6.1000000000000005,0.7851446460440906,-0.19419508493992108,0.26835535947684597,0.0,2.5260419027665995,2.264558152973929,37.766366761653124,37.74476452123615,0.0
6.101,0.7698918965218317,-0.19098829678881257,0.6384361661421469,0.0,2.5189602895847023,2.2814142904771035,38.40313696303251,37.74476452123615,0.0
6.102,0.7744611730249809,-0.19558147746608473,0.31346734103449103,0.0,2.5148097692273237,2.2557741261727067,37.96340186500355,37.74476452123615,0.0
6.103,0.7619184234554216,-0.1965318222391757,0.5311485166112979,0.0,2.508568890593511,2.2609029390452196,38.086949205836675,37.74476452123615,0.0
6.104,0.7624272037928297,-0.19773945782432986,0.465952999348729,0.0,2.503588317576966,2.255365070779639,38.3472619923929,37.74476452123615,0.0
6.105,0.7582391433889442,-0.20312236780176623,0.32977163135904797,0.0,2.4991320587771853,2.236020711180524,37.84358391208663,37.74476452123615,0.0
6.106,0.7484231695754999,-0.20090343268701932,0.5806224776036795,0.0,2.492889077935073,2.2481584449435887,38.44347914184651,37.74476452123615,0.0
6.107,0.7518233187570801,-0.20542373027439753,0.2736877165176357,0.0,2.4890035906392383,2.2217145989161162,37.99200593334199,37.74476452123615,0.0
6.1080000000000005,0.7384678200602104,-0.205732512225943,0.4969519066488356,0.0,2.4828510305090363,2.226658103635572,38.030097315366305,37.74476452123615,0.0
6.109,0.7384475949615061,-0.20663590343791982,0.4750528876953779,0.0,2.477904362077602,2.225719137657758,38.4811637734884,37.74476452123615,0.0
6.11,0.7366332510422334,-0.21230327407562072,0.24215566611180928,0.0,2.473972840749556,2.1991790728300566,37.84432071150433,37.74476452123615,0.0
6.111,0.7232738953275729,-0.20937700767017553,0.5595816352011608,0.0,2.4674019020605686,2.2135970768574054,38.27773822674824,37.74476452123615,0.0
6.112,0.7273227363905252,-0.21272728448765313,0.33754314052408474,0.0,2.4633276507571935,2.197738726433678,38.21354967241523,37.74476452123615,0.0
6.113,0.7189644232814317,-0.21605186369554824,0.3649495661787977,0.0,2.458407190486475,2.189253780543404,37.86250095278761,37.74476452123615,0.0
6.114,0.7132893657482748,-0.2152333103885802,0.5392965616770933,0.0,2.4530069949979563,2.2005700616609074,38.451118978891266,37.74476452123615,0.0
6.115,0.7173540246837962,-0.22001602473390908,0.2379240040487156,0.0,2.449812731281096,2.1748163807654652,38.08716868365738,37.74476452123615,0.0
6.1160000000000005,0.704346014637734,-0.22026488426241786,0.41647511004144555,0.0,2.4443420732510583,2.175444516517788,37.92681375867192,37.74476452123615,0.0
6.117,0.7018316345868488,-0.22018806367996818,0.49483208015981894,0.0,2.439470355739905,2.1824430302501043,38.5260162497344,37.74476452123615,0.0
6.118,0.7040622786139991,-0.22525799484877634,0.1874183173435977,0.0,2.43634412198749,2.15338492260361,38.01608474269878,37.74476452123615,0.0
6.119,0.6892336512107983,-0.22374583506896592,0.43967086864677984,0.0,2.430407663958201,2.159395376072661,37.976711006108545,37.74476452123615,0.0
6.12,0.6888124919413214,-0.2243806085683462,0.4570382720931735,0.0,2.425750843761475,2.163497068503558,38.52702358858456,37.74476452123615,0.0
6.121,0.6899389095315466,-0.2295320284428885,0.1740593901816806,0.0,2.4225301832787176,2.135293441099346,37.98797404791042,37.74476452123615,0.0
6.122,0.6754930656796385,-0.2275618555250478,0.4411520652520091,0.0,2.4165429928841067,2.1433984004637425,37.98527425855287,37.74476452123615,0.0
6.123,0.6761540113629978,-0.22865276336451526,0.4400968625576167,0.0,2.412104719056916,2.1470899833414636,38.51355446076805,37.74476452123615,0.0
6.1240000000000006,0.677380097244508,-0.2337953676657621,0.16826886205470848,0.0,2.4090342082949596,2.119949792530184,38.00490301720475,37.74476452123615,0.0
6.125,0.6634609912501707,-0.23196046282724886,0.4199931988766735,0.0,2.403303463952822,2.1271678892974757,37.95660931946291,37.74476452123615,0.0
6.126,0.6637192477059969,-0.23289907936858295,0.4420215997653225,0.0,2.398989200589559,2.1328293834132706,38.49330823237318,37.74476452123615,0.0
6.127,0.6660411628626357,-0.23781316593569152,0.16618670619881837,0.0,2.396203676331171,2.1066783513772864,38.06995472769748,37.74476452123615,0.0
6.128,0.6526073245100239,-0.23659956668870535,0.37461155647205646,0.0,2.3908989645121825,2.110049893955136,37.909663689416185,37.74476452123615,0.0
6.1290000000000004,0.6509180289806479,-0.23683793872480063,0.45310808393090285,0.0,2.3865002350493185,2.1191556647357492,38.41466209938116,37.74476452123615,0.0
6.13,0.6548531045924586,-0.24118808093280095,0.19390990316696466,0.0,2.3839280875333215,2.0971644690607985,38.196408032311844,37.74476452123615,0.0
6.131,0.643531812378299,-0.24155194509508515,0.2985205015908663,0.0,2.3794105588372014,2.092499018735688,37.88644806673593,37.74476452123615,0.0
6.132000000000001,0.6381298358739457,-0.2406908880655871,0.45208364892382524,0.0,2.3747798830633142,2.104175205289201,38.231754386395515,37.74476452123615,0.0
6.133,0.642762994765871,-0.2439124760813034,0.2745605904424391,0.0,2.37214287877419,2.092593870460535,38.368964311593466,37.74476452123615,0.0
6.134,0.6366873292393833,-0.24670972606496294,0.1997136299398906,0.0,2.3688869230491565,2.076163688412191,37.96347304571875,37.74476452123615,0.0
6.135,0.626426853461469,-0.24464948478555293,0.4002721776324224,0.0,2.3640589456512213,2.0849287345276877,38.00723788867585,37.74476452123615,0.0
6.136,0.6282072266391425,-0.24607119556638576,0.3757650224794741,0.0,2.3607672612033155,2.0873346599407676,38.45064922716689,37.74476452123615,0.0
6.1370000000000005,0.6290575405511225,-0.250141849519645,0.14700050617464716,0.0,2.358478892568557,2.0641760683272072,38.120516471087655,37.74476452123615,0.0
6.138,0.6166824064993268,-0.24856181369985464,0.30830936471575077,0.0,2.35388899115621,2.0645058864989134,37.928083644385154,37.74476452123615,0.0
6.139,0.6133353661028932,-0.248144047896099,0.4026925868355109,0.0,2.349760907822053,2.073357221663067,38.22865652060364,37.74476452123615,0.0
6.140000000000001,0.6169320095283433,-0.2510146048877192,0.24756722873259163,0.0,2.347250705264842,2.0624738921841064,38.32777840586566,37.74476452123615,0.0
6.141,0.6110709177852841,-0.2531398068174693,0.19217614725528903,0.0,2.3441082566578135,2.048566796541838,38.00762464967871,37.74476452123615,0.0
6.142,0.6019953506948492,-0.2514784282978047,0.349624424064337,0.0,2.3396853396907993,2.0545490883293795,37.992250465583815,37.74476452123615,0.0
6.143,0.6024669273334289,-0.25257751601758854,0.354836656668308,0.0,2.336440457033614,2.058347092958663,38.32948313013964,37.74476452123615,0.0
6.144,0.6041756776147265,-0.2555013797608541,0.18037313830135931,0.0,2.334210497239637,2.042014452748339,38.212624699471895,37.74476452123615,0.0
6.1450000000000005,0.5952256568329876,-0.2554822662147987,0.23412375185287554,0.0,2.330538928276527,2.0357508730427902,37.973525107806275,37.74476452123615,0.0
6.146,0.5892034087790128,-0.2544599470232364,0.3513859418199847,0.0,2.326495894263561,2.0426807762504717,37.951210516974434,37.74476452123615,0.0
6.147,0.5910145632643752,-0.2561482026650529,0.36047877727852196,0.0,2.3237460852851752,2.0480815262629273,38.2753681066485,37.74476452123615,0.0
6.148,0.5934959612987479,-0.26019610013190153,0.19309394658736567,0.0,2.3222397183708083,2.033909118406758,38.179504474938255,37.74476452123615,0.0
6.149,0.5863802222908993,-0.2597296306466793,0.23667836290546684,0.0,2.3193749567442197,2.02827899401788,38.09238219060092,37.74476452123615,0.0
6.15,0.5809598978457549,-0.2587910432541215,0.27676332838048573,0.0,2.316135078923072,2.027423986243188,38.09009262748151,37.74476452123615,0.0
6.151,0.5783164740535206,-0.2594531145078957,0.274454828877738,0.0,2.3132159018184106,2.025912280236494,38.10825525458729,37.74476452123615,0.0
6.152,0.5762510532524839,-0.2605311932750496,0.26173860799133614,0.0,2.3105494397753965,2.0230848898677167,38.12737799827067,37.74476452123615,0.0
6.1530000000000005,0.5738250686174697,-0.2611202012720146,0.2483511013793031,0.0,2.3079208949918,2.0191743329148983,38.12512128241395,37.74476452123615,0.0
6.154,0.5705869757200963,-0.26147466641257255,0.24567589169588366,0.0,2.305197250076772,2.0155635095523072,38.10401638018278,37.74476452123615,0.0
6.155,0.5672813280852874,-0.26171600875344325,0.2526358242220037,0.0,2.3024078903230794,2.013164989020034,38.08720037101009,37.74476452123615,0.0
6.156,0.564575237258447,-0.26219857714986655,0.25761947031060733,0.0,2.299708283591725,2.011470599824709,38.06547398424944,37.74476452123615,0.0
6.157,0.5623289795423532,-0.2630650124187614,0.26527556906080185,0.0,2.2971996808095883,2.010688050717918,38.03256448363771,37.74476452123615,0.0
6.158,0.5609194522253028,-0.26377838084755356,0.2788523197426512,0.0,2.294933489569465,2.011282363258809,37.93203944418971,37.74476452123615,0.0
6.159,0.5600508366883783,-0.2653955280651607,0.32724209023711276,0.0,2.293124101217091,2.0168591851050612,38.06904878516211,37.74476452123615,0.0
6.16,0.5626872056786465,-0.2667792421632034,0.2554945771116543,0.0,2.2921893709631886,2.0130225750384083,38.300531606693866,37.74476452123615,0.0
6.1610000000000005,0.5602978499317081,-0.2681083100615652,0.13419549549119902,0.0,2.2910968130558502,1.9971399219281005,38.12850643261649,37.74476452123615,0.0
6.162,0.5505599441003322,-0.265745702447982,0.21637066341608374,0.0,2.2882520681117384,1.9940358137100131,37.91253304995488,37.74476452123615,0.0
6.163,0.545634336701318,-0.26417033074015583,0.32267966945970095,0.0,2.2852317220285028,2.00227431856045,37.91145895605747,37.74476452123615,0.0
6.164,0.5483717750574424,-0.2652685944215475,0.3215497720601917,0.0,2.2834738237606658,2.0078491852499742,38.28168295044503,37.74476452123615,0.0
6.165,0.5514591772124746,-0.26789998287164923,0.13106859057432374,0.0,2.282727672081263,1.991436904600819,38.23133428034404,37.74476452123615,0.0
6.166,0.5427561242161293,-0.26689202836122344,0.15137722803373865,0.0,2.2802777186242373,1.9817182086351819,37.91468859294589,37.74476452123615,0.0
6.167,0.5348058816724885,-0.2641511345087334,0.3080008310157163,0.0,2.2768094721376797,1.9905393930236666,37.829156123102955,37.74476452123615,0.0
6.168,0.5369871220923162,-0.26474432683537075,0.34992314991851753,0.0,2.274662828833082,2.000857414502518,38.134178018247034,37.74476452123615,0.0
6.1690000000000005,0.5427507421204277,-0.2676213782705478,0.19351806737636884,0.0,2.2740731957414315,1.9916930014354657,38.2826749956037,37.74476452123615,0.0
6.17,0.5384825246181676,-0.26858049196943706,0.11389047395436103,0.0,2.2727028166447685,1.976718222040484,37.957645961314356,37.74476452123615,0.0
6.171,0.528993126655219,-0.2655729824185356,0.2742761766982508,0.0,2.2696315803306844,1.9825437375122839,37.757088604257945,37.74476452123615,0.0
6.172,0.5290938130828586,-0.26511725797889174,0.37443161439623834,0.0,2.2674299646023366,1.9967868494381653,38.000936071171985,37.74476452123615,0.0
6.173,0.5363802128877202,-0.267962383861097,0.24994616543985976,0.0,2.2671903427308524,1.9938900377221844,38.32359159652992,37.74476452123615,0.0
6.174,0.5358558418430025,-0.2700383765221192,0.08283013200795314,0.0,2.266884909808807,1.9742515806156737,38.018536096725335,37.74476452123615,0.0
6.175,0.5248069738619512,-0.26671663331546647,0.2326201661553554,0.0,2.2642600227889735,1.9759046217856122,37.702779209156986,37.74476452123615,0.0
6.176,0.5221430999218484,-0.26505569739023827,0.3909184630603211,0.0,2.261913443068409,1.9932273199082464,37.88794416052856,37.74476452123615,0.0
6.1770000000000005,0.5302578251592723,-0.26771403250245673,0.2969041909816092,0.0,2.2618428173537617,1.995739278833335,38.308910994112075,37.74476452123615,0.0
6.178,0.5330475560150355,-0.270322542380032,0.08077930946109324,0.0,2.2622908028384967,1.9749336619062203,38.090877629811885,37.74476452123615,0.0
6.179,0.5220693345593119,-0.26742357852001497,0.18633486052543102,0.0,2.2602684569586704,1.9712612663212605,37.7071475317029,37.74476452123615,0.0
6.18,0.5165563926542353,-0.26466310448525865,0.3785760794752555,0.0,2.2578064436031084,1.9883414956756522,37.76328395139037,37.74476452123615,0.0
6.181,0.5238039707773543,-0.2663980937216608,0.35032267532997874,0.0,2.2575171080748926,1.9975848511009768,38.20559399545514,37.74476452123615,0.0
6.182,0.5300428009049457,-0.2696594959721428,0.12455935855540451,0.0,2.25852244599722,1.980709711094393,38.19044873970914,37.74476452123615,0.0
6.183,0.5218746133170988,-0.2682951784030537,0.1276751442436741,0.0,2.257557047171552,1.9691838774100938,37.76245542076217,37.74476452123615,0.0
6.184,0.5131382326226067,-0.26418720959253145,0.34149489472189754,0.0,2.2550973714665536,1.9830824219078957,37.62250839572916,37.74476452123615,0.0
6.1850000000000005,0.5177366021070946,-0.2644678700772162,0.41269096849347225,0.0,2.2543454701232575,2.0004453305452703,38.07140085175604,37.74476452123615,0.0
6.186,0.5274453767213961,-0.2686980717475384,0.18497837717483556,0.0,2.2558675653569153,1.9892144308890838,38.297169325432705,37.74476452123615,0.0
6.187,0.5232998586287342,-0.2688046384749583,0.06657009229453681,0.0,2.2560837814249015,1.9690641400345705,37.824283394493236,37.74476452123615,0.0
6.188,0.5112676944056584,-0.2633131418891479,0.3022178690317006,0.0,2.2536582165089256,1.9793379210458097,37.53353720855893,37.74476452123615,0.0
6.189,0.5127941796964645,-0.262320710065689,0.4497032351256243,0.0,2.2524483336509484,2.001920444943069,37.94527336375499,37.74476452123615,0.0
6.19,0.5245256821730813,-0.2666460569532152,0.24183006910240595,0.0,2.254103403944358,1.9965076258217909,38.308270484256596,37.74476452123615,0.0
6.191,0.5241880908648566,-0.2677903916355269,0.05469644922139982,0.0,2.255134308642477,1.9734500791839749,37.87974644381797,37.74476452123615,0.0
6.192,0.5114937460177267,-0.2625727301485797,0.2676086502148938,0.0,2.253170982096615,1.9794860580079467,37.49047478040776,37.74476452123615,0.0
6.1930000000000005,0.5105835435365579,-0.2605648025963374,0.4647873793282841,0.0,2.2518388906718596,2.004255823311932,37.833926824851936,37.74476452123615,0.0
6.194,0.5229679089579824,-0.26432631906467097,0.29216973407003755,0.0,2.2535508310070163,2.004084292452333,38.29013751624519,37.74476452123615,0.0
6.195,0.5256445116518674,-0.266185931452628,0.05861065842332097,0.0,2.2552413664206914,1.9799652042015412,37.93798849763246,37.74476452123615,0.0
6.196,0.5129997982567011,-0.26151328822158815,0.2327529279657219,0.0,2.253818352588624,1.9813360032237333,37.44677064781849,37.74476452123615,0.0
6.197,0.5096561354799024,-0.2585338651490474,0.481341791606884,0.0,2.2523937099363147,2.0082721290371004,37.73215367574112,37.74476452123615,0.0
6.198,0.5226324770559851,-0.2618230232140323,0.3387763861005207,0.0,2.254196745748446,2.012743260560651,38.25013144233336,37.74476452123615,0.0
6.199,0.5280479897239189,-0.2641969865093743,0.07473383359342567,0.0,2.2564948355135575,1.9888626128146305,37.99062134232137,37.74476452123615,0.0
6.2,0.5160923723305249,-0.2601738034358497,0.20203031538857047,0.0,2.255708761756515,1.985612150382213,37.44639847618113,37.74476452123615,0.0
6.2010000000000005,0.5105386402277937,-0.25628120260644555,0.4771254089092397,0.0,2.254288294871435,2.0120869766440226,37.621118529531174,37.74476452123615,0.0
6.202,0.5228278164533786,-0.25855061170278854,0.3910018421512678,0.0,2.2559459183099353,2.022140383606716,38.18727119111329,37.74476452123615,0.0
6.203,0.5308801062341831,-0.26177929468479705,0.10350044466143843,0.0,2.2587755811379138,1.9998274340470579,38.03945664068016,37.74476452123615,0.0
6.204,0.5204111533344963,-0.2585967189831681,0.17446079868356446,0.0,2.258708612570129,1.9919415063602677,37.45923292675938,37.74476452123615,0.0
6.205,0.5130931360707507,-0.2535479977913434,0.4674279715887224,0.0,2.257336214516358,2.01705455243474,37.54031311793135,37.74476452123615,0.0
6.206,0.5241780690677719,-0.25487929047853264,0.42893239003578504,0.0,2.2588092902829224,2.031062345594204,38.129370857705716,37.74476452123615,0.0
6.207,0.5337972076156711,-0.2587630245959287,0.13055745678390518,0.0,2.2619497356148166,2.0104331242619002,38.03528045629601,37.74476452123615,0.0
6.208,0.5247167599451963,-0.256118326606285,0.17469749813816082,0.0,2.262383460160257,2.001115064106736,37.419274082030945,37.74476452123615,0.0
6.2090000000000005,0.5172003769568184,-0.25068109883227324,0.48595558966274394,0.0,2.261270358160392,2.02730516972781,37.51788883044596,37.74476452123615,0.0
6.21,0.528802299476309,-0.2519107708792754,0.43891697236313754,0.0,2.263077213125532,2.0411267504615607,38.1404784605984,37.74476452123615,0.0
6.211,0.5384318968276305,-0.25569407974042047,0.12366501789329498,0.0,2.2664894079217883,2.018596293316312,37.967187284512214,37.74476452123615,0.0
6.212,0.5284022754529474,-0.25248395180195476,0.20808637830362842,0.0,2.2669163903620517,2.012298524879778,37.30263660461537,37.74476452123615,0.0
6.213,0.5221889650115821,-0.24736399524679895,0.5447829974182568,0.0,2.2661398037729517,2.0434488139642317,37.56709495706417,37.74476452123615,0.0
6.214,0.5367400488897901,-0.24968943525227555,0.41433051683557737,0.0,2.268862902717362,2.052026924095074,38.23988570500834,37.74476452123615,0.0
6.215,0.5445777908153902,-0.25259183541023256,0.07298393102577061,0.0,2.2724675123977365,2.023059292700987,37.81286654614025,37.74476452123615,0.0
6.216,0.5308401729717003,-0.24728016021966265,0.28581249021077537,0.0,2.2722015896981214,2.0257630081648563,37.11966491491796,37.74476452123615,0.0
6.2170000000000005,0.5282748342989071,-0.24308075437315577,0.6386643018851008,0.0,2.271823812923645,2.064999984580273,37.7184575284827,37.74476452123615,0.0
6.218,0.5476937289979186,-0.24823905249842143,0.3395310650302653,0.0,2.276016918320403,2.061680579702307,38.31823349824055,37.74476452123615,0.0
6.219,0.5506693273186134,-0.2498204379979657,0.03390839038129617,0.0,2.2795811421133854,2.028352137140688,37.56002692306313,37.74476452123615,0.0
6.22,0.5340818228467357,-0.2412892179005206,0.414859053951739,0.0,2.2785018512051938,2.045528142428882,37.090488319693584,37.74476452123615,0.0
6.221,0.538387841972905,-0.2386091379127043,0.656171117651936,0.0,2.2790385933189548,2.0829739013201567,37.90885529765029,37.74476452123615,0.0
6.222,0.5578695124620661,-0.24602800285142296,0.2453467209094412,0.0,2.2841091130536046,2.0670250306924567,38.145317745129994,37.74476452123615,0.0
6.223,0.554331525612197,-0.24551115003236773,0.1231099649306514,0.0,2.286946651292536,2.0444242951691276,37.34698162162841,37.74476452123615,0.0
6.224,0.5423071264657542,-0.23651702518354561,0.5262558556775213,0.0,2.286256176950061,2.0712231066015785,37.41136420779805,37.74476452123615,0.0
6.2250000000000005,0.5527983240541973,-0.2361605835869509,0.4973985657270809,0.0,2.2883653638579418,2.0867929529283265,38.15454080456905,37.74476452123615,0.0
6.226,0.5628643305973208,-0.2398621495442666,0.12171250450825155,0.0,2.2922313533789804,2.058977490734761,37.61607552436656,37.74476452123615,0.0
6.227,0.5506781498072006,-0.23494625347626102,0.3922320345781947,0.0,2.2923514335015045,2.069285322584883,36.965414932576046,37.74476452123615,0.0
6.228,0.5532439242624281,-0.23134051933024344,0.7253558263600517,0.0,2.293142817001407,2.1121087040595734,37.853786320134795,37.74476452123615,0.0
6.229,0.5751848741097972,-0.23890198805949386,0.2800799145916909,0.0,2.2990052192004655,2.096029450785789,38.090614518613066,37.74476452123615,0.0
6.23,0.5721215513933028,-0.23867742897157712,0.15820731537878607,0.0,2.302573139665276,2.073747511260841,37.23844227937015,37.74476452123615,0.0
6.231,0.5606727689259872,-0.22919328517840054,0.5893566574189053,0.0,2.3025150639047407,2.1039244441956506,37.49505524837026,37.74476452123615,0.0
6.232,0.5729165049854948,-0.22941479498143358,0.4635472656475096,0.0,2.305599696530005,2.1114660509544523,38.21801217046384,37.74476452123615,0.0
6.2330000000000005,0.5791242116593757,-0.23188916099660334,0.09733632810844267,0.0,2.309399991732263,2.0789764407147846,37.296856138938175,37.74476452123615,0.0
6.234,0.5643114608944237,-0.22384326984331154,0.5623934276942534,0.0,2.3086615047033137,2.1066256910000227,37.13889526921715,37.74476452123615,0.0
6.235,0.5752803189573283,-0.2225190135886022,0.647432555074955,0.0,2.310696582129297,2.1347851986752926,37.935508994070574,37.74476452123615,0.0
6.236,0.5914091283602516,-0.22962610941153566,0.2472182479198996,0.0,2.316139125683279,2.1137938178110773,37.49732648080635,37.74476452123615,0.0
6.237,0.5849851718070719,-0.22656316333811832,0.4687838849563093,0.0,2.318530281769137,2.124688115849117,36.96693814450562,37.74476452123615,0.0
6.238,0.5898993393518763,-0.22269859911578227,0.7417563168739805,0.0,2.3213772794464895,2.161938612837058,37.95841281393624,37.74476452123615,0.0
6.239,0.608754018000879,-0.22977049156501034,0.24388249923166794,0.0,2.32848118086654,2.136228042658167,37.64505811003066,37.74476452123615,0.0
6.24,0.6001154432800261,-0.226090988207801,0.4015569152965135,0.0,2.3318281708329094,2.13726063358851,36.967076563594,37.74476452123615,0.0
6.2410000000000005,0.5993969086636948,-0.21910142216080075,0.748324568091266,0.0,2.334211663664081,2.175085015129818,37.935062640485604,37.74476452123615,0.0
6.242,0.6170975477200731,-0.22447834805930797,0.2624285484529686,0.0,2.3408006028755697,2.150494813469586,37.65323324887495,37.74476452123615,0.0
6.243,0.6085372407220844,-0.2209388324875137,0.4042585569819091,0.0,2.3438285120280047,2.150601427191437,36.965212654942334,37.74476452123615,0.0
6.244,0.6077058494092787,-0.21356477654330897,0.7560643726111538,0.0,2.3457885406392367,2.188286360064702,37.93273169067506,37.74476452123615,0.0
6.245,0.6253552235360086,-0.21902776183002712,0.27042518305040064,0.0,2.351995728617653,2.1635106884367192,37.53646389963351,37.74476452123615,0.0
6.246,0.6170304902706972,-0.21524734489824598,0.47064208478720315,0.0,2.354634154920067,2.1698057682564844,37.024186535360656,37.74476452123615,0.0
6.247,0.6197081302770687,-0.20896282599724583,0.7339865467823854,0.0,2.356984753664423,2.2023231167932624,37.941736858510325,37.74476452123615,0.0
6.248,0.6353803923700192,-0.21465621991611966,0.2732416618348091,0.0,2.3630411459081078,2.1768112359564533,37.350879624092926,37.74476452123615,0.0
6.2490000000000006,0.6269200763767919,-0.2094115404655263,0.5726091280149408,0.0,2.365306862164989,2.1930814099371663,37.267747909118924,37.74476452123615,0.0
6.25,0.6344682086717484,-0.2052466366670947,0.6189451516231139,0.0,2.3685673315709312,2.2091395283682176,38.01584044457002,37.74476452123615,0.0
6.251,0.6428509122396463,-0.208999803474632,0.24218812466422873,0.0,2.3735620632661982,2.1811646326256793,37.082929319463815,37.74476452123615,0.0
6.252,0.6320585542258929,-0.20066880418667757,0.7152620392350528,0.0,2.374305890627935,2.2135633869164932,37.53702068927007,37.74476452123615,0.0
6.253,0.646270193060888,-0.2009126512195768,0.4902937926515853,0.0,2.3783253438490775,2.2116481983925214,37.727580201816394,37.74476452123615,0.0
6.2540000000000004,0.6476689439021323,-0.20267408748648777,0.39518587957262175,0.0,2.38194265241474,2.202102539866024,36.88133692878626,37.74476452123615,0.0
6.255,0.6455989140614994,-0.19525096506138617,0.8269417920121871,0.0,2.3834095064417555,2.2425590983387664,37.756804064858194,37.74476452123615,0.0
6.256,0.664916802720261,-0.20077495650837882,0.38908782854000035,0.0,2.389457201196764,2.2244895232097295,37.228856320017336,37.74476452123615,0.0
6.257000000000001,0.6610177288899423,-0.19823321777604486,0.6582207829726177,0.0,2.392758337788342,2.2434369166993293,37.29157871460247,37.74476452123615,0.0
6.258,0.6716391617893639,-0.19519156576582805,0.631391443746386,0.0,2.397314935735921,2.2539697792826767,37.827719285855274,37.74476452123615,0.0
6.259,0.6777712956374634,-0.19861714819224272,0.36249161047379425,0.0,2.4028763907340855,2.234026006740427,36.930505904444,37.74476452123615,0.0
6.26,0.6713615613604753,-0.18990179346406907,0.819240887347354,0.0,2.4048943781338448,2.270330567849987,37.6699792562031,37.74476452123615,0.0
6.261,0.6874985040001553,-0.19305620652161373,0.4502520641181335,0.0,2.410775161888196,2.2562110472314814,37.14910664109802,37.74476452123615,0.0
6.2620000000000005,0.684592654158168,-0.19049840444938304,0.7166449504720532,0.0,2.41434301284674,2.277565675690499,37.38788216278295,37.74476452123615,0.0
6.263,0.6965782793643648,-0.18834260868334177,0.600826013214121,0.0,2.4194779820417898,2.2803901371664588,37.58861062757802,37.74476452123615,0.0
6.264,0.6992407104878403,-0.1904086082054132,0.5020233197531674,0.0,2.4246307183700186,2.27356253133468,36.864048077186304,37.74476452123615,0.0
6.265000000000001,0.6992402122863961,-0.18268618341226905,0.8731117593895241,0.0,2.4277152937597806,2.3097673941269043,37.791327846487796,37.74476452123615,0.0
6.266,0.7161111964590741,-0.1883045073432858,0.4090062414862616,0.0,2.4348071377701315,2.286041923572152,36.93716105482918,37.74476452123615,0.0
6.267,0.7099746079781233,-0.18179745832340846,0.844165671979638,0.0,2.4380452916924753,2.318750511581844,37.63469080235672,37.74476452123615,0.0
6.268,0.7251257484555108,-0.18330288044331738,0.49650153540466246,0.0,2.444461155946944,2.3041894155172993,37.04564261590207,37.74476452123615,0.0
6.269,0.7216283883254947,-0.17998676796084742,0.7980168476853304,0.0,2.448399497575238,2.3289055622203536,37.508298496149386,37.74476452123615,0.0
6.2700000000000005,0.7348068884763661,-0.17879229266119478,0.5690535678125389,0.0,2.4543173885528735,2.321858205889223,37.18446380515738,37.74476452123615,0.0
6.271,0.733447959911168,-0.1780270557966577,0.7365739204693307,0.0,2.4588665234975284,2.3371055130236242,37.29522926598972,37.74476452123615,0.0
6.272,0.7435478889925093,-0.1739260878039662,0.685686542605625,0.0,2.4640420215506085,2.3428856063628754,37.418884697511565,37.74476452123615,0.0
6.273,0.7471097805519064,-0.17609577936668658,0.6271176250819473,0.0,2.4695576548841305,2.3423807242438226,36.97815985848555,37.74476452123615,0.0
6.274,0.7511307521308647,-0.16906294384163204,0.8551460912224623,0.0,2.473675927849013,2.367740026162628,37.60024996470049,37.74476452123615,0.0
6.275,0.7629418538652933,-0.17411879420351103,0.5455461836803485,0.0,2.4805447756043444,2.353379939220007,36.879092071972785,37.74476452123615,0.0
6.276,0.7616660463635245,-0.16661314623325657,0.9147818545368338,0.0,2.484414550109533,2.385113118459354,37.664696967765416,37.74476452123615,0.0
6.277,0.7761715100507349,-0.17075509771789135,0.5227800821752258,0.0,2.4916013362311507,2.365639046476333,36.80700627304954,37.74476452123615,0.0
6.2780000000000005,0.7723530783029264,-0.16326927190042917,0.9610030120150307,0.0,2.495257176187537,2.401520682438901,37.71579022873371,37.74476452123615,0.0
6.279,0.7887057849163644,-0.167403118728988,0.5069007770979694,0.0,2.502665177153858,2.3780092816166203,36.69337394652098,37.74476452123615,0.0
6.28,0.7832238621177545,-0.15949254708034505,1.0286228239514865,0.0,2.5060697365916824,2.420286807050239,37.7317824915035,37.74476452123615,0.0
6.281,0.8023430658117899,-0.1648581391794962,0.5095483717575514,0.0,2.5140309134764784,2.394203694040079,36.683114735186,37.74476452123615,0.0
6.282,0.7966084075948694,-0.15653143136890207,1.0444987477768026,0.0,2.517618067591623,2.4363823003442726,37.709818958647396,37.74476452123615,0.0
6.283,0.8153781088287266,-0.16205257963854464,0.5314960916719931,0.0,2.525754960313439,2.410799951779949,36.69637240000204,37.74476452123615,0.0
6.284,0.8101306199153895,-0.15325794735953957,1.048703292207012,0.0,2.529497307873254,2.4513772667569445,37.66573299608177,37.74476452123615,0.0
6.285,0.8278895515513571,-0.15890307120924219,0.5648133094186902,0.0,2.5376320621210438,2.4278651575110644,36.73576169277806,37.74476452123615,0.0
6.2860000000000005,0.8238278419869774,-0.1498316111498712,1.0398889893551257,0.0,2.5415478181744398,2.4652393366038856,37.58537615670672,37.74476452123615,0.0
6.287,0.8399681801455485,-0.15540989283451684,0.6166756410360901,0.0,2.549513742117682,2.4461473939852194,36.81512413259329,37.74476452123615,0.0
6.288,0.8380940377344612,-0.14654015682881882,1.0110980569792347,0.0,2.5537424256272603,2.4777473963064853,37.451866880048975,37.74476452123615,0.0
6.289,0.8516972015929114,-0.15156659800041855,0.6956556596632641,0.0,2.5613498469069405,2.466452289433854,36.92027808355908,37.74476452123615,0.0
6.29,0.8533991219165755,-0.14353609961554664,0.9696949222849808,0.0,2.5661333961373387,2.490294998640984,37.293932299986565,37.74476452123615,0.0
6.291,0.8638184876953986,-0.1479243069478527,0.7873761362837355,0.0,2.5733858691558114,2.488307221731652,37.127814837428595,37.74476452123615,0.0
6.292,0.8696537394101057,-0.14097553063236445,0.8766043644007964,0.0,2.5789060697134762,2.49834407873716,36.965891710573814,37.74476452123615,0.0
6.293,0.8742788743229579,-0.14298425904247702,0.9653546559348101,0.0,2.585168383804194,2.5163491075621884,37.51023101193401,37.74476452123615,0.0
6.2940000000000005,0.8877861311096483,-0.14071472892772324,0.6955303403477333,0.0,2.592335233771618,2.50117214038646,36.57937499099514,37.74476452123615,0.0
6.295,0.8842934978729965,-0.1350096245262643,1.1726122461195776,0.0,2.5966628358417143,2.543926069939719,37.535762992826605,37.74476452123615,0.0
6.296,0.9045289269765844,-0.14129461733243948,0.6965082604879415,0.0,2.6055814709128198,2.523434285733702,36.85258410840194,37.74476452123615,0.0
6.297,0.9035160747851941,-0.13204612661422183,1.0470195068286152,0.0,2.610478880149148,2.549514588441276,37.16147492809603,37.74476452123615,0.0
6.298,0.914381328534827,-0.13627586995433055,0.8984069929129739,0.0,2.618052335407196,2.552418806373226,37.31155159458346,37.74476452123615,0.0
6.299,0.922787601991044,-0.13055054944530908,0.8277007889357826,0.0,2.6244867842432393,2.5486823531967615,36.581998692858164,37.74476452123615,0.0
6.3,0.9224603623059358,-0.1280229583957317,1.204104898082212,0.0,2.629683361067669,2.588194563367353,37.50941618504796,37.74476452123615,0.0
6.301,0.9429931031195852,-0.13322275769497588,0.7427496353491955,0.0,2.638908755060127,2.567500216324878,36.86617756996473,37.74476452123615,0.0
6.3020000000000005,0.9418841092230346,-0.1237194609383665,1.0731548124035268,0.0,2.644044814312873,2.5910832822259615,36.99357176144736,37.74476452123615,0.0
6.303,0.9515117928624102,-0.12736251775512109,1.0169696442600964,0.0,2.651521343447861,2.6022670920565925,37.46377685752227,37.74476452123615,0.0
6.304,0.963282730252138,-0.12415153648131683,0.7846769728597821,0.0,2.658978962144128,2.5868913053685847,36.56000399025366,37.74476452123615,0.0
6.305,0.9599920610558311,-0.11675686069025498,1.2484110118039107,0.0,2.6633719357776884,2.62761221320235,37.196719977062386,37.74476452123615,0.0
6.306,0.9784923300079817,-0.12388264256892906,0.9355334638412861,0.0,2.672255485595835,2.623578520674067,37.275581873145,37.74476452123615,0.0
6.307,0.9860936314204974,-0.11742514914399371,0.9007943422808905,0.0,2.6790657290838076,2.619492884022554,36.49623839453016,37.74476452123615,0.0
6.308,0.9858796307378573,-0.11374444572509856,1.302951342855371,0.0,2.6844460821160037,2.6611810497530026,37.28424577432412,37.74476452123615,0.0
6.309,1.0068237091182106,-0.1206264412443217,0.9135528404275111,0.0,2.694251042959327,2.6500770403121496,37.18875076329345,37.74476452123615,0.0
6.3100000000000005,1.0114375472374957,-0.11260468730003931,0.9668604835222736,0.0,2.70101389388517,2.6505236722550998,36.47932191920814,37.74476452123615,0.0
6.311,1.0123933485379968,-0.10958273432663129,1.3342293315852083,0.0,2.706892925625092,2.6914204231904524,37.25534643702195,37.74476452123615,0.0
6.312,1.0334783768181397,-0.11623085914118253,0.9511112535204458,0.0,2.717035242543892,2.680688930040698,37.26077038648709,37.74476452123615,0.0
6.313,1.0382599411004334,-0.10825370607155982,0.9532392201353664,0.0,2.7241462103700322,2.675794953217837,36.47675502406636,37.74476452123615,0.0
6.314,1.0371930756256398,-0.10295608605092255,1.3579269963174303,0.0,2.7295537170596984,2.7167610174188037,37.07474877501665,37.74476452123615,0.0
6.315,1.0571033911771304,-0.11008863314507872,1.065630278304478,0.0,2.7393546358810585,2.715770905759983,37.63739133908781,37.74476452123615,0.0
6.316,1.064002571965554,-0.10890160153321776,0.7853827280903805,0.0,2.7478745527061537,2.687395827074548,37.01490983295159,37.74476452123615,0.0
6.317,1.0502418133452256,-0.10281134353711646,1.1039220280413384,0.0,2.752046911916744,2.702134721693032,37.348398509553675,37.74476452123615,0.0
6.3180000000000005,1.0496078133952875,-0.10913701234051643,0.9411413498571196,0.0,2.7580326508164585,2.694657827579244,38.07881543950479,37.74476452123615,0.0
6.319,1.0460169103993222,-0.10794505602513166,0.5725923756988773,0.0,2.762477754532097,2.650003275721299,37.326191688401394,37.74476452123615,0.0
6.32,1.0217911253569918,-0.09788911732772754,0.9530899795789212,0.0,2.760918658996816,2.6584278429137953,37.484515477202315,37.74476452123615,0.0
6.321,1.0153859684839381,-0.10270733858564995,0.8765305756187991,0.0,2.7609884934596574,2.6540898427647117,38.18677734004852,37.74476452123615,0.0
6.322,1.0126488017319373,-0.10288157834994194,0.520979516007572,0.0,2.7605885286228005,2.612084640333178,37.41095648754167,37.74476452123615,0.0
6.323,0.9909682653777212,-0.09528896961332434,0.9122280225979438,0.0,2.7551911106678033,2.6231902953136084,37.66684249221749,37.74476452123615,0.0
6.324,0.9878573173863663,-0.10220181170907511,0.785064240550219,0.0,2.75228033872425,2.6148705408248487,38.13906250566037,37.74476452123615,0.0
6.325,0.9854678719244685,-0.10198111524122422,0.5450112539845373,0.0,2.7487352634937534,2.5821892234097583,37.39631229780651,37.74476452123615,0.0
6.3260000000000005,0.9682345864015007,-0.09885204554236254,0.9198708801457633,0.0,2.7419345733426015,2.5979283859094258,37.95547889893859,37.74476452123615,0.0
6.327,0.9700662362170932,-0.10753494697985472,0.6381804358027006,0.0,2.738374278311644,2.576305203669718,37.870138157484455,37.74476452123615,0.0
6.328,0.9630238808087825,-0.10474492149321152,0.6795970701672837,0.0,2.732613962741907,2.564654019967489,37.47246876488439,37.74476452123615,0.0
6.329,0.9538951865387089,-0.1080951409504301,0.8811547240308338,0.0,2.72666098475408,2.57628283147548,38.293946134926834,37.74476452123615,0.0
6.33,0.9580896961781773,-0.11499181887809617,0.46492422287270463,0.0,2.7231913180933054,2.5377998493648164,37.58917187063181,37.74476452123615,0.0
6.331,0.9421860277178047,-0.10958766250122687,0.8188672815262608,0.0,2.715556895906812,2.547705588889651,37.88422291713794,37.74476452123615,0.0
6.332,0.9407643691721415,-0.1177924302381092,0.6699471743141772,0.0,2.7106330559062752,2.535934015618906,38.03934069163819,37.74476452123615,0.0
6.333,0.9379608377591124,-0.11681421213112675,0.5894425253600329,0.0,2.704834790909581,2.517775077232324,37.526799338401524,37.74476452123615,0.0
6.3340000000000005,0.9269833229261302,-0.11931775387642474,0.847892853806711,0.0,2.6980856303469514,2.531266280120904,38.3486719940923,37.74476452123615,0.0
6.335,0.9316256561888299,-0.12624317169077426,0.4309174512327618,0.0,2.694097266671567,2.4936612172895356,37.569473134709924,37.74476452123615,0.0
6.336,0.9159534831872604,-0.12172226812828008,0.822269794789212,0.0,2.686180679510566,2.5084066985535136,38.13227826481536,37.74476452123615,0.0
6.337,0.9174561635631198,-0.1306027038838759,0.5369920923007007,0.0,2.6815523561608043,2.4852698856943327,37.792164160653044,37.74476452123615,0.0
6.338,0.9094808197209701,-0.12766970777522718,0.7065751479876905,0.0,2.674661749930594,2.4863831495629443,37.88569238680463,37.74476452123615,0.0
6.339,0.9060255042706126,-0.1348561647057805,0.6584017562562139,0.0,2.6693913709337123,2.480001454035458,38.079496977756165,37.74476452123615,0.0
6.34,0.9048521036909876,-0.13514772702422584,0.5581521362152453,0.0,2.6639700675694935,2.463279686783095,37.65388064526959,37.74476452123615,0.0
6.341,0.8948828332863017,-0.1383984708417328,0.7718691412181993,0.0,2.6577733840132023,2.4732842184090016,38.37543579009975,37.74476452123615,0.0
6.3420000000000005,0.8987197377821377,-0.14303835306842438,0.4047848561144821,0.0,2.653674701581891,2.43863043490666,37.5784739857683,37.74476452123615,0.0
6.343,0.8827741272662173,-0.14060615439289914,0.8049286636348869,0.0,2.646206568366903,2.4565112093914143,38.395124845028434,37.74476452123615,0.0
6.344,0.8869991617499968,-0.1481514496854186,0.390099630766896,0.0,2.6421276303908208,2.4216002515171353,37.62262952262892,37.74476452123615,0.0
6.345,0.8722953605014022,-0.14441422836384799,0.7775686419527256,0.0,2.6344789431266222,2.438202045673981,38.354323886420865,37.74476452123615,0.0
6.346,0.8756131591626121,-0.15247915621083252,0.40562586640490594,0.0,2.630179818280911,2.407078400401384,37.65458739092948,37.74476452123615,0.0
6.347,0.8628298928747087,-0.14922409449928437,0.7563958854536657,0.0,2.622759535325771,2.422380674300599,38.36223791695707,37.74476452123615,0.0
6.348,0.8660211090779364,-0.1572398814055821,0.3963958884826604,0.0,2.6185257952328755,2.3918241262118465,37.66022655115389,37.74476452123615,0.0
6.349,0.8533343980851071,-0.1541987515331662,0.7482469510850731,0.0,2.6112450921853645,2.407630926149898,38.39569719672392,37.74476452123615,0.0
6.3500000000000005,0.8569624928891421,-0.16196317354786766,0.3740023015451792,0.0,2.6071576371567513,2.3759175961756087,37.65614661587885,37.74476452123615,0.0
6.351,0.8434641764144704,-0.15905146419977478,0.7446637710212869,0.0,2.5999096623851337,2.3930031575939124,38.42735544947843,37.74476452123615,0.0
6.352,0.8477932953847054,-0.1664100445138389,0.35223344493907394,0.0,2.5959336021605366,2.3601702285779464,37.657609457946144,37.74476452123615,0.0
6.353,0.8334751473090214,-0.16382722124898913,0.7379779913381188,0.0,2.588714158694527,2.3781974772838628,38.444994208125905,37.74476452123615,0.0
6.354,0.838420238035937,-0.1706197702244066,0.33728331937934064,0.0,2.584792393065656,2.345079055932413,37.67250416180351,37.74476452123615,0.0
6.355,0.8236332388627249,-0.16861033476706916,0.7242509461348651,0.0,2.577661998474465,2.3631297066322374,38.44306286907941,37.74476452123615,0.0
6.356,0.8288787993793896,-0.17464018592561747,0.3319886090184808,0.0,2.573733086394389,2.3309188378040386,37.70981211062507,37.74476452123615,0.0
6.357,0.8141013221521832,-0.17346669328320857,0.6989635123517612,0.0,2.566786595937251,2.3475040054886374,38.409787910826864,37.74476452123615,0.0
6.3580000000000005,0.8190605305089348,-0.17844260171106713,0.34232537835495847,0.0,2.562752356147775,2.318142775894565,37.79546613496822,37.74476452123615,0.0
6.359,0.8051319691336292,-0.1783822540041805,0.6489792501469585,0.0,2.556129020045803,2.3301942863528917,38.328254548794675,37.74476452123615,0.0
6.36,0.8084681020611122,-0.18177478303971478,0.376750142958147,0.0,2.5517469502708385,2.3068603114107242,37.91972369933885,37.74476452123615,0.0
6.361,0.7965930128170364,-0.18336725321263964,0.5792659759050309,0.0,2.545610936407821,2.311760180827444,38.16367990650232,37.74476452123615,0.0
6.362,0.7973347882465361,-0.1848256224991588,0.4530987184706372,0.0,2.540723006792564,2.2994525590792523,38.14095761150484,37.74476452123615,0.0
6.363,0.7897505933515316,-0.18908681114292142,0.4604979350666898,0.0,2.5355472550219624,2.2908041721370105,37.902171074620014,37.74476452123615,0.0
6.364,0.7849630555290241,-0.18814467713783334,0.5783171379752631,0.0,2.5298779931072,2.2958399560774403,38.507991120277566,37.74476452123615,0.0
6.365,0.785078113508314,-0.1942131126059547,0.26777484915607297,0.0,2.5259561850195005,2.264406859877208,37.766721190080204,37.74476452123615,0.0
6.3660000000000005,0.7697907392252635,-0.19102064029595506,0.6381902475663133,0.0,2.5188713918117664,2.281258770952474,38.40139346525425,37.74476452123615,0.0
6.367,0.7743597134035272,-0.1955931785344603,0.31428782053910864,0.0,2.514715172961668,2.2557281297399068,37.965279151742955,37.74476452123615,0.0
6.368,0.7618646166219805,-0.19657797665647225,0.530139830989689,0.0,2.508484114286359,2.260737826571175,38.084112658174064,37.74476452123615,0.0
6.369,0.7623300495254903,-0.19776485797915366,0.46732959640475535,0.0,2.5034978401259833,2.255379653355736,38.35128871208155,37.74476452123615,0.0
6.37,0.7582237529551512,-0.20317241323379653,0.3276763275425595,0.0,2.499057338324884,2.235781259768583,37.84305833696132,37.74476452123615,0.0
6.371,0.7482933595263486,-0.20092173221123494,0.5808085769454215,0.0,2.492799396880152,2.247991015794437,38.44119748313721,37.74476452123615,0.0
6.372,0.7517088556327185,-0.2054179721527133,0.27477467423846647,0.0,2.4889053183862666,2.2216839417754497,37.99449580515501,37.74476452123615,0.0
6.373,0.7384152440700679,-0.20577775622986955,0.4956282003903766,0.0,2.4827645541889436,2.226468846445708,38.02652810116014,37.74476452123615,0.0
6.3740000000000006,0.7383360018407045,-0.2066578299917307,0.47679441658857313,0.0,2.4778095671514113,2.225756713279093,38.484922545218964,37.74476452123615,0.0
6.375,0.736633509370132,-0.21233982492685616,0.24019561431933223,0.0,2.473895084206216,2.198969246063258,37.84439508578621,37.74476452123615,0.0
6.376,0.7231597803464331,-0.20940482803253369,0.5594630383902085,0.0,2.467313633226231,2.213419567212878,38.27381176499054,37.74476452123615,0.0
6.377,0.7272033056723355,-0.21272867629873582,0.33946422635049966,0.0,2.4632303327374316,2.197794642508374,38.21737549080302,37.74476452123615,0.0
6.378,0.7189574687692244,-0.2161093355642429,0.3629562537485903,0.0,2.4583315038636044,2.1890554686722274,37.861914839807184,37.74476452123615,0.0
6.3790000000000004,0.7131808702460831,-0.21526393520565812,0.5395150760607987,0.0,2.4529218398614465,2.2004398469811903,38.448191763887145,37.74476452123615,0.0
6.38,0.7172656014034762,-0.22001644845032872,0.23934234159430834,0.0,2.4497228105509006,2.1748531456320603,38.090555035638886,37.74476452123615,0.0
6.381,0.7043340589875448,-0.22032303650052254,0.41470280057441067,0.0,2.444271213589571,2.1752599062965916,37.924109602304796,37.74476452123615,0.0
6.382000000000001,0.7017280704533427,-0.2202174741289077,0.4961320664307691,0.0,2.4393907746494485,2.182441789167538,38.52434820574569,37.74476452123615,0.0
6.383,0.7040428344445232,-0.22527899161864287,0.18821692786522726,0.0,2.4362743904380184,2.153451798032232,38.020056210526484,37.74476452123615,0.0
6.384,0.6892521453161161,-0.22382212931907605,0.43761000858192645,0.0,2.430359775506351,2.1592116812978417,37.973413135554104,37.74476452123615,0.0
6.385,0.6887143225776606,-0.22441178281224383,0.45864505992493687,0.0,2.425692040901657,2.163535293194235,38.527222990939336,37.74476452123615,0.0
6.386,0.6899410778118327,-0.22954835540768562,0.17391554753528893,0.0,2.422482567397637,2.1352888522610844,37.9920907116423,37.74476452123615,0.0
6.3870000000000005,0.6754737521364701,-0.22762123731311304,0.4390084252797464,0.0,2.4165060484343477,2.143157293123266,37.981352179972546,37.74476452123615,0.0
6.388,0.6760101729089021,-0.22866059261986416,0.44201181452725824,0.0,2.4120476257182935,2.1471170025009614,38.513675345263515,37.74476452123615,0.0
6.389,0.6773620991207332,-0.23379354097604835,0.16816112364150038,0.0,2.4089852469777266,2.119937941103795,38.009439787551834,37.74476452123615,0.0
6.390000000000001,0.6634300191312074,-0.23201160897309972,0.41763214983418395,0.0,2.4032638579676138,2.1268969158233078,37.95285239636623,37.74476452123615,0.0
6.391,0.6635546225066506,-0.23289954480847044,0.44384496667568396,0.0,2.398925997592384,2.132823526589302,38.49120853063701,37.74476452123615,0.0
6.392,0.6660021188621899,-0.23779751894396112,0.16720245944628642,0.0,2.3961444821278266,2.1067629077121706,38.075797774746874,37.74476452123615,0.0
6.393,0.6526217382061897,-0.23666494082882453,0.3715975048562471,0.0,2.3908614929879914,2.109776396079402,37.90664011608036,37.74476452123615,0.0
6.394,0.6507647218286927,-0.23684753284972854,0.4545575782410617,0.0,2.3864395625023147,2.119112362309121,38.40878703774936,37.74476452123615,0.0
6.3950000000000005,0.6547929302144488,-0.24117550215367778,0.1968438922414285,0.0,2.383867672391403,2.097432759587284,38.203620878824225,37.74476452123615,0.0
6.396,0.6436379272084152,-0.24164833639759295,0.2948384081281168,0.0,2.379393743093189,2.0922877941485933,37.88680974448754,37.74476452123615,0.0
6.397,0.6380299321640718,-0.24073284169193754,0.4518235230639437,0.0,2.3747472774208678,2.104003679232842,38.22310303728263,37.74476452123615,0.0
6.398000000000001,0.6426388854728747,-0.24389657423675126,0.278893491505937,0.0,2.3720942123511874,2.0929281098062824,38.37576202314212,37.74476452123615,0.0
6.399,0.6368160306495678,-0.24678814464942947,0.1962540235571293,0.0,2.368885332265768,2.076020353220275,37.96849288940255,37.74476452123615,0.0
6.4,0.6263714991114746,-0.2446856880814923,0.39765130674525295,0.0,2.364046378603688,2.084553250035464,38.00256476979256,37.74476452123615,0.0
6.401,0.6279705232790307,-0.2460383105146841,0.3780373640646808,0.0,2.3607144230226655,2.08729711730237,38.44954445416389,37.74476452123615,0.0
6.402,0.6289801018011143,-0.2500878427283927,0.1474997225497392,0.0,2.358421972045612,2.0641753377488916,38.12640415181962,37.74476452123615,0.0
6.4030000000000005,0.6166407341419475,-0.24858476127769064,0.30525347741604,0.0,2.3538407539292017,2.0641622067312273,37.92696113401263,37.74476452123615,0.0
6.404,0.6131291824705973,-0.2481183180357303,0.4031530201917711,0.0,2.349680066580558,2.073146556167613,38.21907977650021,37.74476452123615,0.0
6.405,0.6167632692898404,-0.25096710683128587,0.2523505463953406,0.0,2.347151914110347,2.062814269313301,38.33174223404763,37.74476452123615,0.0
6.406,0.6112007709090844,-0.25321089447859946,0.19014954049351457,0.0,2.3440616769549765,2.048576525676238,38.012799371057795,37.74476452123615,0.0
6.407,0.6020302155621855,-0.25155071256649364,0.34694062349021604,0.0,2.3396516312646307,2.0542756979803514,37.99312894004228,37.74476452123615,0.0
6.408,0.6023198469172274,-0.252583639048845,0.35429219480991103,0.0,2.3363827311059104,2.0580811454976935,38.321226438449976,37.74476452123615,0.0
6.409,0.6039896889025266,-0.2554565331099765,0.1844788264339261,0.0,2.334126954796697,2.042245385708042,38.21665658832814,37.74476452123615,0.0
6.41,0.5952729841226455,-0.25555517180899895,0.23204483082392313,0.0,2.3304953014557226,2.035673554378734,37.97527953406739,37.74476452123615,0.0
6.4110000000000005,0.5891764904596521,-0.25448720709880135,0.3504282078259868,0.0,2.326451167810802,2.042525699529717,37.95177799101435,37.74476452123615,0.0
6.412,0.5909136239123177,-0.2561543457224056,0.3601088446547232,0.0,2.3236907269411695,2.047917203465827,38.273665106715214,37.74476452123615,0.0
6.413,0.5933797242770826,-0.2601692530450305,0.19387628094950216,0.0,2.322170448971364,2.033857224839903,38.17956116960313,37.74476452123615,0.0
6.414,0.5863127027551506,-0.2597293598213766,0.23658028302187273,0.0,2.3193076636081194,2.0282130155156644,38.092170710449366,37.74476452123615,0.0
6.415,0.5809023676667223,-0.2587972737647351,0.2768014507066239,0.0,2.316068605314781,2.0273687036566317,38.08966569804059,37.74476452123615,0.0
6.416,0.5782670605986031,-0.25946511129940064,0.2746049451429673,0.0,2.3131518046542525,2.0258768702919276,38.10787642036456,37.74476452123615,0.0
6.417,0.5762184274199439,-0.2605413894170352,0.2618684649896976,0.0,2.3104892129409005,2.0230624890153903,38.12763675140982,37.74476452123615,0.0
6.418,0.573799698631602,-0.26113969555614774,0.24815957716533343,0.0,2.307866493165356,2.0191282476709542,38.12480716598569,37.74476452123615,0.0
6.4190000000000005,0.570559660376155,-0.26147515809743466,0.24577394342989983,0.0,2.30514353905107,2.015532044570968,38.105103220440526,37.74476452123615,0.0
6.42,0.5672477310925756,-0.26173507193246515,0.2520225292104397,0.0,2.3023584959346564,2.0130662789814058,38.08653936541901,37.74476452123615,0.0
6.421,0.5645111431991295,-0.2621959625402386,0.25788670827937055,0.0,2.2996534793994337,2.011419064854379,38.06461451562214,37.74476452123615,0.0
6.422,0.5622807145715191,-0.2630627008623023,0.26565063323394456,0.0,2.29714497541438,2.0106794417109493,38.03227427389003,37.74476452123615,0.0
6.423,0.5608947619628482,-0.2637926292371626,0.2789456565734596,0.0,2.2948849842515013,2.011277894301836,37.93286839081823,37.74476452123615,0.0
6.424,0.5600542465753562,-0.26538198757092013,0.3267675594135404,0.0,2.2930783675969644,2.016796558762896,38.07250078262473,37.74476452123615,0.0
6.425,0.5626562040598877,-0.26676726383752053,0.2536740008964042,0.0,2.2921407658599757,2.012769564169937,38.29966893886722,37.74476452123615,0.0
6.426,0.560148911155829,-0.2680714417970108,0.13454087859884767,0.0,2.2910238316502674,1.9969796227893084,38.12519234248774,37.74476452123615,0.0
6.4270000000000005,0.5504331781581607,-0.26570336147512164,0.21797489857607055,0.0,2.288166066108465,1.994069713246945,37.91221145492534,37.74476452123615,0.0
6.428,0.5456265331378714,-0.2641558647232635,0.32279087302037973,0.0,2.28515654232712,2.0022920087159926,37.912820482111464,37.74476452123615,0.0
6.429,0.5483809173970042,-0.265286363385774,0.3208057998185653,0.0,2.28341003029121,2.0077735557446528,38.28308747351074,37.74476452123615,0.0
6.43,0.5514202598792247,-0.26791370181615315,0.1302890745961811,0.0,2.282664026402473,1.9912885239939575,38.22893111084323,37.74476452123615,0.0
6.431,0.5426688471189114,-0.26687701923547136,0.15252559003386673,0.0,2.2802038112593626,1.9817216278082852,37.912407885689696,37.74476452123615,0.0
6.432,0.5347827565690537,-0.26415715784860555,0.309110768966097,0.0,2.2767441100852466,1.9906473600879186,37.828877070341505,37.74476452123615,0.0
6.433,0.5370399010277784,-0.26477699174098435,0.35003505114913863,0.0,2.2746183325985356,2.00094322147703,38.1368349507914,37.74476452123615,0.0
6.434,0.5428117283289831,-0.267660228723385,0.19213540662863715,0.0,2.2740456767285475,1.991606385700929,38.28179036738189,37.74476452123615,0.0
6.4350000000000005,0.5384492991875867,-0.26858948890151774,0.11428743987193762,0.0,2.272669989117719,1.9766992734959725,37.95632884340068,37.74476452123615,0.0
6.436,0.5289676074248622,-0.26557533520492527,0.27490255864089785,0.0,2.2696003095390704,1.9825908082850678,37.75695710240125,37.74476452123615,0.0
6.437,0.5291050942100203,-0.26512983209839086,0.37446650332895914,0.0,2.267407887592444,1.9968221639013908,38.00265424873599,37.74476452123615,0.0
6.438,0.5363922032972743,-0.26798206574472977,0.24903903288659002,0.0,2.2671760441342754,1.9938182734341312,38.32344545773769,37.74476452123615,0.0
6.439,0.5358108004213121,-0.2700371434223702,0.08285661902072583,0.0,2.266864532183274,1.9742026222541877,38.01712400641347,37.74476452123615,0.0
6.44,0.5247604662403302,-0.266702805048635,0.2332937498310641,0.0,2.264235278311491,1.975937016256083,37.696534592442795,37.74476452123615,0.0
6.441,0.5220977531411323,-0.26512669857048105,0.394070756104334,0.0,2.2619023608982163,1.9935985399516682,37.88678776323116,37.74476452123615,0.0
6.442,0.5304062086508909,-0.26784514085182803,0.2975239382902005,0.0,2.261883677311558,1.9960921422770155,38.308071791393694,37.74476452123615,0.0
6.4430000000000005,0.5332699980877683,-0.27041709447295637,0.08124885150735917,0.0,2.2623719527916113,1.9752777923602314,38.098155773361526,37.74476452123615,0.0
6.444,0.5222828505100028,-0.26753159068234034,0.18267294800218914,0.0,2.260386840778801,1.9711503305933142,37.712837247496296,37.74476452123615,0.0
6.445,0.5165234205398713,-0.26467356997889246,0.3756514836722028,0.0,2.257901966551107,1.9879741675814975,37.757548719548815,37.74476452123615,0.0
6.446,0.5235669563291722,-0.2663020198657332,0.35316790566281653,0.0,2.2575556731395885,1.9976317712738365,38.19903618145084,37.74476452123615,0.0
6.447,0.5299678417561577,-0.2696047255177449,0.1278814581096555,0.0,2.2585567825613073,1.9810986497659595,38.19786249747389,37.74476452123615,0.0
6.448,0.5220234602920049,-0.2683491861215471,0.12393732033575366,0.0,2.257633332499965,1.9690758514867723,37.76848333427258,37.74476452123615,0.0
6.449,0.5131012680054426,-0.26417332223220125,0.33838971380604493,0.0,2.255153157982973,1.9826941900257196,37.61706385614152,37.74476452123615,0.0
6.45,0.5174904200497176,-0.2643787259408375,0.41537645952252156,0.0,2.254347187818417,2.0004546667054472,38.064757487720534,37.74476452123615,0.0
6.4510000000000005,0.5273554393722404,-0.2686484135246182,0.18832971406817067,0.0,2.25586547393542,1.9895722286385682,38.303061590960716,37.74476452123615,0.0
6.452,0.5234516875898181,-0.26883496045050065,0.06359469175083399,0.0,2.2561215109200443,1.969007540879006,37.82989228657539,37.74476452123615,0.0
6.453,0.5112657470071215,-0.2633129533494048,0.29932806629010644,0.0,2.2536861891798696,1.9790043629626282,37.53251060556783,37.74476452123615,0.0
6.454,0.5125938664199232,-0.2622576908091414,0.4501414459505685,0.0,2.2524332230136563,2.001722156139893,37.93807872349809,37.74476452123615,0.0
6.455,0.5243606343111362,-0.2665490633273741,0.24542424496282,0.0,2.2540599363841998,1.9967347842036485,38.30757953563723,37.74476452123615,0.0
6.456,0.5242638453553236,-0.2677708976319844,0.05504568874923732,0.0,2.2551167292723893,1.973642666088518,37.88572095244428,37.74476452123615,0.0
6.457,0.5115994511979338,-0.26262821884537835,0.26456541603363115,0.0,2.2531807180506735,1.979308510104892,37.49030334742582,37.74476452123615,0.0
6.458,0.5105045072326277,-0.2605641461043251,0.46481883028096366,0.0,2.251829271139118,2.0041406467864307,37.827643827195246,37.74476452123615,0.0
6.4590000000000005,0.5228812293373019,-0.2642819744452429,0.2953197973366609,0.0,2.2535257844317824,2.0043346084711455,38.28909879499796,37.74476452123615,0.0
6.46,0.5257660803626909,-0.2661705770723541,0.059148970697684766,0.0,2.2552426105692245,1.9802014583240644,37.93984112584085,37.74476452123615,0.0
6.461,0.5131717309585485,-0.26152124921492736,0.2318270392301936,0.0,2.253844126987628,1.9814238285551118,37.46087551390574,37.74476452123615,0.0
6.462,0.5097269336317587,-0.25857860733398796,0.4741487352710524,0.0,2.2524305314589657,2.0075657034959686,37.72147059199705,37.74476452123615,0.0
6.463,0.5222957793307856,-0.26164745422828667,0.34408413551779027,0.0,2.2541394825544376,2.012804687456447,38.24278743026166,37.74476452123615,0.0
6.464,0.5279963457932189,-0.26408906989854347,0.07844548729523004,0.0,2.256439326191195,1.9892696889695962,38.000707675930514,37.74476452123615,0.0
6.465,0.5162761802140299,-0.2602404342457021,0.1969259329138583,0.0,2.255707919537077,1.9853536340737175,37.45677202203407,37.74476452123615,0.0
6.466,0.5104694044239579,-0.2562375874416159,0.4717736848540992,0.0,2.2542562212668615,2.01132603594037,37.608472468886646,37.74476452123615,0.0
6.4670000000000005,0.5224320130071668,-0.258342202194478,0.39728638195130794,0.0,2.2558184691011895,2.0222399922525742,38.172795251192845,37.74476452123615,0.0
6.468,0.530815057103828,-0.261732399859676,0.1108446834986414,0.0,2.2586677633789463,2.0006525551514236,38.05015954346403,37.74476452123615,0.0
6.469,0.5208202683433396,-0.2587793054996183,0.16910858714077187,0.0,2.2587146421625555,1.9919654947779446,37.47066984734796,37.74476452123615,0.0
6.47,0.5132471863239794,-0.2536095172845863,0.46159438193768526,0.0,2.2573489812704026,2.016475717845939,37.52960359748974,37.74476452123615,0.0
6.471,0.5239359860064058,-0.2547568808593345,0.4342791161042614,0.0,2.2587488166496374,2.0312173165430125,38.11745805621072,37.74476452123615,0.0
6.472,0.5337938837876564,-0.25875670999400124,0.1366249513940242,0.0,2.2619113359297214,2.011178452689397,38.045428405604376,37.74476452123615,0.0
6.473,0.5250934484546382,-0.25627964792800456,0.16963313785351508,0.0,2.262441241777829,2.0011227961712423,37.430431191342564,37.74476452123615,0.0
6.474,0.5173241504988677,-0.2507161792956966,0.48027507828335714,0.0,2.261325380460417,2.026733845894206,37.50829904120437,37.74476452123615,0.0
6.4750000000000005,0.528544437766078,-0.25176881809538376,0.4437058081527733,0.0,2.263053635201331,2.041231240815518,38.129000059129304,37.74476452123615,0.0
6.476,0.5383906942175303,-0.25565803239994267,0.12951294381137335,0.0,2.2664760911457904,2.019285314005556,37.97654838517645,37.74476452123615,0.0
6.477,0.5287288849695396,-0.2526195858559033,0.20342094214839718,0.0,2.2669885875519165,2.0123092955133144,37.31380321524968,37.74476452123615,0.0
6.478,0.5222884210014215,-0.24739461465990203,0.5391031401716481,0.0,2.266207870102086,2.0428799232541115,37.55787663866042,37.74476452123615,0.0
6.479,0.5364792968029932,-0.2495313916824618,0.41893530729203565,0.0,2.268849582355761,2.052114731901001,38.22981931721416,37.74476452123615,0.0
6.48,0.5445403892265372,-0.25251841884106163,0.07811342005538513,0.0,2.272457809465977,2.02365669023276,37.822862058853346,37.74476452123615,0.0
6.481,0.5311138098164381,-0.24739413949140293,0.2808110738596192,0.0,2.2722658686982986,2.025667770892543,37.124906631206414,37.74476452123615,0.0
6.482,0.5282811182449084,-0.24312056132741725,0.6359873665833822,0.0,2.271875379268824,2.0646782953499185,37.70855336336913,37.74476452123615,0.0
6.4830000000000005,0.5475420016864169,-0.24811929177697978,0.34452611208069617,0.0,2.2760175873591275,2.0619891934017955,38.325404279251316,37.74476452123615,0.0
6.484,0.5508071833000026,-0.2497615217716369,0.03029425655944995,0.0,2.2796073224405045,2.0281657697521247,37.5648877615703,37.74476452123615,0.0
6.485,0.5340126291739956,-0.2412362302249091,0.41235128299661794,0.0,2.2785015372786903,2.045132306208857,37.08435860630314,37.74476452123615,0.0
6.486,0.5381524148710672,-0.23850455917591606,0.6592199197795261,0.0,2.278987753378808,2.083003268317545,37.903479000847504,37.74476452123615,0.0
6.487,0.5578327502261694,-0.24595351470357196,0.24807257771123092,0.0,2.2840591458983157,2.067317422797943,38.15323861763617,37.74476452123615,0.0
6.488,0.5544887887584862,-0.24552398107667156,0.11910802835289802,0.0,2.286933076359677,2.044197313188515,37.349593576238604,37.74476452123615,0.0
6.489,0.5422526586284426,-0.2364620366398427,0.5248822585016564,0.0,2.2862150842621767,2.0709139530957406,37.401197844638666,37.74476452123615,0.0
6.49,0.552644967556398,-0.23604687840506736,0.5025157910675999,0.0,2.288285507403692,2.0871035607998834,38.14214777778457,37.74476452123615,0.0
6.4910000000000005,0.5629812328456971,-0.23989609283838592,0.12806699192916277,0.0,2.2921954141714833,2.059882480724334,37.625971372480095,37.74476452123615,0.0
6.492,0.5511683028418198,-0.23517873546017654,0.38734312606896215,0.0,2.2924348207990035,2.0694421470332,36.96380111402147,37.74476452123615,0.0
6.493,0.5534460559783699,-0.23148847218379726,0.7262378893704206,0.0,2.293247498008039,2.1123867678506345,37.85124539435687,37.74476452123615,0.0
6.494,0.5753891285236312,-0.2389535305385501,0.2814509404715126,0.0,2.299131428629701,2.096411721846721,38.09885086453864,37.74476452123615,0.0
6.495,0.5723616646608951,-0.23873126241353373,0.154107341947604,0.0,2.302730361511506,2.073615098907079,37.2429717737138,37.74476452123615,0.0
6.496,0.5606514698585231,-0.22914241044317923,0.5870648148352487,0.0,2.3026371877756784,2.1036146363420944,37.4884760797873,37.74476452123615,0.0
6.497,0.5727371226956376,-0.22926417637440943,0.4668755462129876,0.0,2.3056625679290725,2.1116079846225935,38.21637206689663,37.74476452123615,0.0
6.498,0.5791370881053649,-0.23179990674630646,0.0982114772017153,0.0,2.3094624575767746,2.0791702415186664,37.30083216928784,37.74476452123615,0.0
6.4990000000000006,0.5643917073311889,-0.22383754148109414,0.5604207495255961,0.0,2.3087373664664197,2.106571913874898,37.13397582941357,37.74476452123615,0.0
6.5,0.575264670705258,-0.22247580855608756,0.6499568063809542,0.0,2.3107547847336276,2.1350443036364335,37.932616831067804,37.74476452123615,0.0
6.501,0.5915222924449045,-0.22963774699857958,0.2487577824555216,0.0,2.3162191307081907,2.1141643342905634,37.501752155037686,37.74476452123615,0.0
6.502,0.585188275910129,-0.2266281118943907,0.46662024413256553,0.0,2.318646365904825,2.124754975536688,36.96397133459241,37.74476452123615,0.0
6.503,0.5899691932852985,-0.22271714970531958,0.7433185862216418,0.0,2.3214898322166526,2.1621982281142746,37.95925504280679,37.74476452123615,0.0
6.5040000000000004,0.6088965386132627,-0.22977548978986087,0.2435318268987453,0.0,2.328608804186246,2.136403776306553,37.65085552456426,37.74476452123615,0.0
6.505,0.6002166319262731,-0.22610636375663382,0.3986706759867299,0.0,2.331962246513607,2.1371078710583165,36.964768220214204,37.74476452123615,0.0
6.506,0.5993213933024587,-0.219039587712918,0.749514291171976,0.0,2.3343100999789335,2.1751299869288885,37.933418457245445,37.74476452123615,0.0
6.507000000000001,0.6170899411573937,-0.22439880903717957,0.26330263329626247,0.0,2.3408855617908895,2.1506294653904727,37.65815868263439,37.74476452123615,0.0
6.508,0.6085812422433022,-0.2209118502666592,0.40179857898780913,0.0,2.343916267589809,2.150446855151022,36.961871072752714,37.74476452123615,0.0
6.509,0.6076218098921784,-0.21349584150962492,0.7577713184134796,0.0,2.3458447504093214,2.188378068964799,37.9314094665866,37.74476452123615,0.0
6.51,0.6253804743026805,-0.21896367545280765,0.2711356720430319,0.0,2.3520491281495817,2.1636563137754767,37.54093117394765,37.74476452123615,0.0
6.511,0.6170971319568839,-0.21524188741343983,0.46841315183539345,0.0,2.3546968175731218,2.16968280542212,37.020883619252956,37.74476452123615,0.0
6.5120000000000005,0.619659199971235,-0.20890840234184058,0.7356757382025713,0.0,2.3570229217414895,2.2024328656438814,37.940669115808284,37.74476452123615,0.0
6.513,0.635431375316328,-0.21460839855946773,0.2738239439791862,0.0,2.3630817559498523,2.1769548884242433,37.35268343296716,37.74476452123615,0.0
6.514,0.627003026630332,-0.20940853019656552,0.571737596282437,0.0,2.365357923533318,2.193104452151908,37.26296401546075,37.74476452123615,0.0
6.515000000000001,0.6345104303303905,-0.20521445522504617,0.6214153100933953,0.0,2.368612081167967,2.2094419903674583,38.01370518733507,37.74476452123615,0.0
6.516,0.6430238391612355,-0.20901347028045092,0.24335531749524764,0.0,2.3736344092665145,2.1815264132666203,37.08685910308626,37.74476452123615,0.0
6.517,0.6322852978827137,-0.20073497527389736,0.7133574138011506,0.0,2.37441432224385,2.213651830834298,37.53548448849812,37.74476452123615,0.0
6.518,0.646383621402622,-0.20090928342590542,0.49113752142260153,0.0,2.3784307445270056,2.2118402878182666,37.730778541558124,37.74476452123615,0.0
6.519,0.6477941161556586,-0.20266788053896426,0.39363035468938024,0.0,2.382056072881158,2.20209378072765,36.88339000359905,37.74476452123615,0.0
6.5200000000000005,0.6456196268899369,-0.19520848127767562,0.8259383688452897,0.0,2.383506097800963,2.242466709172752,37.75397635392414,37.74476452123615,0.0
6.521,0.6648745390224589,-0.2006834293658853,0.3905530753558643,0.0,2.389525251355612,2.224592099612695,37.22991538601691,37.74476452123615,0.0
6.522,0.6610501653704377,-0.19818499198870757,0.6577320506616692,0.0,2.39282545100642,2.2434636368056875,37.28927535661416,37.74476452123615,0.0
6.523000000000001,0.6716641690110058,-0.19513873550306415,0.6326069570092643,0.0,2.3973726805717956,2.2541367060526576,37.828342387487005,37.74476452123615,0.0
6.524,0.6778685067202782,-0.1985923132913369,0.3622376629103342,0.0,2.4029428502268986,2.234131482805495,36.930495842987106,37.74476452123615,0.0
6.525,0.6714443291251819,-0.18988569277832978,0.8193036219427741,0.0,2.4049632165574604,2.2704334501956684,37.66951937672102,37.74476452123615,0.0
6.526,0.6875814069944368,-0.19303076941658298,0.4505443065209686,0.0,2.4108447676293223,2.256333752851591,37.14930261294204,37.74476452123615,0.0
6.527,0.684681629659565,-0.19048047619891484,0.7166073074934011,0.0,2.414416210839265,2.277667049895821,37.387286857627686,37.74476452123615,0.0
6.5280000000000005,0.6966613050837013,-0.18831697676281844,0.6011899617866614,0.0,2.419551357426841,2.280520861449152,37.5887554718046,37.74476452123615,0.0
6.529,0.6993355872956643,-0.19038823588811377,0.5020157451925181,0.0,2.424707844009136,2.2736734418485454,36.864034910885415,37.74476452123615,0.0
6.53,0.6993282250534902,-0.18266377813621426,0.8731833217556194,0.0,2.427793537029179,2.30987414112287,37.791130446616904,37.74476452123615,0.0
6.531,0.7161955868230842,-0.1882787896489235,0.4091718946360674,0.0,2.434885626518567,2.286154923605908,36.93691328017704,37.74476452123615,0.0
6.532,0.7100618464977455,-0.181770650471806,0.8443589902665918,0.0,2.438124539882711,2.318870916633617,37.63482497678772,37.74476452123615,0.0
6.533,0.7252162259376712,-0.18328002605724192,0.49650253740573524,0.0,2.4445422739193803,2.304294801782325,37.04503276968589,37.74476452123615,0.0
6.534,0.7217154482502527,-0.17995672065539176,0.798395958472153,0.0,2.448479965717196,2.32904154200576,37.5089893507417,37.74476452123615,0.0
6.535,0.7349041835920367,-0.17877379340195143,0.5687754196491919,0.0,2.454401673413713,2.321944415240971,37.18272724083585,37.74476452123615,0.0
6.5360000000000005,0.7335289983265572,-0.17799197832842112,0.7375268474061187,0.0,2.458947327278545,2.3372911920964254,37.29755020478166,37.74476452123615,0.0
6.537,0.7436688097620682,-0.17391631749880476,0.6845875085977611,0.0,2.464132588901917,2.342917883995768,37.41539127072313,37.74476452123615,0.0
6.538,0.7471688110515547,-0.17605552937992697,0.6289607081321564,0.0,2.4696380634681065,2.342627276176893,36.98191104310356,37.74476452123615,0.0
6.539,0.7512832810214655,-0.16905111280223412,0.8533293567232668,0.0,2.473772051853431,2.3677355042624066,37.59736837440672,37.74476452123615,0.0
6.54,0.7629862184342849,-0.17408055169845146,0.5470746525399801,0.0,2.4806267466531366,2.353568426016117,36.87934495643014,37.74476452123615,0.0
6.541,0.7617880569198195,-0.166583150554683,0.9147405571763312,0.0,2.484504255633465,2.3852581487669786,37.664861991572195,37.74476452123615,0.0
6.542,0.7762803958172008,-0.17074740332077726,0.5227810649019423,0.0,2.4916960278065554,2.3657683080503835,36.806515971189725,37.74476452123615,0.0
6.543,0.7724649349305811,-0.1632377945052691,0.9613365605936415,0.0,2.495351939193309,2.40167195215809,37.71568561403623,37.74476452123615,0.0
6.5440000000000005,0.7888165774790402,-0.16739037312923263,0.5070425282423872,0.0,2.502764503588951,2.378156089188949,36.6936934401156,37.74476452123615,0.0
6.545,0.7833427658997284,-0.15946568020365698,1.0285493260139076,0.0,2.5061709832400605,2.420407392733875,37.73148303524955,37.74476452123615,0.0
6.546,0.8024427729119024,-0.16483488531277332,0.509787343306798,0.0,2.5141318047718104,2.39433958892679,36.68337775239296,37.74476452123615,0.0
6.547,0.7967171686114353,-0.15649978763124386,1.044453852423528,0.0,2.5177192109736177,2.4364964000266736,37.709394925874896,37.74476452123615,0.0
6.548,0.8154730517818827,-0.16202406479657547,0.531798961636171,0.0,2.525854579130234,2.4109371643672186,36.69672751658742,37.74476452123615,0.0
6.549,0.8102389472729877,-0.15322591752559628,1.0486130363263952,0.0,2.5295974479337815,2.4514867965408524,37.665095006971086,37.74476452123615,0.0
6.55,0.827983860954225,-0.15887259219660693,0.5652259862772142,0.0,2.5377301087608597,2.4280107545751397,36.73637841597092,37.74476452123615,0.0
6.551,0.8239411108328154,-0.14980166969474254,1.0396681428299503,0.0,2.541647631086743,2.465340242260166,37.5843299418809,37.74476452123615,0.0
6.5520000000000005,0.8400615326681813,-0.15537748485883413,0.6172967256685107,0.0,2.54961039884161,2.4463095820528897,36.81601536002483,37.74476452123615,0.0
6.553,0.8382162613581643,-0.14651401834859126,1.0107415082086613,0.0,2.553843084332494,2.4778450889553127,37.450508944998205,37.74476452123615,0.0
6.554,0.8517932848942298,-0.1515341896373296,0.696437271484352,0.0,2.5614469054713966,2.4666304745494396,36.92155625296364,37.74476452123615,0.0
6.555,0.8535306340745513,-0.1435144465066692,0.9691457001843596,0.0,2.566236509598562,2.490383335047813,37.29234853298152,37.74476452123615,0.0
6.556,0.8639127977807569,-0.14789237009951034,0.7882737200579656,0.0,2.5734842083893654,2.4884922032922825,37.13046771892051,37.74476452123615,0.0
6.557,0.869787559648634,-0.1409571722420613,0.8753570951116291,0.0,2.579011373125289,2.498360443480148,36.961744449624575,37.74476452123615,0.0
6.558,0.8743459823956643,-0.1429241952889012,0.9675489304757104,0.0,2.5852583699201332,2.516622165378838,37.51285901882853,37.74476452123615,0.0
6.559,0.8879433449858757,-0.14073080022458037,0.69431070089781,0.0,2.5924458955378187,2.501254165502479,36.579477814813174,37.74476452123615,0.0
6.5600000000000005,0.8844152956397463,-0.13495292366969724,1.172654169969717,0.0,2.5967642361357055,2.544015941123191,37.533351013813,37.74476452123615,0.0
6.561,0.9046150870633719,-0.14126428453209544,0.6978317055440373,0.0,2.605678948696288,2.523662209914016,36.85574928652295,37.74476452123615,0.0
6.562,0.9036749770918886,-0.13203171833135613,1.0455227215361922,0.0,2.6105881209891884,2.54953496949631,37.15804410531248,37.74476452123615,0.0
6.563,0.914452846666665,-0.1362312788144611,0.9002425163006657,0.0,2.618147929326178,2.5526586708608945,37.31675267881103,37.74476452123615,0.0
6.564,0.9229420946864683,-0.13054499950741935,0.8251683479756415,0.0,2.6245966406373213,2.5485945878728917,36.57916482511545,37.74476452123615,0.0
6.565,0.922502259674939,-0.1279141110733667,1.2056182717846382,0.0,2.629761537583874,2.58831529194851,37.50648745967935,37.74476452123615,0.0
6.566,0.9430671893447438,-0.13319612104599965,0.7443397251182562,0.0,2.6389893452246644,2.5677687353260352,36.87098139503718,37.74476452123615,0.0
6.567,0.9420664147607184,-0.12371801086202663,1.0708305887013319,0.0,2.644144304219164,2.5910421300916306,36.98764335932338,37.74476452123615,0.0
6.5680000000000005,0.9515655936231191,-0.12731158039253476,1.0200708181773588,0.0,2.651601180540969,2.602600280465944,37.46562700853014,37.74476452123615,0.0
6.569,0.9634683545248548,-0.12419485350255803,0.7838703687010372,0.0,2.6590894086148222,2.587059539787284,36.56368077943495,37.74476452123615,0.0
6.57,0.9601751149365241,-0.11672511777517146,1.2466543206666467,0.0,2.663484236152312,2.62757121915859,37.19081966338487,37.74476452123615,0.0
6.571,0.9785445424928416,-0.12381810724044859,0.9386243272701968,0.0,2.6723456750716377,2.62390650512617,37.28238941292284,37.74476452123615,0.0
6.572,0.9862829020856901,-0.11744676438763388,0.8974632035843462,0.0,2.6791827210873254,2.6193794574377947,36.49532988612168,37.74476452123615,0.0
6.573,0.9859316365185239,-0.11362401198030284,1.30348731333607,0.0,2.68452656839633,2.661179105237692,37.277956575903076,37.74476452123615,0.0
6.574,1.0068476851356871,-0.1205601824995819,0.9168420478987033,0.0,2.694317202035617,2.6504376746893117,37.1963016925569,37.74476452123615,0.0
6.575,1.0116490753673255,-0.11262342724459896,0.9631541178585834,0.0,2.701112224472897,2.65039123847035,36.47823002106577,37.74476452123615,0.0
6.5760000000000005,1.0124519338754592,-0.10945739763276154,1.3348552986058526,0.0,2.7069542053397995,2.6914126567660364,37.247464978571394,37.74476452123615,0.0
6.577,1.0335046678320714,-0.11617143114266501,0.9552108152796882,0.0,2.7170843339317896,2.6811304541953462,37.2699884482926,37.74476452123615,0.0
6.578,1.0385117520610478,-0.10830913185701656,0.94869684114852,0.0,2.724241236150989,2.6756291404941357,36.47986853587773,37.74476452123615,0.0
6.579,1.0372566464425468,-0.1028289967437952,1.356405757209541,0.0,2.7296081249085518,2.7164949013533164,37.06393173509867,37.74476452123615,0.0
6.58,1.0570146750181573,-0.10995428427239227,1.0711824854604446,0.0,2.739363483855554,2.716173191749822,37.650093008909685,37.74476452123615,0.0
6.581,1.0641076321615104,-0.10909426023894479,0.7790485636782014,0.0,2.747945280428541,2.686994045322808,37.03035250481265,37.74476452123615,0.0
6.582,1.050110229919975,-0.10273552765878088,1.0960629358909555,0.0,2.752060122358044,2.7009945571750227,37.32912383141075,37.74476452123615,0.0
6.583,1.0489887387960013,-0.10888006261918479,0.9508336794901595,0.0,2.7579030174512638,2.694844530109972,38.08119716615976,37.74476452123615,0.0
6.5840000000000005,1.0458387132856912,-0.10809590958054675,0.5714326856664166,0.0,2.7623989181448034,2.6499472663990398,37.34100246472532,37.74476452123615,0.0
6.585,1.0217673758713488,-0.09790340429654983,0.9455676569487449,0.0,2.760842168347042,2.6575545227683226,37.463043226927155,37.74476452123615,0.0
6.586,1.0149672036179578,-0.10255238632887718,0.8873644887909177,0.0,2.760815132242381,2.654608985884446,38.19290633561765,37.74476452123615,0.0
6.587,1.0127104867070065,-0.10317393265535067,0.5179515163018552,0.0,2.7605181263353873,2.612082140923944,37.42528978599822,37.74476452123615,0.0
6.588,0.9910655138488462,-0.095349209146408,0.904954538463951,0.0,2.7551312014737936,2.6224011218768006,37.64418142426942,37.74476452123615,0.0
6.589,0.9875094423462696,-0.10209690083853312,0.7965145502980171,0.0,2.7521353605148695,2.615525801465041,38.16099425570401,37.74476452123615,0.0
6.59,0.9856347300852928,-0.1022847986947844,0.5339458372360424,0.0,2.748704763457927,2.5814109280770894,37.40125506638646,37.74476452123615,0.0
6.591,0.9679875231740843,-0.09869671375545236,0.9172505264433142,0.0,2.7418091704459955,2.5970761309032806,37.932650710487934,37.74476452123615,0.0
6.5920000000000005,0.9695482597020888,-0.1073949348584983,0.6496738425000602,0.0,2.738162342188604,2.576870618932637,37.89229035582479,37.74476452123615,0.0
6.593,0.9631756538845909,-0.10489290866451496,0.6683787614857453,0.0,2.7324974404675193,2.5637708772663808,37.46403564423617,37.74476452123615,0.0
6.594,0.95358908350675,-0.10791003077850746,0.8853134060500559,0.0,2.726445958446396,2.5760811779902464,38.28148342519439,37.74476452123615,0.0
6.595,0.9578516229676629,-0.11509033262142507,0.4712223265313643,0.0,2.7229903166813525,2.5382711902024355,37.602549326485715,37.74476452123615,0.0
6.596,0.9424177686143158,-0.10974973610687798,0.8121115278332053,0.0,2.715439971679003,2.5472757093287695,37.86453752886063,37.74476452123615,0.0
6.597,0.9406467740098402,-0.11783580099132174,0.6799196965695027,0.0,2.710487986191956,2.536715219453165,38.06661641726473,37.74476452123615,0.0
6.598,0.9383257409274779,-0.11710859893903029,0.5756617334071656,0.0,2.7048142973914575,2.5168067260742135,37.51821183152991,37.74476452123615,0.0
6.599,0.9266932434474484,-0.11913397899315963,0.8521295531716391,0.0,2.6979471919595905,2.531032117350802,38.344130635600685,37.74476452123615,0.0
6.6000000000000005,0.9313548419472476,-0.12632094280468698,0.4331764899926067,0.0,2.6939596484172963,2.493669642999428,37.57816645993003,37.74476452123615,0.0
6.601,0.9159322305369926,-0.1217384787382501,0.8178245584409947,0.0,2.6860586711086696,2.5078885831302014,38.11577361349264,37.74476452123615,0.0
6.602,0.9171969553294785,-0.13057745164041407,0.5453108907371241,0.0,2.681387797203886,2.4857792015438496,37.80543790775456,37.74476452123615,0.0
6.603,0.9096917768763777,-0.12782230568858682,0.6998720097409816,0.0,2.6745816167472225,2.4859787473708828,37.868776605440694,37.74476452123615,0.0
6.604,0.9059139484057127,-0.13487017562872444,0.666962540055869,0.0,2.6692788260718614,2.480652577061388,38.10253465235382,37.74476452123615,0.0
6.605,0.9051369946749609,-0.13540526574380649,0.5465058152881304,0.0,2.663962078646346,2.4624552863133835,37.64015591827269,37.74476452123615,0.0
6.606,0.8946292119582545,-0.1382302959235882,0.7787412683583288,0.0,2.657662679307206,2.4734446035445554,38.383863935809,37.74476452123615,0.0
6.607,0.898646542402407,-0.14321635973851954,0.4004962654444435,0.0,2.6536123683429427,2.4382287600914445,37.57881748846318,37.74476452123615,0.0
6.6080000000000005,0.8826191206939278,-0.14050896955210285,0.8046789594450848,0.0,2.646097830571139,2.4561752059488007,38.39028530875843,37.74476452123615,0.0
6.609,0.8867446629133305,-0.14817928957597742,0.39248984142223753,0.0,2.6420002002667413,2.421578839659502,37.62658240914724,37.74476452123615,0.0
6.61,0.8722458112844385,-0.1444244798477809,0.7755231123487214,0.0,2.634362964093514,2.437924027052209,38.34926237544059,37.74476452123615,0.0
6.611,0.8754549920666044,-0.1525125797264596,0.4081381506600027,0.0,2.6300512093608157,2.4071302951909703,37.65747999350581,37.74476452123615,0.0
6.612,0.8628363742802678,-0.1492816588916178,0.7549021869046955,0.0,2.6226549746246453,2.422222794410708,38.36008292792194,37.74476452123615,0.0
6.613,0.8659488906753458,-0.15730126912017564,0.397447535629774,0.0,2.6184220796175546,2.3918102052508434,37.661791048054035,37.74476452123615,0.0
6.614,0.8533262554054941,-0.15425711058011476,0.7474232102955463,0.0,2.6111561616534935,2.407507071275876,38.39506867775931,37.74476452123615,0.0
6.615,0.8569029786363791,-0.16201951254323618,0.3742813538776759,0.0,2.6070708278896864,2.3758426320412807,37.656835130085824,37.74476452123615,0.0
6.6160000000000005,0.8434207877846563,-0.15909767670858582,0.7442774216259231,0.0,2.5998285576173576,2.3928858975962464,38.427380263362394,37.74476452123615,0.0
6.617,0.84772579107874,-0.16645387738333411,0.35217869756637543,0.0,2.5958532413603272,2.360061416973586,37.65791144563397,37.74476452123615,0.0
6.618,0.8334066063382236,-0.163864428704329,0.7377816371866089,0.0,2.5886346073052957,2.3780773237407056,38.44511981847853,37.74476452123615,0.0
6.619,0.8383436373377459,-0.17065412730857424,0.337173897791905,0.0,2.584712188665737,2.344960630438638,37.67271611161022,37.74476452123615,0.0
6.62,0.8235543107086247,-0.16864406438561344,0.7240962353223194,0.0,2.577581338652359,2.363007095364313,38.44306755586789,37.74476452123615,0.0
6.621,0.8287981144731739,-0.17467007168202778,0.33193748284716673,0.0,2.5736511815647214,2.330804430968119,37.71012148702845,37.74476452123615,0.0
6.622,0.8140220489646356,-0.17350081614172091,0.6987569476089632,0.0,2.56670489556383,2.347378551194916,38.40956368867502,37.74476452123615,0.0
6.623,0.8189785510076624,-0.17847060603372286,0.34238785511129,0.0,2.56266901962923,2.318038860096763,37.79611321244209,37.74476452123615,0.0
6.6240000000000006,0.8050573967896941,-0.17841773552274723,0.6485996063156978,0.0,2.556047248523149,2.330057426056834,38.32758747387433,37.74476452123615,0.0
6.625,0.8083817831710558,-0.18179970251510155,0.3770342460731938,0.0,2.5516620561979497,2.30677275712744,37.92072846340612,37.74476452123615,0.0
6.626,0.7965248521422353,-0.18340536844193878,0.5787041118855992,0.0,2.545529719794362,2.3116148809772397,38.16216662431875,37.74476452123615,0.0
6.627,0.7972450977312155,-0.18485033999683256,0.4538110103984585,0.0,2.5406377196278824,2.2994068226549156,38.14319024579523,37.74476452123615,0.0
6.628,0.7897026727179016,-0.1891327416286523,0.459314942414627,0.0,2.535470728109769,2.2906216028921795,37.90092362952671,37.74476452123615,0.0
6.6290000000000004,0.7848551786353404,-0.188171427203758,0.578886659465983,0.0,2.5297933451641366,2.295753855608341,38.508920460657805,37.74476452123615,0.0
6.63,0.7850130604990901,-0.19423057811150976,0.26724668450621825,0.0,2.5258730455287863,2.2642631883963995,37.76710087454737,37.74476452123615,0.0
6.631,0.7696942805989774,-0.19105215222488287,0.6379331140283251,0.0,2.518785490779169,2.2811081095467944,38.39972935505822,37.74476452123615,0.0
6.632000000000001,0.7742618134216475,-0.19560473207173992,0.31506922543467797,0.0,2.514623751661574,2.255682274657172,37.96706354185265,37.74476452123615,0.0
6.633,0.7618120359107049,-0.19662220402674013,0.5291791418312963,0.0,2.5084019990833584,2.2605787298887456,38.081412594299024,37.74476452123615,0.0
6.634,0.7622361826607764,-0.19778948192833493,0.46863813487748196,0.0,2.5034102931357465,2.25539160049284,38.35511389312129,37.74476452123615,0.0
6.635,0.758207900424979,-0.20322019010996056,0.32568399174749685,0.0,2.498984749964268,2.2355518202804405,37.842548111298235,37.74476452123615,0.0
6.636,0.748168747564598,-0.20093952147863428,0.5809890467584042,0.0,2.4927126024574355,2.2478305852469163,38.43901747882693,37.74476452123615,0.0
6.6370000000000005,0.7515990717811312,-0.2054131397055946,0.2758118334181473,0.0,2.488810450889213,2.221653987756102,37.99687505637977,37.74476452123615,0.0
6.638,0.7383646537484759,-0.205821457930794,0.49436193929029215,0.0,2.4826810335512324,2.226287207862643,38.023146466020705,37.74476452123615,0.0
6.639,0.7382288030462908,-0.20667939322962647,0.4784424150219796,0.0,2.477718169658325,2.22579011489341,38.488422516446334,37.74476452123615,0.0
6.640000000000001,0.7366325008391647,-0.2123745050053336,0.23836780985706307,0.0,2.4738197658001235,2.1987716682421135,37.844518210475194,37.74476452123615,0.0
6.641,0.7230517839605749,-0.20943257235722604,0.5593224259502432,0.0,2.467228793953564,2.2132488955265983,38.26700191131357,37.74476452123615,0.0
6.642,0.7270962411816759,-0.212717433234762,0.34285820163028025,0.0,2.463135396043119,2.198017994598745,38.22545791500527,37.74476452123615,0.0
6.643,0.7190371999413806,-0.2162041219196547,0.3588232658467384,0.0,2.4582789349774963,2.188748582388286,37.86098167244337,37.74476452123615,0.0
6.644,0.7130347585098955,-0.2152948241920967,0.5398992156156158,0.0,2.452846289160509,2.200258847269783,38.44235288527453,37.74476452123615,0.0
6.6450000000000005,0.7171474177906112,-0.21998154561840366,0.24223772555965306,0.0,2.44963256674754,2.175008880742393,38.09719731944065,37.74476452123615,0.0
6.646,0.7043674823529822,-0.22040299992749782,0.4112911804945468,0.0,2.444214712682866,2.174981953060789,37.91883412267418,37.74476452123615,0.0
6.647,0.7015838002593614,-0.22024268084694348,0.49873208286340454,0.0,2.4393141016145465,2.1825223031280254,38.52090446463468,37.74476452123615,0.0
6.648000000000001,0.7040628938431716,-0.22529202372772933,0.1899355124491664,0.0,2.4362146175674755,2.153675988197297,38.02761160770486,37.74476452123615,0.0
6.649,0.689354566242972,-0.22394409251242475,0.43375347004938924,0.0,2.430341684569547,2.1589550043669603,37.96748056374641,37.74476452123615,0.0
6.65,0.6885959744475303,-0.22444960539491518,0.46159183160351136,0.0,2.4256530322176046,2.163679227636313,38.52723283045056,37.74476452123615,0.0
6.651,0.6900018976983051,-0.22955644647539694,0.17389101515929506,0.0,2.42246236481782,2.1353744524435907,38.00001725205021,37.74476452123615,0.0
6.652,0.6755054381989556,-0.2277102882836213,0.4349462770513266,0.0,2.416506140826842,2.1427828447801645,37.974158063749066,37.74476452123615,0.0
6.6530000000000005,0.6758014943113504,-0.22865422111978637,0.4455819357767713,0.0,2.4120086726625143,2.147236614557504,38.5134399541997,37.74476452123615,0.0
6.654,0.6773831019794153,-0.23376767697049355,0.16825423622182012,0.0,2.4089593691075697,2.1200118407200166,38.01817347054379,37.74476452123615,0.0
6.655,0.6634404149372097,-0.232088588918361,0.4131533885566956,0.0,2.403256684280128,2.1264663093144907,37.946023155610874,37.74476452123615,0.0
6.656000000000001,0.6633079551539516,-0.2328819489211961,0.4472159596794081,0.0,2.398873775275713,2.13287809757266,38.48675832978636,37.74476452123615,0.0
6.657,0.6659823979437314,-0.23774834356987648,0.16942843450616196,0.0,2.3960977058088817,2.1070176493195776,38.086830184481535,37.74476452123615,0.0
6.658,0.6527167989083825,-0.2367721065894758,0.3659718505261216,0.0,2.390857148449095,2.109349250280835,37.901083325658824,37.74476452123615,0.0
6.659,0.650544470065527,-0.23685019700303178,0.4572820918932501,0.0,2.3863921592367072,2.1191086279825333,38.39806679403791,37.74476452123615,0.0
6.66,0.6547388747911345,-0.24114206780288153,0.20225733497568998,0.0,2.383820931599577,2.0979966355099746,38.216597393065165,37.74476452123615,0.0
6.6610000000000005,0.6438891152165064,-0.24180880373313404,0.2882737067437722,0.0,2.379426049723232,2.091986185585089,37.88799949557581,37.74476452123615,0.0
6.662,0.6379109602259632,-0.24079449950779488,0.4511403057450517,0.0,2.374751370217944,2.1037415540907296,38.20818194425174,37.74476452123615,0.0
6.663,0.6424573964571172,-0.24385211307321666,0.2864149071769312,0.0,2.3720661760481985,2.0935455684274404,38.3873257753464,37.74476452123615,0.0
6.664,0.6370711930403523,-0.24690065864962868,0.19041737908850065,0.0,2.3689346666068496,2.075826134547614,37.97713062290548,37.74476452123615,0.0
6.665,0.6263152337061663,-0.24472930976493604,0.3931912942922675,0.0,2.3640750308885727,2.083959892557528,37.99527771977828,37.74476452123615,0.0
6.666,0.6276042393996771,-0.24596612777893165,0.3816126138704451,0.0,2.360672498013502,2.0872435669765554,38.44687640595495,37.74476452123615,0.0
6.667,0.6288676492620027,-0.24997179564166264,0.14879215193492035,0.0,2.358366841152601,2.0642380716295627,38.13649928020431,37.74476452123615,0.0
6.668,0.61661149959567,-0.2486106149262779,0.30006336722055915,0.0,2.3538014138857712,2.063631408993876,37.92394783882285,37.74476452123615,0.0
6.6690000000000005,0.6128187848618685,-0.24807064000128726,0.4045472547354243,0.0,2.3495860776474604,2.0729040224929074,38.20122530508948,37.74476452123615,0.0
6.67,0.6165592092504193,-0.2508787817254642,0.2613439137635749,0.0,2.3470338317217934,2.0635812608060746,38.33981241680282,37.74476452123615,0.0
6.671,0.6115479843157241,-0.2533514294755845,0.18609987895123725,0.0,2.34404844405528,2.0486793792624205,38.023308410307344,37.74476452123615,0.0
6.672,0.6021696542470327,-0.251689086141527,0.3415664433082643,0.0,2.3396638227568065,2.053804413592087,37.994530256189385,37.74476452123615,0.0
6.673,0.6020893206084715,-0.25257878016141166,0.3534578630177111,0.0,2.3363446567966744,2.0576469262829624,38.3028231452245,37.74476452123615,0.0
6.674,0.6036643871239672,-0.2553989644879636,0.19373083226026977,0.0,2.334042982037365,2.042910322875235,38.224940451337204,37.74476452123615,0.0
6.675,0.5954792080081235,-0.2557403750477819,0.22787041990290757,0.0,2.330507167731529,2.0356859576485116,37.998357109335394,37.74476452123615,0.0
6.676,0.5893555080989463,-0.25435890826092733,0.33862616502282,0.0,2.3264471228814516,2.0412639387994918,37.90615139978165,37.74476452123615,0.0
6.6770000000000005,0.590145823815116,-0.2561497778333836,0.3831151510142377,0.0,2.3235616909523182,2.0495161766303527,38.256503497052705,37.74476452123615,0.0
6.678,0.594014601214268,-0.2604037172408908,0.20282171262054405,0.0,2.3222400506382845,2.0359598170452475,38.217433995904535,37.74476452123615,0.0
6.679,0.5874787495112345,-0.26046431079499355,0.21762976844794507,0.0,2.319659064294022,2.0278163813735275,38.091187696301795,37.74476452123615,0.0
6.68,0.581001027867374,-0.2589632682057657,0.27728868649865906,0.0,2.316356112396657,2.0272907819256503,38.09403736293836,37.74476452123615,0.0
6.681,0.5782256384865618,-0.2593715727429675,0.2723711247633549,0.0,2.313390819669225,2.0255904418768855,38.125830279245804,37.74476452123615,0.0
6.682,0.5759718635308193,-0.26042015887534603,0.2526640090295357,0.0,2.310663283638849,2.02186516079821,38.12429187939425,37.74476452123615,0.0
6.683,0.5730429568159429,-0.2607961482601776,0.24963793537373202,0.0,2.307866846074652,2.0184034992686444,38.11897932112515,37.74476452123615,0.0
6.684,0.5699091244435643,-0.26117115564518034,0.24855206650939038,0.0,2.30504137703242,2.0152346077909082,38.10104309903246,37.74476452123615,0.0
6.6850000000000005,0.5668807887931206,-0.26155805222470463,0.2539573917777739,0.0,2.3022203742965344,2.0130072816227127,38.08499050516469,37.74476452123615,0.0
6.686,0.5643647128051749,-0.26215068166168043,0.2585814288723731,0.0,2.2995200594896894,2.0114216636276403,38.062681188506176,37.74476452123615,0.0
6.687,0.5622512149567349,-0.2630686621818328,0.2665569205289301,0.0,2.2970262659268696,2.0107629636661155,38.03162178952068,37.74476452123615,0.0
6.688,0.5609398091716977,-0.26384286198893087,0.2792180473388338,0.0,2.294791963897758,2.0113568430348536,37.93647398101616,37.74476452123615,0.0
6.689,0.5601672238768428,-0.26535514304115815,0.3248748569932942,0.0,2.2929990889261056,2.016635412382282,38.08276063824015,37.74476452123615,0.0
6.69,0.5626248087111387,-0.26673299967544256,0.24835156721125617,0.0,2.2920497998056106,2.0120546471405123,38.29541125432167,37.74476452123615,0.0
6.691,0.5597667980520469,-0.26794772978235426,0.1365197918396418,0.0,2.290857204818405,1.9966397241386562,38.115660824526465,37.74476452123615,0.0
6.692,0.5501644113365056,-0.26558740489567223,0.22268604370434159,0.0,2.28797059399113,1.9942713218292174,37.91278197150809,37.74476452123615,0.0
6.6930000000000005,0.5457088441658722,-0.264120879582937,0.32244529571081026,0.0,2.284998089480106,2.002357042391674,37.9173875671792,37.74476452123615,0.0
6.694,0.5484649340331242,-0.2653291105812834,0.3184162674158254,0.0,2.283278978139374,2.007548429257165,38.28674045912716,37.74476452123615,0.0
6.695,0.5513396057326905,-0.26793491723313057,0.12832006206293445,0.0,2.282525473040985,1.9908898210078854,38.22145763498693,37.74476452123615,0.0
6.696,0.5424610459265428,-0.26681896075084965,0.1561945429955396,0.0,2.2800326443479375,1.9817942663254826,37.90572480576187,37.74476452123615,0.0
6.697,0.5347815262559372,-0.2641706403753544,0.3124513547628136,0.0,2.2765993873794717,1.9910244502927945,37.828563385460974,37.74476452123615,0.0
6.698,0.5372655476097917,-0.26487361015693295,0.3501940762710136,0.0,2.274536284384313,2.0012273838691286,38.14597087965254,37.74476452123615,0.0
6.699,0.5430339402765478,-0.26779609471034804,0.18747826559106806,0.0,2.2740142286493636,1.9913178644186311,38.27875994256047,37.74476452123615,0.0
6.7,0.53836492423755,-0.2686063270231901,0.11574377992385887,0.0,2.2726133272517375,1.9766547317140537,37.950667001704744,37.74476452123615,0.0
6.7010000000000005,0.5289240283018302,-0.26556648745316824,0.27773122554703567,0.0,2.269543718047586,1.982845594407931,37.757119610911936,37.74476452123615,0.0
6.702,0.5292299148724534,-0.2651747884511333,0.37438137004668204,0.0,2.267387467538714,1.99699399486861,38.01035580428179,37.74476452123615,0.0
6.703,0.5365075524669822,-0.2680562878546675,0.24510736053130017,0.0,2.267182564051205,1.9935278064709525,38.322499769763766,37.74476452123615,0.0
6.704,0.5356756290473443,-0.27002458009970964,0.08325802530503423,0.0,2.2668392292256017,1.9740413477366812,38.01114043725463,37.74476452123615,0.0
6.705,0.5246344082057037,-0.266645054666526,0.23627393239941658,0.0,2.2641901512890303,1.9761256595843046,37.696212942849456,37.74476452123615,0.0
6.706,0.5221842972739932,-0.26508677292435556,0.39422319538587125,0.0,2.261876796593571,1.9937399923051458,37.89655832453976,37.74476452123615,0.0
6.707,0.5305081041657054,-0.267856156669495,0.2925325665076828,0.0,2.2618764256691293,1.9956559746104874,38.31482295706161,37.74476452123615,0.0
6.708,0.5330414084509798,-0.2703830149753747,0.07769966588850469,0.0,2.2623179506438613,1.9745701834110598,38.0838719675795,37.74476452123615,0.0
6.7090000000000005,0.5218566019209301,-0.267344809291132,0.1897840861661264,0.0,2.260247272792852,1.9713704008269355,37.70155714925815,37.74476452123615,0.0
6.71,0.5165284200866157,-0.2646313243673842,0.38137356904658026,0.0,2.2577955831837615,1.9887117795666711,37.770908475088504,37.74476452123615,0.0
6.711,0.5239618585551921,-0.2664593424364156,0.3464364665928797,0.0,2.257551417246384,1.9974439153229269,38.21410014646718,37.74476452123615,0.0
6.712,0.5299854879019336,-0.2696557815208436,0.12014727465123048,0.0,2.2585382095969675,1.9801477159773184,38.18158472863008,37.74476452123615,0.0
6.713,0.5215436780517557,-0.2681543252696386,0.13203678149584308,0.0,2.2574995781994542,1.9692393888506403,37.754873311912746,37.74476452123615,0.0
6.714,0.5130461401663469,-0.2641328225592549,0.345291401947743,0.0,2.255046626493394,1.9835074555470347,37.628887616694435,37.74476452123615,0.0
6.715,0.517922686160204,-0.26451682275604826,0.40944301860231586,0.0,2.254348231676331,2.000406156592488,38.07930524917929,37.74476452123615,0.0
6.716,0.5274643675718613,-0.2687077644435488,0.1808887950804558,0.0,2.2558667100291765,1.9887618478023967,38.2896050739537,37.74476452123615,0.0
6.7170000000000005,0.5230418032172737,-0.26872235970691616,0.07029047716607545,0.0,2.2560286057298238,1.9691354438843571,37.816938728530275,37.74476452123615,0.0
6.718,0.511214313457147,-0.2632762388372183,0.30590190780484766,0.0,2.253612452220302,1.9797679087076636,37.53425525038681,37.74476452123615,0.0
6.719,0.5130018474836715,-0.2623660294878052,0.44934873958507165,0.0,2.252455498724325,2.002203645246604,37.95391074012873,37.74476452123615,0.0
6.72,0.5247060365648728,-0.26673960442021105,0.23742953252518917,0.0,2.2541480095678974,1.996264946228997,38.308901484914195,37.74476452123615,0.0
6.721,0.5240764608102637,-0.2677897224907146,0.054292790495674814,0.0,2.2551491766637835,1.9732498138686787,37.871847833841876,37.74476452123615,0.0
6.722,0.5113478531383152,-0.26247757257453497,0.2715487829057767,0.0,2.253153876142565,1.979759689125756,37.490267381522195,37.74476452123615,0.0
6.723,0.510677235576803,-0.26053800983322073,0.46488398046275714,0.0,2.2518488627967934,2.0044598404672174,37.841673948833034,37.74476452123615,0.0
6.724,0.5230772246829543,-0.2643558451857838,0.28821160253136874,0.0,2.2535837234359395,2.0038214568146406,38.292486055656596,37.74476452123615,0.0
6.7250000000000005,0.525501242871282,-0.2661575225767674,0.057328333775383045,0.0,2.2552412658053957,1.9796473196977378,37.92820379564519,37.74476452123615,0.0
6.726,0.512784236529039,-0.26139049358970956,0.23763507103699633,0.0,2.2537732502637313,1.9816220351953384,37.442354088110385,37.74476452123615,0.0
6.727,0.5097467645782348,-0.2584907799760973,0.483584029135656,0.0,2.252378209618365,2.008710747458414,37.74368522719199,37.74476452123615,0.0
6.728,0.5228622912619054,-0.2619100302734553,0.3329292525352955,0.0,2.25423665893269,2.0124464867689076,38.25399473491628,37.74476452123615,0.0
6.729,0.5279269246127867,-0.26418756454124004,0.07268219653634711,0.0,2.256499173513113,1.988447914284144,37.97703041284178,37.74476452123615,0.0
6.73,0.515841404450047,-0.26002657405335705,0.20884169865754348,0.0,2.2556550950906726,1.9860355198506296,37.43244530331529,37.74476452123615,0.0
6.731,0.5106624896326735,-0.2563054956329369,0.4842574455999956,0.0,2.254286476345758,2.0131629195889644,37.63567989477833,37.74476452123615,0.0
6.732,0.5233892539413605,-0.2587987914645632,0.3837309961330554,0.0,2.256078932774851,2.0221769173460573,38.20467196615492,37.74476452123615,0.0
6.7330000000000005,0.5310509630980388,-0.2618413082094996,0.09463588599557193,0.0,2.258903287220371,1.9989580429857476,38.02555426355967,37.74476452123615,0.0
6.734,0.5199983395509349,-0.2583661768769919,0.1813868398699614,0.0,2.258710629171283,1.992069453215328,37.443703866264286,37.74476452123615,0.0
6.735,0.5129970365820391,-0.25346173644506953,0.4753226450673717,0.0,2.2573436408158756,2.01797550274112,37.55383540708887,37.74476452123615,0.0
6.736,0.5245913308501531,-0.2550291229049033,0.4221661657965533,0.0,2.2589254131634884,2.031022292307846,38.145302053358286,37.74476452123615,0.0
6.737,0.5338920175878226,-0.25875534745454276,0.12242746734062337,0.0,2.2620478980688743,2.009575755516754,38.0213572291666,37.74476452123615,0.0
6.738,0.5242902057989368,-0.255872103780437,0.18163395235716334,0.0,2.262359061754965,2.0012454273958427,37.40319645937113,37.74476452123615,0.0
6.739,0.5171078126005607,-0.25059591946205234,0.4941300178735466,0.0,2.261254528422074,2.028255795946201,37.530843703310026,37.74476452123615,0.0
6.74,0.5292392818386891,-0.25207118482071134,0.43244560408336014,0.0,2.263176526310145,2.041138142587972,38.156704457936456,37.74476452123615,0.0
6.7410000000000005,0.5385662403003333,-0.2557061367672385,0.11539582740314203,0.0,2.266579651134116,2.017761172319052,37.95322538711428,37.74476452123615,0.0
6.742,0.528010301505913,-0.2522427927535242,0.21505075415544883,0.0,2.2668874490878252,2.0124491741209796,37.28573609935184,37.74476452123615,0.0
6.743,0.5221323788472894,-0.2472682385161067,0.5533856822555134,0.0,2.266120699900377,2.0444604604660737,37.580684164645376,37.74476452123615,0.0
6.744,0.5372143230214751,-0.24987425076998382,0.40755245317465155,0.0,2.2689681611564843,2.052051145692271,38.254447247662945,37.74476452123615,0.0
6.745,0.5447089049858697,-0.25265358020476064,0.06557408440159912,0.0,2.2725696109248865,2.022334635672891,37.79703126180962,37.74476452123615,0.0
6.746,0.5305163253524741,-0.24705408291560862,0.29375940992252614,0.0,2.272195526718357,2.0261062207066387,37.111549409247345,37.74476452123615,0.0
6.747,0.5283743708114521,-0.2429632359105894,0.6428324873235522,0.0,2.271842011238194,2.0656731132784416,37.73397178659134,37.74476452123615,0.0
6.748,0.5480258997182904,-0.24836818149963108,0.33172922599800314,0.0,2.2761159890480718,2.0613527878000637,38.33115317937559,37.74476452123615,0.0
6.7490000000000006,0.5505858285998391,-0.2497662339057087,0.02727464302448357,0.0,2.279630272837902,2.027427844248778,37.548649548714685,37.74476452123615,0.0
6.75,0.533598754640523,-0.24098001370887243,0.4204876080801507,0.0,2.2784201691479087,2.0454389728418034,37.09443846830281,37.74476452123615,0.0
6.751,0.5382316583538663,-0.2383835154489556,0.6540964088154209,0.0,2.2789344360795942,2.0826133264887883,37.90825554132843,37.74476452123615,0.0
6.752,0.5576527099234759,-0.24586282014224892,0.2455529621016891,0.0,2.2839634001816718,2.0667558176828575,38.13303909460616,37.74476452123615,0.0
6.753,0.5541587483804401,-0.24538207232184647,0.12927843972912317,0.0,2.2867760416857705,2.044860739459311,37.34065404005941,37.74476452123615,0.0
6.7540000000000004,0.5425146700703148,-0.2365574372221076,0.529512071814265,0.0,2.2861520088343386,2.0718707869603055,37.4202769559805,37.74476452123615,0.0
6.755,0.5532215863816623,-0.23631865721536555,0.4929454895062788,0.0,2.2883533645684047,2.086798564473977,38.16622403055088,37.74476452123615,0.0
6.756,0.5630292807428628,-0.23988942474613353,0.115757357127941,0.0,2.2922225347088827,2.0583568938545325,37.60513777105277,37.74476452123615,0.0
6.757000000000001,0.5504496936312434,-0.23475974218648715,0.39769675437883056,0.0,2.2922606480164998,2.069413353858351,36.96728738216177,37.74476452123615,0.0
6.758,0.553294474931455,-0.2312134267710074,0.7243967202150723,0.0,2.2930617981236305,2.1120468596478874,37.855181686044794,37.74476452123615,0.0
6.759,0.5751839677590435,-0.2388472803574728,0.2793453966254744,0.0,2.298921370847668,2.095895088217933,38.08131078607888,37.74476452123615,0.0
6.76,0.5720793448205187,-0.23861318644878748,0.16291538396000405,0.0,2.302477720290486,2.074148066497586,37.232430881729265,37.74476452123615,0.0
6.761,0.5608956860638585,-0.229231930782049,0.5924786725298807,0.0,2.302474135432734,2.104546799996744,37.5021496312823,37.74476452123615,0.0
6.7620000000000005,0.5733166801196761,-0.22955850393409008,0.46004544665290137,0.0,2.305640518014065,2.111563867994338,38.21917267429023,37.74476452123615,0.0
6.763,0.5792926236390428,-0.23196095123101926,0.09678984361839699,0.0,2.3094529726081636,2.079028939528707,37.291211939049866,37.74476452123615,0.0
6.764,0.5644087139229707,-0.22381065797568805,0.5653057370604406,0.0,2.3087101321652326,2.1069950431819806,37.14587214540513,37.74476452123615,0.0
6.765000000000001,0.57550388174506,-0.22253177085073408,0.6439645576411195,0.0,2.310779011480732,2.1346882561974985,37.94020427666458,37.74476452123615,0.0
6.766,0.5914328758800653,-0.22955274607382298,0.24484409445710914,0.0,2.316195420312021,2.1134879590103353,37.48931426422657,37.74476452123615,0.0
6.767,0.5848535734010344,-0.22639179072549984,0.47284360324620944,0.0,2.31853224370092,2.124903496237703,36.97285006905963,37.74476452123615,0.0
6.768,0.5899980264179153,-0.22259819213306462,0.7387948453514444,0.0,2.3213912521819795,2.161754120768261,37.957115275378115,37.74476452123615,0.0
6.769,0.6086889429410243,-0.22968100138414102,0.2445387346507833,0.0,2.3284664672715323,2.136173342808371,37.63197520368354,37.74476452123615,0.0
6.7700000000000005,0.6001103497304268,-0.22596227039050873,0.4082366636735978,0.0,2.3317961945543315,2.1379380518713385,36.95281958163652,37.74476452123615,0.0
6.771,0.5997596294299179,-0.21916648762715749,0.755733924093104,0.0,2.3342590712211146,2.176399775413157,37.949549831345,37.74476452123615,0.0
6.772,0.6178711744367965,-0.22477777161600865,0.25532094613777323,0.0,2.3410070316418077,2.150745436934428,37.65098717059455,37.74476452123615,0.0
6.773000000000001,0.6088898666754137,-0.22105413820017367,0.40554005001941706,0.0,2.344049049656929,2.1510286188559964,36.972014500075865,37.74476452123615,0.0
6.774,0.6080243431083235,-0.21358964302779704,0.752753885490361,0.0,2.346031325927892,2.1882844097646745,37.93373537189789,37.74476452123615,0.0
6.775,0.625407991081963,-0.2189744590114374,0.2700037410727317,0.0,2.3522079283725508,2.16351733845616,37.529312579534675,37.74476452123615,0.0
6.776,0.6170382082736475,-0.2151077593347966,0.47436965667135317,0.0,2.354810978317624,2.1702468992716386,37.02975737398791,37.74476452123615,0.0
6.777,0.6199178659222205,-0.20890902775082182,0.7312973309172168,0.0,2.3571834858722682,2.2023817338417095,37.943238941870746,37.74476452123615,0.0
6.7780000000000005,0.6354345120174321,-0.21460023549683196,0.27257180276945436,0.0,2.3632202462963563,2.1768332163775383,37.346328635598304,37.74476452123615,0.0
6.779,0.6269437179463035,-0.20928590754836363,0.5750113147620535,0.0,2.3654569907798257,2.1933879821116324,37.27815455551561,37.74476452123615,0.0
6.78,0.6346111413473643,-0.20519738764113635,0.6137644544606047,0.0,2.368728943478048,2.2088210714527508,38.01900625974786,37.74476452123615,0.0
6.781000000000001,0.642710211488337,-0.20885881987528845,0.2405961849593632,0.0,2.373660652585389,2.180787782605961,37.07293793793961,37.74476452123615,0.0
6.782,0.6318472585766097,-0.20041854980816906,0.7203486116964561,0.0,2.374330817867591,2.2138313587123766,37.54218769609127,37.74476452123615,0.0
6.783,0.646336321229378,-0.2008445214959607,0.487749500872074,0.0,2.378369583818544,2.211551740857396,37.715682129547524,37.74476452123615,0.0
6.784,0.6476533515147096,-0.20258385219852204,0.40129310806083246,0.0,2.381963578049307,2.202719766577158,36.87439644052776,37.74476452123615,0.0
6.785,0.645946471662025,-0.19526664552087367,0.8306396333777979,0.0,2.3834926893874027,2.2434239979476462,37.767759977545474,37.74476452123615,0.0
6.7860000000000005,0.6654523611754215,-0.20096049935378954,0.38372791030584824,0.0,2.389638808717135,2.224594245878811,37.22170293843202,37.74476452123615,0.0
6.787,0.6612588196675502,-0.19822415980552724,0.6619870456906178,0.0,2.392929405018373,2.243996051533877,37.305526034626055,37.74476452123615,0.0
6.788,0.671980755562327,-0.19524964848742937,0.6244678824596996,0.0,2.3975312894054857,2.2536556885808072,37.81965504320306,37.74476452123615,0.0
6.789,0.6776873325134412,-0.1985216852706254,0.36665447295152653,0.0,2.403028618217912,2.2343047628424904,36.92920161937209,37.74476452123615,0.0
6.79,0.671499567661425,-0.18978766067683933,0.8200368138856553,0.0,2.4050476585021165,2.270626574060317,37.67399972867066,37.74476452123615,0.0
6.791,0.6876635018274555,-0.19304387687335828,0.44834540716202465,0.0,2.410942499907237,2.2562583196290573,37.14240081607252,37.74476452123615,0.0
6.792,0.6846924427403479,-0.1903795142837955,0.7201685005127318,0.0,2.4144853896819027,2.278022284958491,37.400162523004205,37.74476452123615,0.0
6.793,0.69681522935238,-0.18836420667097306,0.5947336670292069,0.0,2.419655346800532,2.28008486299756,37.573013808519015,37.74476452123615,0.0
6.7940000000000005,0.6991568161271153,-0.19027627110213133,0.5100255313989734,0.0,2.4247450461747584,2.274258285680993,36.86763532520598,37.74476452123615,0.0
6.795,0.6996112680556935,-0.18264058374076078,0.8714860650157918,0.0,2.4278840716258445,2.3101045022432616,37.794807014244746,37.74476452123615,0.0
6.796,0.7163540223845924,-0.18837002414325518,0.40739979556632333,0.0,2.435000411505937,2.28617874626191,36.93290516848555,37.74476452123615,0.0
6.797,0.7101538722233282,-0.18170692707263725,0.846469311973429,0.0,2.438222306718092,2.3191451534270064,37.63994367856942,37.74476452123615,0.0
6.798,0.7253540740537732,-0.18331696776738787,0.49399826535815805,0.0,2.4446623885726693,2.3042405754020963,37.03933889423065,37.74476452123615,0.0
6.799,0.7217548338333861,-0.17986336616708865,0.8013549137975984,0.0,2.448572007856318,2.3293523236021727,37.51742747125456,37.74476452123615,0.0
6.8,0.7350379035506657,-0.17881795551747826,0.5645839957854624,0.0,2.454521380876154,2.3217283613737725,37.1683119850772,37.74476452123615,0.0
6.801,0.733487186961253,-0.1778648394538736,0.7449062642357287,0.0,2.459019031710668,2.337968300901855,37.3176604269486,37.74476452123615,0.0
6.8020000000000005,0.743971194466903,-0.17401832743674212,0.6745030842429061,0.0,2.464277326253291,2.3423176910853525,37.38951045522958,37.74476452123615,0.0
6.803,0.7469622528165525,-0.1759071536208498,0.6421306107624796,0.0,2.469690966360422,2.343676855078438,37.013425125433976,37.74476452123615,0.0
6.804,0.7517716678058152,-0.16914151928869336,0.8374866696183051,0.0,2.473936050817771,2.3667552328265504,37.57844634199865,37.74476452123615,0.0
6.805,0.7626086584535843,-0.17391401049998206,0.5566392431283433,0.0,2.48065709498076,2.3539595289217714,36.87890297950751,37.74476452123615,0.0
6.806,0.7619251013890486,-0.1664686017620628,0.9150695397912004,0.0,2.4845597444636884,2.385534867905159,37.66873640708798,37.74476452123615,0.0
6.807,0.7764160056068149,-0.17083257839539978,0.520913107142448,0.0,2.491784154413709,2.3658005923459107,36.801084318299125,37.74476452123615,0.0
6.808,0.7725742847452328,-0.16316207276100764,0.9641759535662439,0.0,2.4954253004266853,2.4020301611076444,37.71707386515154,37.74476452123615,0.0
6.809,0.7890054797978076,-0.1674604571217871,0.5064580867008822,0.0,2.5028748160505683,2.3783734451106775,36.695118569774294,37.74476452123615,0.0
6.8100000000000005,0.7835360143774013,-0.15945972310952172,1.027932193904124,0.0,2.5062906439274086,2.4205326358835753,37.73111949221494,37.74476452123615,0.0
6.811,0.8025542343175373,-0.1648370988462643,0.5100681829740148,0.0,2.514252326765019,2.3944910092449034,36.6845218554135,37.74476452123615,0.0
6.812,0.7968377152584425,-0.1564676524222624,1.0439694280329597,0.0,2.517839265790994,2.4365764899155473,37.70876146955333,37.74476452123615,0.0
6.813,0.8155442038548287,-0.16199279190994625,0.5322096514798728,0.0,2.5259675187893205,2.4110646496141017,36.69768007902694,37.74476452123615,0.0
6.814,0.8103312790059316,-0.15318472062647653,1.048221191165161,0.0,2.529707623221612,2.451556172392888,37.66415622083387,37.74476452123615,0.0
6.815,0.8280460522003857,-0.15883209206647503,0.5657892032657194,0.0,2.5378321610597867,2.4281441649713544,36.73745222826218,37.74476452123615,0.0
6.816,0.8240347594389338,-0.14976405908388823,1.0392143224813033,0.0,2.5417490870295056,2.465405285004205,37.582922087466386,37.74476452123615,0.0
6.817,0.8401267100386317,-0.15533660144565892,0.6180978172168972,0.0,2.54970409239516,2.4464646913659207,36.817209754712586,37.74476452123615,0.0
6.8180000000000005,0.8383238822628978,-0.14648457401147474,1.010229531259033,0.0,2.553940089419042,2.477918541786637,37.4488937814591,37.74476452123615,0.0
6.819,0.8518703059108548,-0.15149836027347524,0.6973462252835472,0.0,2.5615379085457692,2.4668039911909125,36.9230867945345,37.74476452123615,0.0
6.82,0.8536523654031976,-0.1434933124656652,0.9684664960128637,0.0,2.566333797578772,2.490452178099734,37.2905952084638,37.74476452123615,0.0
6.821,0.8639926089433863,-0.14786006404244617,0.789253982175937,0.0,2.57357530955088,2.4886709497971213,37.13343725420199,37.74476452123615,0.0
6.822,0.8699125478256886,-0.1409406563134648,0.8739462319771811,0.0,2.5791097451295606,2.4983524772968364,36.95721669895389,37.74476452123615,0.0
6.823,0.8743976720100451,-0.14286181090445088,0.969931987824054,0.0,2.5853394109826437,2.5168966419781342,37.51568158347255,37.74476452123615,0.0
6.824,0.8880942605213512,-0.1407522902415076,0.6929903749423618,0.0,2.592549267899713,2.501324148306756,36.57970718279999,37.74476452123615,0.0
6.825,0.8845295547640522,-0.1348967525024672,1.1726281486630015,0.0,2.5968578758132743,2.5440885444507266,37.53077515109527,37.74476452123615,0.0
6.8260000000000005,0.9046886617566385,-0.14123504657378538,0.699234058216772,0.0,2.6057678302751115,2.5238844852586073,36.85909808588085,37.74476452123615,0.0
6.827,0.9038264018678435,-0.13201978463645392,1.0439292551775337,0.0,2.6106893216177327,2.549538679659721,37.15444302433751,37.74476452123615,0.0
6.828,0.9145124602969985,-0.13618808537496246,0.902160000918191,0.0,2.6182347489668123,2.552893944790756,37.32225794844726,37.74476452123615,0.0
6.829,0.9230897565199156,-0.1305424849663538,0.8224776045912056,0.0,2.6246984610417563,2.5484842130899925,36.57639490629788,37.74476452123615,0.0
6.83,0.9225305520006476,-0.12780364359189395,1.2070928218152788,0.0,2.6298300121920253,2.588413609084066,37.50338192434296,37.74476452123615,0.0
6.831,0.9431245694831201,-0.13316837701901396,0.7460131387616694,0.0,2.639058856917402,2.5680273693173556,36.8758577345311,37.74476452123615,0.0
6.832,0.942237824066257,-0.12371815409022346,1.0684643015346489,0.0,2.6442330213371323,2.5909865449060985,36.98151474522613,37.74476452123615,0.0
6.833,0.95160801264601,-0.12726251182520926,1.0232682939472362,0.0,2.6516700684538987,2.6029315587176516,37.467399875850404,37.74476452123615,0.0
6.8340000000000005,0.9636485260826154,-0.12424331212877321,0.7830993750889559,0.0,2.6591903566961874,2.587228400268962,36.56755975764122,37.74476452123615,0.0
6.835,0.9603559299278345,-0.11669971728963519,1.244791481829497,0.0,2.6635886968340374,2.6275179981308048,37.18486178410125,37.74476452123615,0.0
6.836,0.9785893016208971,-0.12375622807565806,0.9417394959708305,0.0,2.67242781487914,2.6242272338606036,37.289257851713785,37.74476452123615,0.0
6.837,0.9864644303676312,-0.11747235430294667,0.8940965288597873,0.0,2.6792921534698535,2.6192553208530946,36.49463437846728,37.74476452123615,0.0
6.838,0.985974604923684,-0.11350594869473651,1.3039095669107275,0.0,2.68459940102157,2.6611555289484246,37.27159808559053,37.74476452123615,0.0
6.839,1.0068566678794473,-0.12049320529455754,0.9201593777055581,0.0,2.6943742069097083,2.6507838646167396,37.20389749022596,37.74476452123615,0.0
6.84,1.0118465652423603,-0.11264363071113465,0.959418345697945,0.0,2.7012010400056914,2.65024276759789,36.477337543957354,37.74476452123615,0.0
6.841,1.0124967932866076,-0.10933282088277341,1.3353725886050372,0.0,2.707005386754905,2.6913792145191415,37.23992430598226,37.74476452123615,0.0
6.8420000000000005,1.0335151046273774,-0.11610613018441901,0.9591276097451249,0.0,2.717121115642786,2.681530449352486,37.27824343385873,37.74476452123615,0.0
6.843,1.0387368821219496,-0.1083575473601755,0.9446332566806642,0.0,2.724320317921532,2.6754819921317967,36.48283131476849,37.74476452123615,0.0
6.844,1.03731644894636,-0.10271617097483554,1.3549586482904594,0.0,2.729651688676189,2.7162475028930344,37.05406654977413,37.74476452123615,0.0
6.845,1.0569351435988719,-0.10983099573926397,1.0762480105022607,0.0,2.7393655179194427,2.716535914837282,37.66051658909699,37.74476452123615,0.0
6.846,1.0642010951417722,-0.10927448667575834,0.7738654701622194,0.0,2.748004441188169,2.686688827728714,37.04489505896945,37.74476452123615,0.0
6.847,1.0500198878047815,-0.1026863811873428,1.0886749298486569,0.0,2.7520756369060733,2.699975799949281,37.3111892392626,37.74476452123615,0.0
6.848,1.048444862634802,-0.10865761168271526,0.9598635925218167,0.0,2.7577911266836193,2.695055293512093,38.08175940300601,37.74476452123615,0.0
6.849,1.0457018315269733,-0.10824770392681626,0.5712085618324144,0.0,2.76233821468159,2.6500204298639742,37.35567812359816,37.74476452123615,0.0
6.8500000000000005,1.021812390501252,-0.09795256175532707,0.9381400655127194,0.0,2.7607987409536454,2.6567931852939424,37.44344998522858,37.74476452123615,0.0
6.851,1.0146237978945374,-0.10242260357908362,0.897267280057584,0.0,2.760685146163821,2.655121247147733,38.196895249233926,37.74476452123615,0.0
6.852,1.012790997209146,-0.10345275815555344,0.5160233407749347,0.0,2.7604843336235323,2.612206760019948,37.43986648302638,37.74476452123615,0.0
6.853,0.9912173524817258,-0.09543568084809595,0.897586704260806,0.0,2.7551199735749092,2.621702822640348,37.62338777621718,37.74476452123615,0.0
6.854,0.9872182019671509,-0.10200464174295532,0.8070398251155955,0.0,2.7520444122646968,2.616161222762342,38.18091860187992,37.74476452123615,0.0
6.855,0.9857977185709828,-0.1025771488059713,0.5239128714777889,0.0,2.7487195332656897,2.5807439923008424,37.40717196775108,37.74476452123615,0.0
6.856,0.9677806984921298,-0.09855644872154351,0.9141621140770564,0.0,2.7417374170405138,2.5962623505826006,37.9109532495552,37.74476452123615,0.0
6.857,0.9690541941634789,-0.10725053607950319,0.6606095858918078,0.0,2.738001904876252,2.577417136162657,37.915004107703105,37.74476452123615,0.0
6.8580000000000005,0.9633118182319742,-0.10502576571802175,0.6568817609531853,0.0,2.732423756873081,2.5628527528160676,37.456946090012615,37.74476452123615,0.0
6.859,0.9532484276008918,-0.1077012858613931,0.8887889541106657,0.0,2.7262635402549518,2.5757836117106323,38.26837700884477,37.74476452123615,0.0
6.86,0.9575509936035157,-0.11513764930101256,0.47783736981850033,0.0,2.722803675965018,2.5387077006836147,37.61562222493984,37.74476452123615,0.0
6.861,0.9426024071689258,-0.10988501406570467,0.8055061847339293,0.0,2.7153300534910945,2.5468338499817547,37.84476886020569,37.74476452123615,0.0
6.862,0.9405075931493418,-0.11785673440723898,0.6899328237113095,0.0,2.7103458237842992,2.537491207918855,38.093406718629176,37.74476452123615,0.0
6.863,0.9386727701010309,-0.11740246176123664,0.5621274725256364,0.0,2.704796065647418,2.5158624344664866,37.51058857374029,37.74476452123615,0.0
6.864,0.9264097971083112,-0.11895018057973517,0.8558783044450364,0.0,2.6978131977754845,2.5307627863673736,38.33847105489276,37.74476452123615,0.0
6.865,0.9310710202532132,-0.12638170930109405,0.43599999853223825,0.0,2.6938206428519953,2.4937153300455095,37.58697410295252,37.74476452123615,0.0
6.8660000000000005,0.9159234601327073,-0.12175861992455805,0.8133263786851945,0.0,2.6859397426700373,2.5073908925841417,38.09968003643587,37.74476452123615,0.0
6.867,0.9169531085178434,-0.1305536587221255,0.5534242567915206,0.0,2.6812281739216357,2.4862835747173113,37.818769483080686,37.74476452123615,0.0
6.868,0.9099051479046977,-0.12797062762412703,0.6931394838506674,0.0,2.6745049464526365,2.485569100109063,37.851687059148865,37.74476452123615,0.0
6.869,0.9057984529215176,-0.13488127279190226,0.6756114704374507,0.0,2.6691685955491473,2.4813097733107137,38.12639691034481,37.74476452123615,0.0
6.87,0.9054225217463525,-0.1356616798727888,0.5344402209483923,0.0,2.663956685383392,2.461589472271622,37.627368655986224,37.74476452123615,0.0
6.871,0.8943572431188038,-0.13804466764649964,0.785128306780184,0.0,2.6575482607146017,2.473520833593531,38.39006683753758,37.74476452123615,0.0
6.872,0.898526238562643,-0.14336543949964695,0.39732619284149095,0.0,2.6535352696709906,2.4378838606396966,37.57982119532321,37.74476452123615,0.0
6.873,0.8824773690490693,-0.14041862890608986,0.8040984472078048,0.0,2.6459825235525347,2.455839320597499,38.384771535367435,37.74476452123615,0.0
6.8740000000000006,0.8864995881478623,-0.14820432548927456,0.39522320704438085,0.0,2.6418664927717908,2.4215970281900314,37.6306234977789,37.74476452123615,0.0
6.875,0.8722204454187661,-0.14444407014545343,0.7734386360732213,0.0,2.6342463507747214,2.4376707394312325,38.34421068612026,37.74476452123615,0.0
6.876,0.8753192566309941,-0.1525522610917326,0.41065058025369794,0.0,2.6299250976590085,2.407202564257534,37.66042079170452,37.74476452123615,0.0
6.877,0.8628612210092906,-0.14934357810149276,0.7533889647568872,0.0,2.6225551152991082,2.4220795561736885,38.35790951556988,37.74476452123615,0.0
6.878,0.8658899915566891,-0.15736480109166467,0.39851315288086875,0.0,2.618324251725635,2.3918103823944157,37.66340592959153,37.74476452123615,0.0
6.8790000000000004,0.8533295201981794,-0.1543155834966243,0.7465785317864879,0.0,2.6110739309662234,2.407392928989009,38.39441236872746,37.74476452123615,0.0
6.88,0.856851185930863,-0.16207510899834018,0.37457883374361245,0.0,2.6069909369233546,2.375778580330251,37.65755745194621,37.74476452123615,0.0
6.881,0.8433849568248818,-0.15914197996845106,0.7438783628271356,0.0,2.5997545679705905,2.3927768141716808,38.42739330239868,37.74476452123615,0.0
6.882000000000001,0.8476638109700431,-0.16649572273020677,0.35213414978927715,0.0,2.595779902291338,2.359961392761665,37.65822307536061,37.74476452123615,0.0
6.883,0.8333437041756117,-0.1638988867787327,0.7375846777670663,0.0,2.588561971656728,2.3779650474214997,38.44524545669282,37.74476452123615,0.0
6.884,0.838271857259083,-0.17068608133516064,0.33706867774639604,0.0,2.584638759312286,2.3448499803627127,37.672916455837026,37.74476452123615,0.0
6.885,0.8234803144020132,-0.16867481034617943,0.7239516588282828,0.0,2.577507249742057,2.3628927379396867,38.44309136134891,37.74476452123615,0.0
6.886,0.8287223329415894,-0.17469761195580918,0.33188093767121196,0.0,2.5735757877734975,2.330696922195919,37.710404257528786,37.74476452123615,0.0
6.8870000000000005,0.813947376790513,-0.17353190188378714,0.6985680922183486,0.0,2.566629434303398,2.3472615014034437,38.40936954816687,37.74476452123615,0.0
6.888,0.8189015700535771,-0.17849634740223316,0.34243939662999867,0.0,2.5625919202088103,2.3179412484625654,37.796703125431456,37.74476452123615,0.0
6.889,0.8049872152955774,-0.17845025460412245,0.6482532219557533,0.0,2.5559714175666164,2.3299301981040452,38.326982567508026,37.74476452123615,0.0
6.890000000000001,0.8083011264454967,-0.1818227527093852,0.37729132045475,0.0,2.551583295872351,2.3066905813247187,37.92164955767312,37.74476452123615,0.0
6.891,0.7964609151507278,-0.18344051960741523,0.5781889750078328,0.0,2.5454542540473097,2.3114800374236713,38.16078157969347,37.74476452123615,0.0
6.892,0.7971615720432693,-0.1848733385297494,0.4544627934130847,0.0,2.540558494427145,2.2993633128381434,38.145244845780375,37.74476452123615,0.0
6.893,0.7896575767013463,-0.1891751618971542,0.4582263571241899,0.0,2.5353995106916334,2.2904523846298575,37.8997904282951,37.74476452123615,0.0
6.894,0.7847549997968654,-0.1881962568544696,0.579403306796239,0.0,2.529714634720476,2.295672723201738,38.50973842693351,37.74476452123615,0.0
6.8950000000000005,0.7849519503938327,-0.19424677666587897,0.2667795684200598,0.0,2.525795626433305,2.264131469266503,37.76748837935963,37.74476452123615,0.0
6.896,0.7696054511134793,-0.19108168055211622,0.6376773536257665,0.0,2.5187057278106986,2.280967518079273,38.39819151944639,37.74476452123615,0.0
6.897,0.7741707203023223,-0.19561559174929372,0.3157915136002811,0.0,2.5145388051244564,2.2556389072900687,37.968710993130415,37.74476452123615,0.0
6.898000000000001,0.7617627643972196,-0.1966631358043451,0.5282923120393271,0.0,2.508325604362003,2.26043093938116,38.07892427827995,37.74476452123615,0.0
6.899,0.7621487826980801,-0.19781245335412043,0.46984407189412203,0.0,2.503328876374828,2.255401592214387,38.35863795031571,37.74476452123615,0.0
6.9,0.7581926196887359,-0.2032642600550319,0.32384850158544576,0.0,2.498917092031296,2.235339514747109,37.842070279196776,37.74476452123615,0.0
6.901,0.7480532815610939,-0.2009561269618613,0.5811592795653069,0.0,2.492631865668131,2.2476823734370237,38.43700416582406,37.74476452123615,0.0
6.902,0.7514974985975793,-0.20540913517165366,0.27676993980578724,0.0,2.4887223600442843,2.2216262312129955,37.999078620334195,37.74476452123615,0.0
6.9030000000000005,0.7383178639925698,-0.20586218240810691,0.4931895715597373,0.0,2.4826034958743306,2.2261190075164303,38.02004658978305,37.74476452123615,0.0
6.904,0.7381294554120952,-0.20669975496746543,0.4799527661498413,0.0,2.477633398260881,2.225819303457701,38.491580200553955,37.74476452123615,0.0
6.905,0.7366307493439056,-0.21240626779507343,0.23671780397121067,0.0,2.4737496806883468,2.1985920558396446,37.84468630749335,37.74476452123615,0.0
6.906000000000001,0.7229531634238527,-0.2094591253219708,0.5591655326389422,0.0,2.4671503593109416,2.2130903083919016,38.27772718889405,37.74476452123615,0.0
6.907,0.7269353217414929,-0.2128193375228981,0.33731546526201317,0.0,2.4630598900933367,2.197276005578912,38.205468844498554,37.74476452123615,0.0
6.908,0.718626243041755,-0.21607334937482683,0.3688375942271358,0.0,2.458121376697896,2.189273841225541,37.863883681779775,37.74476452123615,0.0
6.909,0.7132196074850701,-0.21533913564699808,0.538438983981089,0.0,2.452763194578083,2.2004306126754845,38.456645710298986,37.74476452123615,0.0
6.91,0.7172508914200798,-0.2201801978745803,0.2349391578308554,0.0,2.4495963667975564,2.17435738640597,38.081671512726516,37.74476452123615,0.0
6.9110000000000005,0.7040933254621318,-0.22031329241761238,0.41905718670218683,0.0,2.4441051289455893,2.175350426517426,37.93127836040351,37.74476452123615,0.0
6.912,0.701716409466358,-0.22027539029880752,0.4923886244720158,0.0,2.439256818711465,2.182050201798465,38.52832979452079,37.74476452123615,0.0
6.913,0.7038054146090135,-0.22534792461868886,0.18602725468052794,0.0,2.436121674825234,2.152908543747575,38.01086189343826,37.74476452123615,0.0
6.914,0.6889218477888833,-0.22375033446998477,0.4421002314997733,0.0,2.430159419262978,2.1592572606628235,37.98095574360687,37.74476452123615,0.0
6.915,0.6886531402238268,-0.2244438444479458,0.4546913941917612,0.0,2.425520522947537,2.163079900622203,38.526358972548344,37.74476452123615,0.0
6.916,0.6896558929372416,-0.2296088445546027,0.1741738352079023,0.0,2.4222889951715305,2.1349605539648295,37.983595360136086,37.74476452123615,0.0
6.917,0.6752498255494374,-0.22759181125938915,0.4431673330250322,0.0,2.4162951618438475,2.1433191444851083,37.989323736321964,37.74476452123615,0.0
6.918,0.676046632103395,-0.22873938531491628,0.43785755278123484,0.0,2.41188297438002,2.1467367724207884,38.513020755952375,37.74476452123615,0.0
6.9190000000000005,0.6771475022755633,-0.2338872678931755,0.1683264806188669,0.0,2.408808559799197,2.1196629710276964,38.000999253064855,37.74476452123615,0.0
6.92,0.6632527475646472,-0.2320044299775604,0.4217748847443402,0.0,2.403075615540647,2.1271031752111798,37.959838804842434,37.74476452123615,0.0
6.921,0.6636266315120974,-0.23298669965873314,0.44020436601948765,0.0,2.3987868641703853,2.132538748668143,38.494568424611685,37.74476452123615,0.0
6.922,0.6658426678605065,-0.2379083112363684,0.16534151710110656,0.0,2.3960020998595746,2.1063426562897583,38.06580161085559,37.74476452123615,0.0
6.923,0.6523768035087325,-0.23663178673931495,0.37651455308296145,0.0,2.390686568931554,2.1099687646075003,37.91190066785974,37.74476452123615,0.0
6.924,0.6508057499655395,-0.23690886998644062,0.45179366311464886,0.0,2.3863084463302635,2.1189078379905646,38.41820305205513,37.74476452123615,0.0
6.925,0.654672990550572,-0.2412687391117853,0.19190808570876594,0.0,2.383738858098726,2.0967338801604445,38.19198475638667,37.74476452123615,0.0
6.926,0.6432514494120125,-0.24156025207699713,0.3005450311914907,0.0,2.37919730064225,2.0923643209984335,37.8864264452194,37.74476452123615,0.0
6.9270000000000005,0.6379749436968821,-0.24073199805100026,0.45190756753529193,0.0,2.3745789199427083,2.1040072717672453,38.236089319116246,37.74476452123615,0.0
6.928,0.6426182731826156,-0.24398319635900592,0.27216288260806754,0.0,2.371952586744143,2.092175017383207,38.36520458973163,37.74476452123615,0.0
6.929,0.6364177459940208,-0.24672846532602,0.20140084661541935,0.0,2.368675129030321,2.0760054692934,37.96118658585481,37.74476452123615,0.0
6.93,0.6262588712713294,-0.24469355193582426,0.4012456279076434,0.0,2.3638571691163097,2.084871147490872,38.00920072746284,37.74476452123615,0.0
6.931,0.6281232672651403,-0.2461476690299696,0.37459419504136215,0.0,2.3605878750277047,2.087131684142438,38.45049234389453,37.74476452123615,0.0
6.932,0.6289075764896033,-0.25022311078790005,0.14689110859893278,0.0,2.3583053214355467,2.063990782485228,38.11846524034598,37.74476452123615,0.0
6.933,0.6165332475871468,-0.24861523201077326,0.3091676531821119,0.0,2.353719311953821,2.064432185674613,37.92888236201166,37.74476452123615,0.0
6.934,0.6132408961362598,-0.24821280112308602,0.4021179139415134,0.0,2.3496078551293316,2.073211026205162,38.23121287620426,37.74476452123615,0.0
6.9350000000000005,0.6168078872322742,-0.2510839451648031,0.24608817329553367,0.0,2.3471052781938124,2.062182770386485,38.326284536826485,37.74476452123615,0.0
6.936,0.6108642939386866,-0.253167031378816,0.19273714282851806,0.0,2.343950561413101,2.048388231684466,38.00652825349653,37.74476452123615,0.0
6.937,0.6018247385711734,-0.2515059451377373,0.34999764717089,0.0,2.3395283120916,2.0544247561144,37.992263066880184,37.74476452123615,0.0
6.938,0.6023344882121047,-0.25262051460916896,0.3546552550226241,0.0,2.3362911536495115,2.058208666975281,38.33023422264124,37.74476452123615,0.0
6.939,0.6040427805207442,-0.2555539910848161,0.17981498012804653,0.0,2.3340676388553265,2.0418286499314013,38.21164609718873,37.74476452123615,0.0
6.94,0.5950735713806187,-0.2555136685188759,0.2344402270947728,0.0,2.3303947035891626,2.035625158956278,37.97399074470844,37.74476452123615,0.0
6.941,0.5890726838748309,-0.2545007387525285,0.3509756411001978,0.0,2.326357693703463,2.0425177721572156,37.95133227870371,37.74476452123615,0.0
6.942,0.5908682916467861,-0.2561871963756318,0.3602391965278862,0.0,2.323609285762633,2.047913534276507,38.27424116139131,37.74476452123615,0.0
6.9430000000000005,0.5933440642753438,-0.26022672776902167,0.19348998878253487,0.0,2.3221027787048563,2.0338054520721,38.17935115831485,37.74476452123615,0.0
6.944,0.5862616017744722,-0.25976609183239374,0.23658912394997672,0.0,2.319245048865453,2.0281697529296085,38.0929893446512,37.74476452123615,0.0
6.945,0.5808460264841894,-0.2588313371775744,0.27628778254765135,0.0,2.316011305443078,2.027272600468419,38.08931232846918,37.74476452123615,0.0
6.946,0.5781737184736822,-0.2594970125432962,0.27468081256633325,0.0,2.313093792953599,2.025807833755442,38.10676966298478,37.74476452123615,0.0
6.947,0.5761492036174172,-0.2605358706328233,0.26233209389104456,0.0,2.310429172677961,2.0230514766644307,38.129423124591284,37.74476452123615,0.0
6.948,0.5737486230839386,-0.2611698710490329,0.24715877705424205,0.0,2.3078147301856737,2.0190025342997804,38.124821695948164,37.74476452123615,0.0
6.949,0.5704589269136295,-0.2614836941579379,0.24565891962868203,0.0,2.3050850182439673,2.015421651547323,38.10469475627905,37.74476452123615,0.0
6.95,0.5671397058371521,-0.26173726484000803,0.25212308711280884,0.0,2.3022949437651246,2.0129841602301592,38.085988806629636,37.74476452123615,0.0
6.9510000000000005,0.5644161973603974,-0.2622024186556463,0.25806381908358184,0.0,2.2995887588153483,2.011366643160448,38.063873579384484,37.74476452123615,0.0
6.952,0.5622110538632662,-0.2630681118102242,0.26593034212467437,0.0,2.297082015362427,2.010661500217462,38.03225133616155,37.74476452123615,0.0
6.953,0.5608438489617905,-0.26381802402780447,0.2788665955868873,0.0,2.294829265372887,2.011248860978105,37.93339734767523,37.74476452123615,0.0
6.954,0.5600162084708723,-0.26538669828220984,0.3264072615656558,0.0,2.293025581504174,2.016729689791758,38.069566849279745,37.74476452123615,0.0
6.955,0.5626139665447227,-0.266735407496525,0.2550744874829632,0.0,2.292083020174728,2.012866025735259,38.303060697878266,37.74476452123615,0.0
6.956,0.5601623386801392,-0.26811052085574755,0.13274460141728173,0.0,2.2909861239499474,1.9968471688709086,38.125892196301315,37.74476452123615,0.0
6.957,0.5503537926818387,-0.26569945295026903,0.21751757545510542,0.0,2.288118063058016,1.993923257856501,37.911843107382474,37.74476452123615,0.0
6.958,0.5455020357358645,-0.264146131878749,0.3228713340530628,0.0,2.2850976625150237,2.002181723363811,37.91146207348468,37.74476452123615,0.0
6.9590000000000005,0.5482678707496039,-0.2652721907839055,0.3213948754794753,0.0,2.283344548267345,2.0077435948160467,38.2818608013646,37.74476452123615,0.0
6.96,0.5513568404483983,-0.2679114537315975,0.13082454873822918,0.0,2.282601990924852,1.991313868025759,38.230040823172736,37.74476452123615,0.0
6.961,0.5426468307189599,-0.2668976259356136,0.15188177481479603,0.0,2.2801528029505436,1.9816638470833123,37.91311978333964,37.74476452123615,0.0
6.962,0.5347297484838246,-0.26416758691901865,0.30865874211030986,0.0,2.2766933656655564,1.9905525825279902,37.82839719131813,37.74476452123615,0.0
6.963,0.5369573414628884,-0.26477398228836413,0.3501837114202434,0.0,2.27456274953433,2.0008822716007915,38.135233292995416,37.74476452123615,0.0
6.964,0.5427390574966031,-0.2676563124230086,0.19286097286400872,0.0,2.2739891562846237,1.9916314663849861,38.28237119916957,37.74476452123615,0.0
6.965,0.5384258480025327,-0.2686013022155366,0.11391595299759871,0.0,2.2726229674141383,1.976669927770733,37.956924645989766,37.74476452123615,0.0
6.966,0.528929168051626,-0.2655842783583506,0.2745176283399635,0.0,2.2695559210470604,1.9825250613168397,37.75641162877729,37.74476452123615,0.0
6.9670000000000005,0.5290422780643315,-0.2651285417653622,0.3746576658707882,0.0,2.2673611318846456,1.996789955345689,38.00148260276515,37.74476452123615,0.0
6.968,0.5363407447989459,-0.26797996157209697,0.2495549980615694,0.0,2.2671305245860265,1.9938444869804086,38.32369963023406,37.74476452123615,0.0
6.969,0.5357944660583822,-0.2700443806191888,0.08265713323713575,0.0,2.2668270030778546,1.9741958415980065,38.017779421106546,37.74476452123615,0.0
6.97,0.5247347735253303,-0.2667107023307023,0.23288708880218872,0.0,2.2642016203800543,1.9758870857546584,37.69627877625604,37.74476452123615,0.0
6.971,0.5220415291260425,-0.2651318571619757,0.39412226867724454,0.0,2.2618675641820256,1.9935658974150623,37.88503650820175,37.74476452123615,0.0
6.972,0.5303538005804254,-0.2678428137565594,0.2983406828347317,0.0,2.261848788446932,1.9961538137442192,38.30689968439976,37.74476452123615,0.0
6.973,0.533273741169096,-0.2704206827244849,0.08178774310409098,0.0,2.2623471379387876,1.975379982604797,38.10033500138329,37.74476452123615,0.0
6.974,0.5223173184752283,-0.2675579631295005,0.18151437981085283,0.0,2.2603775915223885,1.9711032348657649,37.714340471213426,37.74476452123615,0.0
6.9750000000000005,0.5164881405405226,-0.2646748450365151,0.37481588539601374,0.0,2.257888809179448,1.9878547518521752,37.75513940677339,37.74476452123615,0.0
6.976,0.5234744445442197,-0.2662717995366215,0.3543126687606601,0.0,2.257528552945384,1.9976670848001559,38.19644324751695,37.74476452123615,0.0
6.977,0.5299406439840834,-0.26959207274927377,0.12914396112606952,0.0,2.258534816137915,1.9812572142581328,38.20040195855674,37.74476452123615,0.0
6.978,0.5220781406143479,-0.2683747885256123,0.1226082312329706,0.0,2.257632361960262,1.9690512512427403,37.770383329534276,37.74476452123615,0.0
6.979,0.5130862763828216,-0.26417147730526613,0.33736135766122083,0.0,2.255149365506833,1.9825743203489294,37.61485941794135,37.74476452123615,0.0
6.98,0.5174012051260151,-0.26434828121346016,0.4164223644906337,0.0,2.2543284571514715,2.0004814015820442,38.06230318249525,37.74476452123615,0.0
6.981,0.5273234689820625,-0.26863147883356175,0.18952509560109132,0.0,2.2558497314540844,1.9897180744734335,38.305076632598954,37.74476452123615,0.0
6.982,0.5235032883629969,-0.2688435261141842,0.06253524943561073,0.0,2.2561230388402445,1.969002739623296,37.83166209363698,37.74476452123615,0.0
6.9830000000000005,0.511259799883575,-0.2633076260685046,0.29837354319259013,0.0,2.2536864125249427,1.978906961698257,37.53190745943406,37.74476452123615,0.0
6.984,0.5125194633943081,-0.26222864668977774,0.45037943091207083,0.0,2.252420542317465,2.0016783657747896,37.935487447481776,37.74476452123615,0.0
6.985,0.524301498975126,-0.26650853558289195,0.246682207625756,0.0,2.254039977110417,1.9968358617054482,38.3072468304984,37.74476452123615,0.0
6.986,0.5242875784793564,-0.2677559371378707,0.05517769302482167,0.0,2.2551076332992577,1.9737303787594398,37.88755699619031,37.74476452123615,0.0
6.987,0.511632844465049,-0.2626371735725881,0.26359468542932374,0.0,2.253182437566882,1.979275005574037,37.489904269845255,37.74476452123615,0.0
6.988,0.5104774608578417,-0.2605532623362635,0.4649696511157616,0.0,2.2518261814888607,2.0041402712920506,37.825470735462254,37.74476452123615,0.0
6.989,0.5228581517519019,-0.2642581134453906,0.296379356165001,0.0,2.25352045032481,2.004451272894593,38.289229473482656,37.74476452123615,0.0
6.99,0.5258190772307895,-0.2661427767504817,0.059055337632334726,0.0,2.255246656889888,1.9802789672376533,37.94408908630768,37.74476452123615,0.0
6.9910000000000005,0.5132094188120324,-0.2615177970586447,0.22963228556910897,0.0,2.2538554178336105,1.9812498889421395,37.46121682494769,37.74476452123615,0.0
6.992,0.5096244056957433,-0.25853759059547726,0.4739038932119868,0.0,2.252418821939379,2.007416956790503,37.71496860715062,37.74476452123615,0.0
6.993,0.5221805194781579,-0.26156865735086543,0.34732596125137927,0.0,2.2541058118271327,2.013040347025282,38.240624193609605,37.74476452123615,0.0
6.994,0.5280839052567325,-0.26407229432062973,0.07953957129815042,0.0,2.256431531148708,1.9895555623522918,38.00672472712364,37.74476452123615,0.0
6.995,0.5164336217272211,-0.2602924319410685,0.19386970248225827,0.0,2.2557353788393777,1.9852465714545722,37.462545498844946,37.74476452123615,0.0
6.996,0.5104553574614069,-0.25620456254010177,0.468781506845517,0.0,2.2542660756608974,2.0109369678177553,37.60154005725392,37.74476452123615,0.0
6.997,0.5222224111012331,-0.2582107655014498,0.40071647228085205,0.0,2.2557743034563424,2.022320963837986,38.165065363641396,37.74476452123615,0.0
6.998,0.5307806316637894,-0.26168608405420224,0.11475081066306175,0.0,2.258632331085454,2.0011180768779453,38.0556323310611,37.74476452123615,0.0
6.9990000000000006,0.5210388424717782,-0.25885290350209816,0.16635864885496154,0.0,2.258737864209392,1.992014979210854,37.47625954037516,37.74476452123615,0.0
7.0,0.513336364228133,-0.2536201985882768,0.4587300940065402,0.0,2.257375268519228,2.0162273799225012,37.52395242687949,37.74476452123615,0.0
7.001,0.523828132954044,-0.254676117007992,0.4370917716979422,0.0,2.258738650544551,2.031347231746219,38.11146818650242,37.74476452123615,0.0
7.002,0.5338117230560806,-0.2587364515116475,0.13966685523381384,0.0,2.2619137571609196,2.011597801778163,38.05030328109414,37.74476452123615,0.0
7.003,0.5253011605747906,-0.25634147634565385,0.16719392033937552,0.0,2.262492359505549,2.0011790495687656,37.435528593345275,37.74476452123615,0.0
7.0040000000000004,0.5174086188990494,-0.25071487143911164,0.4776736234927157,0.0,2.261376249606716,2.0265206034701015,37.50355423254174,37.74476452123615,0.0
7.005,0.5284491096912799,-0.2516834003963787,0.4460729067814282,0.0,2.2630687103222655,2.0413421357177426,38.12358685930331,37.74476452123615,0.0
7.006,0.5384001022701939,-0.25562339714415055,0.13226837001997122,0.0,2.266497792543706,2.019664064659769,37.98063674461497,37.74476452123615,0.0
7.007000000000001,0.5289092162635826,-0.2526630217217818,0.20138470513035284,0.0,2.267051118173267,2.0123810585460093,37.318511637222585,37.74476452123615,0.0
7.008,0.522368035012939,-0.24738897709788832,0.5367097876666806,0.0,2.2662702694740915,2.0427009024119793,37.55376974385801,37.74476452123615,0.0
7.009,0.5364018129409694,-0.24944268386238327,0.42099068212274826,0.0,2.268878138221763,2.052219197201649,38.225434345418826,37.74476452123615,0.0
7.01,0.5445579227687736,-0.25246654235294097,0.08035168310051477,0.0,2.2724891369399516,2.023976516248333,37.82655988386201,37.74476452123615,0.0
7.011,0.5312642694899165,-0.24741947595279723,0.2789709602526637,0.0,2.272329351802068,2.0257175766980806,37.12668374200045,37.74476452123615,0.0
7.0120000000000005,0.528331807331252,-0.24311662061227438,0.6350898389758,0.0,2.271936807799491,2.0646450707817516,37.70483663083822,37.74476452123615,0.0
7.013,0.5475342252837297,-0.24805459342473432,0.3464126734608939,0.0,2.2760624731683152,2.062183293466568,38.32553498282248,37.74476452123615,0.0
7.014,0.5509000305873122,-0.24972236405119605,0.03025579285290081,0.0,2.279663469309525,2.028311560804186,37.56671905866926,37.74476452123615,0.0
7.015000000000001,0.53409805872605,-0.24122312015407027,0.41144420955518235,0.0,2.278565598035427,2.045161270623269,37.08248891479609,37.74476452123615,0.0
7.016,0.5381760066405002,-0.2384716905477312,0.6601820375561678,0.0,2.279044820052921,2.083148905256916,37.90240966963261,37.74476452123615,0.0
7.017,0.5579052019354407,-0.24592231713871102,0.2486452086539413,0.0,2.284121966553101,2.0674998371663946,38.15527665702986,37.74476452123615,0.0
7.018,0.5545931655989128,-0.24550597626627946,0.1181065935973804,0.0,2.287006187832334,2.044241127117712,37.35000649964139,37.74476452123615,0.0
7.019,0.5422954316203833,-0.23641884864502827,0.5246892525075633,0.0,2.2862806953491623,2.0709458192067793,37.39908435241819,37.74476452123615,0.0
7.0200000000000005,0.5526649273279717,-0.23598750896771853,0.5036071278073406,0.0,2.2883416452349232,2.0872590106648765,38.13980167649959,37.74476452123615,0.0
7.021,0.5630537610915873,-0.23986649089980924,0.12929809421400895,0.0,2.29225882068722,2.0601447287605534,37.62710048817998,37.74476452123615,0.0
7.022,0.551311584083431,-0.23518343347315793,0.38682532870437586,0.0,2.292518924267602,2.0696002065303,36.96345796462945,37.74476452123615,0.0
7.023000000000001,0.5535563079618914,-0.23148165574300103,0.7264596560457072,0.0,2.2933382002908704,2.1125563091470405,37.85121657459562,37.74476452123615,0.0
7.024,0.5754975535621154,-0.23893378110942076,0.2815158305290275,0.0,2.2992279105410938,2.096567475246945,38.09912673943988,37.74476452123615,0.0
7.025,0.5724596575932817,-0.2387054636332344,0.1540171259248584,0.0,2.302830130200241,2.0737446575231653,37.24292098469074,37.74476452123615,0.0
7.026,0.5607334979119543,-0.22910570986802592,0.5871384386648828,0.0,2.302736156381683,2.1037421735903785,37.488718077206954,37.74476452123615,0.0
7.027,0.5728131712656606,-0.22922275063255204,0.46680035684706833,0.0,2.305760203573454,2.111716112875935,38.21631028335893,37.74476452123615,0.0
7.0280000000000005,0.5792005962999015,-0.23175508056532088,0.09828879614985297,0.0,2.3095566258595612,2.0792803520733676,37.299933819152855,37.74476452123615,0.0
7.029,0.5644565359871482,-0.22378683853295595,0.560925335273723,0.0,2.3088279999139134,2.1067286653750097,37.13491322064369,37.74476452123615,0.0
7.03,0.5753548758872131,-0.2224337851785836,0.6495341475342306,0.0,2.310847914444338,2.135133630717207,37.93321555654948,37.74476452123615,0.0
7.031000000000001,0.5915864333701524,-0.22958586573112463,0.24849846922820323,0.0,2.316306593450263,2.114223590317836,37.49982043917005,37.74476452123615,0.0
7.032,0.5852336242763023,-0.22656077683158665,0.4676454687385773,0.0,2.3187241199311837,2.124928073163348,36.965408748842506,37.74476452123615,0.0
7.033,0.5900712426271951,-0.22266542379561843,0.7426448716262862,0.0,2.3215721041036015,2.162266658585409,37.95911264120499,37.74476452123615,0.0
7.034,0.6089543444415947,-0.22972532114156652,0.24364944424535656,0.0,2.328684690639399,2.1364879278256517,37.64682546074851,37.74476452123615,0.0
7.035,0.6002812553546272,-0.2260401082606207,0.4007724250784727,0.0,2.3320321730552767,2.1374146817786106,36.966711448762425,37.74476452123615,0.0
7.0360000000000005,0.5995036969402741,-0.21901519979265305,0.7486099617962523,0.0,2.334401694822195,2.1752732083431967,37.934623023966346,37.74476452123615,0.0
7.037,0.6172083402255026,-0.22438258781748044,0.2627555891669898,0.0,2.340980778836292,2.1507051917261006,37.652751520245374,37.74476452123615,0.0
7.038,0.6086612659546545,-0.22085115189328228,0.40461147103738326,0.0,2.3440030209553586,2.150831800506805,36.965343792766326,37.74476452123615,0.0
7.039000000000001,0.6078499914456035,-0.21348099149464753,0.7561095420616055,0.0,2.3459602964559823,2.1884979710685935,37.93269108313618,37.74476452123615,0.0
7.04,0.6254948506668315,-0.21894860716109293,0.2705566312576797,0.0,2.3521636007900164,2.1637184039661657,37.53418338449307,37.74476452123615,0.0
7.041,0.6171742113893676,-0.21516035165431913,0.4719162919466646,0.0,2.3547972337179965,2.170133934703945,37.02581932819614,37.74476452123615,0.0
7.042,0.6199170297189952,-0.20889856664853382,0.733287772025528,0.0,2.3571581426313863,2.202523625453495,37.941530487560755,37.74476452123615,0.0
7.043,0.6355365814320687,-0.21458820188744704,0.27346453267997584,0.0,2.363210407454731,2.1770254443854897,37.34845748481753,37.74476452123615,0.0
7.0440000000000005,0.6270797785511637,-0.20932294391557785,0.5739641044157744,0.0,2.365471552959646,2.193421937025041,37.272297819499194,37.74476452123615,0.0
7.045,0.6346867548181374,-0.2051922037349817,0.6167686040923119,0.0,2.368744504337878,2.2091870587800146,38.01685500186887,37.74476452123615,0.0
7.046,0.6429348787336946,-0.20890275613610834,0.24176910810114716,0.0,2.3737161409197136,2.1811937500734793,37.077621527728034,37.74476452123615,0.0
7.047,0.6321150306564245,-0.20051683759341477,0.7180572751066456,0.0,2.374431726409005,2.2139112937539522,37.540118730337504,37.74476452123615,0.0
7.048,0.6464624373971534,-0.20085304283292504,0.4888551317108974,0.0,2.3784683494791876,2.211767110949467,37.71997093077534,37.74476452123615,0.0
7.049,0.6477954987219345,-0.20259043222812162,0.3991769673965877,0.0,2.382074642742979,2.202665269413513,36.87692732831055,37.74476452123615,0.0
7.05,0.6459472249785337,-0.1952258125197317,0.8293771405582381,0.0,2.3835826404649225,2.24326968277348,37.7638764467045,37.74476452123615,0.0
7.051,0.665375047640081,-0.20085473296853756,0.3857114621065795,0.0,2.389693107197121,2.2247036849781425,37.223413995372006,37.74476452123615,0.0
7.0520000000000005,0.6612827468844321,-0.198179351890842,0.6611561930314682,0.0,2.3929853463535293,2.243985342131549,37.30200915845066,37.74476452123615,0.0
7.053,0.6719864855575197,-0.19519256290840922,0.6262861651199968,0.0,2.397574734332348,2.2538595728441493,37.82106420867497,37.74476452123615,0.0
7.054,0.6778003169402229,-0.1985051723724054,0.3659956431334537,0.0,2.4030868615154075,2.2343895780785994,36.929324670958124,37.74476452123615,0.0
7.055,0.6715752708009555,-0.1897792378925765,0.8200198104946563,0.0,2.4051077976161865,2.2707062525266557,37.67313365453976,37.74476452123615,0.0
7.056,0.6877351307383707,-0.1930165596921921,0.4488316273708016,0.0,2.4110016722944487,2.2563825762682392,37.14310677147176,37.74476452123615,0.0
7.057,0.68477710157381,-0.19036910062115078,0.7198616464024475,0.0,2.4145501981632327,2.2780928208356865,37.398581276325785,37.74476452123615,0.0
7.058,0.6968838498600763,-0.18833514959113223,0.5955862264245371,0.0,2.419717635879291,2.280244974542245,37.574370613371094,37.74476452123615,0.0
7.059,0.6992627833970768,-0.1902649335378216,0.509395496980533,0.0,2.4248161609388355,2.274319815404485,36.86718848981092,37.74476452123615,0.0
7.0600000000000005,0.6996746745221776,-0.18262046130698673,0.871762319074872,0.0,2.427952127793791,2.310197763722882,37.79450577871875,37.74476452123615,0.0
7.061,0.7164278117406917,-0.18833947774681623,0.4076062620461311,0.0,2.43506782932578,2.2862819532180443,36.932878121083654,37.74476452123615,0.0
7.062,0.710230575446982,-0.1816854274023732,0.8465389548652045,0.0,2.4382912439517987,2.3192426780617676,37.63971570396141,37.74476452123615,0.0
7.063,0.7254322121256547,-0.1832919190062222,0.49417065159907525,0.0,2.4447316441794564,2.304345679198665,37.03916122350159,37.74476452123615,0.0
7.064,0.72183603991664,-0.1798411581092771,0.801503924806331,0.0,2.448642655883335,2.329460358639875,37.51742592156512,37.74476452123615,0.0
7.065,0.7351221985227827,-0.17879637100350534,0.5646449617712745,0.0,2.4545936153882826,2.3218294134726585,37.1677573888411,37.74476452123615,0.0
7.066,0.7335697810754908,-0.17784046851209134,0.7452492994572336,0.0,2.459091683023015,2.3380953530537276,37.3183198163902,37.74476452123615,0.0
7.067,0.744065007428295,-0.17400097637607878,0.6742325327311445,0.0,2.4643537527423343,2.342396618650153,37.38811927186599,37.74476452123615,0.0
7.0680000000000005,0.7470365133189402,-0.17587931848331512,0.6428992574869519,0.0,2.4697647546025197,2.3438355586648236,37.01508829997987,37.74476452123615,0.0
7.069,0.7518811138587636,-0.16912571951204664,0.8367115056425729,0.0,2.474016870970242,2.3668011939131324,37.57726961257892,37.74476452123615,0.0
7.07,0.762668959934738,-0.1738832578409399,0.5572957984296231,0.0,2.4807312044319136,2.354083409935442,36.87876344638144,37.74476452123615,0.0
7.071,0.7620164146405835,-0.16643776909585606,0.9152088922769078,0.0,2.4846357470044005,2.385653093540137,37.668892005452555,37.74476452123615,0.0
7.072,0.7765058211921435,-0.17081667230716946,0.5209033378991867,0.0,2.4918629379208053,2.3659031609479744,36.80040351015128,37.74476452123615,0.0
7.073,0.7726647445609285,-0.16313205907345704,0.9645911956606747,0.0,2.495503319998531,2.4021670730991587,37.71701811611066,37.74476452123615,0.0
7.074,0.7891056394862296,-0.1674469060305082,0.5065613567322389,0.0,2.502957534381215,2.3785015621751593,36.695239202209116,37.74476452123615,0.0
7.075,0.7836416631567786,-0.15943741502419823,1.0279460668732805,0.0,2.506375583752966,2.4206460866321207,37.73085209903912,37.74476452123615,0.0
7.0760000000000005,0.8026484584092477,-0.16481777472435288,0.5102787426802494,0.0,2.5143382151103184,2.39461532357685,36.68468141410553,37.74476452123615,0.0
7.077,0.7969389539139344,-0.15644225408096546,1.0439649162183482,0.0,2.517926396158634,2.4366841657409717,37.70839418125354,37.74476452123615,0.0
7.078,0.8156347747116426,-0.16196961473572702,0.5324722360441717,0.0,2.526054408196988,2.4111902499062725,36.69795151832172,37.74476452123615,0.0
7.079,0.810432205424958,-0.1531582949553295,1.0481616975392236,0.0,2.529795708665646,2.4516585352545883,37.66360136450398,37.74476452123615,0.0
7.08,0.8281348021014066,-0.15880657263564396,0.5661484060154157,0.0,2.537919131364907,2.4282764541050925,36.737974367680195,37.74476452123615,0.0
7.081,0.8241390169039855,-0.14973853516736213,1.039029805962869,0.0,2.5418380367809794,2.4654985725884107,37.58199977694778,37.74476452123615,0.0
7.082,0.8402131686122564,-0.15530855756219447,0.6186447487719591,0.0,2.54979064634189,2.446611084934646,36.817974559548254,37.74476452123615,0.0
7.083,0.8384351441032988,-0.1464616580610355,1.009925257088602,0.0,2.5540303870122583,2.478008637702157,37.44769857688266,37.74476452123615,0.0
7.0840000000000005,0.8519584764900506,-0.15146992330334674,0.698033907864935,0.0,2.5616252870640057,2.4669642089545514,36.924200997886395,37.74476452123615,0.0
7.085,0.853771393595446,-0.14347392127334396,0.9679883325965641,0.0,2.566426611360094,2.4905334257418703,37.289170303419255,37.74476452123615,0.0
7.086,0.8640786670449614,-0.1478317150855472,0.7900596220083033,0.0,2.5736640422449484,2.4888384799596497,37.135819950934156,37.74476452123615,0.0
7.087,0.8700338981591884,-0.14092452403092542,0.8728242439538725,0.0,2.5792048665089653,2.4983681646759615,36.95349476510658,37.74476452123615,0.0
7.088,0.8744588890770504,-0.1428079621392535,0.9718995344289544,0.0,2.5854208269206733,2.517142402390024,37.51793617771581,37.74476452123615,0.0
7.089,0.8882360073257844,-0.14076673119680283,0.6919471115595441,0.0,2.5926492452778636,2.5014040598552834,36.579959961133795,37.74476452123615,0.0
7.09,0.8846420121870613,-0.1348474301838778,1.1725832654515753,0.0,2.596950276743864,2.5441650052143,37.52858222062229,37.74476452123615,0.0
7.091,0.9047650546444632,-0.14120671105249577,0.7004339587134665,0.0,2.6058560135048436,2.524087699282202,36.8619046373013,37.74476452123615,0.0
7.0920000000000005,0.9039680517888922,-0.13200576586827673,1.0426013492133097,0.0,2.6107877492175655,2.549557504380462,37.15131520981339,37.74476452123615,0.0
7.093,0.9145764558100251,-0.13614787999186073,0.9038305560714927,0.0,2.6183209338742763,2.5531121469186893,37.327047130911474,37.74476452123615,0.0
7.094,0.9232303001183702,-0.13053718558996402,0.8201417694256974,0.0,2.624797666793695,2.5484007462354397,36.574105553471846,37.74476452123615,0.0
7.095,0.9225664812501676,-0.12770457868177937,1.2083191478231545,0.0,2.629900106536966,2.588504116921221,37.50058261080149,37.74476452123615,0.0
7.096,0.9431822158765346,-0.13313895607689985,0.7475224382626805,0.0,2.6391287469570326,2.568263613679541,36.880053946321034,37.74476452123615,0.0
7.097,0.9423965220991273,-0.1237142703670372,1.0664338762520582,0.0,2.6443194138088884,2.590950833740251,36.976033119677986,37.74476452123615,0.0
7.098,0.9516560077932966,-0.12721660972183058,1.026131603589164,0.0,2.651739240167756,2.6032396337431307,37.46887438419328,37.74476452123615,0.0
7.099,0.9638203074979466,-0.12428464317462529,0.782469872701947,0.0,2.659288424177284,2.587396290600075,36.57109165930795,37.74476452123615,0.0
7.1000000000000005,0.9605303173265511,-0.11667729876137067,1.2430979637638913,0.0,2.6636908672515673,2.627481449413863,37.17951668466212,37.74476452123615,0.0
7.101,0.9786405396364557,-0.12369899194143152,0.9445379294525489,0.0,2.6725100415937404,2.62452542761303,37.29538485899861,37.74476452123615,0.0
7.102,0.9866368404110728,-0.11749394304100058,0.8910976389066788,0.0,2.679398924010765,2.619155602947457,36.49416435739911,37.74476452123615,0.0
7.103,0.9860232061224872,-0.11339829737733992,1.3042138913448005,0.0,2.6846734651855315,2.661136302443286,37.26579146889593,37.74476452123615,0.0
7.104,1.006870239287951,-0.12042877768647337,0.9231900661197929,0.0,2.6944329314830453,2.65110329281679,37.21077967759402,37.74476452123615,0.0
7.105,1.0120305881433898,-0.11265960932521674,0.9560358102071682,0.0,2.7012882368653286,2.6501136328421127,36.476670544702074,37.74476452123615,0.0
7.106,1.012543074292898,-0.10921685476702664,1.3357713164184812,0.0,2.707058034394128,2.6913461476576104,37.2329651941767,37.74476452123615,0.0
7.107,1.033526394728111,-0.1160419378064107,0.962741984951763,0.0,2.7171592903315114,2.6818987688346088,37.28571396198348,37.74476452123615,0.0
7.1080000000000005,1.0389450388355195,-0.1083996526710223,0.9409581066408982,0.0,2.724396780597569,2.6753541025406538,36.48565315874632,37.74476452123615,0.0
7.109,1.0373766994660916,-0.10261117988289592,1.3535796218843794,0.0,2.7296957460522853,2.716020561134303,37.04490051329158,37.74476452123615,0.0
7.11,1.0568661070120795,-0.10971380973485162,1.0809545846911934,0.0,2.7393706348324924,2.7168757829466212,37.666353916428385,37.74476452123615,0.0
7.111,1.06428616699114,-0.10945007522216593,0.7710119891708688,0.0,2.748063519820995,2.686624223798187,37.05964495885022,37.74476452123615,0.0
7.112,1.0500417746655424,-0.10269908242717446,1.0812176635838098,0.0,2.752121988533482,2.69913024295968,37.29494685770563,37.74476452123615,0.0
7.113,1.048021084437058,-0.10849112993902549,0.9680648907914094,0.0,2.7577298474451224,2.6953224773268554,38.08161444701591,37.74476452123615,0.0
7.114,1.0456305585148709,-0.1084118266846884,0.5713625968784736,0.0,2.7623295000692223,2.650193300495136,37.37012486346535,37.74476452123615,0.0
7.115,1.021910154455214,-0.09803238577091833,0.9308537852314612,0.0,2.760815324279767,2.656133399454295,37.42658399613269,37.74476452123615,0.0
7.1160000000000005,1.0143369513076228,-0.10231251474089087,0.9058060241488247,0.0,2.7606211845610087,2.655573753641612,38.19927858652152,37.74476452123615,0.0
7.117,1.0128557055471417,-0.10369369722142902,0.5149135883015556,0.0,2.760499623016016,2.612390173108125,37.45391368671816,37.74476452123615,0.0
7.118,0.9913716124943293,-0.09552683059971995,0.8905045465484169,0.0,2.755159692418983,2.6210851620173194,37.605489876653394,37.74476452123615,0.0
7.119,0.9869581947456543,-0.1019173589309576,0.8161091980266274,0.0,2.7520078805552255,2.6167078960778527,38.197543846934295,37.74476452123615,0.0
7.12,0.9859178973105657,-0.1028325378654441,0.5155544196291955,0.0,2.748770287683377,2.5802064019478292,37.414345565380046,37.74476452123615,0.0
7.121,0.9676031292354622,-0.09844395871190958,0.9104577499648809,0.0,2.7417144091894774,2.5954804335784334,37.892292810221406,37.74476452123615,0.0
7.122,0.9685804151096034,-0.10710360294193277,0.6700088446543484,0.0,2.7378879683648663,2.577832412182165,37.93570400876711,37.74476452123615,0.0
7.123,0.963375311692719,-0.10512210318685189,0.6463938505061861,0.0,2.7323748080677306,2.5619557227744694,37.451431590284734,37.74476452123615,0.0
7.1240000000000006,0.9528796873753618,-0.10748882173613633,0.8914633890568887,0.0,2.7261054488975107,2.5754116531006286,38.25611432882895,37.74476452123615,0.0
7.125,0.9572084725033534,-0.11514017938650734,0.4840085217088528,0.0,2.722626600832977,2.539043201076107,37.62705883991889,37.74476452123615,0.0
7.126,0.9427128273966424,-0.10998796555638946,0.7997133229770563,0.0,2.715215535274627,2.546403595073584,37.82726586481462,37.74476452123615,0.0
7.127,0.9403632917966382,-0.11784210176330023,0.6987847970934055,0.0,2.710197092792922,2.538141149720529,38.11333083844589,37.74476452123615,0.0
7.128,0.9389473142948384,-0.11767045618340449,0.5520666471056732,0.0,2.704756827648225,2.515205655583993,37.505530075545664,37.74476452123615,0.0
7.1290000000000004,0.9262384789941251,-0.1188470569024972,0.858359373012691,0.0,2.6976981821392423,2.53056287780435,38.33379643145156,37.74476452123615,0.0
7.13,0.9308751292112833,-0.12645514454933476,0.43833587595758894,0.0,2.693706247037154,2.493775881439747,37.59437570715451,37.74476452123615,0.0
7.131,0.9159380775171138,-0.12179994684434614,0.8095501262469293,0.0,2.685846653184798,2.506991635892304,38.087423686646865,37.74476452123615,0.0
7.132000000000001,0.9167646444372657,-0.13054871397002688,0.5595995448466458,0.0,2.6811035105238084,2.4866528561792873,37.82956821165821,37.74476452123615,0.0
7.133,0.9100592818164404,-0.12809253236147145,0.6876792454367512,0.0,2.6744431365094172,2.4852077686078795,37.83818043791967,37.74476452123615,0.0
7.134,0.9056810620102065,-0.13489202842457826,0.6824389731391884,0.0,2.669076797522353,2.4817984759860177,38.14582969592106,37.74476452123615,0.0
7.135,0.9056217777168838,-0.13586807661364947,0.5246036923916441,0.0,2.663945533511975,2.460846739642585,37.61811167502746,37.74476452123615,0.0
7.136,0.8941050413023157,-0.13789138507364762,0.7897292313005317,0.0,2.657445025717001,2.4734854607825807,38.39360870809893,37.74476452123615,0.0
7.1370000000000005,0.8983727354622674,-0.14346508157377053,0.39549227289616684,0.0,2.6534513143459373,2.437608324493769,37.58106602468016,37.74476452123615,0.0
7.138,0.882344471590862,-0.14035507045326928,0.8034005995711113,0.0,2.6458714222948423,2.455537602182474,38.38001546957448,37.74476452123615,0.0
7.139,0.8862858328964126,-0.14822499716773746,0.3975733676405685,0.0,2.6417392392675243,2.421602051735766,37.63385588340397,37.74476452123615,0.0
7.140000000000001,0.8721907953884652,-0.14447102919280458,0.771762247104147,0.0,2.634135083753879,2.4374557548302245,38.3403600511541,37.74476452123615,0.0
7.141,0.8752050127487689,-0.15259328588799542,0.41255420792990116,0.0,2.6298077020172643,2.407236384675357,37.662706966706146,37.74476452123615,0.0
7.142,0.8628688073765505,-0.14940164296480796,0.7522013256991782,0.0,2.6224588181503226,2.421946601473226,38.3562958384767,37.74476452123615,0.0
7.143,0.8658321999295773,-0.15742281336266,0.39929157664149717,0.0,2.6182300895228576,2.3917850293960212,37.66465031567807,37.74476452123615,0.0
7.144,0.853317217864269,-0.1543691283041267,0.7459154800963932,0.0,2.610991959490001,2.4072807504871188,38.393958977087664,37.74476452123615,0.0
7.1450000000000005,0.8567966241425046,-0.1621255136131704,0.3747692048330795,0.0,2.6069109538041206,2.3757028726410487,37.65810844840687,37.74476452123615,0.0
7.146,0.8433409826296443,-0.15918380242765645,0.7435610299017685,0.0,2.5996791088187243,2.392668160150384,38.427437803969696,37.74476452123615,0.0
7.147,0.8476005772548707,-0.16653482548657977,0.35206961929302094,0.0,2.5957050067311367,2.359858649168693,37.65846947555489,37.74476452123615,0.0
7.148000000000001,0.833278732626581,-0.16393298990406047,0.7374167339572373,0.0,2.5884876516094733,2.3778537746509283,38.445352795902686,37.74476452123615,0.0
7.149,0.8382008458467498,-0.17071725712493452,0.3369691910366731,0.0,2.584563832298321,2.344740300304368,37.67310910891653,37.74476452123615,0.0
7.15,0.8234071874922966,-0.16870616234130575,0.7238075886529485,0.0,2.5774319843852203,2.3627790141795355,38.4430690050904,37.74476452123615,0.0
7.151,0.8286478284827599,-0.1747250205961196,0.3318445957274695,0.0,2.573499378006811,2.3305919515854154,37.71069540535845,37.74476452123615,0.0
7.152,0.8138746064289415,-0.17356380477855604,0.6983720867522216,0.0,2.566553403684352,2.347145449390669,38.40913915018943,37.74476452123615,0.0
7.1530000000000005,0.8188261462920058,-0.17852225212517353,0.34250646804719775,0.0,2.562514417940968,2.3178461054098753,37.797314094357304,37.74476452123615,0.0
7.154,0.8049189603584794,-0.17848338096743788,0.6478935002320501,0.0,2.555895536073024,2.329803332831526,38.32633823353097,37.74476452123615,0.0
7.155,0.8082215301980462,-0.18184575323833502,0.37756569352226976,0.0,2.551504514795417,2.3066106657226038,37.9225969506346,37.74476452123615,0.0
7.156000000000001,0.7963985538398509,-0.18347603170558435,0.5776580106764699,0.0,2.5453790358433657,2.3113451492486705,38.15934146546731,37.74476452123615,0.0
7.157,0.7970786426934667,-0.1848961556295971,0.4551399838178045,0.0,2.540479463986096,2.299322690863452,38.14736077607101,37.74476452123615,0.0
7.158,0.7896142099024409,-0.18921790165430508,0.45710436596760384,0.0,2.535328794299509,2.2902816719316403,37.89862920578819,37.74476452123615,0.0
7.159,0.784654560733806,-0.18822072741262014,0.579931504263494,0.0,2.5296361830615677,2.295591946396041,38.51053382759025,37.74476452123615,0.0
7.16,0.7848911964456096,-0.19426220997609372,0.2663215002989222,0.0,2.52571839521826,2.264000934051162,37.767908115116064,37.74476452123615,0.0
7.1610000000000005,0.7695172815364018,-0.191111153297288,0.6374029205972164,0.0,2.51862625386449,2.2808257974260275,38.396606804511165,37.74476452123615,0.0
7.162,0.7740794105350095,-0.19562573502043423,0.3165351530669157,0.0,2.5144539275399196,2.255597118357776,37.97038390246464,37.74476452123615,0.0
7.163,0.7617142667386121,-0.19670398372844133,0.5273904102778936,0.0,2.5082494274816294,2.2602826176399917,38.07638664410464,37.74476452123615,0.0
7.164000000000001,0.7620613826032283,-0.1978351245854174,0.47107281822921,0.0,2.5032475703645765,2.2554137951076205,38.36220823123239,37.74476452123615,0.0
7.165,0.7581787162476207,-0.20330816286988157,0.32198758756537293,0.0,2.498849739508713,2.2351260341220085,37.84156848990878,37.74476452123615,0.0
7.166,0.7479376693571513,-0.20097228197904637,0.5813394185404497,0.0,2.4925512383590394,2.247534508357665,38.43495543483428,37.74476452123615,0.0
7.167,0.7513962083359632,-0.20540466351769332,0.2777440369417191,0.0,2.4886343555260573,2.2216004250126025,38.00130828430633,37.74476452123615,0.0
7.168,0.7382722314003832,-0.20590299685734337,0.4920021745749904,0.0,2.482526245493843,2.2259506335270967,38.0169266058147,37.74476452123615,0.0
7.1690000000000005,0.7380303735066999,-0.20672004762379353,0.48147139297501984,0.0,2.477548859567213,2.2258494074335418,38.49469107181108,37.74476452123615,0.0
7.17,0.7366299053755174,-0.21243743817324434,0.23508989447108064,0.0,2.473679832076664,2.1984155412527366,37.84490266917828,37.74476452123615,0.0
7.171,0.7228563491680848,-0.209486198222869,0.5589827143080598,0.0,2.4670725104170543,2.212931270609571,38.274403379180356,37.74476452123615,0.0
7.172,0.7268286781369002,-0.2128235291877183,0.33893597072758075,0.0,2.4629741126647264,2.1973159331238947,38.20856747117044,37.74476452123615,0.0
7.173,0.7186148823378706,-0.21612287144997006,0.36721589523319587,0.0,2.458053575278263,2.1891067895705567,37.863344453824894,37.74476452123615,0.0
7.174,0.713126741112295,-0.2153667547020452,0.5386416045800815,0.0,2.4526880110102183,2.200322092993831,38.45430383809908,37.74476452123615,0.0
7.175,0.7171762836079749,-0.22018380286923883,0.2360665192743594,0.0,2.449517969977175,2.174381462084093,38.084448483715434,37.74476452123615,0.0
7.176,0.7040796086021524,-0.2203635349862776,0.4175973568413892,0.0,2.4440424700076644,2.175193162823054,37.929066609404856,37.74476452123615,0.0
7.1770000000000005,0.701627061156518,-0.22030163228295868,0.4934452731149912,0.0,2.439187083490466,2.1820429193745547,38.52709300335931,37.74476452123615,0.0
7.178,0.703785037873373,-0.22536624845951286,0.18660879131653174,0.0,2.436059938086592,2.152949766545309,38.014108240947536,37.74476452123615,0.0
7.179,0.6889282462358397,-0.2238130369272472,0.44040773532530575,0.0,2.430114692509866,2.159095289964846,37.97813869597809,37.74476452123615,0.0
7.18,0.6885640278964923,-0.22446918004468447,0.45605876606260987,0.0,2.425466231691006,2.1631068565267264,38.52668074765663,37.74476452123615,0.0
7.181,0.6896529495754347,-0.22962325533916927,0.173968577959136,0.0,2.4222441604614393,2.1349425657836996,37.986954988858514,37.74476452123615,0.0
7.182,0.6752251839125138,-0.2276404607685822,0.4414095526819688,0.0,2.4162582191248188,2.1431098495322773,37.98594824301307,37.74476452123615,0.0
7.183,0.6759201790049911,-0.22874565213290574,0.4395010883869218,0.0,2.4118289992924984,2.1467567428358496,38.51326033673687,37.74476452123615,0.0
7.184,0.6771295065699905,-0.23388731329332768,0.1681600833700143,0.0,2.4087619215877707,2.1196415228356975,38.00473054199249,37.74476452123615,0.0
7.1850000000000005,0.6632204933340764,-0.23204717946444606,0.4198253205346427,0.0,2.4030361983207182,2.1268697879349663,37.95658576442301,37.74476452123615,0.0
7.186,0.6634839718589658,-0.2329875547775027,0.44177949688751217,0.0,2.3987277165130254,2.132532888454677,38.49295573772416,37.74476452123615,0.0
7.187,0.6658086189242849,-0.23789692421978614,0.1661125980720577,0.0,2.3959470198235913,2.106402853716481,38.07064420309498,37.74476452123615,0.0
7.188,0.6523833395232707,-0.23668701363627098,0.3740095685680598,0.0,2.390649205470672,2.1097331157306405,37.90932301982461,37.74476452123615,0.0
7.189,0.6506726189111325,-0.23691759123272704,0.4530245752173585,0.0,2.3862516613959057,2.1188671776078802,38.413269610100045,37.74476452123615,0.0
7.19,0.654620009504753,-0.24125810120208419,0.1943662291910031,0.0,2.3836824282370053,2.0969541905891083,38.19809209012527,37.74476452123615,0.0
7.191,0.643337443362658,-0.24164243009635877,0.29742171348949853,0.0,2.3791776907707938,2.0921788218709874,37.88660459131534,37.74476452123615,0.0
7.192,0.6378860531976149,-0.2407681614651075,0.45174706219367244,0.0,2.374545877341012,2.103862577049267,38.22864175598243,37.74476452123615,0.0
7.1930000000000005,0.6425130162901367,-0.2439709031205796,0.2758897075126646,0.0,2.37190666504045,2.0924637330229583,38.371085612962524,37.74476452123615,0.0
7.194,0.6365297242096328,-0.2467986582987735,0.19840456810535378,0.0,2.36867051522036,2.075880492141012,37.96549662260552,37.74476452123615,0.0
7.195,0.6262110696250509,-0.2447265783244546,0.39899174227016176,0.0,2.363843449945127,2.084546620000952,38.005061224163235,37.74476452123615,0.0
7.196,0.6279190864942927,-0.2461206135412144,0.37660647446203377,0.0,2.3605397686569987,2.087104108945369,38.44968969610855,37.74476452123615,0.0
7.197,0.6288432359081657,-0.25017923609004805,0.1472429867406524,0.0,2.358254712520328,2.0639847736284276,38.12350680036888,37.74476452123615,0.0
7.198,0.6164953674126937,-0.24863550207546178,0.3065470118191602,0.0,2.353675831498539,2.0641334508940044,37.927912157848745,37.74476452123615,0.0
7.199,0.613061263301545,-0.24819083234218037,0.40251285671310155,0.0,2.349536229974971,2.0730268477856653,38.22299294152489,37.74476452123615,0.0
7.2,0.6166602626561111,-0.2510435248673755,0.2501901806721399,0.0,2.3470181711680302,2.0624715610522433,38.329686593709525,37.74476452123615,0.0
7.2010000000000005,0.6109730204421224,-0.25322831622074404,0.19099413385509034,0.0,2.3439081896920584,2.0483932453590876,38.01095958936032,37.74476452123615,0.0
7.202,0.6018521785742255,-0.25156790070658697,0.3476956853484518,0.0,2.3394968811742793,2.0541873144034204,37.993070511538605,37.74476452123615,0.0
7.203,0.6022058163385609,-0.2526262960667549,0.35415716435628414,0.0,2.3362391380574694,2.0579744842947125,38.32386306496125,37.74476452123615,0.0
7.204,0.6038873340517,-0.2555008704466125,0.18296990220770964,0.0,2.3339915054696543,2.0419805186879727,38.21563332049961,37.74476452123615,0.0
7.205,0.5950929289900623,-0.25556125377598854,0.23237608644589436,0.0,2.3303471360023784,2.035491939004722,37.97571578184677,37.74476452123615,0.0
7.206,0.5890088288578171,-0.25450757019568504,0.35002534316620804,0.0,2.326301836486379,2.0423164437038523,37.95197522363463,37.74476452123615,0.0
7.207,0.5907355270159084,-0.2561753261474733,0.35982351524829304,0.0,2.3235375073823903,2.0477044965445828,38.27200271570274,37.74476452123615,0.0
7.208,0.5932017410277954,-0.26018107927349754,0.1945373872695738,0.0,2.3220123717572205,2.0337438388326365,38.179100981567416,37.74476452123615,0.0
7.2090000000000005,0.5861873009882483,-0.25975870183541727,0.23664488973392334,0.0,2.3191571648739226,2.028107670424701,38.09244834423982,37.74476452123615,0.0
7.21,0.580795564697148,-0.25883782762971974,0.27649437016768463,0.0,2.3159267894499145,2.0272349125839253,38.08882816787118,37.74476452123615,0.0
7.211,0.5781435832778834,-0.2595132058238544,0.2748638218856554,0.0,2.313015676127643,2.025786338462674,38.10651847060531,37.74476452123615,0.0
7.212,0.5761329925556709,-0.2605581089238161,0.26240113102489826,0.0,2.310359002284527,2.0230315650747084,38.129275924535634,37.74476452123615,0.0
7.213,0.5737360912210941,-0.2611933739312393,0.24717729002674105,0.0,2.307751948606743,2.018980159279619,38.124491370734255,37.74476452123615,0.0
7.214,0.5704442762296,-0.26150610596361823,0.2457722984324494,0.0,2.305028507590717,2.015409008666589,38.10449555669876,37.74476452123615,0.0
7.215,0.5671270500341812,-0.26176107051820025,0.2521728950955716,0.0,2.3022452143956698,2.0129727212937256,38.08563556498419,37.74476452123615,0.0
7.216,0.5644036636866558,-0.2622246226029442,0.2581941805153766,0.0,2.299545062866617,2.0113664690044653,38.0634288446527,37.74476452123615,0.0
7.2170000000000005,0.5622058530826742,-0.26308538317151386,0.2661108974469558,0.0,2.2970443494032398,2.0106759781024643,38.03226647147504,37.74476452123615,0.0
7.218,0.5608428052032004,-0.26384323311437485,0.27881706453339583,0.0,2.2947994140840278,2.011250933315221,37.933880581672454,37.74476452123615,0.0
7.219,0.5600172986629326,-0.2653946531676659,0.32611884883032566,0.0,2.292999545524446,2.016697209317212,38.07317957003126,37.74476452123615,0.0
7.22,0.5625869709955916,-0.2667465959879777,0.25318520416297313,0.0,2.292057490930724,2.012632233084674,38.30174284095366,37.74476452123615,0.0
7.221,0.5600240725187442,-0.2680753723826616,0.13333378550459785,0.0,2.2909357901483314,1.9967328449660484,38.12338265194339,37.74476452123615,0.0
7.222,0.5502479424420764,-0.26566728378781723,0.2187276987026605,0.0,2.288058143122937,1.9939528155430832,37.911705794878024,37.74476452123615,0.0
7.223,0.5454926105091672,-0.2641328955528425,0.32289671449892343,0.0,2.2850455560378857,2.002193002177336,37.91282711429713,37.74476452123615,0.0
7.224,0.5482691992099917,-0.2652838219729903,0.32065542885876075,0.0,2.283300192113331,2.007666701784858,38.28321864723755,37.74476452123615,0.0
7.2250000000000005,0.5513114656139004,-0.26791799070391414,0.13007512112853836,0.0,2.2825549838381844,1.991170190627828,38.2278756234678,37.74476452123615,0.0
7.226,0.5425569610306031,-0.26687757335332485,0.15291552199109387,0.0,2.2800938576789753,1.981660475099371,37.911068667519515,37.74476452123615,0.0
7.227,0.5346999145656917,-0.26416735901081506,0.30965595850240385,0.0,2.276640153178671,1.990645392580765,37.82818666654761,37.74476452123615,0.0
7.228,0.5369981479636274,-0.26479903875002714,0.3502627375352426,0.0,2.2745268977912763,2.000954413054066,38.13766935589031,37.74476452123615,0.0
7.229,0.5427880245021948,-0.26768766581359293,0.19159234451735047,0.0,2.2739673021695497,1.9915474908337378,38.28155586501645,37.74476452123615,0.0
7.23,0.5383901937482662,-0.2686060439210058,0.11428117651647718,0.0,2.2725951092091434,1.976649436871671,37.95571292714217,37.74476452123615,0.0
7.231,0.5289021893560146,-0.2655838537716713,0.27509316139455564,0.0,2.26952870545107,1.9825661012019757,37.75629093867097,37.74476452123615,0.0
7.232,0.5290503024757556,-0.26513827304145454,0.3746888914558079,0.0,2.2673418165230035,1.996820696694305,38.003044013992785,37.74476452123615,0.0
7.2330000000000005,0.536350249095655,-0.2679967363942649,0.24872955886733517,0.0,2.2671179628130886,1.9937781468622595,38.32355608816589,37.74476452123615,0.0
7.234,0.5357526252312207,-0.27004251518163036,0.08268560611148673,0.0,2.266808690524042,1.9741509632564544,38.016484486266215,37.74476452123615,0.0
7.235,0.5246922332957831,-0.2666976935260363,0.23350420741102207,0.0,2.2641792389333304,1.975916723327087,37.69584309599608,37.74476452123615,0.0
7.236,0.5220444093662896,-0.2651200209799371,0.39431411679848916,0.0,2.261849212745239,1.9936045229641004,37.88735693510714,37.74476452123615,0.0
7.237,0.530368825542489,-0.2678465342176638,0.29713127310424914,0.0,2.261836662321269,1.9960501640996862,38.308632503488106,37.74476452123615,0.0
7.238,0.5332107155337408,-0.2704127817236993,0.08085480909124793,0.0,2.2623249531465413,1.9752020397375527,38.09685763908615,37.74476452123615,0.0
7.239,0.522202243238227,-0.2675111333559422,0.18322131011372428,0.0,2.2603347586575584,1.9711499874991807,37.711494046359434,37.74476452123615,0.0
7.24,0.51647589502374,-0.26466243162328457,0.37623581122585104,0.0,2.257854037686722,1.988031864728496,37.758211197349446,37.74476452123615,0.0
7.2410000000000005,0.5235593958118108,-0.26630715864257193,0.35274276896971174,0.0,2.25751898352535,1.9976266539096668,38.1999997397826,37.74476452123615,0.0
7.242,0.5299386336851359,-0.2696025316389522,0.12729614556767144,0.0,2.258522957457641,1.981033379446735,38.196536807400236,37.74476452123615,0.0
7.243,0.5219569504345618,-0.26832737219848557,0.1245098888972117,0.0,2.2575939852819946,1.969089585359892,37.767083160435185,37.74476452123615,0.0
7.244,0.5130647287773923,-0.2641591161430962,0.3390135259877468,0.0,2.2551177743435398,1.9827688636606144,37.617439701078446,37.74476452123615,0.0
7.245,0.5174964831441862,-0.2643770153823502,0.41510850386769316,0.0,2.254322763805875,2.0004815890363896,38.065704220661765,37.74476452123615,0.0
7.246,0.5273468460798552,-0.26864430452741617,0.18776684708177777,0.0,2.255845749673118,1.9895357864163141,38.301994903770414,37.74476452123615,0.0
7.247,0.5234038427002311,-0.2688162592548408,0.06404920170211054,0.0,2.2560980988201957,1.9690335722221817,37.82848191966074,37.74476452123615,0.0
7.248,0.5112414757242968,-0.26329439729870824,0.29996851977270217,0.0,2.253665867270704,1.9790935461372887,37.532195559196076,37.74476452123615,0.0
7.2490000000000006,0.5126112287864663,-0.26224954374614623,0.45023738962543436,0.0,2.2524231409964517,2.0018023855024327,37.93921618120274,37.74476452123615,0.0
7.25,0.5243808104147951,-0.2665499257547045,0.2447825620224373,0.0,2.254059061842606,1.9967323921202853,38.307495146338276,37.74476452123615,0.0
7.251,0.5242405389386184,-0.2677559195630511,0.055015773203647145,0.0,2.2551140467647626,1.9736463173455943,37.884105963268134,37.74476452123615,0.0
7.252,0.5115714233389816,-0.26259628953025416,0.2653169503183985,0.0,2.2531753064755438,1.9793973459125969,37.48983460611323,37.74476452123615,0.0
7.253,0.5105201600862744,-0.26054273237432946,0.4650019280470809,0.0,2.2518312480851224,2.0042306811747856,37.82881132125344,37.74476452123615,0.0
7.2540000000000004,0.522906930463885,-0.2642714376444061,0.2946731024768017,0.0,2.2535356222112295,2.0043401991076317,38.28894517996911,37.74476452123615,0.0
7.255,0.5257429466098487,-0.26615761233766805,0.05916436653163615,0.0,2.255250702881569,1.9802184358892592,37.93660355012853,37.74476452123615,0.0
7.256,0.5131507610455436,-0.2614870572986878,0.23341679116300268,0.0,2.253849476361817,1.9816167117021926,37.45969046756609,37.74476452123615,0.0
7.257000000000001,0.5098019807892703,-0.25856654835566567,0.47472407298092334,0.0,2.25245364964199,2.007778758008062,37.72545509338461,37.74476452123615,0.0
7.258,0.5223993839891575,-0.2616656944721823,0.34203485435017894,0.0,2.2541837213869815,2.012756927989251,38.24427381922083,37.74476452123615,0.0
7.259,0.5279684255846665,-0.26406557923289914,0.07763039845222258,0.0,2.2564715988181043,1.9891660696408446,37.995849786223815,37.74476452123615,0.0
7.26,0.5161918820182309,-0.2601632603657691,0.1993315623008533,0.0,2.2557183487482844,1.985545367660983,37.451444882289614,37.74476452123615,0.0
7.261,0.5105140786382045,-0.256219004509347,0.4744672106574189,0.0,2.2542835085319264,2.011766113489001,37.61336573794952,37.74476452123615,0.0
7.2620000000000005,0.5226421703608561,-0.2584017276820828,0.3948207706603314,0.0,2.2558937690275687,2.0223179677060434,38.178881785342256,37.74476452123615,0.0
7.263,0.5308939444190045,-0.26172672282533677,0.1077215743229033,0.0,2.258742111129382,2.0004048011246307,38.04502040878682,37.74476452123615,0.0
7.264,0.520690972103937,-0.25867181853501126,0.17164970372511512,0.0,2.2587450129395052,1.9920757163043956,37.464740075881885,37.74476452123615,0.0
7.265000000000001,0.5132332161415845,-0.25355285560585433,0.46459011463112476,0.0,2.2573821792072883,2.0168823174855444,37.53433327799983,37.74476452123615,0.0
7.266,0.5241133824382216,-0.2547835961839618,0.4318978260045165,0.0,2.2588228600592912,2.0312750234651156,38.12314401301299,37.74476452123615,0.0
7.267,0.5338571390055258,-0.2587263515422708,0.1337086635801671,0.0,2.2619801391076835,2.010935630392081,38.03986909198916,37.74476452123615,0.0
7.268,0.5249651632758345,-0.2561631122838884,0.17239507838455154,0.0,2.262466367071928,2.0012588566798533,37.423865570372286,37.74476452123615,0.0
7.269,0.5173275631669391,-0.250661057772457,0.4836058287016277,0.0,2.2613567012648526,2.0271959177767895,37.51330585231247,37.74476452123615,0.0
7.2700000000000005,0.528759386623898,-0.2518065443757885,0.44120027442077214,0.0,2.2631327322196575,2.0413177111279053,38.13549102455182,37.74476452123615,0.0
7.271,0.538484001074378,-0.25563463757929805,0.12620042326794145,0.0,2.2665529748004483,2.0190236108004043,37.97042333500747,37.74476452123615,0.0
7.272,0.5286055926721648,-0.252493588699244,0.20647767990240373,0.0,2.2670179867815663,2.0124653125737986,37.30595753519592,37.74476452123615,0.0
7.273000000000001,0.5223092416867207,-0.24733129438674706,0.5430986496685785,0.0,2.266244225856339,2.0434286940002773,37.56377524833207,37.74476452123615,0.0
7.274,0.5367416921365,-0.24958907150313517,0.415999685829545,0.0,2.2689441575922107,2.052220732412299,38.23680685593807,37.74476452123615,0.0
7.275,0.5446507101710676,-0.25251717241999205,0.07456345867952618,0.0,2.2725528133253876,2.023390897329291,37.814994115152324,37.74476452123615,0.0
7.276,0.5310008279004118,-0.2472571221899268,0.28476753313323777,0.0,2.2723097334424702,2.025922299019427,37.12012172065616,37.74476452123615,0.0
7.277,0.5283750428037938,-0.24303569210575307,0.6384501583871205,0.0,2.2719323449098985,2.0651316381235687,37.716249465455356,37.74476452123615,0.0
7.2780000000000005,0.5477698752600698,-0.2481602595289246,0.3406714365453297,0.0,2.27611954585839,2.061930129387747,38.32366904103095,37.74476452123615,0.0
7.279,0.550803416215758,-0.2497474308813296,0.03117260355958268,0.0,2.279691219012983,2.0282606660297797,37.55884838924834,37.74476452123615,0.0
7.28,0.5340532545861227,-0.24116111193070033,0.41544209077076777,0.0,2.2785784117182257,2.045552801434973,37.088886985225585,37.74476452123615,0.0
7.281000000000001,0.5383774448621934,-0.238476333806281,0.6569815681422506,0.0,2.2790966362892844,2.083087927662258,37.90703734254844,37.74476452123615,0.0
7.282,0.5579143361069245,-0.24591994526263597,0.2462836612676993,0.0,2.2841621960674092,2.0672233830598445,38.144333721545266,37.74476452123615,0.0
7.283,0.5544388257750408,-0.24543573170875335,0.12363977976619611,0.0,2.287007045801989,2.0446456760480203,37.34550757609549,37.74476452123615,0.0
7.284,0.5424481486920567,-0.2364571371799219,0.5270454219424893,0.0,2.2863268365992964,2.071495503541054,37.411308577226464,37.74476452123615,0.0
7.285,0.5529753380790156,-0.23611584995725607,0.4974794808171005,0.0,2.288451875416971,2.087028119815562,38.15519764292669,37.74476452123615,0.0
7.2860000000000005,0.5630310951374825,-0.23981396608188102,0.12143061675008338,0.0,2.292327877626264,2.0591494013257083,37.61326079409168,37.74476452123615,0.0
7.287,0.5508117599792037,-0.23487417376035485,0.3937140784390318,0.0,2.2924480494490282,2.0696025087702195,36.96525538343322,37.74476452123615,0.0
7.288,0.5534456302929429,-0.23128083425420723,0.7255118751462927,0.0,2.2932556454115067,2.1123853265873707,37.85472132212855,37.74476452123615,0.0
7.289000000000001,0.5753737743840959,-0.23885792021564503,0.27967933778970333,0.0,2.2991301764102716,2.096225307995867,38.08711509958613,37.74476452123615,0.0
7.29,0.5722652860876608,-0.23861511672844402,0.16005894327741305,0.0,2.302698773206804,2.0741300414941244,37.235910571802805,37.74476452123615,0.0
7.291,0.560901167664986,-0.22915408118603722,0.5907497466634084,0.0,2.3026626977987146,2.104392321783321,37.49870559516702,37.74476452123615,0.0
7.292,0.5732063760576626,-0.22941103532271576,0.46181282424199355,0.0,2.305779333270814,2.1116675828951523,38.218527036281905,37.74476452123615,0.0
7.293,0.579288062602416,-0.231845891228178,0.09716447853409182,0.0,2.3095770959151203,2.07915909920336,37.29293894330384,37.74476452123615,0.0
7.2940000000000005,0.5644442191445971,-0.22374371567630613,0.5644767808024486,0.0,2.3088286460560568,2.107025716497583,37.143484271621396,37.74476452123615,0.0
7.295,0.5755107005031855,-0.22245439587995192,0.6452169191398169,0.0,2.31088089949024,2.1348733678868816,37.93858836085455,37.74476452123615,0.0
7.296,0.5915115972532472,-0.22950857641268843,0.2457266361270548,0.0,2.316301545776501,2.11374071313697,37.49073287564923,37.74476452123615,0.0
7.297,0.584989413666507,-0.2263782889815326,0.47219469518558577,0.0,2.3186519885363888,2.1250472269792833,36.971864425577245,37.74476452123615,0.0
7.298,0.59009614174959,-0.2225709138873523,0.739357921178167,0.0,2.321510530018472,2.161954446056946,37.95752122319626,37.74476452123615,0.0
7.299,0.6088089261007441,-0.22964992946877177,0.2444019553490585,0.0,2.3285907047250105,2.1363326698761274,37.63293953518526,37.74476452123615,0.0
7.3,0.600211519697127,-0.22592891962202272,0.40781104921506806,0.0,2.331920583103858,2.138038491315506,36.953101109671174,37.74476452123615,0.0
7.301,0.599828956290391,-0.219112573927583,0.75564689608776,0.0,2.334375467860836,2.1764906785768723,37.94898476968248,37.74476452123615,0.0
7.3020000000000005,0.617928243952164,-0.2247130820229404,0.25566286359764234,0.0,2.3411143022156877,2.1508717862682984,37.650349947838535,37.74476452123615,0.0
7.303,0.6089628438076903,-0.22099565522748676,0.4059244202535922,0.0,2.344152441875743,2.151184465075631,36.9721778016952,37.74476452123615,0.0
7.304,0.6081206361603044,-0.21353894426921566,0.7527363605206677,0.0,2.34613497151307,2.188419376670823,37.933751734174116,37.74476452123615,0.0
7.305,0.6254992098389333,-0.21892803441048359,0.27005952215183143,0.0,2.352310106371307,2.1636464132658633,37.52764158864754,37.74476452123615,0.0
7.306,0.6171305275253417,-0.21505375529173892,0.4752858242410054,0.0,2.3549103697987492,2.1704642620920014,37.03096494605669,37.74476452123615,0.0
7.307,0.6200566043802113,-0.20887146045422408,0.7307621412882244,0.0,2.3572910821251214,2.2025049289554017,37.94314093666971,37.74476452123615,0.0
7.308,0.6355336760351139,-0.21455936126312983,0.2726903818273813,0.0,2.363325281942551,2.1769637265404427,37.34467712593223,37.74476452123615,0.0
7.309,0.6270431817947066,-0.2092296099967743,0.5759231611491594,0.0,2.365558789889354,2.19360511275172,37.28126609616757,37.74476452123615,0.0
7.3100000000000005,0.6347498677445274,-0.20516452072233216,0.6122636602821745,0.0,2.3688392233550797,2.2088381978510805,38.0194924393686,37.74476452123615,0.0
7.311,0.6427567766094533,-0.20879678072289054,0.24040320950033622,0.0,2.3737551214769748,2.1808042700941015,37.06946303277638,37.74476452123615,0.0
7.312,0.6318809989883624,-0.20032143259770602,0.7221709276810413,0.0,2.3744074261172052,2.2140547830596744,37.544273517478445,37.74476452123615,0.0
7.313,0.6464588552961796,-0.20080918263534242,0.4867705953675877,0.0,2.378457957575362,2.211621439486355,37.7105878182238,37.74476452123615,0.0
7.314,0.6477314255164991,-0.202531234331158,0.40395521202503337,0.0,2.3820446497165357,2.203086590410481,36.871685559624915,37.74476452123615,0.0
7.315,0.6461729438052618,-0.19525244494686028,0.8321371309405885,0.0,2.3836013003867733,2.243876219060887,37.77247979739552,37.74476452123615,0.0
7.316,0.6657450075649929,-0.20101419472989607,0.3814628592936925,0.0,2.3897878292250048,2.224718049012279,37.21809547137271,37.74476452123615,0.0
7.317,0.6614221416826642,-0.19818802046045286,0.6639217128037298,0.0,2.3930713915070836,2.2443428013395827,37.31230729194546,37.74476452123615,0.0
7.3180000000000005,0.6721984174682524,-0.19525112609827763,0.621140374810264,0.0,2.3976942761565385,2.2535742799527427,37.815065361520425,37.74476452123615,0.0
7.319,0.6776990625551814,-0.19844948114241287,0.36905833161993806,0.0,2.4031592082008415,2.2345463795968254,36.928287520905016,37.74476452123615,0.0
7.32,0.6716387397510738,-0.1897128184340936,0.8206120219309538,0.0,2.405181840556766,2.2708811308063668,37.67623931484936,37.74476452123615,0.0
7.321,0.6878224958646686,-0.19302504084517158,0.447321377022649,0.0,2.411087395890354,2.2563663458869856,37.138632570078315,37.74476452123615,0.0
7.322,0.6848115618278341,-0.19030007943139363,0.7221860689197508,0.0,2.4146180492190177,2.2783546578558536,37.406902676542046,37.74476452123615,0.0
7.323,0.6970075560842629,-0.18836124297933052,0.5914296341348261,0.0,2.4198084460161144,2.279993680506813,37.563872042942734,37.74476452123615,0.0
7.324,0.6991704775303319,-0.19018560340293433,0.5147538757174164,0.0,2.4248637734097134,2.274745110077816,36.87093308886854,37.74476452123615,0.0
7.325,0.6998893095229263,-0.1826007836282438,0.8699616670781893,0.0,2.4280361372416017,2.310309101760214,37.795058059760464,37.74476452123615,0.0
7.3260000000000005,0.7165198925091266,-0.1883792159608224,0.4073962462469841,0.0,2.435159139612871,2.286377480643965,36.931032131204,37.74476452123615,0.0
7.327,0.7103290449285212,-0.18164149372906457,0.8475465344255383,0.0,2.438377745866569,2.3194408068481485,37.64267262871394,37.74476452123615,0.0
7.328,0.725543516033086,-0.18331095795569713,0.4927472045957904,0.0,2.4448318424025626,2.3043547315969177,37.03560927685353,37.74476452123615,0.0
7.329,0.7218927199812408,-0.17977511827966275,0.8033704329698221,0.0,2.4487262847532048,2.3296929542206,37.52284558070247,37.74476452123615,0.0
7.33,0.7352338757672168,-0.17882046114887368,0.5619714704506862,0.0,2.454695451243523,2.3217226455591558,37.15826488551016,37.74476452123615,0.0
7.331,0.7335698858705951,-0.1777487416489092,0.7501268144041042,0.0,2.4591623276449783,2.338573812319444,37.33165809378692,37.74476452123615,0.0
7.332,0.7442882887917678,-0.17406408065407247,0.6675612745402147,0.0,2.464473037567884,2.342027122998991,37.37058961445814,37.74476452123615,0.0
7.333,0.7469234440499825,-0.17577153150124464,0.651837263272385,0.0,2.4698226737695905,2.3445795047128613,37.03760187665624,37.74476452123615,0.0
7.3340000000000005,0.752233328099802,-0.16918872674110483,0.8254027586191344,0.0,2.4741514014904267,2.366103320783436,37.56627523159107,37.74476452123615,0.0
7.335,0.7624010819616878,-0.1737568541240106,0.5628509740481695,0.0,2.4807679601059576,2.354225922678454,36.87749124192588,37.74476452123615,0.0
7.336,0.7620571905671721,-0.1662982532147087,0.915915701673867,0.0,2.4846689956755847,2.385800063722076,37.671526187269855,37.74476452123615,0.0
7.337,0.7765593301153921,-0.1708470076435007,0.5196306123415432,0.0,2.491912290788872,2.3658862128512377,36.794934818600595,37.74476452123615,0.0
7.338,0.7727207277813556,-0.1630466392302869,0.9674245937025286,0.0,2.495536343234005,2.402475533074068,37.71787932670883,37.74476452123615,0.0
7.339,0.7892662225496642,-0.16750032865524028,0.5062211915936831,0.0,2.503024831977785,2.378699622025692,36.69612978641562,37.74476452123615,0.0
7.34,0.7838200304374594,-0.15943892229490436,1.0275823090884955,0.0,2.506455589148463,2.420776443982075,37.730372395370146,37.74476452123615,0.0
7.341,0.8027686715344302,-0.16482883355373285,0.5106049258698914,0.0,2.5144244570997856,2.394768723689104,36.68548265052728,37.74476452123615,0.0
7.3420000000000005,0.7970687025548506,-0.15642637226920253,1.0436426169984148,0.0,2.5180174963727926,2.43677906507561,37.707797729441594,37.74476452123615,0.0
7.343,0.8157236199802339,-0.1619535618465916,0.5328547454592016,0.0,2.5261442813235067,2.411321592863579,36.698680959509375,37.74476452123615,0.0
7.344,0.810536064207214,-0.1531320204994474,1.0478739660425793,0.0,2.529886999113988,2.451739719656672,37.66277734066524,37.74476452123615,0.0
7.345,0.8282107140156105,-0.15877912783492998,0.5666456472703574,0.0,2.5380066550251037,2.428408911242072,36.738875796901546,30.264061124026075,0.0
7.346,0.824238592795264,-0.14971130231893678,-2.7765034261815895,0.0,2.5419273326235348,2.0459027142003743,34.377483006645605,30.264061124026075,0.0
7.347,0.6380105834412703,-0.04849978473236809,-1.6369412498798142,0.0,2.49616273407859,1.8812678945671393,33.17300919676787,30.264061124026075,0.0
7.348,0.5039278023384595,0.023406319134266426,-1.0637938256683657,0.0,2.431613557175352,1.7930575177707448,31.940144053244683,30.264061124026075,0.0
7.349,0.43005746255396327,0.06015825074845565,-0.4641220831989575,0.0,2.3613746088439034,1.7742305879584521,31.098659615548925,30.264061124026075,0.0
7.3500000000000005,0.41308709689443707,0.06486882692831143,-0.051725849266306856,0.0,2.2961262183007283,1.790757361426845,30.62822379026296,30.264061124026075,0.0
7.351,0.4326809837409637,0.049600757409548765,0.17985043671430634,0.0,2.2407819375675726,1.8181310164029083,30.21795503425696,30.264061124026075,0.0
7.352,0.46934321241722193,0.027841834870718597,0.3854458756149981,0.0,2.1959502511894224,1.8536957069413962,30.114696587056752,30.264061124026075,0.0
7.353,0.5118461654964611,0.0009591253080731971,0.4385687445847952,0.0,2.1618977113294395,1.8806996184339382,29.903357237303407,30.264061124026075,0.0
7.354,0.5516234433167815,-0.019994728806969876,0.5478454583286945,0.0,2.1359869134617364,1.9091366235839158,29.725646055345152,30.264061124026075,0.0
7.355,0.5873365166831411,-0.0402315607882042,0.6420851999946312,0.0,2.1175274088725873,1.9378817875858423,29.727251254356727,30.264061124026075,0.0
7.356,0.6212865192323256,-0.056238152534953435,0.6466506991855372,0.0,2.105346727914876,1.9580889226762552,29.4781601120792,30.264061124026075,0.0
7.357,0.6467280737819803,-0.0708019053581104,0.7790552804437703,0.0,2.097846775455056,1.9871170541333822,29.916007677452644,30.264061124026075,0.0
7.3580000000000005,0.6744068725259256,-0.08225590928669388,0.5636120322227818,0.0,2.0951139342908442,1.9846793217655856,29.2946712885081,30.264061124026075,0.0
7.359,0.6855314687098062,-0.08516933241698516,0.8839741250502342,0.0,2.0926165405113193,2.0186594236185895,29.79103670608576,30.264061124026075,0.0
7.36,0.7070802079853195,-0.09593151214242338,0.6405216604408073,0.0,2.0949216018335424,2.0167492685145616,29.563365542312113,30.264061124026075,0.0
7.361,0.7167279288230302,-0.09467127283136206,0.7613641981447699,0.0,2.096558893391671,2.0301420769472966,29.43164932267807,30.264061124026075,0.0
7.362,0.7255706074763153,-0.09979043601489779,0.8355464259752716,0.0,2.0999474469805577,2.0484347359334016,29.957004315017407,30.264061124026075,0.0
7.363,0.7399852760902628,-0.10151854506146796,0.5759394978956893,0.0,2.1049653114724545,2.034441213251725,29.263726220609534,30.264061124026075,0.0
7.364,0.7384885660387362,-0.09669360078324779,0.9325818941337912,0.0,2.107534012285925,2.0644843469461995,29.7732750149574,30.264061124026075,0.0
7.365,0.752131329262708,-0.10282273531308275,0.6827153580505457,0.0,2.113572610628559,2.0592126233658834,29.709043596924456,30.264061124026075,0.0
7.3660000000000005,0.7566196052346249,-0.09778071749346844,0.7203812423380334,0.0,2.1178642634734413,2.061356561885647,29.273987686746946,30.264061124026075,0.0
7.367,0.7577270681958125,-0.09775740677916797,0.9478099317995798,0.0,2.121989000885436,2.088278830669807,29.973264693007035,30.264061124026075,0.0
7.368,0.7723645608073458,-0.10134948459950505,0.6010793929797255,0.0,2.1287888531020265,2.070907650594294,29.4904651687736,30.264061124026075,0.0
7.369,0.770177883219226,-0.09386580699662402,0.8502151146489678,0.0,2.1323124767748873,2.0872127179806155,29.501260931835013,30.264061124026075,0.0
7.37,0.7759910755028289,-0.096633792438782,0.852445235040172,0.0,2.13749355999376,2.0993322790948534,29.98628691194254,30.264061124026075,0.0
7.371,0.7858620569654324,-0.09574348683881143,0.6127099871072443,0.0,2.1432428775317507,2.08333713790497,29.33809414559678,30.264061124026075,0.0
7.372,0.7819426267702505,-0.08879045975072204,0.9460660400644163,0.0,2.146061819273263,2.1091128080285877,29.599611860172786,30.264061124026075,0.0
7.373,0.7923982619493964,-0.09355490438111863,0.8219516754149467,0.0,2.1517700530332116,2.114417350501324,29.96540284903639,30.264061124026075,0.0
7.3740000000000006,0.8006790399311422,-0.09139248285790808,0.6420427637330413,0.0,2.1571524068505825,2.1004070962380657,29.28073923629779,30.264061124026075,0.0
7.375,0.7968961995670086,-0.0851935100281051,0.9942077889796239,0.0,2.1599352370638427,2.1293722648966864,29.607008279277604,30.264061124026075,0.0
7.376,0.8092053707107907,-0.09074788296733317,0.837643795937202,0.0,2.166009271873253,2.1335836729941806,29.96470893511221,30.264061124026075,0.0
7.377,0.8175529018202363,-0.0885883506957287,0.6617869899090378,0.0,2.1716039517322017,2.119407598319593,29.311830379605553,30.264061124026075,0.0
7.378,0.8138428234272307,-0.08206436148644947,0.9977485751065716,0.0,2.1745255126474934,2.1464145254646922,29.53093790248576,30.264061124026075,0.0
7.3790000000000004,0.8251687484603083,-0.08712267533863219,0.8955260458818708,0.0,2.1804772646015977,2.155125869382551,29.989019414461335,30.264061124026075,0.0
7.38,0.8350849982807104,-0.08653217903983265,0.6692357069897308,0.0,2.1865894380206887,2.1387140138882326,29.434100529786047,30.264061124026075,0.0
7.381,0.8313752055876308,-0.07888049016235427,0.9549947552697753,0.0,2.189613427734904,2.158758199679424,29.444107326894393,30.264061124026075,0.0
7.382000000000001,0.8388771821390487,-0.08254373525313333,0.958190894686919,0.0,2.1948189109055765,2.173732035368416,30.12270883432468,30.264061124026075,0.0
7.383,0.8483844253831322,-0.0871199077811544,0.6203036638687895,0.0,2.201467975855256,2.1495587020300757,29.842152314080128,30.264061124026075,0.0
7.384,0.8395336153961908,-0.08114850805712438,0.7648010120905251,0.0,2.20433218528121,2.1488098506641142,29.581968686132342,30.264061124026075,0.0
7.385,0.8336530372579566,-0.08257965325659912,0.9017137504433553,0.0,2.2070522285971546,2.1625960886092743,30.288553895013006,30.264061124026075,0.0
7.386,0.8377810113829466,-0.08737130271613115,0.5481762182931538,0.0,2.211391661364575,2.13450456823633,30.10235849957845,30.264061124026075,0.0
7.3870000000000005,0.825885774804587,-0.08042156282734009,0.642890942254908,0.0,2.2116756109355973,2.124959893899588,29.731762713449164,30.264061124026075,0.0
7.388,0.8153556977379867,-0.0795265143630157,0.83351181942532,0.0,2.2109477401836544,2.1374585873142933,30.354151351285225,30.264061124026075,0.0
7.389,0.8175845813854484,-0.08451747890189695,0.5214165982346984,0.0,2.2121004824322963,2.1120474632377726,30.19500912358972,30.264061124026075,0.0
7.390000000000001,0.8071529145566289,-0.07877897558536555,0.6016782320868141,0.0,2.2099156930382153,2.1024122299170536,29.830100058339873,30.264061124026075,0.0
7.391,0.797653291546442,-0.07887925769798425,0.7884723753685997,0.0,2.2070542753170246,2.1142074222743057,30.44303507087184,30.264061124026075,0.0
7.392,0.8005321039760825,-0.08428468850037751,0.4802151296341587,0.0,2.2062521131708137,2.0883490495627433,30.167502019306543,30.264061124026075,0.0
7.393,0.7904290345418069,-0.07919001741100715,0.6189472464640026,0.0,2.202329861840214,2.0844795289784117,29.91888806026612,30.264061124026075,0.0
7.394,0.7840533284650042,-0.08170687025222285,0.7467059566218135,0.0,2.198740684107668,2.093871169242619,30.56994572586837,30.264061124026075,0.0
7.3950000000000005,0.7876985882744473,-0.08639623506837855,0.4181182778022663,0.0,2.1969402497761625,2.064077760295616,30.05049561951098,30.264061124026075,0.0
7.396,0.7755622827382439,-0.08124512768188148,0.679978986026112,0.0,2.1917270025224314,2.0705456497100583,30.106115384687463,30.264061124026075,0.0
7.397,0.7736875781713395,-0.08679087216611615,0.6537485608312561,0.0,2.188343411902648,2.070426326051008,30.561914907824356,30.264061124026075,0.0
7.398000000000001,0.775396989355142,-0.0880909748841132,0.42287026142482687,0.0,2.1853738018330744,2.0446394847372376,29.91913866840086,30.264061124026075,0.0
7.399,0.7632632778623442,-0.08553696863912655,0.7477076056928277,0.0,2.179828526924954,2.0605270597874776,30.4065574147948,30.264061124026075,0.0
7.4,0.7669831332307121,-0.09286179768033537,0.5025732695881694,0.0,2.177257808269652,2.043527678222241,30.23779718990247,30.264061124026075,0.0
7.401,0.7621860966180803,-0.09042037325393792,0.587216021375571,0.0,2.1729024183460406,2.0402980815867315,30.02923692400871,30.264061124026075,0.0
7.402,0.7578960198397429,-0.09446538895894153,0.6938443963226242,0.0,2.169128973723053,2.0482625374282044,30.663561594452418,30.264061124026075,0.0
7.4030000000000005,0.7621986965112002,-0.09821706746357411,0.3726870563965071,0.0,2.166901553624973,2.0181434168802443,29.976067065764642,30.264061124026075,0.0
7.404,0.7492201529074533,-0.09425531486776982,0.7193142613230091,0.0,2.161411653911319,2.033624698881576,30.457865454847802,30.264061124026075,0.0
7.405,0.7521328758659208,-0.1013281958797719,0.47647702347321197,0.0,2.1588365068064417,2.0163803095371957,30.22915145563877,30.264061124026075,0.0
7.406000000000001,0.7468589946061686,-0.09867101730511241,0.5911831197616004,0.0,2.154431417024281,2.0162581415551455,30.17186112790394,30.264061124026075,0.0
7.407,0.74375940184743,-0.10361439703772489,0.6207502835902365,0.0,2.151024962978466,2.018101224842213,30.60141847360818,30.264061124026075,0.0
7.408,0.7459613712076423,-0.10493706817989405,0.4025980372422957,0.0,2.1482395226942526,1.9948537231022223,29.98677790875066,30.264061124026075,0.0
7.409,0.7346251516386972,-0.1037203996868159,0.71269115182381,0.0,2.1432608160188,2.0112131964214415,30.664584930391104,30.264061124026075,0.0
7.41,0.7394800487080564,-0.10998061651527415,0.3697824029399379,0.0,2.141116717878876,1.9839705573448332,30.076805247730263,30.264061124026075,0.0
7.4110000000000005,0.7289028678711451,-0.10600096012386948,0.6655448030333165,0.0,2.1359624012739453,1.9964127627237576,30.52652012481415,30.264061124026075,0.0
7.412,0.7307799410132441,-0.11267171318980804,0.4380627744834915,0.0,2.133341316268567,1.9788024189088815,30.216359695531555,30.264061124026075,0.0
7.413,0.724828808163055,-0.10978005034284603,0.5936200034097352,0.0,2.1288365149384134,1.9827505117872828,30.39254502300433,30.264061124026075,0.0
7.414000000000001,0.7235308193385965,-0.11547550269818947,0.5042425006835645,0.0,2.125832419416672,1.974549485097875,30.373841696289034,30.264061124026075,0.0
7.415,0.72141376153026,-0.11413219258741947,0.5124963583185834,0.0,2.122103912142427,1.9688897473630207,30.252392718346524,30.264061124026075,0.0
7.416,0.7164803806592073,-0.11798076157170283,0.5733375313466339,0.0,2.1186190575114994,1.9705546244486956,30.575311013783278,30.264061124026075,0.0
7.417,0.7178196499697309,-0.118821111129784,0.408765884730685,0.0,2.115703128813778,1.9527965820718065,30.103071950030866,30.264061124026075,0.0
7.418,0.7084106698708156,-0.11945916740005753,0.6464953083468428,0.0,2.111364771442289,1.9653670846307567,30.739867089126268,30.264061124026075,0.0
7.4190000000000005,0.712880518502632,-0.12343357411177533,0.3233396791481403,0.0,2.10914810423943,1.9377365145981555,30.067830707876325,30.264061124026075,0.0
7.42,0.7005710281831192,-0.12077130222566962,0.6613201739346088,0.0,2.104057452779009,1.954455487988492,30.75040084436276,30.264061124026075,0.0
7.421,0.705219653529307,-0.126435336350259,0.31517170848802556,0.0,2.1017974302762292,1.926902919055488,30.089035762668658,30.264061124026075,0.0
7.422000000000001,0.6937146266024393,-0.1231330816161426,0.6476045029486499,0.0,2.096588264768428,1.9432207360260574,30.732806780566595,30.264061124026075,0.0
7.423,0.6980838186144692,-0.12916109404210474,0.3210315374342765,0.0,2.09422790142266,1.9175428392070115,30.104389478791454,30.264061124026075,0.0
7.424,0.6875759337829218,-0.1261588499986957,0.636836904774193,0.0,2.089145257760531,1.9334005750494179,30.736714193575143,30.264061124026075,0.0
7.425,0.6920297724614964,-0.13215119757436541,0.3159480166868579,0.0,2.0868458327226134,1.9081134404754063,30.110830538971193,30.264061124026075,0.0
7.426,0.681610148909916,-0.12938078508418843,0.6304221498393816,0.0,2.0818829678814095,1.9241168173601149,30.751856018394086,30.264061124026075,0.0
7.4270000000000005,0.6862996275178237,-0.13513591510996528,0.30503146118425484,0.0,2.079677495640534,1.898465814106256,30.115757078619946,30.264061124026075,0.0
7.428,0.6755125135507923,-0.132561469630523,0.624563971525386,0.0,2.074786729995365,1.9147953243002256,30.76500844839815,30.264061124026075,0.0
7.429,0.6804619182492754,-0.13795748214819453,0.29492881339256416,0.0,2.0726372977658465,1.888895308755755,30.12426682793902,30.264061124026075,0.0
7.43,0.6693237910830814,-0.1356771490991521,0.6166975665829986,0.0,2.0678080104442627,1.9053359540103227,30.772211498612464,30.264061124026075,0.0
7.431,0.6744728086145491,-0.1406307951938593,0.28764372750041334,0.0,2.0656734207812013,1.879558222976162,30.14222836318724,30.264061124026075,0.0
7.432,0.6631282463333584,-0.13876571669426838,0.6038536228214136,0.0,2.060919821885129,1.895517824981494,30.764848238442664,30.264061124026075,0.0
7.433,0.6682556969461004,-0.14312962390534814,0.28753581404953577,0.0,2.05873622365741,1.8707715837883547,30.184396837479152,30.264061124026075,0.0
7.434,0.6570981579523818,-0.14185178066209636,0.5785581573967608,0.0,2.0541121593042817,1.8847358465431072,30.735087011987684,30.264061124026075,0.0
7.4350000000000005,0.6615613013992226,-0.1453419839702239,0.2985028112628789,0.0,2.0517436284582686,1.8625224439097834,30.245818419546033,30.264061124026075,0.0
7.436,0.6511581962578181,-0.14490349527057572,0.5433195345285045,0.0,2.047307474643481,1.8732128944757704,30.67888884654294,30.264061124026075,0.0
7.437,0.6544989969917183,-0.1473143269982204,0.32263604380488276,0.0,2.0446535576438087,1.8551958142592833,30.326895686644722,30.264061124026075,0.0
7.438,0.6455286684808563,-0.1480821133350828,0.4980042781278051,0.0,2.0405236725022324,1.8612325351907684,30.576581742437984,30.264061124026075,0.0
7.439,0.6472877114469044,-0.1491718641757248,0.37003604404705503,0.0,2.037522642697065,1.850139209411462,30.465409363433622,30.264061124026075,0.0
7.44,0.640946964456499,-0.15175699993783198,0.4236087511551605,0.0,2.033985850719909,1.8477428659508737,30.38275127591757,30.264061124026075,0.0
7.441,0.6394267491046488,-0.15109802130750594,0.46375089339427134,0.0,2.0304647645874523,1.8492162024326486,30.75325552035968,30.264061124026075,0.0
7.442,0.6385086842435894,-0.15574945657959066,0.2736068272098805,0.0,2.027961368382652,1.828958612931525,30.232027839918718,30.264061124026075,0.0
7.4430000000000005,0.6289770431807432,-0.15274901582013456,0.534541000271435,0.0,2.0233059900119583,1.8421199423269508,30.775457565667377,30.264061124026075,0.0
7.444,0.632757131411316,-0.15680029829786768,0.2577121729806924,0.0,2.0209079278980213,1.8199279620971762,30.298485047471544,30.264061124026075,0.0
7.445,0.6223005025544865,-0.15603531358255035,0.4958541928441541,0.0,2.016405812829039,1.8298673141934299,30.614935477263312,30.264061124026075,0.0
7.446,0.6252951945751348,-0.1578823155318535,0.3341202344158978,0.0,2.0135586645381562,1.817756381536578,30.49290853843003,30.264061124026075,0.0
7.447,0.6188897215952994,-0.16025771824130808,0.3928452296884998,0.0,2.0100279620892243,1.8153834653285807,30.34746837039246,30.264061124026075,0.0
7.448,0.617190376431628,-0.1596578922036551,0.4647312412436211,0.0,2.006523303373149,1.8203378550530325,30.822385884593636,30.264061124026075,0.0
7.449,0.6183210403299708,-0.16433241564989676,0.22168923653735684,0.0,2.004384745340589,1.7968514928197363,30.263448503652345,30.264061124026075,0.0
7.45,0.6070766568013741,-0.16169547004668589,0.5011640532117397,0.0,1.9997745976371406,1.8099207497148877,30.68246820702185,30.264061124026075,0.0
7.4510000000000005,0.6109546261924527,-0.16427494622149058,0.2874701306970302,0.0,1.997242502228812,1.7943819660385132,30.47895886637421,30.264061124026075,0.0
7.452,0.6031353131553181,-0.165819577544455,0.38707582359736814,0.0,1.9935538526774572,1.794136320761123,30.36132739125735,30.264061124026075,0.0
7.453,0.601960083397058,-0.16545407195738618,0.44491889848348487,0.0,1.990153851625692,1.7989641385078423,30.833671092959005,30.264061124026075,0.0
7.454,0.6032580278933236,-0.1699401519256586,0.20305094794332867,0.0,1.988073756306156,1.7756307428742637,30.297266950855047,30.264061124026075,0.0
7.455,0.591926038113646,-0.16753079415523303,0.47092096072701795,0.0,1.9835584408007851,1.7875665565044236,30.61788968540552,30.264061124026075,0.0
7.456,0.5953139686140542,-0.1695536498347702,0.3070713078379874,0.0,1.9809348459114218,1.7766691030225592,30.580773600516604,30.264061124026075,0.0
7.457,0.5895832726603705,-0.17206626114508333,0.3224622255175395,0.0,1.9777400238501466,1.7705947887334939,30.296724633436927,30.264061124026075,0.0
7.458,0.5858249797174822,-0.17100983207128884,0.4641600739632695,0.0,1.974115919254872,1.7805973830836248,30.79855342781046,30.264061124026075,0.0
7.4590000000000005,0.589606149383201,-0.17500651098925732,0.2079007537386588,0.0,1.9723046835258526,1.7591782922373917,30.425315917878642,30.264061124026075,0.0
7.46,0.5791728585752013,-0.17436229492449415,0.39290696076604265,0.0,1.9684218317288087,1.7638187365636757,30.42748340677066,30.264061124026075,0.0
7.461,0.5794032618604719,-0.1744691600138716,0.3901889934925885,0.0,1.9654095068645767,1.7653281355378136,30.83091396295558,30.264061124026075,0.0
7.462,0.5792620515915191,-0.17844538215500877,0.18280518701083226,0.0,1.963285670168812,1.7436181602502934,30.328144898020025,30.264061124026075,0.0
7.463,0.5683160876672717,-0.175920456274936,0.4335488817386709,0.0,1.9588857155456534,1.754725087235806,30.555158510688937,30.264061124026075,0.0
7.464,0.5713815793573458,-0.17755245716708942,0.31713110153758606,0.0,1.956241218440299,1.7485212695659036,30.702259311001615,30.264061124026075,0.0
7.465,0.5679370445765213,-0.1808082945815154,0.23919871951149146,0.0,1.9535826113851549,1.7356745534743871,30.303779829683563,30.264061124026075,0.0
7.466,0.5609817319894728,-0.17905880698290863,0.4380412731139426,0.0,1.949680191416383,1.7472292920398063,30.649221377697316,30.264061124026075,0.0
7.4670000000000005,0.5652267524645376,-0.18163414235292907,0.2614688965703539,0.0,1.9476242690677186,1.735290422417858,30.63411997548121,30.264061124026075,0.0
7.468,0.5591836665511797,-0.18370948589961228,0.2653190091638561,0.0,1.9447825864281607,1.727236273329181,30.30318216712744,30.264061124026075,0.0
7.469,0.5539127979140811,-0.18231016324316027,0.4303967029097275,0.0,1.9412449782160142,1.7383427807624727,30.70035563670514,30.264061124026075,0.0
7.47,0.5582345944912132,-0.18519127309018377,0.22744702299408603,0.0,1.9395026968781488,1.7234815285931866,30.61217445447893,30.264061124026075,0.0
7.471,0.5507570192905916,-0.1864170064421606,0.26805648080266326,0.0,1.936554538027389,1.7172944619029826,30.310647018887877,30.264061124026075,0.0
7.472,0.5459475225830324,-0.18507237676359642,0.41835433964957086,0.0,1.9331223217945215,1.7280122247776215,30.705805277301472,30.264061124026075,0.0
7.473,0.550130682990573,-0.18796245895210395,0.21635776891001945,0.0,1.931436458809927,1.7130841457597854,30.620706208442055,30.264061124026075,0.0
7.474,0.5426124183850145,-0.1890073350468917,0.25534085249556826,0.0,1.92851240977055,1.7066572339577661,30.31690325617556,30.264061124026075,0.0
7.4750000000000005,0.5375899762701718,-0.1876127305962402,0.40671390730732054,0.0,1.9250742192043893,1.7173190996120251,30.67385126689894,30.264061124026075,0.0
7.476,0.5417745257144996,-0.1902271090774267,0.22414200051690253,0.0,1.9233475619377072,1.7044637944891543,30.664793789407828,30.264061124026075,0.0
7.477,0.5352612702603877,-0.19170494629161866,0.22466341260864098,0.0,1.9206444581941553,1.6953627321442934,30.328313798660798,30.264061124026075,0.0
7.478,0.5290385971416944,-0.1900528458398206,0.3922608812358087,0.0,1.9171050491686328,1.70595133457615,30.58398296251844,30.264061124026075,0.0
7.479,0.533002705474811,-0.1921039697919922,0.2612270809220635,0.0,1.9152205859281062,1.6985391644936545,30.745918563864944,30.264061124026075,0.0
7.48,0.5292057669805726,-0.1946063630145542,0.17544070585042326,0.0,1.913038104018342,1.684010906158311,30.37227199524252,30.264061124026075,0.0
7.481,0.5207793408132451,-0.19252128921886932,0.3611818814494703,0.0,1.9093666624162684,1.6928955560255998,30.47111420186768,30.264061124026075,0.0
7.482,0.5232878095231355,-0.1936645861240618,0.3096902473584738,0.0,1.9070974433586598,1.6926429094201918,30.81028499195058,30.264061124026075,0.0
7.4830000000000005,0.5230222284791688,-0.1968844244452672,0.1346426136377788,0.0,1.9053726307925518,1.6735025808031319,30.434365725669647,30.264061124026075,0.0
7.484,0.5129078045627841,-0.1948375623913297,0.32089920076181044,0.0,1.9016489134122034,1.6794524355323805,30.378811841407366,30.264061124026075,0.0
7.485,0.5133846948374372,-0.19517349236718548,0.34752863571913806,0.0,1.8989499741606979,1.6853480028553605,30.763801164379647,30.264061124026075,0.0
7.486,0.5162303807241644,-0.19839817613114158,0.15003657382946184,0.0,1.8974618414809177,1.66808544181866,30.549131138066237,30.264061124026075,0.0
7.487,0.5074556421281968,-0.19794981752434063,0.25452088684576524,0.0,1.894314699681058,1.6668621967727648,30.332186847948797,30.264061124026075,0.0
7.488,0.5045557454693292,-0.19724344468622995,0.3623117746652576,0.0,1.8912867301304712,1.676489957827971,30.600859150847434,30.264061124026075,0.0
7.489,0.5088225716562689,-0.19971838512185694,0.22460764294772584,0.0,1.8898036408167624,1.6681284326083219,30.699420455115142,30.264061124026075,0.0
7.49,0.5047215582600342,-0.20163295546627358,0.17097339750298113,0.0,1.88781856124599,1.6564258050329754,30.394293307375545,30.264061124026075,0.0
7.4910000000000005,0.4974401082208635,-0.2000349562401434,0.322234649539285,0.0,1.8846668012564416,1.663629961806874,30.41546905656252,30.264061124026075,0.0
7.492,0.4992885757232874,-0.2009090250289335,0.31013269562043205,0.0,1.8826627605022659,1.666678553527332,30.75310943934126,30.264061124026075,0.0
7.493,0.5008290416652019,-0.20379157747239632,0.13642202107791168,0.0,1.881472323076447,1.6500837607612517,30.53919579381156,30.264061124026075,0.0
7.494,0.49210950536172426,-0.20273799833463643,0.24062749714490533,0.0,1.8785967308870133,1.6492036662947942,30.36587939810942,30.264061124026075,0.0
7.495,0.4892220491091359,-0.2019503820658471,0.32626751225514244,0.0,1.8758445864716888,1.6567327937822456,30.55286463307525,30.264061124026075,0.0
7.496,0.4923420274409376,-0.20380058914290458,0.22988685968173667,0.0,1.8743319681878055,1.6514034499662176,30.68097390032058,30.264061124026075,0.0
7.497,0.4895757211524757,-0.20570987414583397,0.16166309829612568,0.0,1.872629196630259,1.6402504649517697,30.454129640280836,30.264061124026075,0.0
7.498,0.48278600502988867,-0.20447235176341624,0.27318454315345014,0.0,1.8698261834149275,1.643711303541774,30.419908058465207,30.264061124026075,0.0
7.4990000000000006,0.4826629219166003,-0.20477336842466753,0.2887368647168734,0.0,1.8676950424366914,1.6470869398558836,30.627100267016043,30.264061124026075,0.0
7.5,0.48414025208941774,-0.20662275858992674,0.1815103690115556,0.0,1.8663150019392565,1.6377977235473973,30.627947749881972,30.264061124026075,0.0
7.501,0.47894919674425673,-0.2071661390803606,0.1774477613200322,0.0,1.8641853218130109,1.6305105923206968,30.421680296335982,30.264061124026075,0.0
7.502,0.47380594828726036,-0.20550402816702779,0.2790052963699284,0.0,1.8613516305713484,1.6354650079132642,30.328160126112643,30.264061124026075,0.0
7.503,0.4746344926791186,-0.20669602435573842,0.32512439146073235,0.0,1.8594444907030008,1.643555565564223,30.61829767774895,30.264061124026075,0.0
7.5040000000000004,0.47864620513461353,-0.2101248200178423,0.17651325010535057,0.0,1.8589023681475279,1.6334049340370658,30.613144864289662,30.264061124026075,0.0
7.505,0.4740521774912393,-0.21029721250141922,0.17559881943235794,0.0,1.8573840699114594,1.6261461376119273,30.481876980891364,30.264061124026075,0.0
7.506,0.4688119737834316,-0.2086653651307274,0.23905460256285394,0.0,1.8551104947208723,1.6269811535882066,30.489501817775007,30.264061124026075,0.0
7.507000000000001,0.46729946411228107,-0.20892017214663003,0.23298777718354308,0.0,1.8531921258924273,1.6263173758515173,30.597028329628124,30.264061124026075,0.0
7.508,0.4662072043452521,-0.20963506170894597,0.17589484920096443,0.0,1.8514753059548543,1.619413608659024,30.508881469076677,30.264061124026075,0.0
7.509,0.46203927813974655,-0.2090884438422,0.21752007602618195,0.0,1.8491725144308235,1.618625789707558,30.489588507233155,30.264061124026075,0.0
7.51,0.46015730207396577,-0.20926565572619188,0.22491128311587227,0.0,1.847046179649956,1.6182485921156293,30.494430446912414,30.264061124026075,0.0
7.511,0.45913910197542135,-0.21000988490200556,0.2201866200473791,0.0,1.8451748516784827,1.617196038046559,30.492518764452022,30.264061124026075,0.0
7.5120000000000005,0.4580140922076005,-0.21078540851816208,0.2188578848733156,0.0,1.8434632664032677,1.61607626142226,30.480491218827808,30.264061124026075,0.0
7.513,0.4568353666084696,-0.211412286029393,0.22270735673740527,0.0,1.8418720632832188,1.6154524429078871,30.470342048640475,30.264061124026075,0.0
7.514,0.45583286514346755,-0.2121093035608157,0.2257191325849277,0.0,1.840448001777081,1.6151231744626906,30.46150747525969,30.264061124026075,0.0
7.515000000000001,0.454993797727242,-0.2128734859902042,0.22816195576298398,0.0,1.839210509468956,1.6150052919036464,30.384297970431543,30.264061124026075,0.0
7.516,0.4542324766018394,-0.21374122357139022,0.26556433971300286,0.0,1.838172787445376,1.6189406370220483,30.489861736800176,30.264061124026075,0.0
7.517,0.4559977652113961,-0.21463990637056962,0.21052445040094553,0.0,1.837722549868092,1.61574846880412,30.64097743298225,30.264061124026075,0.0
7.518,0.45403608161431186,-0.2154026250648381,0.1311974392203465,0.0,1.837073031455121,1.6048883593952852,30.523325403621232,30.264061124026075,0.0
7.519,0.4472502376168469,-0.21374794743929235,0.187430811104904,0.0,1.8352128122168114,1.6027550761088953,30.370310001448466,30.264061124026075,0.0
7.5200000000000005,0.4438576485053468,-0.21262091575757106,0.2628760234170631,0.0,1.83321785986496,1.6086910652250952,30.367448020993134,30.264061124026075,0.0
7.521,0.4459257823699272,-0.21336468307571507,0.26327314467505863,0.0,1.8321090863817266,1.6128617707935287,30.650261566014493,30.264061124026075,0.0
7.522,0.4482233662255987,-0.21538519746440088,0.11800436774449513,0.0,1.8317430797132335,1.6002889388963752,30.610804659208142,30.264061124026075,0.0
7.523000000000001,0.4415998881062171,-0.21455257156365057,0.13426538579584962,0.0,1.8300445965289052,1.592929747708732,30.37093069670737,30.264061124026075,0.0
7.524,0.4356426329831494,-0.21239251465952347,0.25313367131942344,0.0,1.8275507625437992,1.5996385918308433,30.31676194808775,30.264061124026075,0.0
7.525,0.4373733378724046,-0.2128494555504249,0.2796910373886169,0.0,1.826049060436455,1.606909845465559,30.551146772357836,30.264061124026075,0.0
7.526,0.44154846604812453,-0.21492986960461055,0.15962776877025564,0.0,1.8256489300403684,1.5993893132669212,30.63835486031297,30.264061124026075,0.0
7.527,0.4379928461234621,-0.215577353027801,0.11228078742982,0.0,1.8245871785000358,1.589006155460744,30.405679885660994,30.264061124026075,0.0
7.5280000000000005,0.4312366025821346,-0.21356087190027606,0.22720208713945805,0.0,1.8223649985748591,1.593377581652915,30.2776024015585,30.264061124026075,0.0
7.529,0.4315367996912963,-0.2132735829222139,0.29110541641538096,0.0,1.8207907422851055,1.6028692163391856,30.46036896043118,30.264061124026075,0.0
7.53,0.43647749181292006,-0.2153097494696817,0.19775905861499055,0.0,1.8205499263029565,1.5998066551147643,30.667472495830232,30.264061124026075,0.0
7.531000000000001,0.43550575062882335,-0.21674211957755118,0.0901731771974224,0.0,1.8201641348429711,1.5862815834881085,30.445828775405733,30.264061124026075,0.0
7.532,0.42772431290425555,-0.21454343102618154,0.1991773608958753,0.0,1.818208235924589,1.5879829996369872,30.231329643548893,30.264061124026075,0.0
7.533,0.4262546479151539,-0.213480876344831,0.30675424162906717,0.0,1.8165231743834986,1.600145948094362,30.38116545499407,30.264061124026075,0.0
7.534,0.432130624326839,-0.21547362544785292,0.23066529259679952,0.0,1.8164527417904002,1.600817488295832,30.68320294789129,30.264061124026075,0.0
7.535,0.43342640476088046,-0.2175418477337725,0.07545512790953723,0.0,1.8166640834371799,1.585018826508941,30.50294145838065,30.264061124026075,0.0
7.5360000000000005,0.42494009245200204,-0.215359568597206,0.1631970693213105,0.0,1.815013691812711,1.582971332425903,30.220020061316323,30.264061124026075,0.0
7.537,0.4212667623948376,-0.21334554361569816,0.3050981784805721,0.0,1.813123869985785,1.5960144543653216,30.304455482198936,30.264061124026075,0.0
7.538,0.42697308490935354,-0.21496049769322403,0.26247652445753683,0.0,1.8129251277338365,1.6007924601168102,30.6420101130462,30.264061124026075,0.0
7.539000000000001,0.4305694784230094,-0.21737860374476617,0.08991971914370306,0.0,1.8134739024071256,1.5861792189623076,30.559251229193162,30.264061124026075,0.0
7.54,0.4232191702185708,-0.21591144600196902,0.12834726001855162,0.0,1.8123209070854123,1.5798792747775798,30.24805457533608,30.264061124026075,0.0
7.541,0.41755560249370455,-0.21333993687035427,0.28410565243399216,0.0,1.8103850224503488,1.5913926626037953,30.217572516799063,30.264061124026075,0.0
7.542,0.4219400785675887,-0.21410905760367366,0.2998115677747713,0.0,1.8099043834333939,1.601192261901838,30.555861865321823,30.264061124026075,0.0
7.543,0.42788106488109356,-0.21699996193897875,0.12774888610043356,0.0,1.810762076517489,1.590270219497049,30.638184408180738,30.264061124026075,0.0
7.5440000000000005,0.4230462513707889,-0.21670299876324794,0.0828463818294296,0.0,1.810380221060013,1.5778987413373504,30.30228038714704,30.264061124026075,0.0
7.545,0.4149572742583617,-0.21320660524630133,0.2504161997150692,0.0,1.8084177696772072,1.5864493698052686,30.13161285413206,30.264061124026075,0.0
7.546,0.4169774171784789,-0.21294367938239833,0.33707444892149824,0.0,1.8075126683696139,1.6015022940296273,30.458413015867446,30.264061124026075,0.0
7.547000000000001,0.42504932169868614,-0.21629143325634465,0.17173084913539222,0.0,1.808574251799989,1.5950373291642337,30.703721429938476,30.264061124026075,0.0
7.548,0.4232893194895223,-0.21695994904934426,0.04468003904075346,0.0,1.8089232395992783,1.5772771853040775,30.359191100263722,30.264061124026075,0.0
7.549,0.4131851798842028,-0.21289226991947452,0.21599390411575398,0.0,1.807007184370407,1.5825368432035556,30.08927164709434,30.264061124026075,0.0
7.55,0.4127587869690194,-0.21173267179931043,0.3527015254697627,0.0,1.805721821452451,1.6003494913130072,30.35581962145125,30.264061124026075,0.0
7.551,0.4217807548107003,-0.21481639416730874,0.21850995331705553,0.0,1.8066970650789176,1.5991275087776426,30.69703851470653,30.264061124026075,0.0
7.5520000000000005,0.4231376961628879,-0.21640655511363507,0.04357073278261053,0.0,1.807596666569617,1.5801648064508764,30.428518907637837,30.264061124026075,0.0
7.553,0.41304992548924424,-0.21297489379783835,0.17618595848083962,0.0,1.8061166533243687,1.580648625725629,30.076277365310556,30.264061124026075,0.0
7.554,0.4101325558289234,-0.21086418914911687,0.3541845672316354,0.0,1.8046351624329189,1.5994097894098847,30.26405257438014,30.264061124026075,0.0
7.555,0.41904701283115264,-0.21336535915856186,0.2602970481933022,0.0,1.8054741727465664,1.6030293104879976,30.64216570770955,30.264061124026075,0.0
7.556,0.4230554771288415,-0.21548405254104408,0.06745943569176216,0.0,1.806799278708639,1.5857457318021544,30.50058200267107,30.264061124026075,0.0
7.557,0.41438698764801873,-0.21305831691727573,0.135886079424553,0.0,1.8059754983534801,1.5807719470025925,30.125398770098382,30.264061124026075,0.0
7.558,0.4090259037057324,-0.21006280714286935,0.32486431925017395,0.0,1.804431468834934,1.5968195369298044,30.150974531361516,30.264061124026075,0.0
7.559,0.41594013017001313,-0.2112187952991312,0.3132073045452525,0.0,1.8048037150558969,1.607121735146149,30.546647233447096,30.264061124026075,0.0
7.5600000000000005,0.4227713643382581,-0.21431158233949793,0.11254509240825217,0.0,1.8064976031692759,1.5937923714810711,30.585806503324903,30.264061124026075,0.0
7.561,0.41692680955988315,-0.21326416732822298,0.08974800367636038,0.0,1.8065430225831651,1.582175488722004,30.182586460879573,30.264061124026075,0.0
7.562,0.40908096687786744,-0.2090600777341754,0.2921727715304904,0.0,1.804970236074526,1.595024128678744,30.047015197543303,30.264061124026075,0.0
7.563,0.41350420439538105,-0.209026311450655,0.3621288624634535,0.0,1.8048779188171782,1.6115365337592844,30.47019465203413,30.264061124026075,0.0
7.564,0.4227728034700148,-0.21298478835112467,0.1484777999379588,0.0,1.8068818439155052,1.6012119752958662,30.658077137198475,30.264061124026075,0.0
7.565,0.41932465120697276,-0.2127697577621854,0.05059639722406259,0.0,1.807589682523871,1.5839618042550314,30.215237336334425,30.264061124026075,0.0
7.566,0.4092908605282883,-0.20761614088086447,0.272504535533004,0.0,1.8059369726162602,1.5949653788722635,29.98749914949211,30.264061124026075,0.0
7.567,0.4119894135213164,-0.2068734193640413,0.38913924869950184,0.0,1.8055197279630963,1.6149168833662153,30.406279702337535,30.264061124026075,0.0
7.5680000000000005,0.4226566814818412,-0.21103930737107734,0.17832678649367412,0.0,1.8076050331205866,1.6073293810254237,30.66816319609423,30.264061124026075,0.0
7.569,0.42113092954074405,-0.21142744246491355,0.04334401889464495,0.0,1.8087240935084996,1.588243685013751,30.229916410538255,30.264061124026075,0.0
7.57,0.4106143684752316,-0.20630999258962132,0.2628088588075108,0.0,1.8072558774192342,1.5978109889062373,29.9532327383927,30.264061124026075,0.0
7.571,0.4124231729258486,-0.20514656413620244,0.4042589787366223,0.0,1.8068144106970205,1.6193354714933998,30.36652066578927,30.264061124026075,0.0
7.572,0.42371565307328085,-0.2092606532209086,0.196590419620705,0.0,1.8090337229895959,1.61318123167587,30.6603712486133,30.264061124026075,0.0
7.573,0.42314160542977064,-0.20988437101572005,0.04570202696281875,0.0,1.8104431481377437,1.5935193795104041,30.225109264206544,30.264061124026075,0.0
7.574,0.4125475634393429,-0.2048099314268635,0.26372253776439103,0.0,1.809181020021807,1.6026153993335626,29.92429611905593,30.264061124026075,0.0
7.575,0.41411560744082054,-0.20340950061227353,0.41752676038939907,0.0,1.8088514037060643,1.6251354384834804,30.35417928476585,30.264061124026075,0.0
7.5760000000000005,0.4258406718458886,-0.20756583009017843,0.20168399592704275,0.0,1.8112779534876031,1.61881568912518,30.658199430865352,30.264061124026075,0.0
7.577,0.4252963807783614,-0.20813919618171667,0.04573253980889819,0.0,1.8128513803304473,1.5985514598139696,30.195074916869114,30.264061124026075,0.0
7.578,0.41445412485083577,-0.20277296440769546,0.27798465887858687,0.0,1.811645022401829,1.6087654490183647,29.893053821020484,30.264061124026075,0.0
7.579,0.4165754415634425,-0.20136766697353972,0.4327052798329579,0.0,1.8114797787864951,1.63219238322608,30.366893479301627,30.264061124026075,0.0
7.58,0.4288354769717121,-0.20584643458386948,0.19475712713963073,0.0,1.8141804703649433,1.6242112059178972,30.662013932457857,30.264061124026075,0.0
7.581,0.4275613494621587,-0.20617794865189154,0.043217372477198035,0.0,1.8158046539261083,1.6032710783925772,30.139126215168897,30.264061124026075,0.0
7.582,0.4163371465028577,-0.20020172525024366,0.30591058021024964,0.0,1.8145117066637628,1.6162209534235936,29.85208121949758,30.264061124026075,0.0
7.583,0.41981849627059586,-0.19905488676080113,0.4535528770911925,0.0,1.8145766516309318,1.640865076300802,30.396285466883537,30.264061124026075,0.0
7.5840000000000005,0.4328741944374138,-0.20430532792552114,0.18012850996964,0.0,1.817688531302118,1.6300968647341536,30.651187310754228,30.264061124026075,0.0
7.585,0.4304084924080906,-0.2042150206429727,0.048806326167013026,0.0,1.8193499636367936,1.6094072499491094,30.073095095350777,30.264061124026075,0.0
7.586,0.41919810287709003,-0.19761359264619677,0.3397620941554917,0.0,1.818051037252677,1.6254795820209127,29.87464537066597,30.264061124026075,0.0
7.587,0.4243471182484173,-0.1968086230589474,0.442881114031496,0.0,1.8184667043395235,1.6475698271674437,30.429980735464653,30.264061124026075,0.0
7.588,0.43637241970927443,-0.20202319309132183,0.1635542355177686,0.0,1.821631481631771,1.634464174665755,30.537330153176953,30.264061124026075,0.0
7.589,0.4323722384010834,-0.20137551004099516,0.10714683637011005,0.0,1.8230458251087658,1.6201342929808655,29.986567194585703,30.264061124026075,0.0
7.59,0.42411252656338716,-0.19565005564148763,0.3853032549601386,0.0,1.8222624229161293,1.6394086803376076,30.003101874699198,30.264061124026075,0.0
7.591,0.4318620853049043,-0.19573957068077663,0.37964550739666014,0.0,1.8235519008767476,1.652338323741585,30.54670763734982,30.264061124026075,0.0
7.5920000000000005,0.4400139837888407,-0.1991058541543796,0.10501616093811209,0.0,1.8263747914134054,1.6331320867206036,30.34163715740734,30.264061124026075,0.0
7.593,0.4316433054976665,-0.1964896133537227,0.20677564057553835,0.0,1.8266733198714908,1.631070892276957,29.748263587564374,30.264061124026075,0.0
7.594,0.4283344961335698,-0.1928553168439497,0.508620400861639,0.0,1.8263622658313343,1.6617112612057188,30.196928419358407,30.264061124026075,0.0
7.595,0.4432842683629096,-0.19651751858777664,0.2849593120112988,0.0,1.8295855392449893,1.6599577574223228,30.71516429883119,30.264061124026075,0.0
7.596,0.4458979252172457,-0.19811188018545686,0.021330340526856034,0.0,1.8324498926972448,1.6318013508521625,30.088356551526545,30.264061124026075,0.0
7.597,0.4319681112133793,-0.19126027772109788,0.33649125990417433,0.0,1.8314425502602023,1.6456094272395618,29.72622483819803,30.264061124026075,0.0
7.598,0.4353715770269467,-0.18913409273815396,0.5229354794267128,0.0,1.8317513853821243,1.6747795373186924,30.396999757295607,30.264061124026075,0.0
7.599,0.45049714665894197,-0.19526350823720195,0.18621863354522833,0.0,1.8356418455544916,1.6605304466585298,30.531261252017856,30.264061124026075,0.0
7.6000000000000005,0.44679463755053617,-0.19480842880113258,0.11641588490418586,0.0,1.837606997750648,1.6443427088881646,29.90098645516943,30.264061124026075,0.0
7.601,0.4379818882540266,-0.18808913685295856,0.43518403001696504,0.0,1.8370222896302137,1.6666651608947993,30.051140170677062,30.264061124026075,0.0
7.602,0.44707029378885477,-0.1884511459902083,0.3622363817966395,0.0,1.8388353114470655,1.6743971220315677,30.656079174880578,30.264061124026075,0.0
7.603,0.4529166072518428,-0.1908545637884519,0.05584669918633667,0.0,1.8415009830623439,1.6480115902058345,30.068972666049067,30.264061124026075,0.0
7.604,0.44064674006239013,-0.1856203501597307,0.351350838181862,0.0,1.8406617366563784,1.6615086793652816,29.671118630410362,30.264061124026075,0.0
7.605,0.4447817089388437,-0.1835425933407055,0.5562072809373717,0.0,1.8410799126931494,1.6925737570330353,30.375022505802793,30.264061124026075,0.0
7.606,0.4610911529959817,-0.19016402903643137,0.20314572942338904,0.0,1.8453119143877381,1.6779361202860756,30.436358312192652,30.264061124026075,0.0
7.607,0.4575208413945597,-0.1898581547923556,0.1707548543467935,0.0,1.8475570917143667,1.6657088953567136,29.77522654182754,30.264061124026075,0.0
7.6080000000000005,0.45088098042633273,-0.18376831427942047,0.5062090853513355,0.0,1.847688205101414,1.6928474664047075,30.156764571916145,30.264061124026075,0.0
7.609,0.4629013866537556,-0.18552291758779083,0.3165130358281317,0.0,1.8507739690236062,1.6916755406343091,30.650688331160243,30.264061124026075,0.0
7.61,0.4646464685884128,-0.18693154737147247,0.06568488413474122,0.0,1.8535713672196603,1.6651634926915908,29.877214592680684,30.264061124026075,0.0
7.611,0.45188750143915607,-0.17952614395005695,0.4562902186879748,0.0,1.8526091401276448,1.688478194886305,29.866087329776704,30.264061124026075,0.0
7.612,0.46080355028931314,-0.1789239591846439,0.46583358808245834,0.0,1.8540824196743215,1.7054005663951972,30.5055748327526,30.264061124026075,0.0
7.613,0.4709491449464223,-0.1837489434087071,0.14367469950724487,0.0,1.8576373785295206,1.6842182623468682,30.01972998816602,30.264061124026075,0.0
7.614,0.4628455052839845,-0.18018422236324674,0.3890404331591356,0.0,1.8582782419371247,1.696714360485792,29.69264144244575,30.264061124026075,0.0
7.615,0.4678997132340167,-0.17788030332733876,0.5582989028350733,0.0,1.8598868449343666,1.7235527102082897,30.426783637683254,30.264061124026075,0.0
7.6160000000000005,0.4817840272878108,-0.1839064214279767,0.18960058007975,0.0,1.8647043347855625,1.7041419525920003,30.154445536597077,30.264061124026075,0.0
7.617,0.47534564566777004,-0.18140724153248863,0.3268657864971286,0.0,1.8667638289205009,1.706787240774667,29.63304682598055,30.264061124026075,0.0
7.618,0.4757358765973865,-0.17702265536502837,0.5938752847858473,0.0,1.868424589780746,1.7372650330816874,30.450744915071297,30.264061124026075,0.0
7.619,0.49030950971682796,-0.18212632489875324,0.18315940233002148,0.0,1.8735723032960523,1.7154130828571599,30.245603697279513,30.264061124026075,0.0
7.62,0.4824110773513983,-0.17939477880919763,0.28591458549337906,0.0,1.8756685436721878,1.7126858918705352,29.653019986495625,30.264061124026075,0.0
7.621,0.4798245290781662,-0.1733457680990442,0.5883168522606276,0.0,1.8766443651948246,1.7428832775193515,30.409878316812208,30.264061124026075,0.0
7.622,0.4935856342356385,-0.17755139523853763,0.20842951517447506,0.0,1.881065452222526,1.723807289958346,30.228514798164138,30.264061124026075,0.0
7.623,0.4868969190229825,-0.1754196329685949,0.2994667377571292,0.0,1.8828602816702682,1.7217673474361317,29.648307154265083,30.264061124026075,0.0
7.6240000000000006,0.48526638220507234,-0.1697116515378817,0.5957280994042664,0.0,1.883665073586336,1.7519017315641159,30.41374791948982,30.264061124026075,0.0
7.625,0.4992867573614317,-0.17428426196656666,0.21151084883726146,0.0,1.8879628916850577,1.7323180986566868,30.140448903825135,30.264061124026075,0.0
7.626,0.4926505951281628,-0.17195579699975191,0.3493964788716126,0.0,1.8895707074325274,1.7350023842565452,29.680992229278434,30.264061124026075,0.0
7.627,0.49362692211902226,-0.16702410387563837,0.5849555050924393,0.0,1.8907669685712518,1.761937901863785,30.436826760032464,30.264061124026075,0.0
7.628,0.5064315997929564,-0.17192071717404894,0.2053105833553608,0.0,1.8951250997508942,1.7407842108966618,30.00138780709498,30.264061124026075,0.0
7.6290000000000004,0.49918549642350973,-0.16834835134029458,0.42565679299341425,0.0,1.8964901223411628,1.7511413525691504,29.831583723446112,30.264061124026075,0.0
7.63,0.5038036289456794,-0.16482032104605565,0.5148836088236471,0.0,1.8984019971656252,1.7676303143672296,30.473204297385664,30.264061124026075,0.0
7.631,0.5119826452835801,-0.16873338903088117,0.1919818901202755,0.0,1.9022372984687217,1.7453965997803258,29.844102440526964,30.264061124026075,0.0
7.632000000000001,0.5035117924838107,-0.16326650026477543,0.5107324053846165,0.0,1.9028252097386984,1.7650749446198868,30.062722140344587,30.264061124026075,0.0
7.633,0.5120053354793913,-0.16221295861276602,0.40343594531262,0.0,1.9052609436715737,1.7668351320844153,30.406575475488225,30.264061124026075,0.0
7.634,0.513793477945683,-0.16423367471929032,0.2300841342261793,0.0,1.9078619371458523,1.7505553793356536,29.668790510876786,30.264061124026075,0.0
7.635,0.5076053617017721,-0.1574972425148389,0.6049293226633918,0.0,1.9078136412942712,1.7798287642596466,30.208472513532527,30.264061124026075,0.0
7.636,0.5205925836405925,-0.1604559344729787,0.33564420744045653,0.0,1.9110903339576883,1.7713096909714783,30.020750343234802,30.264061124026075,0.0
7.6370000000000005,0.5192145017673739,-0.1606642652999645,0.43193840039723186,0.0,1.9131807794973341,1.7775368678813845,29.69125496831451,30.264061124026075,0.0
7.638,0.5240017815043175,-0.15717377920783243,0.6024141494144934,0.0,1.9152988613956015,1.800599380526801,30.366983311334668,30.264061124026075,0.0
7.639,0.5356076684429123,-0.1624446893001322,0.26352075603132874,0.0,1.9201260913396576,1.7813556445693048,29.783138809972602,30.264061124026075,0.0
7.640000000000001,0.5297183629455129,-0.15794674128807423,0.5602522298528962,0.0,1.921998741311309,1.801312283730268,30.13418475179837,30.264061124026075,0.0
7.641,0.5387915615814564,-0.15748251060080243,0.38602802266229,0.0,1.9256737043064127,1.79627160153819,30.155562895738406,30.264061124026075,0.0
7.642,0.5372216642263504,-0.15785180853211322,0.3764239329751482,0.0,1.9285223678621148,1.793051696766572,29.61594353345069,30.264061124026075,0.0
7.643,0.5371378527882509,-0.15206128597397073,0.6527147900247602,0.0,1.9301235241243764,1.8209202042846546,30.36248701539369,30.264061124026075,0.0
7.644,0.5499710396543855,-0.15696039125173253,0.27845879013958397,0.0,1.9349482223183545,1.800818419449633,29.750044933998833,30.264061124026075,0.0
7.6450000000000005,0.5439199352314031,-0.15253601085738447,0.5898199927372847,0.0,1.9367445993132772,1.8219955285573,30.149649385392745,30.264061124026075,0.0
7.646,0.5536176932948417,-0.15239638583924384,0.3911618844266618,0.0,1.940507934571423,1.8151412960823392,30.012096377454863,30.264061124026075,0.0
7.647,0.5515201413909454,-0.1522790221925351,0.46245803586131484,0.0,1.9431979993053003,1.8195056864116697,29.747008407717566,30.264061124026075,0.0
7.648000000000001,0.5553202648748927,-0.1477201053157931,0.6001725478930489,0.0,1.9455551893787504,1.837699289888327,30.30779442304965,30.264061124026075,0.0
7.649,0.563948056365923,-0.1518627685288016,0.319342207236771,0.0,1.9499973029147177,1.8211297136029807,29.674732553605175,30.264061124026075,0.0
7.65,0.5592322172521349,-0.14644294118254658,0.6417664276632176,0.0,1.9517006398283365,1.8455412941706653,30.226253602256975,30.264061124026075,0.0
7.651,0.5701459987247839,-0.14829349865319721,0.36638397855500854,0.0,1.9559325607025952,1.8329180644136458,29.76355360345802,30.264061124026075,0.0
7.652,0.5666317364578627,-0.14574421851768435,0.6027390531601657,0.0,1.958180040124113,1.8512289390814918,30.10864119220702,30.264061124026075,0.0
7.6530000000000005,0.5760997342209123,-0.14507079059047648,0.43174945810385673,0.0,1.961985274799627,1.8456844456458548,29.92948409090019,30.264061124026075,0.0
7.654,0.5746039416057359,-0.14511590685791076,0.5246737790885313,0.0,1.9648672337327144,1.8532657134455104,29.847475799739605,30.264061124026075,0.0
7.655,0.5802760834479697,-0.14128226607043043,0.5698437779116878,0.0,1.9677969719031627,1.8637776134904118,30.21441128349532,30.264061124026075,0.0
7.656000000000001,0.5853367601027222,-0.14446142592304287,0.3868725344391382,0.0,1.9718729702527178,1.8524528075640556,29.617577013014337,30.264061124026075,0.0
7.657,0.5830795117589826,-0.13832617273192024,0.6917545107897469,0.0,1.9737022187251332,1.8783337159829423,30.263057159820335,30.264061124026075,0.0
7.658,0.5945280359722853,-0.14214409626099056,0.3690244770288056,0.0,1.9784179573123029,1.8619784247830702,29.6203701965787,30.264061124026075,0.0
7.659,0.5905148952716154,-0.13738968002087495,0.696804867924096,0.0,1.9804654278990665,1.8875693106172013,30.233772529792038,30.264061124026075,0.0
7.66,0.6022470145855243,-0.13978251943839898,0.390406587259768,0.0,1.9851779965088943,1.8724935756130294,29.634022035413377,30.264061124026075,0.0
7.6610000000000005,0.5983179930970604,-0.1359240232189635,0.6965822253352254,0.0,1.9874633717790104,1.896689487522072,30.216947566705507,30.264061124026075,0.0
7.662,0.6097759628928201,-0.13758223469841532,0.40559059526236624,0.0,1.9921607889379522,1.8823238431860336,29.62861210818251,30.264061124026075,0.0
7.663,0.6059099972050267,-0.13398033344448507,0.7061128146823009,0.0,1.99453910869467,1.9063717013600308,30.219469369783422,30.264061124026075,0.0
7.664000000000001,0.6174113344319454,-0.13553283790204876,0.41113010142427087,0.0,1.9992911767959858,1.8914954782878775,29.602302936292052,30.264061124026075,0.0
7.665,0.613357115007323,-0.13170168586622796,0.7263309000472962,0.0,2.001643464011439,1.9167649768231618,30.242937827211428,30.264061124026075,0.0
7.666,0.6253062128288307,-0.1336637632557521,0.4062246875557546,0.0,2.0065416123920823,1.9000241199115515,29.553249761016456,30.264061124026075,0.0
7.667,0.6206952669480326,-0.129167220240841,0.7581768342833366,0.0,2.0087616197379647,1.9279896568192194,30.299100249116403,30.264061124026075,0.0
7.668,0.6335880233633362,-0.1319525570103073,0.3849011989824598,0.0,2.013907532514815,1.9073364867558438,29.46311865067627,30.264061124026075,0.0
7.6690000000000005,0.6276178695839978,-0.12635477962228941,0.8109014229360236,0.0,2.0158299281272667,1.940641650444273,30.308313143804376,30.264061124026075,0.0
7.67,0.6424245613855009,-0.1305962414242814,0.3878616561741882,0.0,2.0214131391194154,1.9183257231058075,29.465253152949444,30.264061124026075,0.0
7.671,0.6366379947562367,-0.12440997563969247,0.8173797313124207,0.0,2.0234835324241787,1.9510616847804623,30.295380940934297,30.264061124026075,0.0
7.672000000000001,0.6508362820332587,-0.12891805683020705,0.40200263915091183,0.0,2.0291782341547324,1.9291247514622134,29.477480167605417,30.264061124026075,0.0
7.673,0.645411018397896,-0.12222754259709936,0.8188188353795584,0.0,2.03132873500286,1.9606932960282724,30.268446812370065,30.264061124026075,0.0
7.674,0.658798428093126,-0.126892351105584,0.4232916561137945,0.0,2.037001074301044,1.940117016838188,29.502746446524615,30.264061124026075,0.0
7.675,0.6541599836003393,-0.11994639884432115,0.8137549858115344,0.0,2.0392378489165788,1.969715940547498,30.222728546706712,30.264061124026075,0.0
7.676,0.666507736674247,-0.12465108351286902,0.45417726149367943,0.0,2.0447978132776417,1.9517158290924312,29.549585507080916,30.264061124026075,0.0
7.6770000000000005,0.663180620671899,-0.11773490167557885,0.7978935374760288,0.0,2.0471939432083057,1.9779657531112123,30.147524184225862,30.264061124026075,0.0
7.678,0.6740014647720348,-0.12221337778927951,0.5000895683015582,0.0,2.0525372467386624,1.9644111343411286,29.615409902933717,30.264061124026075,0.0
7.679,0.6727455293141295,-0.11570829755313633,0.7726332211585543,0.0,2.055230414451861,1.9859505106484727,30.051543780476376,30.264061124026075,0.0
7.68,0.6815987987346318,-0.11977355723730093,0.5566914558227218,0.0,2.0603204323920945,1.9781398163900574,29.70654407439131,30.264061124026075,0.0
7.681,0.6829257306399461,-0.11388618558010596,0.7347664793616022,0.0,2.063432115633329,1.9933094337787622,29.928887696576957,30.264061124026075,0.0
7.682,0.6890564927981024,-0.11735353313243696,0.6269464025432698,0.0,2.0681898742366394,1.9929711845489702,29.89379374569525,30.264061124026075,0.0
7.683,0.693601226261589,-0.11237694768617884,0.6481960517674326,0.0,2.0718559341820275,1.9961195852259281,29.63615046461809,30.264061124026075,0.0
7.684,0.6948056981255476,-0.11333752264936775,0.7832967989000914,0.0,2.0756256573009857,2.0138812929516794,30.18354824663063,30.264061124026075,0.0
7.6850000000000005,0.7060517825080953,-0.11310366259669191,0.5104030366677765,0.0,2.0807592485251982,1.99764945633643,29.417857975038682,30.264061124026075,0.0
7.686,0.7016236009343955,-0.10787469038954611,0.9017102039536238,0.0,2.0831834486232044,2.029926449345825,30.152552243537865,30.264061124026075,0.0
7.687,0.7158973821475543,-0.1131800151954735,0.5354781585089143,0.0,2.089228803463073,2.01340516864312,29.626157769275792,30.264061124026075,0.0
7.688,0.7143365927810063,-0.10620498833461417,0.8050544291874536,0.0,2.0921971885459305,2.032770686366211,29.89166249830446,30.264061124026075,0.0
7.689,0.7218903243772206,-0.10987474589241591,0.6760260509303364,0.0,2.097278710492779,2.0327610881409615,29.94075558284456,30.264061124026075,0.0
7.69,0.7269659698147662,-0.10526300150412737,0.6547125640721014,0.0,2.101307130964126,2.0317236184789187,29.467085697946043,30.264061124026075,0.0
7.691,0.7266941931136646,-0.10466807291482988,0.8995172607821599,0.0,2.1048096377211953,2.058415041228401,30.18931133235611,30.264061124026075,0.0
7.692,0.7410143610454191,-0.10767976053829248,0.5391519414938266,0.0,2.11096827100198,2.03912140405032,29.535966315269917,30.264061124026075,0.0
7.6930000000000005,0.7374305588406187,-0.10036252656031835,0.8731053981244842,0.0,2.113746664623066,2.0632489472622266,29.88713379792041,30.264061124026075,0.0
7.694,0.7469359230484256,-0.10474162645594304,0.7012909300602946,0.0,2.119214846531533,2.061921021376778,29.96475348903054,30.264061124026075,0.0
7.695,0.7519976894414218,-0.10008434117420673,0.6654741608551853,0.0,2.1234473252806607,2.0585892656776483,29.407323395205573,30.264061124026075,0.0
7.696,0.7508902031971469,-0.09842620895637932,0.9527565850558731,0.0,2.126787558893819,2.088145608928272,30.125035388829502,30.264061124026075,0.0
7.697,0.7658196128304755,-0.1028324995479109,0.5952908455958742,0.0,2.1332506767579704,2.0712329757104326,29.67430032406056,30.264061124026075,0.0
7.698,0.764233113018428,-0.09550100642100734,0.8265559859800004,0.0,2.1365256923640494,2.085995549513306,29.65442604059139,30.264061124026075,0.0
7.699,0.769486969706524,-0.09810273305270617,0.842589478548933,0.0,2.141308968650562,2.0984666110414296,30.137738930758147,30.264061124026075,0.0
7.7,0.7794952084414319,-0.09716805164981229,0.6021962553982333,0.0,2.1467321912406008,2.0825169368791663,29.46764986451514,30.264061124026075,0.0
7.7010000000000005,0.7756042493969176,-0.09046884254441057,0.9452049011148468,0.0,2.149290557967845,2.109367523534714,29.795303292127695,30.264061124026075,0.0
7.702,0.7867086107758615,-0.09552198113304644,0.7860657656275523,0.0,2.1549009840237234,2.1115931074945347,30.069211696959385,30.264061124026075,0.0
7.703,0.7939221404062635,-0.09239214391604161,0.6510600574823739,0.0,2.1597781123902373,2.100215494477308,29.37285384036974,30.264061124026075,0.0
7.704,0.790685910437386,-0.08738189233599358,1.0081510586137603,0.0,2.162509937316744,2.1315215433972408,29.8534763155599,30.264061124026075,0.0
7.705,0.8046516701988953,-0.09341285513714731,0.7719456691033424,0.0,2.16881269306652,2.1288480711869164,30.024553477256692,30.264061124026075,0.0
7.706,0.8104526904608298,-0.08917484681824173,0.6888021647226396,0.0,2.173691335477194,2.119790035554631,29.357417894093658,30.264061124026075,0.0
7.707,0.8077041328862153,-0.08462799747426653,1.031436388603481,0.0,2.176718536738925,2.151007218933169,29.82892807461125,30.264061124026075,0.0
7.708,0.8218733701296383,-0.090617378971527,0.8000326288388321,0.0,2.183269036670475,2.148938546614583,30.055758413235193,30.264061124026075,0.0
7.7090000000000005,0.8279101204024331,-0.08666279022645534,0.6887004866347705,0.0,2.1884627208000804,2.1372769433186374,29.394381131489634,30.264061124026075,0.0
7.71,0.8243170912192792,-0.08086043915549601,1.028085927432914,0.0,2.1913721634567764,2.166202189387958,29.704863530568073,30.264061124026075,0.0
7.711,0.8368542167027847,-0.0863456664618718,0.878436703828275,0.0,2.1975445849691453,2.1712555720165074,30.112617442429986,30.264061124026075,0.0
7.712,0.845542701945607,-0.08470876673560129,0.6760741847132791,0.0,2.2033701913501784,2.15482711154496,29.66883783319362,30.264061124026075,0.0
7.713,0.8405043520371767,-0.07839460017248145,0.9039162222397863,0.0,2.206292201721274,2.168351410420092,29.678020178633854,30.264061124026075,0.0
7.714,0.8428086973761939,-0.08362808356001533,0.9051854589735916,0.0,2.2109132657810324,2.1783728146238976,30.373657122761724,30.264061124026075,0.0
7.715,0.8482605360433578,-0.08742941208644417,0.5562710269223003,0.0,2.216440175159228,2.1488842461203217,30.04012348235515,30.264061124026075,0.0
7.716,0.8355590129522101,-0.08011729726890321,0.7252772235422971,0.0,2.2176231908340527,2.1464287372803317,29.795059508291867,30.264061124026075,0.0
7.7170000000000005,0.827773677422482,-0.08109031301524772,0.85249922673128,0.0,2.2186225069376677,2.157370810953771,30.475221066143728,30.264061124026075,0.0
7.718,0.8302911072051761,-0.08524925276351447,0.5103068483841732,0.0,2.221063852013112,2.128050456588762,30.207398288765596,30.264061124026075,0.0
7.719,0.8175658689428,-0.07830458724045863,0.6447848654258441,0.0,2.219523524539492,2.1215457283325416,29.898057777325917,30.264061124026075,0.0
7.72,0.8085144790165465,-0.07880980009877231,0.803115154612685,0.0,2.2176117770572574,2.1324773923039824,30.537226945399837,30.264061124026075,0.0
7.721,0.8111007380521363,-0.08364919398458964,0.48079891236198746,0.0,2.217511651919248,2.1047116231974314,30.23515228734319,30.264061124026075,0.0
7.722,0.7997348184705798,-0.07786911449521466,0.6321253297571396,0.0,2.213960759701694,2.100857600568036,29.984798403608078,30.264061124026075,0.0
7.723,0.7928457759755503,-0.08004933306587592,0.7600948988288757,0.0,2.210677179280622,2.110241414882402,30.633236090778453,30.264061124026075,0.0
7.724,0.7961454100165426,-0.08473727509679624,0.4321843055761644,0.0,2.209154209770788,2.0805767786052494,30.15909917807485,30.264061124026075,0.0
7.7250000000000005,0.7840393220853115,-0.07934480351176204,0.6703023813874781,0.0,2.2041770222895605,2.084563069289445,30.120024644191183,30.264061124026075,0.0
7.726,0.780897112875377,-0.08417838479021422,0.6912800131276607,0.0,2.200681801281355,2.0878039530241868,30.68432894906497,30.264061124026075,0.0
7.727,0.783530051048508,-0.08664927227713592,0.40492518244037856,0.0,2.1980836525582212,2.058341373300486,30.030288555695897,30.264061124026075,0.0
7.728,0.7703784213467392,-0.08264097244276011,0.7342831048082166,0.0,2.1923334388783795,2.0721311650931025,30.379462561861004,30.264061124026075,0.0
7.729,0.7723417534876362,-0.08969290960939555,0.5585420873473137,0.0,2.1893530218324577,2.0609943823615815,30.433974146954625,30.264061124026075,0.0
7.73,0.7701350413641204,-0.08832735115841095,0.5295871645712176,0.0,2.185336237416701,2.049507976522853,30.022572193704317,30.264061124026075,0.0
7.731,0.7628980002881579,-0.0902411543000397,0.7377030304995894,0.0,2.180796664788737,2.062724834703424,30.682121950309543,30.264061124026075,0.0
7.732,0.7680145722363245,-0.09627748198933367,0.40374754393414136,0.0,2.1786775932560323,2.0347145942966005,30.144784766251014,30.264061124026075,0.0
7.7330000000000005,0.7573428821960939,-0.0919728357355395,0.6736088995411567,0.0,2.173435530471105,2.043542826383523,30.368260528612286,30.264061124026075,0.0
7.734,0.7571463157742987,-0.09833667253136497,0.5608290243146588,0.0,2.170343565683442,2.0357745345582696,30.505886570359344,30.264061124026075,0.0
7.735,0.7559350865910786,-0.09723498463128419,0.48959774897779695,0.0,2.166599144155051,2.0218975034479225,30.06555566592894,30.264061124026075,0.0
7.736,0.7476445723499654,-0.09875981686977325,0.7117482557739702,0.0,2.1620202100937003,2.0350824460714083,30.74563349210581,30.264061124026075,0.0
7.737,0.7525711396530542,-0.10416240805300378,0.3668936190047378,0.0,2.1597967004086045,2.005710658368083,30.10673752712526,30.264061124026075,0.0
7.738,0.7407091093789953,-0.09997025718955416,0.6879148374640203,0.0,2.154343200414873,2.019168667867971,30.552451548643,30.264061124026075,0.0
7.739,0.742772749449473,-0.10681729629165992,0.46217392245898226,0.0,2.15157594718037,2.002348192872857,30.30454836468187,30.264061124026075,0.0
7.74,0.7374426114356275,-0.10411480388745287,0.5857206420329883,0.0,2.1470376272143223,2.003387539939223,30.33110563291994,30.264061124026075,0.0
7.7410000000000005,0.734893871296628,-0.1093410555511446,0.5717715628250154,0.0,2.143658986558564,2.001326314428882,30.578327092542597,30.264061124026075,0.0
7.742,0.7354457071855296,-0.10954336528557426,0.4450181733285212,0.0,2.140382078971497,1.9852437760022952,30.118907195132845,30.264061124026075,0.0
7.743,0.7266539108878884,-0.11061282880559858,0.6761796613223297,0.0,2.1359402261903364,1.9981097141855737,30.79422973436891,30.264061124026075,0.0
7.744,0.7313876368920162,-0.115230852306519,0.3332167056008696,0.0,2.133726440455521,1.9685987054396796,30.099545496853846,30.264061124026075,0.0
7.745,0.7187397065689884,-0.11162625038344162,0.6822039806301231,0.0,2.1283402459730505,1.9850742584009002,30.73674295890123,30.264061124026075,0.0
7.746,0.7226242046985267,-0.11813475359982945,0.3588784312576786,0.0,2.1258922076079827,1.9597541793390105,30.16909473071459,30.264061124026075,0.0
7.747,0.7128038191104186,-0.11445929495077575,0.6436522092841142,0.0,2.1206875796896725,1.9723987628194226,30.665320635333412,30.264061124026075,0.0
7.748,0.7152017429770609,-0.12094664005528022,0.39152666186163,0.0,2.1180182354592203,1.9523149016820132,30.222264028472402,30.264061124026075,0.0
7.7490000000000006,0.7077786933371966,-0.11801780415741805,0.6134729362476716,0.0,2.113220394138263,1.96174835259104,30.64896692481451,30.264061124026075,0.0
7.75,0.7091625570139385,-0.1242199531221988,0.3962724300687338,0.0,2.1105572067854084,1.9434207003526849,30.2432184129486,30.264061124026075,0.0
7.751,0.7023050325091326,-0.1214349087948898,0.5993551131124629,0.0,2.105959196578352,1.951938761131776,30.667635842548098,30.264061124026075,0.0
7.752,0.7033536762718432,-0.12744736419956898,0.383110651127494,0.0,2.1033620140076987,1.9331435711045217,30.23944320923189,30.264061124026075,0.0
7.753,0.6960462293382906,-0.12454332001002488,0.5974531469335397,0.0,2.0987654612764874,1.94252260658176,30.707352397084644,30.264061124026075,0.0
7.7540000000000004,0.6974796726644044,-0.13045589189844425,0.35906564027657684,0.0,2.0962458907157435,1.9219072793126188,30.217150440399212,30.264061124026075,0.0
7.755,0.6891433400824126,-0.12743342602731245,0.6046357254555614,0.0,2.091525147519451,1.9334294431678563,30.754150149176393,30.264061124026075,0.0
7.756,0.6915892378059917,-0.13327818649281695,0.33123498081546787,0.0,2.0891018433382285,1.9104451214803269,30.190715040441084,30.264061124026075,0.0
7.757000000000001,0.6820225511208091,-0.13028885101509063,0.6136859960189722,0.0,2.0842351628991693,1.92439731517482,30.793124719710637,30.264061124026075,0.0
7.758,0.68567538818188,-0.1359804342731637,0.3071905204273504,0.0,2.0819063373866316,1.8994311300452744,30.17644980521155,30.264061124026075,0.0
7.759,0.6750727916454721,-0.13321541736282616,0.6164040908650387,0.0,2.0769527082196757,1.9150099423711078,30.813665554922324,30.264061124026075,0.0
7.76,0.679609507568027,-0.13857964181025556,0.29230017170068967,0.0,2.0746700380603182,1.8891868790183621,30.176713823664972,30.264061124026075,0.0
7.761,0.6684440324254539,-0.13622632549677477,0.6116495103329764,0.0,2.0697208215426657,1.905360890851058,30.818887840809207,30.264061124026075,0.0
7.7620000000000005,0.6734610709511551,-0.14113523757049082,0.28501423459302755,0.0,2.067447441351291,1.87963567714175,30.191429630003935,30.264061124026075,0.0
7.763,0.6621089871834885,-0.13931786066950042,0.5994696549358852,0.0,2.0625798772282766,1.8954109953790488,30.80676857135248,30.264061124026075,0.0
7.764,0.6672001671006393,-0.1436123641725562,0.2863731097883476,0.0,2.0602671704956403,1.870863300582096,30.236173981891117,30.264061124026075,0.0
7.765000000000001,0.656113073504654,-0.1424567026641983,0.5719492759403797,0.0,2.0555608971556225,1.8843539404145022,30.769137124788248,30.264061124026075,0.0
7.766,0.6604312390859236,-0.1458010389581658,0.3004169444841924,0.0,2.0530537487402665,1.8627147016580672,30.299771910428372,30.264061124026075,0.0
7.767,0.6502375611500311,-0.145569681458529,0.5347424438001072,0.0,2.0485744986029033,1.8726442864038129,30.70391011947787,30.264061124026075,0.0
7.768,0.6533418961460059,-0.14776907076777124,0.3282748493208396,0.0,2.0457803783528634,1.8556348836464527,30.38647840341862,30.264061124026075,0.0
7.769,0.6447522454561763,-0.14884759042561563,0.4857665345565392,0.0,2.0416613731213626,1.8604116753863853,30.583196438207096,30.264061124026075,0.0
7.7700000000000005,0.6460705202185809,-0.149640219103877,0.3842161640204915,0.0,2.0385083515450346,1.8513225230870896,30.54838099296242,30.264061124026075,0.0
7.771,0.6405595603178096,-0.15270730789423637,0.39878068795346555,0.0,2.035091170376568,1.8460639735347875,30.3552404693496,30.264061124026075,0.0
7.772,0.6378190153330102,-0.15161496315694734,0.49443915630664137,0.0,2.0313390235607116,1.851612697449708,30.838553195074,30.264061124026075,0.0
7.773000000000001,0.6388677744503579,-0.15655058934666394,0.24703787273396238,0.0,2.029070806146174,1.827917839462268,30.260659956180742,30.264061124026075,0.0
7.774,0.6277869592020746,-0.15365916780883881,0.536018503859044,0.0,2.0242925120432895,1.84185690506009,30.787447526178426,30.264061124026075,0.0
7.775,0.631848675342934,-0.15717322476472773,0.26739085483867886,0.0,2.0218014143910006,1.8209277900563716,30.374612903960546,30.264061124026075,0.0
7.776,0.6218418343407399,-0.15708006316719375,0.4727026481482737,0.0,2.0174211266582827,1.8282544202137063,30.589835618167083,30.264061124026075,0.0
7.777,0.623830838109075,-0.15820801565920625,0.3618335461035954,0.0,2.0143365371046653,1.8198427805994855,30.60650856910293,30.264061124026075,0.0
7.7780000000000005,0.6188881105710117,-0.16138885167754602,0.3500725961849024,0.0,2.0110578549820852,1.812342422587586,30.331142732347576,30.264061124026075,0.0
7.779,0.6149278652173397,-0.1600942055147448,0.4870846984793651,0.0,2.007182785832482,1.8208393726297203,30.85354663216542,30.264061124026075,0.0
7.78,0.617606916183701,-0.16449860253419588,0.21998789348905057,0.0,2.0050423487358198,1.7970140531209653,30.333643186224315,30.264061124026075,0.0
7.781000000000001,0.606193010368434,-0.1626989368210808,0.4792437958376201,0.0,2.000491416199311,1.8078286593110064,30.645255823425288,30.264061124026075,0.0
7.782,0.6091599885983602,-0.1644884058685118,0.31962553024314144,0.0,1.9976918757878064,1.7965156367260708,30.580529096086828,30.264061124026075,0.0
7.783,0.6031028006148567,-0.16695737790389387,0.3488242141917639,0.0,1.9942946793923761,1.7915579607092567,30.337844002346102,30.264061124026075,0.0
7.784,0.5999930729810521,-0.16600093038768715,0.46942893227892624,0.0,1.990611536087671,1.8000123629645657,30.855166396303073,30.264061124026075,0.0
7.785,0.6029364538345315,-0.1703375166526333,0.2048566825776711,0.0,1.9886287363032729,1.7765891468456427,30.376564257550704,30.264061124026075,0.0
7.7860000000000005,0.5916143726445885,-0.16877317666139044,0.44303272061860893,0.0,1.9842864516237366,1.785429921781117,30.567966350615364,30.264061124026075,0.0
7.787,0.5936770576287571,-0.16984017535152723,0.344292621820386,0.0,1.9813954861615288,1.7793691033467178,30.71158422977369,30.264061124026075,0.0
7.788,0.5899469458692869,-0.17321001030221664,0.268008451183748,0.0,1.9785475472597762,1.766652351570873,30.31692928255641,30.264061124026075,0.0
7.789000000000001,0.5832131465031828,-0.17132865854351273,0.46480724320708455,0.0,1.9744720800276503,1.7780366067240476,30.755898092658814,30.264061124026075,0.0
7.79,0.5872828959425357,-0.174382929451295,0.24040446846955438,0.0,1.972297368351497,1.7607075860653412,30.53811852985962,30.264061124026075,0.0
7.791,0.5786209037270802,-0.17529328346400447,0.3465536758108159,0.0,1.9686768220094082,1.759807953497897,30.33798796001043,30.264061124026075,0.0
7.792,0.5765820695054092,-0.17472374319052833,0.44587969237556724,0.0,1.9652566140745764,1.7686382511439294,30.847795152914355,30.264061124026075,0.0
7.793,0.5800798260478032,-0.17900966847866384,0.18513875563472226,0.0,1.9635386038822595,1.7461635934628523,30.447012589944276,30.264061124026075,0.0
7.7940000000000005,0.5691466150116289,-0.17784831476110843,0.3837005224605798,0.0,1.959574320779253,1.751451435028309,30.45054043719051,30.264061124026075,0.0
7.795,0.5694703041614461,-0.177988409572374,0.38007180570581744,0.0,1.9565622741095097,1.7532843496987942,30.859572218730236,30.264061124026075,0.0
7.796,0.5695999972085144,-0.18185000802529971,0.16960080398891375,0.0,1.9544580984554967,1.7315062158702663,30.375008365163023,30.264061124026075,0.0
7.797000000000001,0.5585582722226372,-0.179478990019757,0.41077325836115075,0.0,1.9500870990188948,1.7415450445362222,30.523210418416188,30.264061124026075,0.0
7.798,0.5611042710296494,-0.1807327319460205,0.3340807387906672,0.0,1.947318704184492,1.7389045115768158,30.7916276999516,30.264061124026075,0.0
7.799,0.5594347560082181,-0.18439236712355073,0.19459643226370538,0.0,1.9449531179878539,1.7218839505480763,30.35334184637187,30.264061124026075,0.0
7.8,0.5506030833252348,-0.18232594459176277,0.41284655183011343,0.0,1.9408581314777356,1.7326860320650366,30.562805790554492,30.264061124026075,0.0
7.801,0.5540712942721977,-0.18413632669113725,0.30512713307351763,0.0,1.938472658026573,1.7274969495894028,30.760785271915324,30.264061124026075,0.0
7.8020000000000005,0.551304839389861,-0.1873745532958931,0.2011701509142091,0.0,1.9361449247784923,1.7125691463127852,30.352407654706983,30.264061124026075,0.0
7.803,0.5432061678906024,-0.18542245824597564,0.4044754942115705,0.0,1.9323100718060204,1.7231676969394192,30.565822656189788,30.264061124026075,0.0
7.804,0.546719437853317,-0.18722670265726893,0.2947503781485311,0.0,1.9301365470291998,1.7177526445953424,30.768898078592027,30.264061124026075,0.0
7.805000000000001,0.5438351767540562,-0.19025664082343163,0.18816429740175178,0.0,1.9279541202498192,1.7023869287070228,30.367073702895492,30.264061124026075,0.0
7.806,0.5353561007786926,-0.18819225602793876,0.388046359461325,0.0,1.924195982850378,1.7122962851099148,30.52757300130094,30.264061124026075,0.0
7.807,0.5383971507735797,-0.18966480462210988,0.30516159148585253,0.0,1.921987219024485,1.7093034407754848,30.801389550560263,30.264061124026075,0.0
7.808,0.5366964492032134,-0.19286573073656516,0.16288003259084938,0.0,1.9200374235343862,1.6917843683659015,30.39799715211736,30.264061124026075,0.0
7.809,0.5272668114581348,-0.19070405207008212,0.3632368715313884,0.0,1.9162609064378806,1.700304544656932,30.457532879882777,30.264061124026075,0.0
7.8100000000000005,0.529325078530046,-0.19165623124333175,0.33153429009011237,0.0,1.913840415175852,1.7017834935059017,30.82667355150325,30.264061124026075,0.0
7.811,0.5298829424271001,-0.1951401402334923,0.1413378300051033,0.0,1.9121835761221075,1.6822271311908759,30.45085354241085,30.264061124026075,0.0
7.812,0.5197320157399797,-0.19331775754646974,0.32737991036745584,0.0,1.9085014835567615,1.6879494952172418,30.38982499277011,30.264061124026075,0.0
7.813,0.5201297419100825,-0.1936056427867066,0.35663654650038656,0.0,1.9058097278538821,1.6939439636098526,30.790984660558724,30.264061124026075,0.0
7.814,0.5229537950385568,-0.19694623786852078,0.15078747724075237,0.0,1.9043511811671494,1.6758271770305941,30.549175374958562,30.264061124026075,0.0
7.815,0.5137461517768586,-0.19634578439669495,0.2688409775315086,0.0,1.9011273546584455,1.6754616714552388,30.33657778372954,30.264061124026075,0.0
7.816,0.5111993968195611,-0.19572293623741166,0.37441460654898573,0.0,1.8981268514802727,1.68543096458825,30.666735522103526,30.264061124026075,0.0
7.817,0.5156469327919021,-0.19854561988737218,0.20530899338121744,0.0,1.8967400516163073,1.6739312278449827,30.68613801423012,30.264061124026075,0.0
7.8180000000000005,0.5099878212656894,-0.19990431785236798,0.19138697841587954,0.0,1.8944631880040608,1.664269396902743,30.372029229405612,30.264061124026075,0.0
7.819,0.5034213602360992,-0.19833030975427257,0.34736168977433846,0.0,1.8912610997883756,1.6733082206905792,30.479953801542162,30.264061124026075,0.0
7.82,0.5064672288080295,-0.19968969054788097,0.29124047693090244,0.0,1.88944837474132,1.672989162598492,30.788929275416642,30.264061124026075,0.0
7.821,0.5063343726812649,-0.20262310541404716,0.1315040584797571,0.0,1.888094098217104,1.6555560167693806,30.491775846911626,30.264061124026075,0.0
7.822,0.4969612200787705,-0.20083815956117396,0.2778036255034096,0.0,1.8849062565699204,1.6584507926528778,30.39169512567835,30.264061124026075,0.0
7.823,0.49588194962860715,-0.20062910213621277,0.3265676461035248,0.0,1.8823215298175882,1.664663341602577,30.67249955454042,30.264061124026075,0.0
7.824,0.49872656892610584,-0.2028056254842311,0.18208104736734676,0.0,1.8808580387779896,1.6532912960878652,30.65583390175574,30.264061124026075,0.0
7.825,0.49272165008053553,-0.2035891930662966,0.1864961459823889,0.0,1.8784681194914274,1.6455296201216687,30.388722470897232,30.264061124026075,0.0
7.8260000000000005,0.4869284234106892,-0.2023381174281294,0.3188052479429322,0.0,1.8753955705408831,1.653392175798173,30.429186331248744,30.264061124026075,0.0
7.827,0.4895468404464681,-0.20358062235373028,0.2969220656949496,0.0,1.8735657183512409,1.6560850218044547,30.745059904821165,30.264061124026075,0.0
7.828,0.49112837210238613,-0.2064564754635797,0.13417529110078796,0.0,1.8724920547740194,1.640494500296473,30.557402427589544,30.264061124026075,0.0
7.829,0.48300381200268466,-0.20537773643785653,0.22507061668096384,0.0,1.8698192855797924,1.6388911350688535,30.384741832492573,30.264061124026075,0.0
7.83,0.4797220184413764,-0.20467615002949774,0.31019410714478446,0.0,1.8671870696675645,1.6459152118305398,30.486020852006575,30.264061124026075,0.0
7.831,0.4825163523402021,-0.20617679886917945,0.25733500010797805,0.0,1.8656925702591778,1.6449677279816637,30.69085153609039,30.264061124026075,0.0
7.832,0.48201541903747286,-0.20859489187390318,0.1506517539454284,0.0,1.8645037561488635,1.6328420225716123,30.526202092886404,30.264061124026075,0.0
7.833,0.47531725732662916,-0.20739204957423069,0.23035506585881738,0.0,1.8620647593255646,1.6323759915187988,30.444434244272706,30.264061124026075,0.0
7.8340000000000005,0.4729544101801985,-0.2070361628199095,0.2694352589631999,0.0,1.8597959399593356,1.6354073835802838,30.4909077984515,30.264061124026075,0.0
7.835,0.4736922302637505,-0.20814135491441038,0.24393001512954948,0.0,1.8581822717338166,1.634607587065597,30.62774070820033,30.264061124026075,0.0
7.836,0.4729178958594982,-0.20975232794503407,0.17187676441339056,0.0,1.8568161457918047,1.6261481532246886,30.528866123504876,30.264061124026075,0.0
7.837,0.46805765448443,-0.20901767518044012,0.21866600676633008,0.0,1.8546437675254916,1.6247922825468706,30.49504790416112,30.264061124026075,0.0
7.838,0.46564908598026683,-0.20890559264632713,0.23326524863685844,0.0,1.852548057466921,1.6247091254141388,30.50918801524134,30.264061124026075,0.0
7.839,0.4645794330150355,-0.20962256587575673,0.22374392418459577,0.0,1.850733590581512,1.623324951021503,30.525904884491318,30.264061124026075,0.0
7.84,0.463278166955808,-0.21027707687831682,0.2127670519549537,0.0,1.8490269794233682,1.620917947415714,30.52319896145631,30.264061124026075,0.0
7.841,0.46137942947911464,-0.21058849751055578,0.2115286350981559,0.0,1.8472780401799815,1.6187503743845824,30.51323169057304,30.264061124026075,0.0
7.8420000000000005,0.4593787486512063,-0.21085262995909426,0.21402056487432086,0.0,1.8455131779208367,1.6171122486924745,30.504060776627487,30.264061124026075,0.0
7.843,0.45762737504656903,-0.2111886018912495,0.21620602532108324,0.0,1.8437953049064466,1.6158495749832757,30.496180101454275,30.264061124026075,0.0
7.844,0.45604296078833007,-0.21180201243021957,0.2178251731334071,0.0,1.8421870672625411,1.6148544048308069,30.463350921683297,30.264061124026075,0.0
7.845,0.4548607339143054,-0.21213701402428298,0.23224686504232395,0.0,1.8406708524377369,1.615482323374611,30.32097176347759,30.264061124026075,0.0
7.846,0.45417968160207617,-0.21349951674929968,0.302867337750662,0.0,1.839515576233604,1.623582957145988,30.545398548290883,30.264061124026075,0.0
7.847,0.4581167095153146,-0.21554413876571243,0.18784057110136748,0.0,1.8394971744215782,1.6169589672677298,30.66022676941162,30.264061124026075,0.0
7.848,0.45520442393151306,-0.21569991228706048,0.12646480408714444,0.0,1.8388149026701126,1.6057541911843733,30.514702132015497,30.264061124026075,0.0
7.849,0.44801352810502776,-0.21355501244675595,0.19672071270531105,0.0,1.8368428837678112,1.6047054488374224,30.41177086595022,30.264061124026075,0.0
7.8500000000000005,0.44508794354816256,-0.21244663564346122,0.24670924831870777,0.0,1.834862720071085,1.6086104640092183,30.402594217379967,30.264061124026075,0.0
7.851,0.4460969688595149,-0.21308846853273605,0.2499122416702957,0.0,1.833552759647065,1.611639156576885,30.652585240078395,30.264061124026075,0.0
7.852,0.4476413157762596,-0.2145678249369546,0.12103148916055861,0.0,1.832832975397785,1.5998652832280684,30.608242364502527,30.264061124026075,0.0
7.853,0.4411987552300009,-0.21384960298003752,0.1397611145437282,0.0,1.8309139842592477,1.5932700102357076,30.375190980348393,30.264061124026075,0.0
7.854,0.4357336540120258,-0.2119783954292964,0.255175508057572,0.0,1.828328714324316,1.6001873879899344,30.323184300555333,30.264061124026075,0.0
7.855,0.43775811742374743,-0.2126373189179897,0.28058761618880923,0.0,1.8267849028175633,1.6075183469470737,30.554770286848488,30.264061124026075,0.0
7.856,0.44208082457095493,-0.21481910653635714,0.1618875314140078,0.0,1.826361975760334,1.6001954452992078,30.641131530046703,30.264061124026075,0.0
7.857,0.43868347023941673,-0.215558272127117,0.11493620575469382,0.0,1.8253085415828405,1.5900018321835703,30.413260745618015,30.264061124026075,0.0
7.8580000000000005,0.43206833874469663,-0.21363685369248392,0.22737960175311867,0.0,1.8231223418278155,1.594254214699271,30.287685815597197,30.264061124026075,0.0
7.859,0.43234611914217613,-0.21336105755977774,0.2899308198478164,0.0,1.8215688769096123,1.6035222318596616,30.467095791997508,30.264061124026075,0.0
7.86,0.4371521109190041,-0.21536330437207282,0.19819548496794637,0.0,1.821320565309947,1.600465820502984,30.671415134628685,30.264061124026075,0.0
7.861,0.43614531366067544,-0.21677120956281004,0.09196227354633191,0.0,1.820926290837439,1.587080726830613,30.452670215078612,30.264061124026075,0.0
7.862,0.42841797779399754,-0.21460742454231152,0.1994486424108428,0.0,1.818980839040783,1.5887204867402922,30.241281858361475,30.264061124026075,0.0
7.863,0.42693235780758104,-0.21354611216137478,0.30537061342605737,0.0,1.8172988019030625,1.600664423442205,30.388178972047026,30.264061124026075,0.0
7.864,0.432688058811691,-0.2154961583091404,0.23068087810307242,0.0,1.8172044803493679,1.6013226888541572,30.68816072972005,30.264061124026075,0.0
7.865,0.4339318999159539,-0.21756419511244918,0.07644900320962084,0.0,1.8173934010791248,1.5856078211730682,30.50893860960506,30.264061124026075,0.0
7.8660000000000005,0.42547655962156206,-0.21540153311591667,0.1636112884113256,0.0,1.8157333697801457,1.5835560282976113,30.22841685048623,30.264061124026075,0.0
7.867,0.4218129993753529,-0.21339896652866278,0.3042286107061392,0.0,1.8138355066188858,1.596458132404353,30.311944288854228,30.264061124026075,0.0
7.868,0.42744812759025635,-0.21499883689968258,0.26198605987385865,0.0,1.8136136515911114,1.601170886263695,30.648449211253627,30.264061124026075,0.0
7.869,0.430984604973451,-0.21741404410803658,0.08988971780188354,0.0,1.814134931541257,1.5865493458847282,30.56420018900788,30.264061124026075,0.0
7.87,0.42361821512477577,-0.21594367783599264,0.12901283827493865,0.0,1.812956037096483,1.5803122618686143,30.254695472354943,30.264061124026075,0.0
7.871,0.417984677518023,-0.21339373462195182,0.28385885311811915,0.0,1.8110055336037505,1.59176885247591,30.225910465193973,30.264061124026075,0.0
7.872,0.42234861483933234,-0.21417285149127718,0.29863286328692495,0.0,1.8105069418087876,1.6014250461619284,30.563015060033408,30.264061124026075,0.0
7.873,0.42821260043451514,-0.2170425553259539,0.12709102650713433,0.0,1.8113317048150437,1.5904470201101266,30.64170418120914,30.264061124026075,0.0
7.8740000000000006,0.4233273389485046,-0.21673538325246203,0.08397003534743797,0.0,1.8109137029490634,1.5782174009237746,30.307821412831142,30.264061124026075,0.0
7.875,0.4152968336203106,-0.21327944047680863,0.2504738166483857,0.0,1.8089374573664587,1.5867500722954024,30.140462702123937,30.264061124026075,0.0
7.876,0.41733026985018457,-0.21303447610876705,0.3353891562210097,0.0,1.8080197168265497,1.601603518473018,30.46505152336158,30.264061124026075,0.0
7.877,0.4253069326734893,-0.2163519751420763,0.1710848416088328,0.0,1.8090464694957369,1.595100119427551,30.7067759228553,30.264061124026075,0.0
7.878,0.42349452147225575,-0.2170191678274073,0.045795493873680815,0.0,1.8093604231985128,1.5774900823091726,30.364330991832762,30.264061124026075,0.0
7.8790000000000004,0.4134560029363651,-0.21298928958024796,0.21601526070688282,0.0,1.8074320192851316,1.5827356250288487,30.096276830753688,30.264061124026075,0.0
7.88,0.41304472631012307,-0.21185068361705772,0.351720184179144,0.0,1.8061360621615776,1.6004339722423644,30.362271940333905,30.264061124026075,0.0
7.881,0.4220130082433643,-0.2149262657342563,0.21774052122595716,0.0,1.8070892355642532,1.599147453083681,30.70241521480427,30.264061124026075,0.0
7.882000000000001,0.4233187244848872,-0.21651078038362073,0.043285343082993144,0.0,1.8079619805010523,1.580180684247704,30.433399838837325,30.264061124026075,0.0
7.883,0.4132170279963212,-0.2130791244689213,0.1760996439183528,0.0,1.8064574467634629,1.580676235438481,30.083472657031884,30.264061124026075,0.0
7.884,0.41030523854205425,-0.210976776016844,0.35286911949101524,0.0,1.8049559797481285,1.5993075573161444,30.269738488716982,30.264061124026075,0.0
7.885,0.4191532510591208,-0.21346960841986035,0.259679430001557,0.0,1.8057630266709457,1.602904640433521,30.646223223291198,30.264061124026075,0.0
7.886,0.42313111807049564,-0.21559116984787893,0.06761544172179773,0.0,1.8070575206462718,1.5856784928694825,30.505008333304144,30.264061124026075,0.0
7.8870000000000005,0.4144879214208122,-0.2131836687026854,0.13581341462254426,0.0,1.8062139097274095,1.5807173566628385,30.13194657985609,30.264061124026075,0.0
7.888,0.40914105089510305,-0.2102104856069339,0.3236654367882702,0.0,1.8046555711506886,1.5966514394855271,30.156340404542636,30.264061124026075,0.0
7.889,0.41599955617075335,-0.21136377219133878,0.31254573163983224,0.0,1.80500306806915,1.6069266880947106,30.55024098784743,30.264061124026075,0.0
7.890000000000001,0.42280487735484357,-0.21445071725476927,0.11273364134922115,0.0,1.806671371247817,1.5936610283768442,30.59069033207013,30.264061124026075,0.0
7.891,0.4169863858225604,-0.21342353875185197,0.08924267715743023,0.0,1.8067024190508763,1.582010967070834,30.189365185193818,30.264061124026075,0.0
7.892,0.40912756794642907,-0.20923544961958943,0.29065220998390967,0.0,1.805114937923508,1.5947252599796122,30.051479290013123,30.264061124026075,0.0
7.893,0.41347402958189755,-0.20919256565842065,0.36172097591438657,0.0,1.8049947978553489,1.6112561454502008,30.47258282418458,30.264061124026075,0.0
7.894,0.4227373026653986,-0.21314558785534946,0.1490839918270726,0.0,1.8069750216223381,1.6010456770351749,30.66379248195897,30.264061124026075,0.0
7.8950000000000005,0.41934960937618193,-0.2129582667475521,0.04948184936054853,0.0,1.8076760406272987,1.5836896910005547,30.22300159925196,30.264061124026075,0.0
7.896,0.4092696043951272,-0.20781754460190935,0.2702878859617962,0.0,1.8060077529033591,1.5944990145357185,29.992884699510334,30.264061124026075,0.0
7.897,0.4118479669054475,-0.2070530464996928,0.38805810007776564,0.0,1.8055545387355423,1.6144228202057715,30.40636142275187,30.264061124026075,0.0
7.898000000000001,0.4224819118074411,-0.21118431974220228,0.17989673546973917,0.0,1.80760111158921,1.607089521329878,30.670901944654094,30.264061124026075,0.0
7.899,0.42108307338468465,-0.21161937412962928,0.04355806631234749,0.0,1.8087162405201145,1.5880387813412316,30.239458125938725,30.264061124026075,0.0
7.9,0.4106014189681254,-0.20657517365603367,0.25952600565090556,0.0,1.8072555699630934,1.597263481864949,29.95934197897231,30.264061124026075,0.0
7.901,0.41223779118167225,-0.2053765940640276,0.40263127058465004,0.0,1.8067820347637622,1.6187167275422634,30.364936461504094,30.264061124026075,0.0
7.902,0.42346417984219215,-0.20942445565048579,0.1988252759439787,0.0,1.808958428222525,1.6129090440415796,30.66317172742032,30.264061124026075,0.0
7.9030000000000005,0.4230562887842694,-0.21009800922279798,0.04571653695192324,0.0,1.8103700262624338,1.5932529987970985,30.236508520955056,30.264061124026075,0.0
7.904,0.41248466807420564,-0.20510776869977637,0.2593236662152655,0.0,1.8091191979806476,1.6018903888574725,29.930164544738478,30.264061124026075,0.0
7.905,0.4138140848674587,-0.2036532186056615,0.41583462011643035,0.0,1.8087470934279553,1.624367138665766,30.350269433328304,30.264061124026075,0.0
7.906000000000001,0.4254764902163593,-0.2077257788041108,0.20492009272849504,0.0,1.8111224014341323,1.6185237250658304,30.6605852027954,30.264061124026075,0.0
7.907,0.4251697369261138,-0.20836791329757565,0.04579696720725407,0.0,1.8127057464719938,1.5982581520084644,30.20854792830786,30.264061124026075,0.0
7.908,0.41435665835296503,-0.2031125984183694,0.2723707364082067,0.0,1.8115196937186857,1.6078781877380823,29.89905883726982,30.264061124026075,0.0
7.909,0.4161704492050255,-0.20163272108056496,0.43076530479478853,0.0,1.8113040164553038,1.6312676316704644,30.360776328038114,30.264061124026075,0.0
7.91,0.42835973520666,-0.20600223701972398,0.19893940737052127,0.0,1.8139442968381847,1.623889085531075,30.662111752010528,30.264061124026075,0.0
7.9110000000000005,0.4273856727681319,-0.2064229529536269,0.044291189104469525,0.0,1.8155852781621749,1.603048416737144,30.154399578230493,30.264061124026075,0.0
7.912,0.4162496823686377,-0.2006071192455411,0.29924389145244307,0.0,1.8143341456071453,1.615262410715503,29.861707675358236,30.264061124026075,0.0
7.913,0.4193718623358724,-0.19936208057863294,0.44961337737524976,0.0,1.8143507297891748,1.639666208768161,30.390578503660038,30.264061124026075,0.0
7.914000000000001,0.4322506182000737,-0.20442337707785624,0.18391278942800923,0.0,1.8173752283598514,1.6295150845549409,30.658331307967238,30.264061124026075,0.0
7.915,0.4300501792095653,-0.2044175130206698,0.046093685434997506,0.0,1.819030906640855,1.6085492629079503,30.084853749892517,30.264061124026075,0.0
7.916,0.4187383173980947,-0.19788503655585427,0.33462453821369365,0.0,1.817705921158502,1.6241844765087023,29.8636667162988,30.264061124026075,0.0
7.917,0.42363152316948327,-0.19701931991960167,0.4492219990878257,0.0,1.8180470515191198,1.6471927111165445,30.425320947764437,30.264061124026075,0.0
7.918,0.4360773716144717,-0.20237003980209536,0.16678228511762277,0.0,1.8212521286578969,1.6343997808829644,30.563334176274,30.264061124026075,0.0
7.9190000000000005,0.43236937740128545,-0.20184396975375812,0.09478294034036144,0.0,1.8227460301552958,1.6186434584487244,30.00656893857564,30.264061124026075,0.0
7.92,0.4234694299993631,-0.19584241815429312,0.3757404810440463,0.0,1.8218599992840734,1.6371793956049063,29.9820865613716,30.264061124026075,0.0
7.921,0.43062923913726564,-0.19569992119103935,0.39080141527261164,0.0,1.8229605060656282,1.651743684837264,30.517780602841114,30.264061124026075,0.0
7.922000000000001,0.4394167577137464,-0.19940719320568845,0.12041719974970361,0.0,1.825816615983507,1.6341736938227027,30.373403964804563,30.264061124026075,0.0
7.923,0.43208321893918333,-0.1972831039492884,0.19151209036019423,0.0,1.826359393269792,1.630065157474735,29.781570767111475,30.264061124026075,0.0
7.924,0.4279978584552321,-0.19343256552056953,0.4922535927758842,0.0,1.8260347208580556,1.6591684231153017,30.167287872790908,30.264061124026075,0.0
7.925,0.44201463482699377,-0.19647097578648676,0.30036277244851944,0.0,1.8290255727650881,1.6596307906847387,30.712057866061752,30.264061124026075,0.0
7.926,0.44553241162061,-0.1982436370806687,0.023497808392740738,0.0,1.8319281848780613,1.631562981161492,30.126787451567253,30.264061124026075,0.0
7.9270000000000005,0.43173826331327514,-0.19184958279719633,0.31750575236457834,0.0,1.8310126822432897,1.6432542713610714,29.706930291269074,30.264061124026075,0.0
7.928,0.43409017043924747,-0.18942530260367313,0.5330056408412376,0.0,1.8311551286134997,1.6740531393029991,30.378543531798652,30.264061124026075,0.0
7.929,0.4498882825518796,-0.19550366978881895,0.1960541964987232,0.0,1.8350560803331828,1.6608524340641817,30.585869865977692,30.264061124026075,0.0
7.930000000000001,0.4468956534473854,-0.19535460352526296,0.08917294198968695,0.0,1.8371696853961734,1.6414616412912666,29.931618744139833,30.264061124026075,0.0
7.931,0.4366445510361119,-0.18809115872803478,0.419622926707479,0.0,1.8363353624105143,1.6627372941401846,29.99693814512863,30.264061124026075,0.0
7.932,0.4448034374756029,-0.1879674648426459,0.38963445600205426,0.0,1.8377710651288923,1.6741987292484137,30.60553046892979,30.264061124026075,0.0
7.933,0.4523125174980981,-0.1910303607309618,0.08192360065243809,0.0,1.8405474965728232,1.6503648717981743,30.131943318521934,30.264061124026075,0.0
7.934,0.44167957100382316,-0.18695070715042011,0.3200383539114071,0.0,1.840183508274595,1.6597064895639302,29.644934038730238,30.264061124026075,0.0
7.9350000000000005,0.4441247228654155,-0.18441598609989762,0.5697342646602135,0.0,1.8405520578030135,1.6927876532033483,30.359986387657873,30.264061124026075,0.0
7.936,0.46114715519389954,-0.19080333964569116,0.21124883756007795,0.0,1.8449198248430738,1.6788191833056467,30.514969642796366,30.264061124026075,0.0
7.937,0.4580188598889203,-0.19072386450750625,0.13124812480312847,0.0,1.8473813523887,1.6619834497762904,29.8462129992103,30.264061124026075,0.0
7.938,0.44920009079086465,-0.18360297998882474,0.4698049278443185,0.0,1.8471306512811545,1.686057479464269,30.091695877888665,30.264061124026075,0.0
7.939,0.459052029450263,-0.18425589229543748,0.3487871409665111,0.0,1.8494554524520752,1.6898296105422104,30.651657465727865,30.264061124026075,0.0
7.94,0.46284590859462715,-0.1862205642342587,0.06493038362989279,0.0,1.852134571403903,1.663124135871914,29.90734551062751,30.264061124026075,0.0
7.941,0.4503680866504771,-0.179669712543574,0.4406535173140555,0.0,1.8511349905881547,1.6849357320477534,29.798207463975906,30.264061124026075,0.0
7.942,0.4587581527788873,-0.17886343486154332,0.4998810772403597,0.0,1.8523933454434485,1.7061763252859197,30.436224341484095,30.264061124026075,0.0
7.9430000000000005,0.4709297732008322,-0.1846085721052434,0.1791510063116849,0.0,1.856289952010657,1.6882911336992517,30.089645052543048,30.264061124026075,0.0
7.944,0.4649893059471447,-0.18227609191357513,0.35418481149703884,0.0,1.857694354568957,1.6958203088097719,29.639740030066907,30.264061124026075,0.0
7.945,0.46802601198320554,-0.17937138466148783,0.5853805336747011,0.0,1.8594150413866666,1.726024755716256,30.440618992549794,30.264061124026075,0.0
7.946,0.48319446663244225,-0.18527916256456492,0.18317547374802035,0.0,1.8646630068551129,1.7051881498490955,30.268333921520874,30.264061124026075,0.0
7.947,0.4760355507375778,-0.18293059335561473,0.26927528128753236,0.0,1.8669850947979831,1.7013921958390366,29.64198386002556,30.264061124026075,0.0
7.948,0.4729013718167794,-0.1770560466906808,0.5886710846751937,0.0,1.8680726641045073,1.7327537568438574,30.38656885601255,30.264061124026075,0.0
7.949,0.48722778934162797,-0.1811594658541064,0.21515350936183558,0.0,1.8726977541554874,1.715199779643561,30.344573689799706,30.264061124026075,0.0
7.95,0.48124274500197195,-0.17958066946810292,0.23534596681052056,0.0,1.8748902356872446,1.7066216742934919,29.6477378734346,30.264061124026075,0.0
7.9510000000000005,0.47619404751088446,-0.17298424957558337,0.589927107498988,0.0,1.8752958403065025,1.738418134813473,30.338874408470943,30.264061124026075,0.0
7.952,0.4905083996490527,-0.17660987064838085,0.24361070713636807,0.0,1.879305313032766,1.7238098285864991,30.33383181501005,30.264061124026075,0.0
7.953,0.4860472004241994,-0.17585991845877408,0.2454342969569745,0.0,1.8813342569121203,1.715360934574858,29.637555583322364,30.264061124026075,0.0
7.954,0.48174246236000867,-0.1695580116997402,0.5998374682078551,0.0,1.8816297067807777,1.7473548464865198,30.333111807495918,30.264061124026075,0.0
7.955,0.49639476095180635,-0.17350894203921102,0.25136884928637954,0.0,1.8855926242586678,1.7326485321742697,30.251274236708092,30.264061124026075,0.0
7.956,0.4921042229318001,-0.17277938627263162,0.2924155035534724,0.0,1.8875688581198253,1.728427441367748,29.620106590628367,30.264061124026075,0.0
7.957,0.4902159883279555,-0.16711455260522318,0.6144388719273117,0.0,1.8883095233684657,1.7600029874326673,30.38459942921778,30.264061124026075,0.0
7.958,0.5050269335593888,-0.17183210503620894,0.2309870695806887,0.0,1.8927092558028167,1.741447027152597,30.10826411862095,30.264061124026075,0.0
7.9590000000000005,0.4991176893313856,-0.16989300311847255,0.37071269493315384,0.0,1.894552942230465,1.7451890992736003,29.69223741638399,30.264061124026075,0.0
7.96,0.5009361016024698,-0.16515865749403913,0.5844442831280559,0.0,1.8960850802279374,1.7705954334810838,30.424907810632924,30.264061124026075,0.0
7.961,0.5130524026024575,-0.17000157137520827,0.2165006191375201,0.0,1.9005847018295847,1.7496886201593704,29.941540691219117,30.264061124026075,0.0
7.962,0.5059196217072901,-0.1660178103776046,0.4614093831724928,0.0,1.9020570370903476,1.7628476199222132,29.93561244936839,30.264061124026075,0.0
7.963,0.5118407562044742,-0.16316754529416674,0.46765799084443405,0.0,1.9044243472521165,1.77235355983477,30.498248749847043,30.264061124026075,0.0
7.964,0.516712683322451,-0.166020291238885,0.18399796434689697,0.0,1.9078478250937179,1.7494038471427944,29.716030546302772,30.264061124026075,0.0
7.965,0.507397192929107,-0.15910660340040955,0.5805873718962657,0.0,1.9078449507602815,1.7766263118140293,30.152560341933714,30.264061124026075,0.0
7.966,0.5189781303341764,-0.16023598246442444,0.36343748190171804,0.0,1.9107579789027387,1.771906802591412,30.20273377481588,30.264061124026075,0.0
7.9670000000000005,0.5186020919680598,-0.1614643810120676,0.3389640389527376,0.0,1.913031583358289,1.7675871408751842,29.58332282234031,30.264061124026075,0.0
7.968,0.5182659616902796,-0.15624451006406553,0.6554768982073796,0.0,1.914059391406905,1.7990211686705286,30.35638234769084,30.264061124026075,0.0
7.969,0.5333020993182417,-0.1615579752652019,0.26802392329546737,0.0,1.9187645013117987,1.7799722822164903,29.84942104181348,30.264061124026075,0.0
7.97,0.5279067319789102,-0.15861615707200608,0.525650977056274,0.0,1.9207174769275366,1.796256152844759,29.995570411330064,30.264061124026075,0.0
7.971,0.5359978238086784,-0.15673944522240074,0.45526119942494125,0.0,1.9239265219230028,1.7998438141200521,30.33279175724825,30.264061124026075,0.0
7.972,0.5382664982981162,-0.15898018281935664,0.28596322013362735,0.0,1.9274386768006133,1.785306090546091,29.642957118525086,30.264061124026075,0.0
7.973,0.5331780285686102,-0.15218674414546915,0.6370915795502186,0.0,1.9283761582029688,1.813472872561165,30.250911981703354,30.264061124026075,0.0
7.974,0.5454832328989897,-0.15527363738434125,0.3332456393843118,0.0,1.9324440623096115,1.8005779303289149,29.82851731660738,30.264061124026075,0.0
7.9750000000000005,0.5422054832104957,-0.1533051884737787,0.5487984100064864,0.0,1.9345682834698141,1.8166121414096903,30.008228749263232,30.264061124026075,0.0
7.976,0.5508961968973007,-0.15181077865490542,0.4615010174261881,0.0,1.937938803031103,1.8185083566059201,30.217302094126932,30.264061124026075,0.0
7.977,0.5525295742549702,-0.15383119185112124,0.35743193529332934,0.0,1.9413990817056592,1.8098846127573693,29.60213399972877,30.264061124026075,0.0
7.978,0.5505762994878962,-0.14771940431795527,0.6716352537353829,0.0,1.9429584573672942,1.8383035210090386,30.313902093403524,30.264061124026075,0.0
7.979,0.5634351405912206,-0.15201945849503387,0.31525279720423205,0.0,1.9477379101227426,1.8202583673298198,29.712603767492762,30.264061124026075,0.0
7.98,0.5583881273268296,-0.1480044055917679,0.621416533724946,0.0,1.9497502458735942,1.8424212697467748,30.167548553235626,30.264061124026075,0.0
7.981,0.5687904659729511,-0.14845185280170975,0.39490926656141845,0.0,1.9538670080131826,1.8333969513602066,29.868348616631167,30.264061124026075,0.0
7.982,0.5661430649652089,-0.14748010693266797,0.5484663599375974,0.0,1.9565582955824614,1.8452383314665828,29.933491012869723,30.264061124026075,0.0
7.9830000000000005,0.5733426715079755,-0.14458517052979575,0.5192008629298825,0.0,1.9598558668598245,1.8505914959848557,30.18185002860538,30.264061124026075,0.0
7.984,0.5761732782455149,-0.14702429970245373,0.39584346601626197,0.0,1.9636562510343,1.8422230718129162,29.61505062543291,30.264061124026075,0.0
7.985,0.5748886587423362,-0.1408789764094918,0.6857332725884273,0.0,1.9655393775201806,1.8683625953804173,30.29567661951302,30.264061124026075,0.0
7.986,0.5865302302869746,-0.1451447700395189,0.345104120593503,0.0,1.970378834246457,1.8504149553896512,29.63007011215384,30.264061124026075,0.0
7.987,0.581791964166753,-0.14007148267774752,0.6842472843918148,0.0,1.9723388617549331,1.8760956895970229,30.23554170433119,30.264061124026075,0.0
7.988,0.5933799494774039,-0.14223585426877627,0.3817966825000894,0.0,1.97695977368193,1.861421294243059,29.66930477514377,30.264061124026075,0.0
7.989,0.5893949324630723,-0.13872590075055558,0.6708627105826217,0.0,1.979243416277916,1.8840524304498691,30.193297623922767,30.264061124026075,0.0
7.99,0.6002998001149654,-0.13969277736113161,0.4095739211941571,0.0,1.9837032641973302,1.8717770045701898,29.685453176603872,30.264061124026075,0.0
7.9910000000000005,0.5968960891724215,-0.13702905533165932,0.6692822243278267,0.0,1.9861869065474878,1.8928393641892065,30.172692755511527,30.264061124026075,0.0
7.992,0.607552534653014,-0.13734319316008475,0.42657611855914473,0.0,1.9905896130059522,1.8815428513031547,29.682713077788364,30.264061124026075,0.0
7.993,0.6043299266454512,-0.13509710268499883,0.6773794378831033,0.0,1.9931721861994212,1.902292737870515,30.169655821504065,30.264061124026075,0.0
7.994,0.6150763573584159,-0.13518128398391283,0.4348521190504726,0.0,1.997603211577911,1.8908255213771543,29.658098939544598,30.264061124026075,0.0
7.995,0.611760812485284,-0.1329062323032265,0.6966901818750213,0.0,2.0001933152713516,1.9126477634131809,30.192694869950092,30.264061124026075,0.0
7.996,0.6229821224473853,-0.13330678777121713,0.430105879213034,0.0,2.004773444417336,1.8993366381493217,29.604048202547556,30.264061124026075,0.0
7.997,0.619102073847952,-0.1303827279315218,0.731029342129087,0.0,2.00723879598529,1.9241210807193911,30.248587098515884,30.264061124026075,0.0
7.998,0.6313424027827366,-0.13175670269602038,0.40891463440002507,0.0,2.012116434475947,1.9068465250410715,29.51576418222345,30.264061124026075,0.0
7.9990000000000006,0.6262374538497602,-0.12752555634916016,0.7828090619642685,0.0,2.0142996877039065,1.9368206705609816,30.300052261837966,30.264061124026075,0.0
8.0,0.6401759287276518,-0.1305505139188621,0.39030511077889163,0.0,2.019637086957198,1.9155170662197665,29.4600597143469,30.264061124026075,0.0
8.001,0.6341944920658661,-0.12492343276742843,0.8183413986212156,0.0,2.0216611573486833,1.9486839361940858,30.303058593050608,30.264061124026075,0.0
8.002,0.6488646753496896,-0.12920500798894805,0.3964519845791169,0.0,2.0273267517843334,1.9263747932592286,29.468224509329364,30.264061124026075,0.0
8.003,0.6431833541837702,-0.12276142977162915,0.821827392586706,0.0,2.029443263126813,1.9586449602437677,30.280381534410758,30.264061124026075,0.0
8.004,0.6570106726750096,-0.12737776100220785,0.4155856759421622,0.0,2.0351473722510347,1.9373816005074294,29.490644279679977,30.264061124026075,0.0
8.005,0.6520266726155335,-0.12050265322752632,0.8181884717510137,0.0,2.0373523093216788,1.9678502255540216,30.240232553915693,30.264061124026075,0.0
8.006,0.6648058705003896,-0.12522911415513246,0.4436326203342595,0.0,2.042972276969703,1.9488097584211574,29.531908216614582,30.264061124026075,0.0
8.007,0.6609877878887234,-0.11825521016579671,0.8051163180589298,0.0,2.045311807091535,1.9762918810963968,30.17311455973173,30.264061124026075,0.0
8.008000000000001,0.672343204431327,-0.12284621982981259,0.48542261214329946,0.0,2.0507403465716423,1.9611913232425255,29.596640976963254,30.264061124026075,0.0
8.009,0.6703893305914153,-0.11617386456755047,0.7803336049981653,0.0,2.0533361071428624,1.984109301683059,30.078127452111936,30.264061124026075,0.0
8.01,0.6797967391017661,-0.12033249153384257,0.541449704142966,0.0,2.05848826201993,1.9747143656395036,29.67787411972094,30.264061124026075,0.0
8.011000000000001,0.6804118933372342,-0.11427959599221826,0.7474382403815152,0.0,2.061478303025693,1.9918481238020058,29.968383706181758,30.264061124026075,0.0
8.012,0.6874030364009814,-0.11795726859117042,0.6051402213295494,0.0,2.0663477886884305,1.9890919685960737,29.829296798472644,30.264061124026075,0.0
8.013,0.6909439683321418,-0.11261753226585891,0.6790313184396407,0.0,2.069830562542528,1.996329787267849,29.73226234065676,30.264061124026075,0.0
8.014,0.6937614562046975,-0.11457607807706849,0.7328665351812756,0.0,2.073957678280878,2.008100549981665,30.124716584964922,30.264061124026075,0.0
8.015,0.7029308898014097,-0.11256987024009238,0.5380328584178062,0.0,2.0786088903965965,1.9961564285696247,29.41585530095655,30.264061124026075,0.0
8.016,0.6992835572425322,-0.10895930109573915,0.9009455586526871,0.0,2.0812234686320306,2.028233475221275,30.199056871283517,30.264061124026075,0.0
8.017,0.7143433138954549,-0.11367489452442259,0.5099948160166295,0.0,2.087339114677684,2.0090375197815784,29.55717573761211,30.264061124026075,0.0
8.018,0.7113370446109302,-0.10648884859087726,0.8380042367164732,0.0,2.0900859795878253,2.032844555381587,29.963187268830826,30.264061124026075,0.0
8.019,0.7208093256431323,-0.11082736465345144,0.6380072096590674,0.0,2.0954879587931727,2.028193793122908,29.83669857340519,30.264061124026075,0.0
8.02,0.7241642196792393,-0.10537296694444143,0.705525182878094,0.0,2.0992412949435,2.033700936801649,29.59143640088572,30.264061124026075,0.0
8.021,0.7262053513604776,-0.10666659447113136,0.834882516369233,0.0,2.1033668548516946,2.052395851134809,30.18381608115965,30.264061124026075,0.0
8.022,0.7380247841722607,-0.10705563593483547,0.539495126660931,0.0,2.1089792084881265,2.0345679175301625,29.45801643984241,30.264061124026075,0.0
8.023,0.733629583450208,-0.10049483934929537,0.9104553941613884,0.0,2.111521955361405,2.0634451823793034,29.985107747953336,30.264061124026075,0.0
8.024000000000001,0.7456078099394805,-0.1056996758659956,0.6496992738666529,0.0,2.117336294014961,2.0559346626023904,29.832732312754548,30.264061124026075,0.0
8.025,0.7484137827851388,-0.09983197905907543,0.7302002795787623,0.0,2.1211206518115424,2.0610304257516745,29.515176816861544,30.264061124026075,0.0
8.026,0.7502576623576144,-0.1006550657279468,0.8964668705969094,0.0,2.1251853666450398,2.083304596296048,30.17002079814988,30.264061124026075,0.0
8.027000000000001,0.7633858320850393,-0.10255979725142073,0.5699852832115027,0.0,2.1312723166505165,2.0647565208724643,29.54553558398282,30.264061124026075,0.0
8.028,0.7597558978652613,-0.09511393389064149,0.8894131456954666,0.0,2.1340576718281676,2.087604403200328,29.79387552348618,30.264061124026075,0.0
8.029,0.7686389001032222,-0.09924482007657398,0.7699450319491855,0.0,2.1393781358349,2.0910968320878656,30.07920387889833,30.264061124026075,0.0
8.03,0.7757302574333957,-0.09605857109458255,0.6291294266943874,0.0,2.144124000079835,2.0797858097628183,29.37222195539354,30.264061124026075,0.0
8.031,0.7723026351521962,-0.09134486957732174,0.9915387801331068,0.0,2.1467775309906925,2.1118016130498107,29.94164884943385,30.264061124026075,0.0
8.032,0.7867016668723762,-0.09731807947911564,0.7100494558588748,0.0,2.1530714792435344,2.104675100182604,29.913548919059828,30.264061124026075,0.0
8.033,0.7904915528880212,-0.09186210144478718,0.7276045430955485,0.0,2.1573634917015765,2.1033636891216605,29.361007511989637,30.264061124026075,0.0
8.034,0.7901882414907225,-0.09010487656622723,1.0129057827510082,0.0,2.1609564268514223,2.1338914690162083,30.017545055179557,30.264061124026075,0.0
8.035,0.8055747323170487,-0.09534583263497848,0.6871021718445134,0.0,2.1678369238920863,2.1213388077351474,29.846338113632576,30.264061124026075,0.0
8.036,0.8066689505690545,-0.08865501504563733,0.7768828727219388,0.0,2.171985705605062,2.123896876392384,29.36134742913327,30.264061124026075,0.0
8.037,0.8073073820855899,-0.08751908636161737,1.0284053519205192,0.0,2.1759173720331164,2.1533243967739657,30.01965616849826,30.264061124026075,0.0
8.038,0.8226593984106904,-0.09233858121825872,0.701695031793304,0.0,2.1829401275775937,2.1400666342736185,29.86931589925622,30.264061124026075,0.0
8.039,0.8233165712501602,-0.08542899506340612,0.7808126186620208,0.0,2.1871265818919885,2.1408881924854946,29.335904794617246,30.264061124026075,0.0
8.040000000000001,0.8232190625514288,-0.08337701463305419,1.056799734275597,0.0,2.19081992461034,2.1716309448416835,29.939148529460535,30.264061124026075,0.0
8.041,0.8386945506618377,-0.08887715315962075,0.7584269927996077,0.0,2.197843743334702,2.1623846047364625,29.995655087369023,30.264061124026075,0.0
8.042,0.8415409982674238,-0.08298006752161213,0.7328577742119342,0.0,2.20253686537066,2.154778039528804,29.389988489435645,30.264061124026075,0.0
8.043000000000001,0.8386081154846758,-0.07812376569720758,1.0444317995245278,0.0,2.2055247963379507,2.183281359597929,29.919434214938132,30.264061124026075,0.0
8.044,0.8495528103387852,-0.08670125144591156,0.7831552058641635,0.0,2.2120563526660266,2.1761437299393243,30.378871572244446,30.264061124026075,0.0
8.045,0.8501696951603936,-0.08555132970351037,0.552288422728823,0.0,2.2170087241462832,2.1476320282892676,29.82131238865463,30.264061124026075,0.0
8.046,0.8350956299415515,-0.07888996768243928,0.8354955018774457,0.0,2.2178934377086157,2.1575924965122333,29.9922730512865,30.264061124026075,0.0
8.047,0.8327365517400283,-0.08304802688386187,0.7527330512889063,0.0,2.220209726869377,2.154818206862889,30.56930741283278,30.264061124026075,0.0
8.048,0.8312574241673348,-0.08284475070157665,0.46116340762769814,0.0,2.2219530171770634,2.1214470520486897,29.979911122791805,30.264061124026075,0.0
8.049,0.8141462631737197,-0.07534507465572099,0.7587030526605293,0.0,2.219361931369339,2.1290998355704724,30.03937391303026,30.264061124026075,0.0
8.05,0.8106102121890402,-0.07955841144627745,0.7312185296512594,0.0,2.218333696301986,2.1299473921763354,30.61746063723962,30.264061124026075,0.0
8.051,0.8112436110228178,-0.081000660477558,0.438641172414444,0.0,2.2176095544274896,2.098593671167357,30.01919286901567,30.264061124026075,0.0
8.052,0.7964307398769896,-0.07516193714334701,0.740223739076524,0.0,2.213165772582469,2.108038513791403,30.13753377384391,30.264061124026075,0.0
8.053,0.7950895441231545,-0.08073780602239006,0.6823185601642253,0.0,2.210782585994392,2.1067085014430313,30.6153698913742,30.264061124026075,0.0
8.054,0.7960674709813974,-0.08185465792326113,0.4398874137255985,0.0,2.2085718118505904,2.079063813439619,29.9829473912675,30.264061124026075,0.0
8.055,0.7829424535826759,-0.07812432995098767,0.7589098011065338,0.0,2.203396141724869,2.0929328220808983,30.316173361256137,30.264061124026075,0.0
8.056000000000001,0.7849103847276119,-0.08508898134271514,0.5917756937399153,0.0,2.200928354408661,2.08297466456141,30.468956088905063,30.264061124026075,0.0
8.057,0.7831767024149461,-0.08396648078196711,0.5133353802666624,0.0,2.1975184084965242,2.0670188350197005,29.97242458258826,30.264061124026075,0.0
8.058,0.77406010987685,-0.08430548871626353,0.7645174988394419,0.0,2.192902390099811,2.081717518374751,30.566912876218197,30.264061124026075,0.0
8.059000000000001,0.7787269805885106,-0.09112493120461496,0.4642448345025524,0.0,2.190964590472651,2.0583383955881756,30.23771422316633,30.264061124026075,0.0
8.06,0.7706922261428262,-0.08735803392148084,0.6291076300370841,0.0,2.1864001054035196,2.059171530965851,30.143513759788693,30.264061124026075,0.0
8.061,0.7672655397257266,-0.0920307788193841,0.6774133353682757,0.0,2.182927053290671,2.0634264918913554,30.713857827234786,30.264061124026075,0.0
8.062,0.7703077086637713,-0.09452028694729608,0.3877433346131419,0.0,2.1804539209267473,2.0341929889292922,30.029848520020398,30.264061124026075,0.0
8.063,0.7570850072455098,-0.09092959691878177,0.7320901142603929,0.0,2.174884880518595,2.0498952876411813,30.52081369096291,30.264061124026075,0.0
8.064,0.760174448353044,-0.0980225343530865,0.48404000311976825,0.0,2.1722591040405046,2.032269406883113,30.306723093944598,30.264061124026075,0.0
8.065,0.7548058406447793,-0.09533563193257388,0.5906586819297395,0.0,2.167766828493818,2.03097353359253,30.187868294752747,30.264061124026075,0.0
8.066,0.751151454473646,-0.09998332865810006,0.6508480098183983,0.0,2.164132308836755,2.035260955757732,30.726017928623982,30.264061124026075,0.0
8.067,0.7542776913997642,-0.10215861300346635,0.3771536248368015,0.0,2.161482787672653,2.0076674781902626,30.03912043940666,30.264061124026075,0.0
8.068,0.7414715154786813,-0.09955876058257879,0.7228517762916571,0.0,2.1560311342584635,2.0247720784935583,30.663478149867526,30.264061124026075,0.0
8.069,0.7458442692155682,-0.10639945983261723,0.40667875080280913,0.0,2.1536135816577344,2.0007759744365146,30.193510761082624,30.264061124026075,0.0
8.07,0.7371970633171054,-0.10279926544062867,0.6423679488246944,0.0,2.1485737455357548,2.0090201877485994,30.47378198693258,30.264061124026075,0.0
8.071,0.7373853500101486,-0.10911855615740151,0.500135127270652,0.0,2.1455934382799478,1.9978263101708946,30.39544630064628,30.264061124026075,0.0
8.072000000000001,0.7344055206867974,-0.10724946060998825,0.5379891186475989,0.0,2.141522980574567,1.9933697209848824,30.254597634203115,30.264061124026075,0.0
8.073,0.7297395608820566,-0.11154727362539996,0.6085080867674114,0.0,2.137905360108293,1.9968137488116315,30.690265190349766,30.264061124026075,0.0
8.074,0.7321652253546489,-0.11301068671581266,0.38641226803084905,0.0,2.1351119017811118,1.9741023993768267,30.098846216961643,30.264061124026075,0.0
8.075,0.7210065419391036,-0.1121454100313094,0.6837739037955548,0.0,2.130216839776969,1.9895652889947024,30.793993218830156,30.264061124026075,0.0
8.076,0.7257950445769753,-0.11758545427217715,0.3309010819132576,0.0,2.127964630568369,1.9605644345613555,30.119585398591134,30.264061124026075,0.0
8.077,0.7137460230103545,-0.11380634310505633,0.6695497492871181,0.0,2.1225674541665023,1.9763918036791388,30.733055508544755,30.264061124026075,0.0
8.078,0.7173806978789803,-0.12032489442011796,0.3581247504651208,0.0,2.1200475640729284,1.9519331772495827,30.173910965019132,30.264061124026075,0.0
8.079,0.7079166689823355,-0.11682607816788021,0.6385985238180015,0.0,2.114883745044859,1.9647121794379787,30.683435273545484,30.264061124026075,0.0
8.08,0.7105471327094228,-0.12328708910311598,0.37964262805963145,0.0,2.1122599075038355,1.9440230219388335,30.20893866518346,30.264061124026075,0.0
8.081,0.7027622296598363,-0.12038518971952228,0.6174421568290697,0.0,2.107445718925451,1.9547705475304467,30.68746840153898,30.264061124026075,0.0
8.082,0.7048249179761554,-0.12661028934244217,0.3739432158761813,0.0,2.1049014817164236,1.9344942781672578,30.21519697998766,30.264061124026075,0.0
8.083,0.6969784755103934,-0.12371496587557534,0.6105675680922251,0.0,2.100203304714396,1.9453386157271755,30.71761528562778,30.264061124026075,0.0
8.084,0.6991159891144141,-0.12975611991698377,0.35482287365614806,0.0,2.097752859347787,1.9238169509996699,30.20278500011108,30.264061124026075,0.0
8.085,0.690459073505153,-0.1267586590256824,0.6128507776536471,0.0,2.09300515980663,1.9361165604453983,30.756875423093675,30.264061124026075,0.0
8.086,0.6932686013310769,-0.13266226223131777,0.33087742317167446,0.0,2.0906415621256955,1.912718473742503,30.18476229472927,30.264061124026075,0.0
8.087,0.6835688508350222,-0.12967771468831552,0.6177269756468442,0.0,2.0857871792807776,1.9268920880917153,30.79179942919401,30.264061124026075,0.0
8.088000000000001,0.6873017317436751,-0.13539517175182758,0.3089310253627948,0.0,2.0834943619076896,1.9018192382606074,30.1739300404019,30.264061124026075,0.0
8.089,0.6766803316732757,-0.1325951227198257,0.6187670305950926,0.0,2.0785583613246437,1.917399994570524,30.81197910883164,30.264061124026075,0.0
8.09,0.6811795019699072,-0.13800369664719264,0.29426331653216675,0.0,2.076296980053224,1.8915341838585655,30.174346704066622,30.264061124026075,0.0
8.091,0.6700236253966826,-0.13557537970136546,0.6139766631142702,0.0,2.071353955234437,1.9077144594813449,30.818433529630738,30.264061124026075,0.0
8.092,0.6749931311724774,-0.14056292706639628,0.28638952627616543,0.0,2.069096173839418,1.8818924821408833,30.1868619687381,30.264061124026075,0.0
8.093,0.663639913643679,-0.13863749118813395,0.6029472982753643,0.0,2.0642202994295955,1.8978226996691856,30.810453180325954,30.264061124026075,0.0
8.094,0.6687446030924782,-0.14306059288909806,0.2856877719184384,0.0,2.0619308297594743,1.8729331343697653,30.224773721682535,30.264061124026075,0.0
8.095,0.6575545317328675,-0.14175378878140044,0.5789203752635833,0.0,2.057193371057566,1.887013715008855,30.77917839863399,30.264061124026075,0.0
8.096,0.6620772575526065,-0.14531126499238683,0.2965668640417759,0.0,2.054742106714043,1.8646118788922272,30.28441134259787,30.264061124026075,0.0
8.097,0.6516313897516343,-0.14485303618311285,0.5437468898741185,0.0,2.0502098052620807,1.8754127106229914,30.72123647561492,30.264061124026075,0.0
8.098,0.6550273117178689,-0.1473177745085446,0.32076256984970564,0.0,2.04748652063228,1.8572021434801769,30.363824819993063,30.264061124026075,0.0
8.099,0.6460037858060479,-0.14806206955890389,0.49847076070096386,0.0,2.043271732823464,1.8633445958525094,30.617930926942662,30.264061124026075,0.0
8.1,0.6478108875590065,-0.1491974294104636,0.36787900919699823,0.0,2.0402101156659294,1.8520201331808348,30.499304239069907,30.264061124026075,0.0
8.101,0.6413911928308564,-0.15174876116867547,0.4248399219829375,0.0,2.0365915068518694,1.849817810419693,30.42366175323373,30.264061124026075,0.0
8.102,0.6399594555754986,-0.15114046416601767,0.46106515860894937,0.0,2.0330221006552276,1.8509823201050692,30.78554418204842,30.264061124026075,0.0
8.103,0.6389120923357323,-0.15578063184693167,0.2749091136213817,0.0,2.0304425874617142,1.8309349134711723,30.26912401634017,30.264061124026075,0.0
8.104000000000001,0.6294865218629322,-0.1527887435059711,0.5330685675523644,0.0,2.025740775529847,1.8439197356832073,30.81184388955176,30.264061124026075,0.0
8.105,0.6332017638986226,-0.1568585769087099,0.2562308032913133,0.0,2.023285227570082,1.821599213544173,30.330270819691794,30.264061124026075,0.0
8.106,0.6226877587226529,-0.15605089613813444,0.49635524126463915,0.0,2.0187136389735985,1.8316409476324556,30.650816661815057,30.264061124026075,0.0
8.107,0.625720375089237,-0.1579375161757281,0.3322147648251179,0.0,2.0158189876574326,1.8193259248120968,30.522404141491776,30.264061124026075,0.0
8.108,0.619241916412063,-0.16028125512896693,0.3938375948121011,0.0,2.012221244275328,1.8171158118232758,30.382622364931112,30.264061124026075,0.0
8.109,0.6176155230830066,-0.15971905806242342,0.46254287068338273,0.0,2.008676984865699,1.8218224065205217,30.85311374609061,30.264061124026075,0.0
8.11,0.6186409280758141,-0.1643874436989102,0.2214066538829884,0.0,2.0064769552574377,1.7983628207178248,30.29256023478255,30.264061124026075,0.0
8.111,0.6074090452160865,-0.1617257110112287,0.5013984184294543,0.0,2.0018114955777224,1.811485407967185,30.71506187862814,30.264061124026075,0.0
8.112,0.6113172783689138,-0.16434601451321065,0.2856375889606375,0.0,1.999239691303009,1.7957533571611946,30.50577469495517,30.264061124026075,0.0
8.113,0.6034270556854948,-0.16585762677563734,0.38786404508783145,0.0,1.9954919366890165,1.7956468563037165,30.392445776885253,30.264061124026075,0.0
8.114,0.6023117907465498,-0.16552154311592104,0.4432446575941986,0.0,1.992056222125481,1.8002896098014638,30.861753042894538,30.264061124026075,0.0
8.115,0.6035324661148662,-0.17000833482199865,0.20261410540087166,0.0,1.98992526229234,1.77695592268685,30.32354170790777,30.264061124026075,0.0
8.116,0.5922026252467762,-0.16757588226071526,0.4711249670554395,0.0,1.98536159203225,1.7889434978534917,30.647078464298176,30.264061124026075,0.0
8.117,0.5956191994506429,-0.16962969977839776,0.30552641545751497,0.0,1.982703290767391,1.7778858776140372,30.605003694810925,30.264061124026075,0.0
8.118,0.5898280135378706,-0.17212019280991,0.3231543744932916,0.0,1.979458473663361,1.7719344464743993,30.323460116701433,30.264061124026075,0.0
8.119,0.5861261089384541,-0.17108587436374706,0.4633321736212839,0.0,1.975804315196378,1.7818462526988526,30.825612490528254,30.264061124026075,0.0
8.120000000000001,0.589879309806296,-0.17509329659619266,0.20664047304285182,0.0,1.9739579128285698,1.7603137262577984,30.448963986714904,30.264061124026075,0.0
8.121,0.5793941829768345,-0.17441999575112174,0.39311569632263826,0.0,1.9700287607381546,1.7650198997505484,30.453298123140115,30.264061124026075,0.0
8.122,0.5796491144185318,-0.17454166446477953,0.38905625811889244,0.0,1.9669832577730082,1.7664183565228906,30.854497481841136,30.264061124026075,0.0
8.123,0.5794610452466765,-0.17851766462408677,0.18255221519023135,0.0,1.9648182941119978,1.744720803904689,30.35107464715519,30.264061124026075,0.0
8.124,0.5685245138322815,-0.17598435636156942,0.4333934973019131,0.0,1.960381647644799,1.7558352294076442,30.57924860857121,30.264061124026075,0.0
8.125,0.571601371552617,-0.1776302672726692,0.31615464174845237,0.0,1.9577064916574616,1.7495420411182054,30.723856455187246,30.264061124026075,0.0
8.126,0.5681212622785142,-0.18087944774947587,0.23925276512882238,0.0,1.955010483183251,1.7367374187837061,30.325945659638155,30.264061124026075,0.0
8.127,0.5611867706616013,-0.17913765447276975,0.43758931754724706,0.0,1.951079524257807,1.7482576903525793,30.67170127021486,30.264061124026075,0.0
8.128,0.5654264480195801,-0.18171718708482543,0.2606351107970062,0.0,1.9489948549018865,1.7362488011797619,30.655099649681663,30.264061124026075,0.0
8.129,0.5593526519270073,-0.18378328121818951,0.26502553580704913,0.0,1.9461192385928265,1.7281953371510044,30.324264466571847,30.264061124026075,0.0
8.13,0.5540798174010739,-0.1823853232496079,0.42984109393649933,0.0,1.94255140119392,1.7392647388752833,30.720929574513494,30.264061124026075,0.0
8.131,0.5583895693267877,-0.18526324543135334,0.22693985546080153,0.0,1.9407778387270085,1.7243763238165344,30.632445883197025,30.264061124026075,0.0
8.132,0.5509004556404422,-0.18648859724505093,0.2674978535273266,0.0,1.9377988004786035,1.7181566862137987,30.330447276567966,30.264061124026075,0.0
8.133000000000001,0.5460767703806947,-0.18514330460431272,0.41783329531643726,0.0,1.9343354665861467,1.7288481414043422,30.72455434077007,30.264061124026075,0.0
8.134,0.5502523932877057,-0.18802608699645457,0.21617483104794571,0.0,1.932618170591533,1.7139307768267913,30.640355916156448,30.264061124026075,0.0
8.135,0.5427415787167225,-0.18908120069033277,0.2545110954334526,0.0,1.9296681024210312,1.7074349386645034,30.33552215638827,30.264061124026075,0.0
8.136000000000001,0.5376909512161452,-0.18768295911851013,0.40621336499392047,0.0,1.9261990995415108,1.7180780253885437,30.69056065439797,30.264061124026075,0.0
8.137,0.5418685096987697,-0.19028706761462127,0.22442912068535076,0.0,1.9244417399726375,1.7052865758745872,30.683938384030927,30.264061124026075,0.0
8.138,0.5353899250832994,-0.19178560002974746,0.22354148326882362,0.0,1.9217197688899588,1.6960731575749344,30.346193263709306,30.264061124026075,0.0
8.139,0.5291234948590899,-0.19012558541049432,0.3915927220328018,0.0,1.9181510661533125,1.7066279181136894,30.59792574225846,30.264061124026075,0.0
8.14,0.533068195958436,-0.1921587257748024,0.2623878365759007,0.0,1.9162349553304736,1.6993807011138358,30.76513364487045,30.264061124026075,0.0
8.141,0.5293565535719088,-0.19469562197462573,0.17377316006146287,0.0,1.914044461068271,1.684658756843176,30.390337471359693,30.264061124026075,0.0
8.142,0.5208553592092361,-0.1925972406514869,0.3599084833435046,0.0,1.9103446308976781,1.693449004855559,30.48377596576327,30.264061124026075,0.0
8.143,0.5232989803828085,-0.19371214028468975,0.31099208772434345,0.0,1.9080374313182678,1.6933942780259974,30.826626658754392,30.264061124026075,0.0
8.144,0.5231332422749639,-0.19694800999846576,0.13394108588149983,0.0,1.9063002756860243,1.674170525078528,30.4523097368211,30.264061124026075,0.0
8.145,0.5129970975696092,-0.19492382309235312,0.31921706072019596,0.0,1.9025594410654494,1.679959617649777,30.392032814200512,30.264061124026075,0.0
8.146,0.5133894430563124,-0.19523231367295343,0.34807580512874553,0.0,1.8998257749969827,1.685972900187805,30.776234288676445,30.264061124026075,0.0
8.147,0.5162932075878707,-0.19844186533802002,0.15085333624427527,0.0,1.8983167695665175,1.6688129382002037,30.567449669546754,30.264061124026075,0.0
8.148,0.5075786106732495,-0.1980474320193146,0.252211760353914,0.0,1.8951671852986314,1.6673273665151445,30.34590319484345,30.264061124026075,0.0
8.149000000000001,0.5045605005941479,-0.1973146706545582,0.3621665769973915,0.0,1.8921073428720898,1.6770016853010419,30.616461451932043,30.264061124026075,0.0
8.15,0.5088321523768161,-0.1997654405697888,0.223363445174036,0.0,1.890597828871117,1.668534632501809,30.711220152942367,30.264061124026075,0.0
8.151,0.5046792655959503,-0.20166297685849463,0.171512504379711,0.0,1.8885767822829225,1.6569472954769817,30.40625022938738,30.264061124026075,0.0
8.152000000000001,0.4974513138858079,-0.20008171026769975,0.3225755751035923,0.0,1.8854061919631904,1.6642055805036942,30.428957273106217,30.264061124026075,0.0
8.153,0.49935009225919835,-0.20097954061425136,0.3095730917533715,0.0,1.8833930631821314,1.6671989289818256,30.76605910964165,30.264061124026075,0.0
8.154,0.5008753198304586,-0.20387322567417296,0.13600219362949995,0.0,1.8821899091801175,1.6505800685248087,30.55073404706938,30.264061124026075,0.0
8.155,0.49214871201946675,-0.20280617096666098,0.24079799568520144,0.0,1.8792988716641776,1.6497412050555802,30.378773634611278,30.264061124026075,0.0
8.156,0.4892831007397389,-0.20202546188505344,0.3256310768084003,0.0,1.8765378441010068,1.6572087562473352,30.565788711801016,30.264061124026075,0.0
8.157,0.4923762094600045,-0.20387535432553006,0.22910626233578202,0.0,1.8750109696725976,1.6518184910883513,30.692059457880234,30.264061124026075,0.0
8.158,0.4895768199594283,-0.20576494135612955,0.16169090595763147,0.0,1.8732871118200918,1.64070298787782,30.465285408874326,30.264061124026075,0.0
8.159,0.4828016813869383,-0.20452733090973757,0.2730656876121028,0.0,1.8704690564123736,1.6441693000968327,30.431495647550932,30.264061124026075,0.0
8.16,0.4826879053362886,-0.20483604206420547,0.28828622303855134,0.0,1.868325772098785,1.6475124506133845,30.63823260406486,30.264061124026075,0.0
8.161,0.48415341282235325,-0.2066854028211713,0.18117602998119908,0.0,1.8669314738399319,1.638210287472375,30.63813826815762,30.264061124026075,0.0
8.162,0.47895773460462204,-0.20722271474301646,0.17748242649350482,0.0,1.8647869997966964,1.630949896045319,30.43254304492481,30.264061124026075,0.0
8.163,0.4738305513658454,-0.20556544094056406,0.27859521890092187,0.0,1.8619432607775903,1.6358724729304264,30.33832092249233,30.264061124026075,0.0
8.164,0.47464741341135025,-0.20675997011940156,0.32496368213249954,0.0,1.860024124296602,1.6439666945991178,30.628147848355916,30.264061124026075,0.0
8.165000000000001,0.478662882770461,-0.21018610267429283,0.17640935195740798,0.0,1.8594712529198323,1.6338213864922195,30.623312967011778,30.264061124026075,0.0
8.166,0.47407664671063726,-0.2103580045787275,0.1752342741996199,0.0,1.8579437857539882,1.6265362474668992,30.492339410675836,30.264061124026075,0.0
8.167,0.4688268895721651,-0.20872327135671256,0.23843826950109326,0.0,1.8556590117287308,1.6273226768129003,30.49948874257549,30.264061124026075,0.0
8.168000000000001,0.4672883025660221,-0.20896851963334756,0.2325093273657718,0.0,1.8537246826832487,1.6266345092331662,30.589833176750275,30.264061124026075,0.0
8.169,0.46611886775781575,-0.2097818949078918,0.1840793897511373,0.0,1.8520019885817747,1.6206669737494421,30.51701779456431,30.264061124026075,0.0
8.17,0.4624795695107128,-0.20934018690043554,0.21795751413873743,0.0,1.8497980887085113,1.6197234439218258,30.505834055267577,30.264061124026075,0.0
8.171,0.4606489487805876,-0.20957009709465169,0.22113165447468897,0.0,1.8477499330412501,1.6188292265805648,30.507908576814085,30.264061124026075,0.0
8.172,0.4593722543547614,-0.21019285424570072,0.2176559191735551,0.0,1.8458833753912616,1.6175276732997597,30.503139445929538,30.264061124026075,0.0
8.173,0.4580373253902006,-0.21084290549856716,0.21764970139679402,0.0,1.8441385962444967,1.6163377682214473,30.490537691572914,30.264061124026075,0.0
8.174,0.4567502754845745,-0.2114199150493857,0.22168581289963735,0.0,1.8425062750426384,1.615664636379343,30.47819310321827,30.264061124026075,0.0
8.175,0.45569787393500133,-0.21208624019929584,0.2257167872850373,0.0,1.8410373984477375,1.615401525340026,30.47196747532854,30.264061124026075,0.0
8.176,0.4549308587649493,-0.21278099169431547,0.2267505377168777,0.0,1.8397588578213477,1.6151650882020085,30.385402172492995,30.264061124026075,0.0
8.177,0.4538774431002914,-0.21407919177561402,0.2688197786499811,0.0,1.8387203820377884,1.619549925284889,30.47785257446202,30.264061124026075,0.0
8.178,0.4559467469297305,-0.2149139536482541,0.22045666316110935,0.0,1.8383030793460504,1.617413638390134,30.657251750811486,30.264061124026075,0.0
8.179,0.45477789814417413,-0.21561034843569543,0.1268251687185219,0.0,1.8377821340419025,1.6057826830865907,30.564352053564807,30.264061124026075,0.0
8.18,0.44770475582901637,-0.21400571991865724,0.17027210804647414,0.0,1.8359667146530667,1.6017445642202988,30.38792084234817,30.264061124026075,0.0
8.181000000000001,0.44319540626464554,-0.2125199579400308,0.2572491164715722,0.0,1.8337816377840066,1.6074870138641626,30.353799477507092,30.264061124026075,0.0
8.182,0.4448645404944127,-0.21301536003666882,0.27341241535730065,0.0,1.8324586654166553,1.6131162053889954,30.626322968979927,30.264061124026075,0.0
8.183,0.4479048145395964,-0.21514341615905488,0.13352805117134442,0.0,1.8320600415910189,1.602183528672625,30.64123467300287,30.264061124026075,0.0
8.184000000000001,0.4423336137256878,-0.21483025675502684,0.12230046367010511,0.0,1.8305522843806417,1.5931113010920324,30.400584135410632,30.264061124026075,0.0
8.185,0.4357932574521302,-0.21253410475548612,0.2412605023523785,0.0,1.8280386350073343,1.5986571278604769,30.328005290975916,30.264061124026075,0.0
8.186,0.4367141589996147,-0.21270276110143502,0.276910482900238,0.0,1.826372446966251,1.6059622017552282,30.52535893735498,30.264061124026075,0.0
8.187,0.4406718004372179,-0.2146782264297774,0.17562068157741711,0.0,1.82581899974141,1.6004456399627465,30.652242138378615,30.264061124026075,0.0
8.188,0.438177416586837,-0.21561269391205037,0.10829727092207447,0.0,1.8248522778295722,1.5893466711060873,30.42338048356879,30.264061124026075,0.0
8.189,0.43134721307714646,-0.21365830659791643,0.2211349047315604,0.0,1.8226480039438737,1.5930726793170686,30.281010029884083,30.264061124026075,0.0
8.19,0.4312849105763776,-0.21325226997771468,0.29215064251533307,0.0,1.8210116381127617,1.6028275653764896,30.449502884992683,30.264061124026075,0.0
8.191,0.4362768021126261,-0.21525321688599947,0.2060497973513672,0.0,1.8207385619968182,1.6007123448069889,30.675775127792708,30.264061124026075,0.0
8.192,0.43583383329959446,-0.2168518482549134,0.08879653591368825,0.0,1.8204371114170157,1.5868431338611346,30.464293177102867,30.264061124026075,0.0
8.193,0.4279937250986831,-0.21472089896763044,0.19253519072784064,0.0,1.818528494065318,1.5877724658097891,30.238726599296562,30.264061124026075,0.0
8.194,0.4260991169191933,-0.21350178649720616,0.30557182487828816,0.0,1.8167908787647815,1.5999446518545508,30.362580769480697,30.264061124026075,0.0
8.195,0.43187410572430823,-0.21538361516743426,0.24265954333167444,0.0,1.8166634358772038,1.6020209456027934,30.68206563185861,30.264061124026075,0.0
8.196,0.43389225868661396,-0.21767633517342094,0.07873706706439298,0.0,1.8169897475671648,1.5863102691757163,30.525948564513687,30.264061124026075,0.0
8.197000000000001,0.4256451935723392,-0.21564590723836016,0.1541767263319781,0.0,1.8154660861725058,1.5830682375346439,30.2405783254265,30.264061124026075,0.0
8.198,0.421344120285895,-0.2135332575184269,0.2970966738615668,0.0,1.8135585005633632,1.5953554879641576,30.289110360445914,30.264061124026075,0.0
8.199,0.42650262049276794,-0.21483989272444423,0.272580163987662,0.0,1.8132352549279467,1.60148679347276,30.627092568766138,30.264061124026075,0.0
8.2,0.43068736671723734,-0.21734260168746272,0.0999587453801496,0.0,1.8138196960408046,1.5878207158362496,30.590859283487205,30.264061124026075,0.0
8.201,0.4239573402391097,-0.21622536687166474,0.11480740642500437,0.0,1.8128311623593574,1.579721407350525,30.27548735643778,30.264061124026075,0.0
8.202,0.41753710203417593,-0.21340520970740173,0.2723791076256005,0.0,1.810832506257571,1.5901565028046054,30.201703879593683,30.264061124026075,0.0
8.203,0.42112396354751974,-0.21383664770568336,0.3098944184919722,0.0,1.8101528850628263,1.6014404331378778,30.532387275261776,30.264061124026075,0.0
8.204,0.42764251284697313,-0.21685248983568456,0.14186945914556887,0.0,1.8109970472752002,1.5919889378737735,30.666639347344123,30.264061124026075,0.0
8.205,0.4237660748822223,-0.2169335350303728,0.07071764087121479,0.0,1.8107904002900417,1.5779121516097194,30.330310738104075,30.264061124026075,0.0
8.206,0.4150548211815184,-0.21327868549882498,0.23821944935045908,0.0,1.8087938954765763,1.5852785699164447,30.12469194690296,30.264061124026075,0.0
8.207,0.41622698578024797,-0.21275057529593733,0.34242253672224754,0.0,1.8077121393481281,1.601279966794389,30.435065670022468,30.264061124026075,0.0
8.208,0.4246201715181766,-0.21605894718478968,0.18552562970252984,0.0,1.8087079005301214,1.5963608289406213,30.715710966569247,30.264061124026075,0.0
8.209,0.4238091891464717,-0.21701314939641891,0.040686483003708196,0.0,1.8091840503329288,1.5778429838420238,30.386904629385246,30.264061124026075,0.0
8.21,0.4135097919423676,-0.2130790924085829,0.20386121654211736,0.0,1.8073185123548188,1.5817469742585144,30.09290105174177,30.264061124026075,0.0
8.211,0.41230412211481887,-0.21167363040518877,0.3525746060866985,0.0,1.8059146669656738,1.5998303670590543,30.333420332001133,30.264061124026075,0.0
8.212,0.4212948063498798,-0.21459831482582303,0.23162137387726628,0.0,1.8067953153018,1.6001720146380098,30.69031174766406,30.264061124026075,0.0
8.213000000000001,0.42350692906762527,-0.216405572919792,0.0489131598094219,0.0,1.80779161510834,1.5815257644107126,30.453772362182285,30.264061124026075,0.0
8.214,0.41378351670754693,-0.21325141945967288,0.1652857401687482,0.0,1.806458630449943,1.5805635317537894,30.10149428709793,30.264061124026075,0.0
8.215,0.4101552187906829,-0.21102477625605096,0.34305044608020796,0.0,1.8049493317738974,1.5982564943906408,30.237119119923797,30.264061124026075,0.0
8.216,0.41837884911934353,-0.2130742997398275,0.2755074497082964,0.0,1.8056079732443917,1.6038809719208558,30.622349813671807,30.264061124026075,0.0
8.217,0.4232457143262683,-0.2154151723903433,0.07930921593783402,0.0,1.807000199077578,1.587649371224592,30.5388386020603,30.264061124026075,0.0
8.218,0.41531026820684397,-0.2134570910484166,0.11831704696324602,0.0,1.8063912445837014,1.5803545646569797,30.15993777014551,30.264061124026075,0.0
8.219,0.40900573783566185,-0.21005199295294655,0.3088086964594454,0.0,1.8047587249053687,1.5949064903107033,30.11948165145303,30.264061124026075,0.0
8.22,0.4148444077264259,-0.21073615632032686,0.330482550531417,0.0,1.8048539587116086,1.6076138798924813,30.51756058147662,30.264061124026075,0.0
8.221,0.4225905876745794,-0.21420083399197729,0.12890809094511635,0.0,1.80658468100561,1.5958764317061034,30.622259198961597,30.264061124026075,0.0
8.222,0.41788736580646524,-0.21361773543227125,0.07297680145327223,0.0,1.8068697986332891,1.5819439195244969,30.211318857143524,30.264061124026075,0.0
8.223,0.40918890456875756,-0.20909535251734895,0.27897439503113397,0.0,1.8052415221449964,1.59356201702977,30.019666713955466,30.264061124026075,0.0
8.224,0.41265364895409196,-0.20874820777012626,0.3772444107258692,0.0,1.804944920963013,1.6121370964315642,30.447379513125014,30.264061124026075,0.0
8.225,0.4227541953870557,-0.21293372019980766,0.16155482725010584,0.0,1.8069993656541463,1.6030400407719267,30.685514368013283,30.264061124026075,0.0
8.226,0.4202450522909984,-0.21301824443795092,0.038272867366099195,0.0,1.8079061028521006,1.5840310265997792,30.242670526296223,30.264061124026075,0.0
8.227,0.4095041722338358,-0.2077399628558691,0.25990869420192786,0.0,1.8062398086966347,1.5937827534907507,29.982848389812535,30.264061124026075,0.0
8.228,0.4113045097639056,-0.20669485231420154,0.39263188978590735,0.0,1.8056531373020492,1.614470425594078,30.380237447027547,30.264061124026075,0.0
8.229000000000001,0.42218013836588325,-0.21073563465646694,0.19277559794838672,0.0,1.8076488374203212,1.6085409235187307,30.66781778904747,30.264061124026075,0.0
8.23,0.42161330053416834,-0.2114230030971507,0.04494786028821182,0.0,1.808887220024284,1.5893125618860093,30.25751869150825,30.264061124026075,0.0
8.231,0.4111983626637941,-0.20661280503223714,0.2501628333829998,0.0,1.8075429327330317,1.5973227738814089,29.955671290491114,30.264061124026075,0.0
8.232,0.41221944699263857,-0.20520778592816324,0.40417043222691673,0.0,1.8070276452496448,1.61906975343515,30.345543811260043,30.264061124026075,0.0
8.233,0.4234756447522528,-0.209089453230286,0.20841934497011264,0.0,1.8091796180642448,1.614289839788221,30.662356608564036,30.264061124026075,0.0
8.234,0.4236255441308825,-0.20989840434963197,0.0460299914727369,0.0,1.8106885701827995,1.5943938698212485,30.25025749246136,30.264061124026075,0.0
8.235,0.41302270917781747,-0.20504338336883896,0.25221758583972265,0.0,1.8095148882737198,1.602110731816795,29.925677889466407,30.264061124026075,0.0
8.236,0.41386194807829785,-0.20341500480859673,0.4178912196827952,0.0,1.8090996893232847,1.624902418572363,30.335715282115583,30.264061124026075,0.0
8.237,0.4255897296648372,-0.20737545936163096,0.21215598177731199,0.0,1.8114571127298853,1.6198041406637824,30.660516695047864,30.264061124026075,0.0
8.238,0.42570238784303854,-0.20812173118248167,0.04579071960095352,0.0,1.8131114513597322,1.5993134918426384,30.217204611857948,30.264061124026075,0.0
8.239,0.4148484719798149,-0.20295324833727593,0.26791532631759274,0.0,1.8119752954132982,1.6083297584539247,29.89428560194683,30.264061124026075,0.0
8.24,0.41633932020446063,-0.20135092178401842,0.43307258649394414,0.0,1.8117298106302302,1.6320043028983275,30.351356573333156,30.264061124026075,0.0
8.241,0.42861245562929373,-0.2056600709723114,0.20366414630771038,0.0,1.8143663584461538,1.6250652069832483,30.66157722150386,30.264061124026075,0.0
8.242,0.4278977993439488,-0.20614951725010236,0.044578661247581475,0.0,1.8160560894876512,1.6040797000321545,30.157540729879866,30.264061124026075,0.0
8.243,0.41673949773944113,-0.2003774143097137,0.2976621110010397,0.0,1.8148384709436687,1.6160120178174435,29.857774011528257,30.264061124026075,0.0
8.244,0.41971718873014124,-0.1990601413735954,0.45160834130182254,0.0,1.8148486670390447,1.6405934637803348,30.387076585437224,30.264061124026075,0.0
8.245000000000001,0.43265705651036335,-0.20409900689016128,0.18572689973322712,0.0,1.8178834360573555,1.630537755335004,30.65878779375088,30.264061124026075,0.0
8.246,0.4305227808490947,-0.20411129039338247,0.04592402887915198,0.0,1.8195601198594908,1.6094357622583169,30.081817193355985,30.264061124026075,0.0
8.247,0.41916606227031705,-0.19754974772605713,0.33623176838329993,0.0,1.8182370434453057,1.625171413210562,29.860881656911808,30.264061124026075,0.0
8.248,0.4241075709232473,-0.19667496741316728,0.4507313312765311,0.0,1.818589229360019,1.6482359328117675,30.42548766174695,30.264061124026075,0.0
8.249,0.43658820355415473,-0.20204988783918448,0.16681406348175154,0.0,1.8218126376933725,1.6353298694550953,30.55717142031115,30.264061124026075,0.0
8.25,0.4328338174809261,-0.20150531135456878,0.0980410812368005,0.0,1.8233094462401556,1.619848686692793,29.999244863974937,30.264061124026075,0.0
8.251,0.4240714902093632,-0.19553521467800306,0.3796525220054183,0.0,1.8224571907864542,1.6386566035075365,29.988727598736155,30.264061124026075,0.0
8.252,0.43141714335352843,-0.1954501480442434,0.3876644898777085,0.0,1.8236212961966491,1.6526680600351273,30.52848709304962,30.264061124026075,0.0
8.253,0.439985683945196,-0.19903581373406032,0.11514048303074065,0.0,1.826465410610801,1.6344679380854483,30.357712215561296,30.264061124026075,0.0
8.254,0.432263798225537,-0.19672670014862229,0.1995914108595502,0.0,1.826915242237273,1.6313221747368694,29.762282398078785,30.264061124026075,0.0
8.255,0.42857917491829073,-0.19298640094144373,0.5023241068602787,0.0,1.826617172589306,1.6613201478741884,30.1836717768585,30.264061124026075,0.0
8.256,0.44313280009617223,-0.19635124036522877,0.2924333109420971,0.0,1.8297562425485545,1.6605354572193316,30.717149575320782,30.264061124026075,0.0
8.257,0.44613397203131333,-0.1980261370942681,0.02116352719800879,0.0,1.8326535266923494,1.6322177817121313,30.101088650724144,30.264061124026075,0.0
8.258000000000001,0.43217190167110126,-0.19130511599211186,0.3308237142293473,0.0,1.8316732535825175,1.6453627600398932,29.7185980907664,30.264061124026075,0.0
8.259,0.43523019205933916,-0.1890648114621072,0.5275236245408165,0.0,1.8319262823291653,1.6751595688415355,30.39244006373042,30.264061124026075,0.0
8.26,0.4506201366793279,-0.19519866457740317,0.18931884866176307,0.0,1.8358308159692958,1.6611701641835517,30.548717833867126,30.264061124026075,0.0
8.261000000000001,0.4471177615667158,-0.19483989943264937,0.10833339649499879,0.0,1.8378451530825386,1.643982962084413,29.910871016676385,30.264061124026075,0.0
8.262,0.43786628839707753,-0.18792240732214496,0.43078870616386644,0.0,1.8371819997938352,1.6659784907892892,30.03801795092417,30.264061124026075,0.0
8.263,0.4466612437987232,-0.18813660691593065,0.36947567077099225,0.0,1.8388774515809114,1.6746792044790255,30.647892189313488,30.264061124026075,0.0
8.264,0.45294103353202025,-0.190683323640274,0.060700240923459714,0.0,1.841551426401994,1.64872439773255,30.081606417439108,30.264061124026075,0.0
8.265,0.4409737446549445,-0.18571439351562702,0.3456676739265195,0.0,1.840790473585365,1.6614458407454529,29.66442642393443,30.264061124026075,0.0
8.266,0.44481001201900966,-0.18354883587874832,0.5602540176797752,0.0,1.8411892383128796,1.693032205359413,30.371437019603828,30.264061124026075,0.0
8.267,0.46133548105309796,-0.1901589000754024,0.20567496088929832,0.0,1.8454555256670402,1.6785708113801336,30.452639175659648,30.264061124026075,0.0
8.268,0.4578938540938932,-0.18993163958117476,0.1631881023450526,0.0,1.8477579455915247,1.6653982553180904,29.79145511012517,30.264061124026075,0.0
8.269,0.45083293783384115,-0.18361664056830013,0.4985061952513006,0.0,1.8478204906308822,1.6918253401788421,30.144235077501246,30.264061124026075,0.0
8.27,0.4623661325498154,-0.18513485018737932,0.3233144720285108,0.0,1.850749642700607,1.691652439992528,30.65331877384756,30.264061124026075,0.0
8.271,0.4645104042983882,-0.18664926627347925,0.06488004735713965,0.0,1.8535199932180086,1.6649933376050121,29.878367158517843,30.264061124026075,0.0
8.272,0.451756299162309,-0.17938216056143272,0.45621279467707987,0.0,1.852532872655731,1.6883325212423488,29.855407262255405,30.264061124026075,0.0
8.273,0.4607212753716754,-0.17879562426952494,0.4717792814260059,0.0,1.8539865345784263,1.705924372094516,30.49347227166319,30.264061124026075,0.0
8.274000000000001,0.47122053881854153,-0.18378761634335214,0.15045266524574186,0.0,1.8576089998851089,1.6853355421893554,30.027730380293736,30.264061124026075,0.0
8.275,0.4635086954819603,-0.18043291048124294,0.38568691836779234,0.0,1.8583913981050362,1.6972101712121002,29.68676189376291,30.264061124026075,0.0
8.276,0.4683479405427724,-0.17805858598211768,0.5619441539358372,0.0,1.860055390768963,1.724402095145773,30.430175165143382,30.264061124026075,0.0
8.277000000000001,0.4823467109584637,-0.18407514421940413,0.1885763778344281,0.0,1.864957741210958,1.7047167259305176,30.16392743106991,30.264061124026075,0.0
8.278,0.4757617881983381,-0.1815429624403976,0.3227015818007249,0.0,1.867062614109164,1.7068419080860646,29.63320154220327,30.264061124026075,0.0
8.279,0.4758380554218992,-0.17700235093882294,0.5943731220522734,0.0,1.8686953724857196,1.7374334380816916,30.448804506580842,30.264061124026075,0.0
8.28,0.49039541294838473,-0.18202220759515847,0.18472420603793993,0.0,1.8738215983713962,1.7157504480956414,30.25222908879276,30.264061124026075,0.0
8.281,0.4825578262799215,-0.17934118748680988,0.28313023528431436,0.0,1.8759217918914186,1.7126772401828048,29.652900422291516,30.264061124026075,0.0
8.282,0.4798159189376537,-0.17324017770824007,0.5889061755522816,0.0,1.8768603443935952,1.7429958994912313,30.407807623857572,30.264061124026075,0.0
8.283,0.49361602059750315,-0.1774195114515544,0.21001510977093885,0.0,1.881257644385947,1.7240953412243996,30.232787855343926,30.264061124026075,0.0
8.284,0.48701912884176524,-0.17535018527448767,0.29783772671458353,0.0,1.8830557393354703,1.7218376264148296,29.64784402549934,30.264061124026075,0.0
8.285,0.4853103102060322,-0.16962106733549417,0.5964718126221442,0.0,1.883838743597566,1.7520790169939375,30.412441142016874,30.264061124026075,0.0
8.286,0.49937807369877396,-0.17418701550924046,0.21268945418346863,0.0,1.8881271319698651,1.732607626483456,30.14290962940621,30.264061124026075,0.0
8.287,0.49280494228273264,-0.1719055159457696,0.3486667254350001,0.0,1.889742918020166,1.7351712593739994,29.680163284347483,30.264061124026075,0.0
8.288,0.49374419298228767,-0.16696024419834082,0.5858788763611489,0.0,1.8909323238579092,1.7622046225787682,30.436867097956103,30.264061124026075,0.0
8.289,0.506594355969831,-0.17186209423031265,0.20579890981753834,0.0,1.8952947816533459,1.7410685467961415,30.0021673486113,30.264061124026075,0.0
8.290000000000001,0.4993648753648286,-0.16830864356022532,0.4257677222440868,0.0,1.8966674880169472,1.7514034379001036,29.831405969138377,30.264061124026075,0.0
8.291,0.5039808008059037,-0.16477421642880366,0.5154749635294262,0.0,1.898583160376829,1.7679301723425827,30.473092692519455,30.264061124026075,0.0
8.292,0.5121767393986909,-0.16869383893575574,0.1925412861539536,0.0,1.9024264416920502,1.7457206296618513,29.844554412483312,30.264061124026075,0.0
8.293000000000001,0.5037234124314278,-0.1632320748010053,0.5110054932874525,0.0,1.903024450327783,1.7653885942914815,30.06422812320365,30.264061124026075,0.0
8.294,0.512214411087309,-0.16217905514516,0.4031669679355068,0.0,1.9054682400421097,1.767084140339853,30.40573928942188,30.264061124026075,0.0
8.295,0.5139673190393257,-0.1641848443157067,0.23099460317243425,0.0,1.9080683723951606,1.7508860259962389,29.669108840799773,30.264061124026075,0.0
8.296,0.5078148373141623,-0.15744989157792602,0.6052593503157514,0.0,1.9080277773856833,1.7801528842249748,30.210128468460333,30.264061124026075,0.0
8.297,0.520802351184442,-0.16041965777862743,0.3352888630411286,0.0,1.9113119515094823,1.771559444715265,30.018377432944234,30.264061124026075,0.0
8.298,0.5193945619567335,-0.16059975966352039,0.4336212177099963,0.0,1.9133984778152613,1.7779547624089784,29.695535539733996,30.264061124026075,0.0
8.299,0.5242574953170668,-0.15713569962544244,0.6007274201580364,0.0,1.915533035636796,1.800768559124581,30.367243859944526,30.264061124026075,0.0
8.3,0.5357513235654284,-0.16237744185815745,0.26384143269358645,0.0,1.920346749593718,1.78157021953149,29.782020601685502,30.264061124026075,0.0
8.301,0.5298662766088816,-0.1578510046683663,0.5612734670465042,0.0,1.9222089326824332,1.80162176239457,30.137103466902936,30.264061124026075,0.0
8.302,0.5389724273998707,-0.15743177379963477,0.385001611009019,0.0,1.9258892007249233,1.7964296177159866,30.149536214863588,30.264061124026075,0.0
8.303,0.5373499285132632,-0.1577636988183967,0.37993048612031777,0.0,1.9287229315560566,1.7935991455175646,29.620196209864204,30.264061124026075,0.0
8.304,0.5374585542931538,-0.15202837474480946,0.6510391377616283,0.0,1.9303560371859527,1.8211795827268755,30.362586524459967,30.264061124026075,0.0
8.305,0.5501751852628934,-0.15693629623780664,0.2788587264594078,0.0,1.9351811005787551,1.8011166118697148,29.748434127302822,30.264061124026075,0.0
8.306000000000001,0.5441375330849638,-0.15246383844621558,0.5910911950052129,0.0,1.9369763109745572,1.822401128139881,30.15398220886126,30.264061124026075,0.0
8.307,0.5538643256561957,-0.152381276951622,0.38941794337764124,0.0,1.9407560947713056,1.8153000077535053,30.003870196114697,30.264061124026075,0.0
8.308,0.5516772516857174,-0.15218247367720195,0.4670758590300374,0.0,1.9434267454045013,1.8201839270859466,29.75829325525379,30.264061124026075,0.0
8.309000000000001,0.5557051898043607,-0.14772094960264265,0.5949220081482138,0.0,1.9458299432921646,1.8376680728621821,30.309508874570216,30.264061124026075,0.0
8.31,0.5640251223926361,-0.1517749263857318,0.3188597209845591,0.0,1.9502317886555705,1.821123897566853,29.670618667312752,30.264061124026075,0.0
8.311,0.5592712642146342,-0.1462515647458791,0.6442392491804245,0.0,1.9518909224048877,1.8458328190360431,30.229104650020684,30.264061124026075,0.0
8.312,0.5702869009159012,-0.14821384117816466,0.3653458225665125,0.0,1.956126118950143,1.8330454309048365,29.758799286362578,30.264061124026075,0.0
8.313,0.5667634167202529,-0.14560995470341215,0.6055511227722005,0.0,1.9583530067512058,1.851669558158575,30.11484187036895,30.264061124026075,0.0
8.314,0.5763481100450164,-0.14506102288908768,0.42902202330558636,0.0,1.9621852748627087,1.8457441564159818,29.91693619314896,30.264061124026075,0.0
8.315,0.5747390616469666,-0.14499471209599374,0.531446111224352,0.0,1.9650399711197042,1.854099304581561,29.864555017934947,30.264061124026075,0.0
8.316,0.5807421342333405,-0.14133460685906518,0.5616317598922695,0.0,1.968042764099427,1.8635241595620837,30.20224751061078,30.264061124026075,0.0
8.317,0.5853312981356148,-0.14437305388376856,0.39340364968850694,0.0,1.9720585935043164,1.8530550824300467,29.61717255135337,30.264061124026075,0.0
8.318,0.5834358706688205,-0.13823819395699355,0.6924100150439381,0.0,1.9739207131933205,1.8788618659032075,30.268268202806112,30.264061124026075,0.0
8.319,0.5948678478592907,-0.14220664101601158,0.36682011852976665,0.0,1.9786751770365003,1.86219275896222,29.61638368568217,30.264061124026075,0.0
8.32,0.5907674596586407,-0.13728905412732245,0.699239151475177,0.0,1.9807066647729181,1.8880533641627624,30.238862658606198,30.264061124026075,0.0
8.321,0.6025456522521117,-0.1397873881748267,0.3882516496673615,0.0,1.9854450568698603,1.8726616370212898,29.6299174267939,30.264061124026075,0.0
8.322000000000001,0.5985208371465675,-0.13580724204167227,0.699065702545833,0.0,1.987707637627839,1.8971428542259137,30.221569190711666,30.264061124026075,0.0
8.323,0.6100489110675997,-0.1375621046760916,0.4036647399200936,0.0,1.9924249183815996,1.8824916250858876,29.624636217948808,30.264061124026075,0.0
8.324,0.6061031732175155,-0.13385908479250563,0.7085254753622952,0.0,1.994780467332443,1.9068152493628596,30.223854327634935,30.264061124026075,0.0
8.325,0.6176804564865086,-0.1355059682286365,0.40931848848314284,0.0,1.99955101119271,1.891667731658,29.598284651214975,30.264061124026075,0.0
8.326,0.6135527326410907,-0.1315818702211065,0.7287610914212341,0.0,2.0018816292812733,1.9172125987573208,30.247657514963702,30.264061124026075,0.0
8.327,0.6255834603542013,-0.13363473399347245,0.40423869563749426,0.0,2.006798728265949,1.9001794941030763,29.54809251414414,30.264061124026075,0.0
8.328,0.6208845014914386,-0.1290490070409074,0.7611808821460941,0.0,2.0089958482842274,1.928487467038543,30.3007726702154,30.264061124026075,0.0
8.329,0.6338898907990512,-0.13193779698991454,0.38447368864857057,0.0,2.0141676777581394,1.9076995591200119,29.46354219218994,30.264061124026075,0.0
8.33,0.6279200428644578,-0.1262892438219198,0.8110941169796624,0.0,2.0160933047448397,1.9409896811580019,30.308433095985965,30.264061124026075,0.0
8.331,0.642691528126026,-0.13055446616235608,0.3882049453620514,0.0,2.021681041225796,1.9186747786714964,29.46597218672483,30.264061124026075,0.0
8.332,0.6369167517515941,-0.12433534858947136,0.8174162893656313,0.0,2.0237517586535843,1.9513752198921106,30.29482203822429,30.264061124026075,0.0
8.333,0.6510830159581228,-0.12885583861719027,0.40268375447391946,0.0,2.029444893539433,1.9294839596288549,29.478559521253946,30.264061124026075,0.0
8.334,0.6456867118899537,-0.12215265943738575,0.8186700289868127,0.0,2.031597034300315,1.9609922105154087,30.267427553350124,30.264061124026075,0.0
8.335,0.659040790551251,-0.12682306828792628,0.42420234864548273,0.0,2.037265562839122,1.9404906311132966,29.50430710268371,30.264061124026075,0.0
8.336,0.6544426273402005,-0.11987437092681566,0.8133601141921131,0.0,2.0395060197856103,1.9699974322586473,30.22096504106902,30.264061124026075,0.0
8.337,0.6667470566413991,-0.12457698397304823,0.45546210582902835,0.0,2.0450598855606814,1.9521177715534637,29.551934625144725,30.264061124026075,0.0
8.338000000000001,0.6634780613091686,-0.1176692276272644,0.7970985787799905,0.0,2.047463519359228,1.9782230893840989,30.144748199999242,30.264061124026075,0.0
8.339,0.6742368625277655,-0.12213393576955663,0.501884920593,0.0,2.0527975170200934,1.9648522135940798,29.617880509593963,30.264061124026075,0.0
8.34,0.6730646513105787,-0.1156478523265803,0.7717805719399606,0.0,2.05550291107572,1.986229014625261,30.048569876170514,30.264061124026075,0.0
8.341,0.6818516682926975,-0.1197039696578775,0.5585908011302405,0.0,2.060586479569775,1.978610549676143,29.710729083663292,30.264061124026075,0.0
8.342,0.6832664509303011,-0.11383505561432743,0.7330445177874795,0.0,2.063713703001409,1.9935163386914203,29.923382495338142,30.264061124026075,0.0
8.343,0.6892795440794578,-0.11727199112383005,0.6301245982369337,0.0,2.0684555350378875,1.9935312504111695,29.9031279760193,30.264061124026075,0.0
8.344,0.6939702596122714,-0.1123542181315697,0.6438611893764232,0.0,2.072149350658451,1.9961032306063233,29.623086111396336,30.264061124026075,0.0
8.345,0.6949526438545587,-0.11316948634061501,0.7902918718142018,0.0,2.07586983996939,2.014696248389455,30.18940192767994,30.264061124026075,0.0
8.346,0.7064846223227296,-0.11318372961613829,0.5078805556358622,0.0,2.0810709962057645,1.9980137679322973,29.42158639256142,30.264061124026075,0.0
8.347,0.7020091942618623,-0.10778032094384993,0.9002130705097682,0.0,2.0834892713860804,2.0301079578137813,30.146222559945187,30.264061124026075,0.0
8.348,0.7161057311553903,-0.11310069104456655,0.5390733724586934,0.0,2.089514412834314,2.0139904909518958,29.634621225914795,30.264061124026075,0.0
8.349,0.7147270826620074,-0.10616059464612318,0.801168438455002,0.0,2.0925086791467002,2.0328217558643344,29.882919948635365,30.264061124026075,0.0
8.35,0.7220502717981756,-0.10975887282182531,0.6808304888486241,0.0,2.0975518568824034,2.0333918585101904,29.9552979624847,30.264061124026075,0.0
8.351,0.7273482173731035,-0.10524916064033085,0.6477291135393706,0.0,2.1016156759873996,2.031461954755196,29.454833851620574,30.264061124026075,0.0
8.352,0.7267653988193901,-0.10437808471775535,0.9060534416954885,0.0,2.1050294015767292,2.058995202633125,30.1865370359394,30.264061124026075,0.0
8.353,0.7412992587790279,-0.10769437362571324,0.5409770904169431,0.0,2.1112285819340197,2.0397703035788943,29.548088042749566,30.264061124026075,0.0
8.354000000000001,0.7379096542892861,-0.10034370271790774,0.8673613178246246,0.0,2.11404361766122,2.063159036086916,29.874043390717016,30.264061124026075,0.0
8.355,0.7470731050694509,-0.10459515998842928,0.7082838211739897,0.0,2.119457190075337,2.0626861563804915,29.982100255149952,30.264061124026075,0.0
8.356,0.7524314909516956,-0.10013071322630665,0.6570749976462833,0.0,2.1237485135608622,2.0582619383253364,29.397762297233076,30.264061124026075,0.0
8.357,0.7509732637376635,-0.09811217797089175,0.9579069648726513,0.0,2.1269908884818447,2.0885268679067917,30.11452462471768,30.264061124026075,0.0
8.358,0.7660226880841601,-0.10278999258286448,0.6010211661234324,0.0,2.1334702638287455,2.072153765537267,29.691025037441296,30.264061124026075,0.0
8.359,0.764816802863043,-0.09556010151708821,0.8185013206274728,0.0,2.136822325240648,2.085840727540109,29.631068402638263,30.264061124026075,0.0
8.36,0.7696380730416995,-0.09796526625939861,0.8548095652428673,0.0,2.1415447437439576,2.0997709062746472,30.141094972890947,30.264061124026075,0.0
8.361,0.7801717825423985,-0.0974094253899308,0.6010259416278766,0.0,2.1471027441273245,2.0833905325989686,29.48648364115014,30.264061124026075,0.0
8.362,0.7763364152211886,-0.0905348426148868,0.9361073823270392,0.0,2.1497162614082272,2.109128018542593,29.777728427171258,30.264061124026075,0.0
8.363,0.7868492968577151,-0.09532911547197255,0.7953483162850287,0.0,2.155238291397432,2.1125240252951025,30.085657725171863,30.264061124026075,0.0
8.364,0.794389707897343,-0.09250042792087251,0.6431677012732682,0.0,2.160188620703775,2.100076040982414,29.384142265296084,30.264061124026075,0.0
8.365,0.7908655463801451,-0.08709319066109954,1.0027246197984576,0.0,2.162832609425151,2.1309040170968045,29.829756364419048,30.264061124026075,0.0
8.366,0.80441547085433,-0.09304653689833264,0.7842606178330462,0.0,2.169003937344522,2.1297612517631155,30.041018137220863,30.264061124026075,0.0
8.367,0.8108096514736125,-0.08925124698402528,0.6808601613001906,0.0,2.1739668405856403,2.119592624932393,29.366927547016893,30.264061124026075,0.0
8.368,0.807862457441807,-0.08432201393888714,1.0268767921722677,0.0,2.1769123280837537,2.150421118219802,29.802425231710508,30.264061124026075,0.0
8.369,0.8216770041145118,-0.09028388466644041,0.8137443087486156,0.0,2.1833512142712777,2.1500074993686438,30.069804474906334,30.264061124026075,0.0
8.370000000000001,0.8283789296245726,-0.08682971087342296,0.6819972536419,0.0,2.1886652721304265,2.137319213454472,29.413151342996642,30.264061124026075,0.0
8.371,0.8246472495120031,-0.08067549650487361,1.0188329174070405,0.0,2.1915366737696327,2.1652780595503476,29.67574026000608,30.264061124026075,0.0
8.372,0.8365935853731256,-0.08592988281332932,0.8934216675425214,0.0,2.197556344492122,2.1722131533319593,30.115381497630445,30.264061124026075,0.0
8.373,0.8459212756171451,-0.08488911807199119,0.6750878449942954,0.0,2.2035005295358916,2.1553875142577685,29.6977952686705,30.264061124026075,0.0
8.374,0.8409000617873079,-0.07866171333076769,0.8895436180278233,0.0,2.2064931252937434,2.167257941278266,29.656170545194485,30.264061124026075,0.0
8.375,0.8423830478719863,-0.08349728620795394,0.916434885554147,0.0,2.2109676912417635,2.178840726262446,30.366575031435296,30.264061124026075,0.0
8.376,0.8482799863768075,-0.08766576264173562,0.560207503359649,0.0,2.2165632557723436,2.149624931251669,30.063638932537934,30.264061124026075,0.0
8.377,0.8359081484435293,-0.08045662980425805,0.7136797747232114,0.0,2.2178429949723264,2.1457543674246726,29.789630112169952,30.264061124026075,0.0
8.378,0.8275689530904053,-0.08101825646936409,0.8554284950257636,0.0,2.218741574131148,2.1572500635295313,30.465186925340042,30.264061124026075,0.0
8.379,0.830080477826492,-0.08535505047935735,0.515638830427579,0.0,2.221171296059022,2.128532037956458,30.227478949188026,30.264061124026075,0.0
8.38,0.817701810141816,-0.07854037557976311,0.6348586402519677,0.0,2.2196932610577464,2.1208276315528196,29.89607407737426,30.264061124026075,0.0
8.381,0.8082161878373105,-0.07870499241242936,0.8042409466253694,0.0,2.217678843516823,2.132105349668898,30.5263524496194,30.264061124026075,0.0
8.382,0.8107452408252771,-0.08368688915242448,0.4864788472468661,0.0,2.2175400020146725,2.105033148172185,30.25294417804475,30.264061124026075,0.0
8.383000000000001,0.7997598314297024,-0.07804983341631427,0.6232941524940038,0.0,2.214037929414695,2.100115272809291,29.97959318654559,30.264061124026075,0.0
8.384,0.7925060021069752,-0.07995262250896283,0.762814327618389,0.0,2.210659953895977,2.110006111065443,30.625032546162636,30.264061124026075,0.0
8.385,0.7958502985330583,-0.08484685317482846,0.43648493358849993,0.0,2.2091281972370655,2.080838221949481,30.174893280362287,30.264061124026075,0.0
8.386000000000001,0.7840827637677196,-0.07952234207148468,0.6624462449253122,0.0,2.2041981888044218,2.0838808560550195,30.108581244815976,30.264061124026075,0.0
8.387,0.7805856058024172,-0.08414025132019118,0.6971570614905686,0.0,2.200626659753987,2.0879518146440814,30.692106331899566,30.264061124026075,0.0
8.388,0.783434698458955,-0.086894544064841,0.4011140658700387,0.0,2.1980761725769273,2.0579983150134087,30.04018971883961,30.264061124026075,0.0
8.389,0.7702107720247815,-0.08267826747298998,0.7293110864518816,0.0,2.1922940508019564,2.071330341682632,30.367848190341434,30.264061124026075,0.0
8.39,0.7718683646879476,-0.08965221373633736,0.5644439800378162,0.0,2.1892326407262908,2.0610190271387774,30.451934237730352,30.264061124026075,0.0
8.391,0.7699960929758247,-0.08844294071717611,0.520522225206314,0.0,2.1852434807090653,2.048472506889384,30.01920759409537,30.264061124026075,0.0
8.392,0.7623811247825703,-0.09009244603470341,0.7393340823231123,0.0,2.1805921229837435,2.062109168278507,30.674022872360755,30.264061124026075,0.0
8.393,0.7675177150259576,-0.09629011468551435,0.40782682570707296,0.0,2.178434815668279,2.034621936348548,30.153376789741646,30.264061124026075,0.0
8.394,0.7571835736805231,-0.09207038511302641,0.6692567103594718,0.0,2.1732183689518836,2.042928178208394,30.357646536643305,30.264061124026075,0.0
8.395,0.7568150749958565,-0.09838556384140218,0.56618598278247,0.0,2.1700910580489587,2.035867265772481,30.5210124499942,30.264061124026075,0.0
8.396,0.7559015959663845,-0.09744185959756199,0.48193351284734165,0.0,2.166403427738629,2.0210594467791676,30.060826331999518,30.264061124026075,0.0
8.397,0.7472840571434544,-0.09871425044615006,0.7140589197649476,0.0,2.161753178595783,2.034678760594669,30.741121923481693,30.264061124026075,0.0
8.398,0.7522503036043452,-0.1042722378831073,0.3691405160293042,0.0,2.1595285404583517,2.00557637713531,30.112421470741715,30.264061124026075,0.0
8.399000000000001,0.7405990096228111,-0.1000915318389983,0.6850071389321365,0.0,2.1541006702495067,2.018687585567391,30.546826397835268,30.264061124026075,0.0
8.4,0.7425237069727509,-0.10691844255051527,0.46497702264726815,0.0,2.1513194751434614,2.0022546774667065,30.31124592670266,30.264061124026075,0.0
8.401,0.7373631243457384,-0.10426021334206059,0.5822954101868059,0.0,2.146812434417907,2.0028791755201536,30.323560428132875,30.264061124026075,0.0
8.402000000000001,0.7346504628941622,-0.10941556317843419,0.5755431664306306,0.0,2.1434122183443396,2.00132137594053,30.58882947530204,30.264061124026075,0.0
8.403,0.7353857582031013,-0.10973821652143673,0.43966095933328775,0.0,2.140180182289532,1.9845918052698668,30.115069744039236,30.264061124026075,0.0
8.404,0.7263660880257861,-0.11061663505854646,0.6780307387645592,0.0,2.135691792278791,1.997791002541797,30.795045089466896,30.264061124026075,0.0
8.405,0.7311360912592068,-0.11535482513039566,0.33273322639632075,0.0,2.1334845777188503,1.968240119873191,30.101760610132434,30.264061124026075,0.0
8.406,0.7185275070131257,-0.11169706422073881,0.6809984712024882,0.0,2.128093260747261,1.984620400367216,30.73430428563277,30.264061124026075,0.0
8.407,0.722351439741475,-0.11821357374267977,0.36002420183625294,0.0,2.1256324971787435,1.959486980593752,30.170840709162654,30.264061124026075,0.0
8.408,0.7126206243306298,-0.11455895381491073,0.6426881942199454,0.0,2.1204372947024592,1.9720322373191286,30.66402825148149,30.264061124026075,0.0
8.409,0.7149904069785215,-0.12104296929509938,0.3920947517859733,0.0,2.117765926048437,1.952053545287388,30.223172660230926,30.264061124026075,0.0
8.41,0.7076133799109585,-0.11813073844703356,0.6129314320492069,0.0,2.1129786395085546,1.9614387256506254,30.64922089785889,30.264061124026075,0.0
8.411,0.70898481510716,-0.12432848374932759,0.3960557154968971,0.0,2.1103194739507174,1.9431173355579068,30.243326720277203,30.264061124026075,0.0
8.412,0.7021240574122299,-0.12154203016124901,0.5992101483252289,0.0,2.1057255985916807,1.9516463103937203,30.668745604463474,30.264061124026075,0.0
8.413,0.7031778698390181,-0.1275508204764387,0.3824538614277192,0.0,2.1031328397226803,1.9328037373791436,30.238886978066056,30.264061124026075,0.0
8.414,0.6958418016144294,-0.12464151105218142,0.5976349160860287,0.0,2.0985349874993022,1.9422411302894864,30.708941836015104,30.264061124026075,0.0
8.415000000000001,0.6973015555661243,-0.1305517963305844,0.35815867999161444,0.0,2.0960198842641633,1.9215468685525559,30.216225456594625,30.264061124026075,0.0
8.416,0.6889232315694499,-0.12752658921506543,0.6049952263761682,0.0,2.091294989543354,1.9331535183082011,30.755674137789647,30.264061124026075,0.0
8.417,0.6914091481452019,-0.13336815120355122,0.33035475564102135,0.0,2.088876073160078,1.910090962308189,30.190033400784476,30.264061124026075,0.0
8.418000000000001,0.6818021742786772,-0.1303826091882947,0.6139154013760232,0.0,2.0840059675735665,1.924112472299128,30.794163603264963,30.264061124026075,0.0
8.419,0.6854899972189765,-0.13606582366933223,0.3065492753433907,0.0,2.081680032557866,1.8990972101492836,30.176286377297146,30.264061124026075,0.0
8.42,0.6748598361691253,-0.13331074681348914,0.6163656357945885,0.0,2.0767252742297986,1.914710537567699,30.814066199747028,30.264061124026075,0.0
8.421,0.6794173213176188,-0.13866166821514414,0.2919756738124376,0.0,2.0744434765991193,1.8888783720120847,30.176939346062753,30.264061124026075,0.0
8.422,0.6682411017334727,-0.13632378102106424,0.6114103184342086,0.0,2.0694959653705816,1.9050579127829208,30.818991710224147,30.264061124026075,0.0
8.423,0.6732683840091882,-0.14121656363364432,0.2848348304915309,0.0,2.067222744301306,1.8793423349877372,30.192170708580758,30.264061124026075,0.0
8.424,0.6619121965403745,-0.13941657619306472,0.5989642354676785,0.0,2.0623583611148497,1.895090435736274,30.806143945551874,30.264061124026075,0.0
8.425,0.6669986871266205,-0.14368857966392334,0.2865567887668625,0.0,2.0600431465780926,1.870598099065285,30.237935298714962,30.264061124026075,0.0
8.426,0.6559273570963269,-0.14255630072890627,0.5709223704384293,0.0,2.055342949110352,1.883996474267795,30.76761186148249,30.264061124026075,0.0
8.427,0.6602128229003754,-0.1458677360491944,0.3010485816801016,0.0,2.0528281895842193,1.8624731050843992,30.302106941448532,30.264061124026075,0.0
8.428,0.6500570474205513,-0.14566999102434924,0.5334205835228559,0.0,2.0483577027864235,1.8722702449178374,30.701299403079922,30.264061124026075,0.0
8.429,0.653116233251114,-0.1478296637124959,0.3294519699166223,0.0,2.045553520097696,1.8554422863768787,30.38996255955049,30.264061124026075,0.0
8.43,0.6445921673179779,-0.14895778938328422,0.48386137732609413,0.0,2.0414494569206503,1.8600096654831981,30.577906322897338,30.264061124026075,0.0
8.431000000000001,0.6458336761676979,-0.14969994171940137,0.38675104366395774,0.0,2.038282893472206,1.8512618629514512,30.55616665458375,30.264061124026075,0.0
8.432,0.6404634894136606,-0.15284140695974796,0.39469982251517566,0.0,2.03489634576851,1.8455207889697307,30.366580829711715,30.264061124026075,0.0
8.433,0.6375149460462175,-0.15167178552980184,0.48846753789433583,0.0,2.0311142724273115,1.8505207664218863,30.836335558600897,30.264061124026075,0.0
8.434000000000001,0.6382250133173474,-0.15644116943356723,0.24786742910399662,0.0,2.0287467326091635,1.8271312568404792,30.254506899172952,30.264061124026075,0.0
8.435,0.6272190266796289,-0.1535398649526148,0.5388773010665003,0.0,2.0239101584827472,1.8414787904420367,30.78717112566185,30.264061124026075,0.0
8.436,0.6315039730751685,-0.15720062161557008,0.2673140878056939,0.0,2.0214236914068624,1.8205444571225977,30.371196032031108,30.264061124026075,0.0
8.437,0.6215890239427861,-0.15713355520826777,0.47423028554101443,0.0,2.01704845283519,1.8280648181795236,30.591353330097263,30.264061124026075,0.0
8.438,0.6236998260466879,-0.1583295334972532,0.36087871444722497,0.0,2.0139950025022384,1.819526446753167,30.60281706739774,30.264061124026075,0.0
8.439,0.6187316790789993,-0.1614957545444863,0.3517592863632695,0.0,2.010729384592252,1.8122345502453379,30.331516870369704,30.264061124026075,0.0
8.44,0.6148692038105622,-0.1602313341712724,0.48673482741385155,0.0,2.006890390370956,1.820658976203549,30.85389972271461,30.264061124026075,0.0
8.441,0.6175236209555699,-0.16464881805659032,0.21964501525451408,0.0,2.0047763055987273,1.7967968147571403,30.332825636883946,30.264061124026075,0.0
8.442,0.6060878080297019,-0.16281670850893087,0.4794944130412664,0.0,2.0002417062699855,1.807648276449582,30.646305876735767,30.264061124026075,0.0
8.443,0.6090551438993913,-0.1646094054173839,0.31893184558825927,0.0,1.9974612307987674,1.7962599905672825,30.579832949016158,30.264061124026075,0.0
8.444,0.6029568539658138,-0.16705422436584577,0.3490105911981629,0.0,1.9940709774016883,1.7913472586690997,30.33809502351002,30.264061124026075,0.0
8.445,0.5998534885210158,-0.16609575953045733,0.46913921495639155,0.0,1.9903985968331208,1.7997805230779267,30.855387866553453,30.264061124026075,0.0
8.446,0.602783312615323,-0.1704278695101256,0.20457952600940188,0.0,1.988422897508411,1.7763470566624417,30.376883169814036,30.264061124026075,0.0
8.447000000000001,0.5914499924816169,-0.16885554474906717,0.4427036539212309,0.0,1.9840851446511099,1.7851745813714546,30.567475389327168,30.264061124026075,0.0
8.448,0.5935005381392641,-0.16991464207933976,0.3443734015116541,0.0,1.9811961435043812,1.779149116055987,30.712721323012154,30.264061124026075,0.0
8.449,0.5897843077181428,-0.17328636720316246,0.2672638326793001,0.0,1.978353794731096,1.7663678379128291,30.31708537446218,30.264061124026075,0.0
8.45,0.5830171319934861,-0.17139640076524648,0.4645515644499256,0.0,1.9742759394614158,1.7777604259152535,30.75610764555152,30.264061124026075,0.0
8.451,0.5870763938130961,-0.1744540800336049,0.24011996369000166,0.0,1.9721003729028432,1.7604314256317648,30.536933304565437,30.264061124026075,0.0
8.452,0.5784198344167666,-0.1753481839476103,0.3469784123776494,0.0,1.9684772376096364,1.7596093282358003,30.354991438448245,30.264061124026075,0.0
8.453,0.5764404786787934,-0.17475801700745006,0.43704004229202387,0.0,1.9650603467035959,1.7674764853910303,30.85184551204945,30.264061124026075,0.0
8.454,0.5794224855284833,-0.17890009609284285,0.18273516161118708,0.0,1.9632333909724773,1.7449932702552526,30.432644658624998,30.264061124026075,0.0
8.455,0.568382260938005,-0.1775948275387951,0.3906497529774243,0.0,1.959155808969094,1.7512335796904839,30.459402331731987,30.264061124026075,0.0
8.456,0.5691640705575892,-0.1779459791327741,0.3753175043468709,0.0,1.9561616954704504,1.752480005414772,30.85127309421514,30.264061124026075,0.0
8.457,0.5690937288848674,-0.18186656605611876,0.17351000340340283,0.0,1.954019388939728,1.7312724302794857,30.3663004824569,30.264061124026075,0.0
8.458,0.5583656577997984,-0.17949519484118892,0.4149739156982153,0.0,1.9496704988456728,1.74172987176915,30.534290506621545,30.264061124026075,0.0
8.459,0.5611924205847363,-0.18091435948610107,0.32827660978993806,0.0,1.9469820637330804,1.7383371127103906,30.778714734442413,30.264061124026075,0.0
8.46,0.5591951799537189,-0.18449937780700967,0.20091795977534044,0.0,1.9446033565947207,1.7221202717009862,30.34871779791846,30.264061124026075,0.0
8.461,0.5507085267363332,-0.18249297034857517,0.4150698612983929,0.0,1.9405842810656209,1.7330310991939701,30.575276009331237,30.264061124026075,0.0
8.462,0.55430654193981,-0.184395046156153,0.2986786067389533,0.0,1.938287488252147,1.72702373116342,30.75054983864954,30.264061124026075,0.0
8.463000000000001,0.5511346953229947,-0.1874901517577252,0.20617680493356688,0.0,1.9359410787750626,1.7127610182814648,30.348977076527365,30.264061124026075,0.0
8.464,0.5432728576017463,-0.18556119107433058,0.40611402646964145,0.0,1.9321599022263016,1.7234411318101865,30.57835949272528,30.264061124026075,0.0
8.465,0.5468728934358773,-0.18743239595315767,0.2882798346836921,0.0,1.9300499768287938,1.7172393607003784,30.76040769606705,30.264061124026075,0.0
8.466,0.5435895001991715,-0.19032247755591009,0.19229226729239823,0.0,1.927830063787571,1.702463657280997,30.36376406021439,30.264061124026075,0.0
8.467,0.5353140029730185,-0.1882726564694531,0.38961705585684436,0.0,1.9241001905729949,1.7124866060779431,30.53891392656223,30.264061124026075,0.0
8.468,0.5384589586920162,-0.18980887683115186,0.29929359465756245,0.0,1.9219350820102212,1.7087967439548202,30.79519909123841,30.264061124026075,0.0
8.469,0.5364076757023883,-0.19290804455514896,0.1658396326473498,0.0,1.9199430443374363,1.6917397466646507,30.3947692772596,30.264061124026075,0.0
8.47,0.5271376601227924,-0.1907431764238659,0.36474745810441983,0.0,1.9161753835312316,1.700402834640458,30.465474316032697,30.264061124026075,0.0
8.471,0.5293120412141608,-0.19174723694071,0.32738080679780424,0.0,1.9137828929413936,1.7013915557639199,30.82684673353441,30.264061124026075,0.0
8.472,0.5296222310646649,-0.19519418517891163,0.14106674195186458,0.0,1.912097647223919,1.681908898023423,30.445836909493604,30.264061124026075,0.0
8.473,0.5194719811715206,-0.1932944424924036,0.3297538961175923,0.0,1.9083892191262444,1.6879443384786685,30.39430976224751,30.264061124026075,0.0
8.474,0.5200288109153557,-0.1936410551639417,0.3542149833584253,0.0,1.9057123027045972,1.6936464863627032,30.7949124177585,30.264061124026075,0.0
8.475,0.5227220773505586,-0.19699978526125536,0.14860514266560576,0.0,1.9042392868975058,1.6753583434571169,30.5424557076944,30.264061124026075,0.0
8.476,0.5134186222085306,-0.19630476527759583,0.2720495518609718,0.0,1.9009747188813901,1.6754370094097741,30.337664562720335,30.264061124026075,0.0
8.477,0.5110806764291386,-0.1957399214448703,0.37370908996106256,0.0,1.8979892916403882,1.6852935965489224,30.67348462530108,30.264061124026075,0.0
8.478,0.5155121867390913,-0.1986117165698959,0.2017048236579404,0.0,1.8966096117394815,1.6734180719838225,30.680302915413595,30.264061124026075,0.0
8.479000000000001,0.5096660911507698,-0.19988022440931835,0.19413326068780712,0.0,1.8942911652832413,1.6641666882392743,30.368821466236845,30.264061124026075,0.0
8.48,0.5032662848659124,-0.198343554091343,0.3488263818540742,0.0,1.8910977062847993,1.6733460749169986,30.485297354728083,30.264061124026075,0.0
8.481,0.5064328493556973,-0.19976369724327944,0.2883760753014355,0.0,1.8893131143038664,1.672679391937928,30.78833872897949,30.264061124026075,0.0
8.482,0.5061383911657422,-0.20267458812076872,0.1316126121261978,0.0,1.8879463097881246,1.6553254962207142,30.488019389200744,30.264061124026075,0.0
8.483,0.49677806456581214,-0.20084924746226615,0.27953269936382386,0.0,1.8847508997710247,1.658435845195633,30.393372673977098,30.264061124026075,0.0
8.484,0.49581041680528903,-0.20068275977396738,0.32556294147613696,0.0,1.882186005413999,1.6645125820189852,30.676909595705258,30.264061124026075,0.0
8.485,0.49860637349168213,-0.20286784902930782,0.179665995895265,0.0,1.8807272988699821,1.6528989575761721,30.6522333096059,30.264061124026075,0.0
8.486,0.49246834442385257,-0.20358265722581112,0.18812241708914523,0.0,1.8783098785451469,1.6453931434746996,30.38608038674437,30.264061124026075,0.0
8.487,0.48677306841335205,-0.2023506833216162,0.3199786858927269,0.0,1.8752409536312222,1.6533808941778219,30.430759556239423,30.264061124026075,0.0
8.488,0.4894884873679655,-0.20363011244413412,0.2959721168230678,0.0,1.8734307532215206,1.6559480431884295,30.745584951187222,30.264061124026075,0.0
8.489,0.4910142013348574,-0.2065272547875127,0.13374418107755642,0.0,1.8723641791203967,1.6403317756688853,30.555036066599666,30.264061124026075,0.0
8.49,0.48287551170245585,-0.20541062265799792,0.22610887394559892,0.0,1.8696908347197503,1.6388633860633546,30.387261356419405,30.264061124026075,0.0
8.491,0.47966182687897735,-0.20471668249965352,0.30876422671179604,0.0,1.8670728187024928,1.6457150612881728,30.489103619425336,30.264061124026075,0.0
8.492,0.4823684029171954,-0.20621646593254955,0.25559267025483784,0.0,1.8655736873886442,1.6446144824384166,30.688483946121035,30.264061124026075,0.0
8.493,0.4817733074171776,-0.20857366360700194,0.15165827868603848,0.0,1.8643587052310657,1.6326655070996376,30.52474669746447,30.264061124026075,0.0
8.494,0.47513945408220326,-0.20738798660359697,0.23092004727993787,0.0,1.8619163273082489,1.6322718424518432,30.445771529122425,30.264061124026075,0.0
8.495000000000001,0.4728364612930358,-0.20705728134153162,0.26859052739999645,0.0,1.8596542999041403,1.6352114322772717,30.48790215263959,30.264061124026075,0.0
8.496,0.4735452822854196,-0.20815392395123677,0.24528680535527775,0.0,1.8580363719626745,1.6345897459165741,30.626381646432403,30.264061124026075,0.0
8.497,0.47285196783035854,-0.2098017940487982,0.17242385323480885,0.0,1.8566883674639199,1.6261699006849746,30.53000310732345,30.264061124026075,0.0
8.498,0.4680345713459453,-0.2090900949809413,0.21795370295631233,0.0,1.8545384132934415,1.6247171329859658,30.497541610556354,30.264061124026075,0.0
8.499,0.46559177745880675,-0.20895112915086186,0.23184964647455686,0.0,1.8524500085194782,1.6244884352923417,30.50766006095469,30.264061124026075,0.0
8.5,0.46441299995852026,-0.20966041835501054,0.22435443190610188,0.0,1.8506269859243072,1.623215571439132,30.523387265550234,30.264061124026075,0.0
8.501,0.4631601543823326,-0.21028520302616988,0.21389756819308914,0.0,1.8489206126251188,1.620938414087357,30.524118896173242,30.264061124026075,0.0
8.502,0.46132990137482766,-0.2106411380470377,0.21093117516011345,0.0,1.847190065926255,1.6186853999194069,30.513775983714726,30.264061124026075,0.0
8.503,0.4593082481695199,-0.21089515969376896,0.21360548279248465,0.0,1.845431655511414,1.6170125495907652,30.503947361591905,30.264061124026075,0.0
8.504,0.4575301227266345,-0.211217454632218,0.21612093147823708,0.0,1.8437147133319556,1.6157564767992771,30.49430417181064,30.264061124026075,0.0
8.505,0.4559458245248005,-0.21181448120951188,0.2186400958910239,0.0,1.8421063080654116,1.614862762215313,30.4672453617372,30.264061124026075,0.0
8.506,0.4548204821264338,-0.2121563255868206,0.2301376585506334,0.0,1.8406010044828571,1.6152450634933226,30.3326278900552,30.264061124026075,0.0
8.507,0.4538444325463814,-0.2137974293855067,0.2967607267313415,0.0,1.839461564360441,1.62274827818838,30.514550168865792,30.264061124026075,0.0
8.508000000000001,0.4576115680100695,-0.2153731898299843,0.20329469687764812,0.0,1.8393433123306786,1.61801558803917,30.660619631690686,30.264061124026075,0.0
8.509,0.45564002636337253,-0.21576579767095794,0.12629438038855512,0.0,1.838791045747033,1.6064635081224148,30.54640242762573,30.264061124026075,0.0
8.51,0.4484279424378075,-0.2138837341596873,0.18057956938503705,0.0,1.8369278447654271,1.60352639730882,30.38824831358307,30.264061124026075,0.0
8.511000000000001,0.44439310155251416,-0.21263282879073625,0.2584147545107968,0.0,1.8348384738451506,1.6090874076104196,30.36776416476198,30.264061124026075,0.0
8.512,0.44613229973938817,-0.21313727084351225,0.26761979851398293,0.0,1.8335821387265565,1.6138859225695157,30.64705181391384,30.264061124026075,0.0
8.513,0.4486906959018422,-0.2151947266950876,0.12414606703917463,0.0,1.8331525643388769,1.60194076002258,30.636469984264785,30.264061124026075,0.0
8.514,0.44247749069139425,-0.21456494073216387,0.12571289326131524,0.0,1.8314815801208346,1.593463281025528,30.394733372507172,30.264061124026075,0.0
8.515,0.43609520494821397,-0.2122278837851906,0.24527447665531077,0.0,1.8288791680203529,1.5994424767971402,30.331376973511926,30.264061124026075,0.0
8.516,0.4372960231030373,-0.21253353156657584,0.2762795176580754,0.0,1.827191908532503,1.6065825376034446,30.542510816416783,30.264061124026075,0.0
8.517,0.4412640831125941,-0.21455417415077027,0.16792809928173968,0.0,1.826606595280516,1.600186681529406,30.647763293095906,30.264061124026075,0.0
8.518,0.43830636629075864,-0.2153687858553313,0.11146483925147993,0.0,1.8255096286079837,1.589609464768504,30.417251189413623,30.264061124026075,0.0
8.519,0.4316452820096129,-0.21343980319012357,0.22518899043874607,0.0,1.823244302716396,1.5937577043500497,30.287163082119363,30.264061124026075,0.0
8.52,0.4318666717669495,-0.2131649720510369,0.2900020245049429,0.0,1.8216093917734741,1.6031658159035729,30.46181592716079,30.264061124026075,0.0
8.521,0.4367550211259572,-0.21519446411187124,0.20069805395288315,0.0,1.82130477551828,1.6004625535741446,30.672140100592248,30.264061124026075,0.0
8.522,0.4359794246531514,-0.21668859811717572,0.09145517747149168,0.0,1.8209043544756367,1.5870096782503065,30.45631005397873,30.264061124026075,0.0
8.523,0.4282860856598081,-0.21457448395407624,0.19744771147872453,0.0,1.81895119410688,1.5884521671847365,30.241202098559874,30.264061124026075,0.0
8.524000000000001,0.4267144208086329,-0.21348987094575256,0.30523027944281395,0.0,1.817239432379158,1.6004471980685215,30.382676300299114,30.264061124026075,0.0
8.525,0.43248220068356524,-0.2154303639875586,0.23330702681046395,0.0,1.8171226502772686,1.6014319937872024,30.686144331330222,30.264061124026075,0.0
8.526,0.43391120041834874,-0.21755511254619825,0.07735217922186804,0.0,1.817330343368468,1.5857713188433271,30.513974076211998,30.264061124026075,0.0
8.527000000000001,0.42552859100334023,-0.21545314844482158,0.16093817725912118,0.0,1.8156987361194226,1.5833878659959424,30.230362664625783,30.264061124026075,0.0
8.528,0.4217110096127281,-0.2134031614294419,0.3030808676462313,0.0,1.813787465379865,1.5962155415294181,30.306788576630414,30.264061124026075,0.0
8.529,0.42726605193921885,-0.21495256078915426,0.26444063711787275,0.0,1.8135410230673323,1.60124823970378,30.64390205719943,30.264061124026075,0.0
8.53,0.4309572694083663,-0.21739731285613867,0.09208548750163115,0.0,1.8140759235372612,1.5868298761786073,30.56968066389473,30.264061124026075,0.0
8.531,0.42373082513986604,-0.21600877496789256,0.1261399887552948,0.0,1.8129383109193027,1.5802082067312373,30.259040990485094,30.264061124026075,0.0
8.532,0.417936666861079,-0.213407263552596,0.2815100267955225,0.0,1.8109800117416022,1.5914501951066786,30.220750413569178,30.264061124026075,0.0
8.533,0.4221393416764622,-0.21411335363009573,0.3010884223580494,0.0,1.8104454263418948,1.601451842045801,30.55655587327406,30.264061124026075,0.0
8.534,0.42814239879035704,-0.21701501147348323,0.13026074501312818,0.0,1.8112765856380673,1.5907947277530994,30.647174610377803,30.264061124026075,0.0
8.535,0.42346697242731035,-0.21679328022588562,0.08112024159773962,0.0,1.8109055105596834,1.5781635896881157,30.312782696492192,30.264061124026075,0.0
8.536,0.4152860783556995,-0.21329189404009405,0.24782898281588384,0.0,1.808925494014678,1.586440968574188,30.137034492844712,30.264061124026075,0.0
8.537,0.4171304385439787,-0.2129838662718752,0.3369733509514374,0.0,1.807972347820134,1.601546712438456,30.458806448825737,30.264061124026075,0.0
8.538,0.4251967330496268,-0.21630218904313514,0.17413991971292864,0.0,1.8089931864139923,1.5953745973855122,30.709215538891765,30.264061124026075,0.0
8.539,0.4235942616482876,-0.2170307427965018,0.04448383053125737,0.0,1.8093416873283286,1.577544876998854,30.369253374595015,30.264061124026075,0.0
8.540000000000001,0.413486221526674,-0.21301431005943638,0.2134129901739431,0.0,1.8074232729739537,1.582507606894171,30.09593356882997,30.264061124026075,0.0
8.541,0.4129029618518548,-0.2118175275543895,0.35175416860842657,0.0,1.806101491296364,1.6002735385588998,30.356169894750938,30.264061124026075,0.0
8.542,0.42186779712649247,-0.2148589598947114,0.2207149179406942,0.0,1.8070350063354916,1.5993410050546428,30.699961304011282,30.264061124026075,0.0
8.543000000000001,0.42336769138928143,-0.216493595977411,0.044460211510670034,0.0,1.8079313121659752,1.580442111187938,30.439136561641938,30.264061124026075,0.0
8.544,0.41334084363411844,-0.21313378874376052,0.1731218283191835,0.0,1.8064621728702113,1.5805560143998856,30.087399243305555,30.264061124026075,0.0
8.545,0.4102501645079415,-0.21097417572017765,0.3507571062945802,0.0,1.8049473784649606,1.5990045839965976,30.26270619446622,30.264061124026075,0.0
8.546,0.4189627413388939,-0.2133748789055994,0.26311718000984674,0.0,1.8057145939405381,1.603050782279372,30.641951769232563,30.264061124026075,0.0
8.547,0.4231427960366645,-0.21554450956288682,0.06971548617460988,0.0,1.8070243600372824,1.5859986149739527,30.511843376692582,30.264061124026075,0.0
8.548,0.4146325573937748,-0.21323404895903672,0.13229185991793524,0.0,1.806222085820815,1.580577985856564,30.137849485392056,30.264061124026075,0.0
8.549,0.40909610151180253,-0.21017965117944415,0.3205509219545381,0.0,1.8046450969645385,1.5962258330764487,30.14818898559854,30.264061124026075,0.0
8.55,0.4157483462361536,-0.21123788466685395,0.3165398932355713,0.0,1.8049375413772886,1.607040281430766,30.542543538095217,30.264061124026075,0.0
8.551,0.42276662073334675,-0.21441633194164772,0.1165777928465419,0.0,1.8066212330495492,1.5941413208878756,30.597505633602847,30.264061124026075,0.0
8.552,0.4172093191717299,-0.213498489277021,0.08576229999695922,0.0,1.806713912334438,1.5819920282736863,30.194550027347137,30.264061124026075,0.0
8.553,0.40917212906663947,-0.2092393820926564,0.28793521409160316,0.0,1.805123071065784,1.5944426262242548,30.044646179257523,30.264061124026075,0.0
8.554,0.41331425949773537,-0.20912395355051394,0.365081287584096,0.0,1.804966267651262,1.6114174129476586,30.4671625446845,30.264061124026075,0.0
8.555,0.4227526905821269,-0.21312725444908479,0.15179209066402394,0.0,1.8069641406347954,1.6014489621461632,30.670065215601003,30.264061124026075,0.0
8.556000000000001,0.4195527166837948,-0.21299898859721328,0.046280714290022396,0.0,1.8077112389871353,1.5836501657308932,30.227444091878343,30.264061124026075,0.0
8.557,0.4092871446674742,-0.20780617417277308,0.2679574464728295,0.0,1.806033820934544,1.594242726279044,29.990591567877132,30.264061124026075,0.0
8.558,0.41168814268158505,-0.20698033350835388,0.3891184040349245,0.0,1.805544486413185,1.614352461475408,30.400128694545096,30.264061124026075,0.0
8.559000000000001,0.42238441306009505,-0.21109590954868854,0.18298916499575252,0.0,1.807576030634679,1.6073638840685747,30.66988192022585,30.264061124026075,0.0
8.56,0.42119062481740577,-0.21159725219744532,0.044054344193376976,0.0,1.8087195546243011,1.5882940603371853,30.244019563237185,30.264061124026075,0.0
8.561,0.41073817255335965,-0.2066178913602188,0.25718593829559916,0.0,1.8072890007232385,1.5972172268037834,29.958949123741704,30.264061124026075,0.0
8.562,0.41222505558070494,-0.2053716784361761,0.4027722780461834,0.0,1.8068065290456699,1.6187201210095088,30.360327935940788,30.264061124026075,0.0
8.563,0.42344750987115565,-0.20937469708691828,0.20112020382749415,0.0,1.8089753881372532,1.6131672859236679,30.663023851433863,30.264061124026075,0.0
8.564,0.4231735833010777,-0.21008135631570768,0.04578261880687873,0.0,1.8104097801397538,1.5934583631111008,30.240334647273013,30.264061124026075,0.0
8.565,0.41259529507181814,-0.2051272932530749,0.2573644856548344,0.0,1.8091778271315697,1.6018520254230404,29.929570050272883,30.264061124026075,0.0
8.566,0.41379431686971047,-0.20362933071308295,0.4160916948924313,0.0,1.808793200406625,1.6243896252705623,30.346508177069488,30.264061124026075,0.0
8.567,0.42546266857598414,-0.20766822652373954,0.20679816096369458,0.0,1.8111600545034992,1.6187539131665893,30.660607928880786,30.264061124026075,0.0
8.568,0.42526875748120146,-0.20833940482666144,0.04578281700949832,0.0,1.8127600926355032,1.5984377189245158,30.211521933152568,30.264061124026075,0.0
8.569,0.41444831496151735,-0.20311309441717706,0.27085120678234254,0.0,1.8115869016020274,1.6078691338006226,29.898399983619193,30.264061124026075,0.0
8.57,0.4161615465530484,-0.2015993904400165,0.43106879295309897,0.0,1.8113599268261167,1.6313166787665603,30.35788496056591,30.264061124026075,0.0
8.571,0.42836185428152906,-0.20594512338820586,0.20038806611434115,0.0,1.8139935716884636,1.624094814410125,30.66178925198612,30.264061124026075,0.0
8.572000000000001,0.4274746156389675,-0.2063897959121982,0.04445863912463574,0.0,1.8156471222770896,1.6032326706030542,30.1564363602225,30.264061124026075,0.0
8.573,0.41634252805117633,-0.20059977311961402,0.2982113326444822,0.0,1.8144077541937222,1.615309844040865,29.861583649260147,30.264061124026075,0.0
8.574,0.41939606742314806,-0.19932911962232105,0.4496624628733178,0.0,1.8144181686056955,1.6397302505097364,30.388992695714048,30.264061124026075,0.0
8.575000000000001,0.4322712112105094,-0.2043665427927772,0.18470862392948767,0.0,1.8174364053070813,1.6296644937639178,30.658205995771027,30.264061124026075,0.0
8.576,0.43011308681474614,-0.20437409893490477,0.046160525183548656,0.0,1.8190966996076767,1.608682529011613,30.085409939845583,30.264061124026075,0.0
8.577,0.4188016768543462,-0.19785261037677293,0.33434506498807565,0.0,1.8177753287001663,1.6242732443822419,29.862173279236533,30.264061124026075,0.0
8.578,0.42367405981739364,-0.19697704880990208,0.4499822737404961,0.0,1.818114069533695,1.6473619224642384,30.424879572894394,30.264061124026075,0.0
8.579,0.43615567619308315,-0.20233883005908992,0.16702094242288235,0.0,1.8213263556451502,1.6345692343172304,30.564313116578177,30.264061124026075,0.0
8.58,0.43245877617411016,-0.2018165777208663,0.09430165065546994,0.0,1.8228270787610628,1.6187390099806742,30.00665745035158,30.264061124026075,0.0
8.581,0.4235261644356586,-0.1957958601580979,0.3757035205055138,0.0,1.8219376507232063,1.637268897281583,29.981341815647696,30.264061124026075,0.0
8.582,0.43067267035484014,-0.19564478028652457,0.39118853094123923,0.0,1.8230337426089807,1.651870743729552,30.517265654771336,30.264061124026075,0.0
8.583,0.43947480472783224,-0.1993594586875413,0.12069456607196649,0.0,1.8258905353738022,1.6343160587594854,30.372970394673285,30.264061124026075,0.0
8.584,0.4321549091599527,-0.19724082887032157,0.19175310341451998,0.0,1.8264359843012303,1.6302171101754779,29.78072392659078,30.264061124026075,0.0
8.585,0.4280800892392619,-0.1933923191506641,0.49270970943012476,0.0,1.8261148437065247,1.6593522738665019,30.167782160863734,30.264061124026075,0.0
8.586,0.44211555061929725,-0.19643886069579922,0.3001433819252718,0.0,1.8291129382075537,1.659765296092253,30.71218670122962,30.264061124026075,0.0
8.587,0.4456112903349112,-0.19820652424896185,0.023459855970293597,0.0,1.8320165030564513,1.6316831242106151,30.125330131071326,30.264061124026075,0.0
8.588000000000001,0.4318083565266292,-0.19179682590376812,0.31827545097898763,0.0,1.8310987507787928,1.6434493568286048,29.707262422472184,30.264061124026075,0.0
8.589,0.43419799710349016,-0.18937994116304788,0.5328772922940979,0.0,1.8312476366526718,1.674204347750067,30.37935332814078,30.264061124026075,0.0
8.59,0.4499787868474272,-0.1954630690785374,0.1956789174186524,0.0,1.83515044594942,1.6609488980512561,30.583596085815795,30.264061124026075,0.0
8.591,0.4469532467898286,-0.19530170666950522,0.09036218896324766,0.0,1.837258848202464,1.6416870351744368,29.930229335445564,30.264061124026075,0.0
8.592,0.43676197106544157,-0.18805447711718273,0.4203838820341687,0.0,1.8364346423158562,1.6630085372620647,29.999807040639734,30.264061124026075,0.0
8.593,0.4449596529548846,-0.18795151104908467,0.3882375702709469,0.0,1.8378861532547048,1.6742754995625238,30.609215746615213,30.264061124026075,0.0
8.594,0.45238350598932187,-0.19097281377025918,0.080081671057316,0.0,1.8406525822897242,1.6502505839160606,30.127835384611217,30.264061124026075,0.0
8.595,0.441633811455988,-0.18682546794593896,0.3221341094534627,0.0,1.8402534557887087,1.6598688348824688,29.645977604835167,30.264061124026075,0.0
8.596,0.444193719089196,-0.18431873642021415,0.5692438345333967,0.0,1.8406218000248487,1.69285780669198,30.360698488649657,30.264061124026075,0.0
8.597,0.46119147825444173,-0.1907311761266451,0.21091701897991588,0.0,1.8449826427012903,1.6788535143506265,30.510183724685515,30.264061124026075,0.0
8.598,0.4580435625895969,-0.190646077749619,0.1337131749553926,0.0,1.847433486657416,1.6622928291386763,29.842465506507363,30.264061124026075,0.0
8.599,0.4493615597037184,-0.18358176007409807,0.4717882402196556,0.0,1.8472069537361961,1.6865171336236449,30.095638523132433,30.264061124026075,0.0
8.6,0.45932599918463257,-0.18429599662553087,0.3468859579160572,0.0,1.8495747137530083,1.6899934442901972,30.650636545757887,30.264061124026075,0.0
8.601,0.46298958086405784,-0.1862301034664654,0.06552119238601167,0.0,1.8522589382217831,1.6633544489165792,29.904315496932707,30.264061124026075,0.0
8.602,0.4505258883555212,-0.17963271187349275,0.44227917306953557,0.0,1.8512657865626831,1.6853124430504223,29.80336972604839,30.264061124026075,0.0
8.603,0.4589854978069756,-0.1788533195739387,0.4973589724914703,0.0,1.8525479902458553,1.706211326769802,30.440673524714953,30.264061124026075,0.0
8.604000000000001,0.47100290489006336,-0.18453247044228283,0.17694094915130076,0.0,1.8564243624511618,1.688114443239299,30.083430343497447,30.264061124026075,0.0
8.605,0.4649184540830489,-0.18211148575774377,0.35736884756533976,0.0,1.8577803092589042,1.6960555980009246,29.643988017854923,30.264061124026075,0.0
8.606,0.4681336587713509,-0.17925564691252596,0.5832907414483133,0.0,1.8595048444359068,1.725970844286366,30.44060570044923,30.264061124026075,0.0
8.607,0.48318352296821687,-0.1851811198846039,0.1832164543869289,0.0,1.864728811139134,1.7051762959306085,30.257629178708466,30.264061124026075,0.0
8.608,0.476041475171631,-0.18279949109596172,0.27476903471048625,0.0,1.8670296924399918,1.7019912496865481,29.640747187215567,30.264061124026075,0.0
8.609,0.4732276726704431,-0.17704894713843355,0.5894431698250411,0.0,1.868173237438915,1.7332915230535089,30.39304078994494,30.264061124026075,0.0
8.61,0.4875860233371518,-0.18124119644621017,0.21200657180116556,0.0,1.8728511081380728,1.715303799851546,30.335410291881857,30.264061124026075,0.0
8.611,0.4814025668110127,-0.17955486921220684,0.2401083291541496,0.0,1.875035000958301,1.7072719590533032,29.645269785069313,30.264061124026075,0.0
8.612,0.4765790117068882,-0.17300549661761222,0.5913664959499889,0.0,1.8754937527036168,1.7390878288871126,30.347804960564016,30.264061124026075,0.0
8.613,0.490923236025873,-0.17672348046249572,0.23926146983725832,0.0,1.8795626882066647,1.7238977521455847,30.322702934186673,30.264061124026075,0.0
8.614,0.4861926320166724,-0.1758238996529229,0.25122606492432403,0.0,1.8815695887577528,1.7161345410334197,29.63225315902533,30.264061124026075,0.0
8.615,0.4821652526930432,-0.1695787733994508,0.6027690321550035,0.0,1.8819215100627307,1.7482941272175927,30.346399261691335,30.264061124026075,0.0
8.616,0.49692908330897184,-0.17367370086982117,0.24487259944534756,0.0,1.885967091139903,1.7327246144824882,30.23792248665201,30.264061124026075,0.0
8.617,0.4922626419170726,-0.17272934694234893,0.2993723733387506,0.0,1.8879063346291214,1.7293514974432505,29.626576635719502,30.264061124026075,0.0
8.618,0.49070764152912305,-0.16711978291144589,0.6114201436880706,0.0,1.8887067335613692,1.7604142590851046,30.39435667244305,30.264061124026075,0.0
8.619,0.5052888207370716,-0.17186519387900642,0.22622716984212732,0.0,1.8931114596113194,1.741339599912698,30.093598642055444,30.264061124026075,0.0
8.620000000000001,0.49911085582180426,-0.16969483955683903,0.3783108098556363,0.0,1.8948820540539193,1.7460193973352314,29.70728461198041,30.264061124026075,0.0
8.621,0.5013179254930795,-0.16510037426159,0.5770355900136102,0.0,1.8964598811552573,1.7704426065640202,30.42644526047553,30.264061124026075,0.0
8.622,0.5130053899842622,-0.16988101619036095,0.215831424401556,0.0,1.9008940617344572,1.749598021163841,29.933342726962362,30.264061124026075,0.0
8.623,0.5058442180994907,-0.16576883313679888,0.46568987512877635,0.0,1.9023002191605407,1.7632823871499514,29.955725431107844,30.264061124026075,0.0
8.624,0.5119854439345428,-0.16308436662247253,0.4575818799852177,0.0,1.9046800279565852,1.7716013217462914,30.493658230109464,30.264061124026075,0.0
8.625,0.5163213281675455,-0.165766746137524,0.18631950942357378,0.0,1.9079756557444587,1.7491530279449772,29.70494344712698,30.264061124026075,0.0
8.626,0.5071910861143096,-0.1587667473776043,0.5862680776838072,0.0,1.9079000677146722,1.77703377798501,30.16249453278117,30.264061124026075,0.0
8.627,0.5190856900217703,-0.16019622571920883,0.3585082007691603,0.0,1.910847356097043,1.7716661132244942,30.177508470252793,30.264061124026075,0.0
8.628,0.5185369230115136,-0.16131143935089487,0.35186675857108224,0.0,1.9130715278811943,1.7688562943158272,29.58832722366408,30.264061124026075,0.0
8.629,0.5189594033483776,-0.15630668349721547,0.6532147208690582,0.0,1.9142306253158423,1.7997126042440434,30.366849351969904,30.264061124026075,0.0
8.63,0.5338179532120684,-0.1617658110318633,0.26292577443670817,0.0,1.9190099955871953,1.7800237135107269,29.837263065117256,30.264061124026075,0.0
8.631,0.528150124002887,-0.15850309478426372,0.5319868984521205,0.0,1.9209290496954983,1.7970533086955427,30.022640884984202,30.264061124026075,0.0
8.632,0.5364244099032879,-0.1568442201778802,0.441712190909066,0.0,1.9242093088672272,1.7989841709616814,30.306719508937437,30.264061124026075,0.0
8.633000000000001,0.5379255226103703,-0.15876416902133167,0.29924629508333495,0.0,1.92758241146724,1.7861990919142043,29.63387235200621,30.264061124026075,0.0
8.634,0.5335638353533942,-0.15211224416422905,0.6419717612691467,0.0,1.9285887846797882,1.8146490879955108,30.266435016085993,30.264061124026075,0.0
8.635,0.5461335034325381,-0.15551015063616494,0.32566669030865675,0.0,1.9327798091396964,1.8007076289611537,29.816886342327,30.264061124026075,0.0
8.636000000000001,0.5425041825409014,-0.1532237831704762,0.5549127750051442,0.0,1.934872105764233,1.8174844602813138,30.034430135264184,30.264061124026075,0.0
8.637,0.5513563711897559,-0.1519318362277908,0.4484371884241706,0.0,1.9383136053692938,1.8177780288007488,30.188384103586504,30.264061124026075,0.0
8.638,0.5522608526488796,-0.1536054824857686,0.3722169744674064,0.0,1.9416373324235956,1.811055951685297,29.599068092253226,30.264061124026075,0.0
8.639,0.5511359119195596,-0.1476358370075166,0.6735249104517738,0.0,1.9432830815957352,1.839377318379485,30.334357128508536,30.264061124026075,0.0
8.64,0.5640425131241761,-0.15225705901241954,0.3051774322792943,0.0,1.9481644233954014,1.8200688458228513,29.699364486621395,30.264061124026075,0.0
8.641,0.5585062338312549,-0.14780982592939856,0.6283207195969117,0.0,1.950091375900256,1.8431466478227774,30.18254365314098,30.264061124026075,0.0
8.642,0.569102691758562,-0.14849495662833498,0.3875463110459708,0.0,1.9542532500623315,1.8331717738944835,29.845051343239426,30.264061124026075,0.0
8.643,0.5661570392381764,-0.1471973313560488,0.5604825638046136,0.0,1.9568518593284288,1.8464712930207026,29.97198946308616,30.264061124026075,0.0
8.644,0.5738974975379657,-0.14469687723792812,0.4999342204906455,0.0,1.9602584858802674,1.8494301339306056,30.136402120214623,30.264061124026075,0.0
8.645,0.5757155584668875,-0.14670470767899757,0.4190044819645289,0.0,1.9638661997576112,1.8440143834807852,29.625009243489334,30.264061124026075,0.0
8.646,0.5757382513147711,-0.1408446035823376,0.6810914391325407,0.0,1.965906877447196,1.8691555265334465,30.304522955308652,30.264061124026075,0.0
8.647,0.5870424084137825,-0.14542278398022748,0.3409299649100558,0.0,1.9708198025578227,1.8507047609612335,29.622960788034145,30.264061124026075,0.0
8.648,0.5821574950135162,-0.13992845165168116,0.6881220519072284,0.0,1.972746200240046,1.8768334908142377,30.24866392795204,30.264061124026075,0.0
8.649000000000001,0.5937599375291277,-0.14231772290338396,0.37542445390902096,0.0,1.9774105943003208,1.86134821298967,29.65998638585919,30.264061124026075,0.0
8.65,0.5894956537868883,-0.1384837005236749,0.6758039723371145,0.0,1.979614385997826,1.884631720997461,30.20393309935575,30.264061124026075,0.0
8.651,0.6005309403410068,-0.13968306690378746,0.40443189583553785,0.0,1.98409641985197,1.871696009416394,29.675659945989565,30.264061124026075,0.0
8.652000000000001,0.5969638352618155,-0.13674834471011513,0.674452484298996,0.0,1.9865018660574867,1.8934207922990955,30.184234060197863,30.264061124026075,0.0
8.653,0.6077748850938167,-0.13735489976241502,0.4209636978331294,0.0,1.990935314208412,1.8814047825858873,29.66911104456371,30.264061124026075,0.0
8.654,0.6043981725533606,-0.13479127049886994,0.6844747064448293,0.0,1.9934357518034114,1.9030343663488083,30.185201992613727,30.264061124026075,0.0
8.655,0.6153765476482773,-0.13525955422644856,0.4272178237339442,0.0,1.9979262515178715,1.8905762799247772,29.640593485603805,30.264061124026075,0.0
8.656,0.6118272690239737,-0.13257575663584267,0.705756753623128,0.0,2.0004219920462405,1.9135251076291373,30.210826774729117,30.264061124026075,0.0
8.657,0.623344064594253,-0.13344090782552143,0.4211724525534415,0.0,2.005085045898978,1.8990366239003664,29.58658054655684,30.264061124026075,0.0
8.658,0.6191838296521274,-0.13004186248248228,0.7400703724142732,0.0,2.0074503994939343,1.9249607019244714,30.26413839521769,30.264061124026075,0.0
8.659,0.6316900633081922,-0.13189458452737193,0.40129067537193197,0.0,2.012409415410175,1.9066568735808083,29.498545276147595,30.264061124026075,0.0
8.66,0.6263578654556501,-0.127244362864373,0.7917423933857635,0.0,2.0145120952970466,1.93772841971542,30.30504680106806,30.264061124026075,0.0
8.661,0.6406000300744739,-0.13068178140969963,0.3880817741551118,0.0,2.0199362800653065,1.9159759338431515,29.46217052158441,30.264061124026075,0.0
8.662,0.6346347740038615,-0.12483811581726445,0.8175388199213521,0.0,2.0219656203688925,1.9490165960754844,30.301846020015777,30.264061124026075,0.0
8.663,0.6491354782868786,-0.12919685734688888,0.39732322174577245,0.0,2.0276339910895365,1.9267831098261288,29.471166545913864,30.264061124026075,0.0
8.664,0.6435114558041103,-0.1226622235425398,0.8205919045778511,0.0,2.0297497789794066,1.958865169882992,30.277804032409673,30.264061124026075,0.0
8.665000000000001,0.6572117847999674,-0.1272950536898198,0.41713573224611056,0.0,2.0354371517402203,1.9377744605239722,29.493742928190255,30.264061124026075,0.0
8.666,0.652312703298637,-0.12040136580783842,0.8168694663141779,0.0,2.037642082320559,1.9680427341028448,30.236737308411595,30.264061124026075,0.0
8.667,0.6649942797526568,-0.12512573881142158,0.44564551435965266,0.0,2.0432419651099654,1.94922873710123,29.535605181253285,30.264061124026075,0.0
8.668000000000001,0.6612829719795817,-0.11816700871262972,0.8034961373665356,0.0,2.045587755879367,1.9764669957485987,30.16835908242331,30.264061124026075,0.0
8.669,0.6725365003262871,-0.12273886633700262,0.48807620719754985,0.0,2.050995285076234,1.9616663078636447,29.60025375594113,30.264061124026075,0.0
8.67,0.6707183100291636,-0.11610287688135104,0.7787669441194907,0.0,2.0536063151485537,1.984329158266127,30.073492667350155,30.264061124026075,0.0
8.671,0.6800275006871431,-0.12024412505200671,0.5440531729817366,0.0,2.058744424447219,1.975219211565872,29.68264128318923,30.264061124026075,0.0
8.672,0.6807695690837837,-0.11422500839972555,0.7452930634705675,0.0,2.061754212832533,1.9920290605136066,29.96255864004455,30.264061124026075,0.0
8.673,0.6876229091552309,-0.11786928944545641,0.6083494098827237,0.0,2.0666050693556444,1.989636255881656,29.839061378787815,30.264061124026075,0.0
8.674,0.6913146482439227,-0.11257933235287004,0.6743480379634733,0.0,2.0701132216726053,1.9962595450909295,29.717710384225935,30.264061124026075,0.0
8.675,0.6938872392578204,-0.11439160787037861,0.7404870426424145,0.0,2.0741851375566513,2.0089405572242067,30.136040870366788,30.264061124026075,0.0
8.676,0.7033754433318804,-0.1126516702873811,0.5326020021085809,0.0,2.0789084471763153,1.9962139386890427,29.41272920210558,30.264061124026075,0.0
8.677,0.6995494522878867,-0.1087579152754311,0.9027711554583894,0.0,2.081475850305011,2.0285455112987583,30.192858024523808,30.264061124026075,0.0
8.678,0.7145691041367499,-0.11362944491072163,0.5134187752442985,0.0,2.087594476191811,2.0096797919895097,29.568510561917737,30.264061124026075,0.0
8.679,0.7117847617845607,-0.10645505309133008,0.8325480121684172,0.0,2.0903767691625204,2.032766721240888,29.951172753816355,30.264061124026075,0.0
8.68,0.7209395797359707,-0.11067986975100497,0.6443457999212057,0.0,2.0957259995120547,2.028894777749589,29.85227771814719,30.264061124026075,0.0
8.681000000000001,0.7245845922321201,-0.10536578774215544,0.6979111518145775,0.0,2.0995263152899346,2.0334097592780527,29.571583047890357,30.264061124026075,0.0
8.682,0.7262715341276345,-0.10639854812298538,0.8451832677043506,0.0,2.103564842104853,2.053368439976855,30.187843751853084,30.264061124026075,0.0
8.683,0.7385042301922833,-0.10718489535377168,0.5378150894447171,0.0,2.1092715548997387,2.0351231573716557,29.469040209469128,30.264061124026075,0.0
8.684000000000001,0.7341505739932288,-0.1004514853702973,0.9051670697822645,0.0,2.1118345295841254,2.0633567030687336,29.969652551988375,30.264061124026075,0.0
8.685,0.7457541965586962,-0.10555021648218194,0.6578049842430179,0.0,2.117592755891923,2.056819907407658,29.852590265613895,30.264061124026075,0.0
8.686,0.7489485841737804,-0.09983584037526866,0.7204508360143799,0.0,2.1214419113199545,2.060641932081707,29.496494915348176,30.264061124026075,0.0
8.687,0.7503303204186262,-0.10033162634270903,0.906174173234018,0.0,2.1254000338900747,2.0841497312968187,30.16712443810264,30.264061124026075,0.0
8.688,0.7637930876953419,-0.10265740372091497,0.5718287787160207,0.0,2.131564001776623,2.065600249040265,29.56352040029191,30.264061124026075,0.0
8.689,0.760386861604365,-0.09514741678192412,0.880636204858727,0.0,2.1344072683117896,2.087343695161674,29.775686525069204,30.264061124026075,0.0
8.69,0.7687438377118131,-0.09906255613954745,0.7794368884596486,0.0,2.139646318004309,2.092023794626404,30.09394347849737,30.264061124026075,0.0
8.691,0.7762009386043354,-0.09618117230082446,0.6220095882008533,0.0,2.1444733690582134,2.0797180679123333,29.379582307537458,30.264061124026075,0.0
8.692,0.7725438171517903,-0.09107494765983887,0.9880349618456952,0.0,2.1470542714631993,2.111439537447285,29.91998736112109,30.264061124026075,0.0
8.693,0.7866119488679828,-0.09705313199394788,0.7212731726829282,0.0,2.1532578931043433,2.1056588340215816,29.939527788245783,30.264061124026075,0.0
8.694,0.7909923703695013,-0.09190016187287675,0.7147482924783851,0.0,2.157636473682145,2.1026852791236856,29.354945334001197,30.264061124026075,0.0
8.695,0.7901688052919225,-0.0896592391740686,1.016130677500927,0.0,2.161084868916718,2.1337986453014333,29.993968294347603,30.264061124026075,0.0
8.696,0.805531940118142,-0.09516365414742872,0.6993201256245087,0.0,2.167927656119666,2.122584349346572,29.87395883419585,30.264061124026075,0.0
8.697000000000001,0.8073663787461305,-0.08876789778184907,0.7632258785986874,0.0,2.1722061576568854,2.1233253431525987,29.35095899340978,30.264061124026075,0.0
8.698,0.8074410425770752,-0.08711631315992152,1.0338568202978857,0.0,2.1760131916762306,2.1535605651537906,29.993567275537785,30.264061124026075,0.0
8.699,0.8228281884754703,-0.09229001735615666,0.7152576177187657,0.0,2.1830486678015637,2.1417089072455893,29.904291231916115,30.264061124026075,0.0
8.700000000000001,0.8242840756596415,-0.08568803643124379,0.7634933384507002,0.0,2.1874174755798417,2.14023160791577,29.33597484576052,30.264061124026075,0.0
8.701,0.8234192700578364,-0.08295081292958428,1.0569323943111528,0.0,2.1909665978713764,2.171244545722132,29.904638935153123,30.264061124026075,0.0
8.702,0.8385836826392379,-0.08863641999063876,0.7761945715035813,0.0,2.1979148907261266,2.1640188174696005,30.03248198897702,30.264061124026075,0.0
8.703,0.8423557135128109,-0.08327570539301943,0.7145888359421244,0.0,2.2027992467938,2.1539779593738344,29.444489674377877,30.264061124026075,0.0
8.704,0.8385898903290677,-0.07785647621530711,1.016780707738177,0.0,2.2056485733815565,2.1797387468065397,29.869090061735978,30.264061124026075,0.0
8.705,0.8477985193009254,-0.08577536859446133,0.8084302246820274,0.0,2.2117143165072934,2.1762173088818715,30.40291374660476,30.264061124026075,0.0
8.706,0.8494884326538377,-0.08568663026864037,0.5401298560218496,0.0,2.216732391388356,2.1461312491610833,29.85001627293327,30.264061124026075,0.0
8.707,0.8342755830689494,-0.07856727966042693,0.8207190413685223,0.0,2.217457811625589,2.1547937295630835,29.94070807747016,30.264061124026075,0.0
8.708,0.8311606574942806,-0.08244870654456743,0.7786066695656373,0.0,2.219475088342637,2.155414764514188,30.56122557667502,30.264061124026075,0.0
8.709,0.8309788841368259,-0.08333775382000613,0.4653762754367169,0.0,2.2214117218145466,2.122130049819307,30.016189854928452,30.264061124026075,0.0
8.71,0.8146092016683851,-0.07575211930802078,0.7403728490009774,0.0,2.2189829102007055,2.127548244312418,29.991801638783706,30.264061124026075,0.0
8.711,0.8101307296463913,-0.07947450309772952,0.7552895519257745,0.0,2.217824117759547,2.1314015448786523,30.616978090193065,30.264061124026075,0.0
8.712,0.8117325326178588,-0.08184926177142221,0.4391721565594249,0.0,2.217390534235337,2.0996105725775203,30.05787816674695,30.264061124026075,0.0
8.713000000000001,0.7972657987625985,-0.07570177313705706,0.720783947855274,0.0,2.213121240496917,2.1067011689040807,30.092700151079995,30.264061124026075,0.0
8.714,0.7947511726604819,-0.0807127539858069,0.7050865654182117,0.0,2.2106006185447016,2.1082448877757876,30.642498445291547,30.264061124026075,0.0
8.715,0.7965706323399411,-0.08266982087417335,0.426403045099781,0.0,2.2086515982241104,2.078658672328684,30.012095845663858,30.264061124026075,0.0
8.716,0.7830446799003355,-0.07816871904015421,0.744123997697248,0.0,2.2034241665202434,2.091078365748289,30.270196394364177,30.264061124026075,0.0
8.717,0.7839746834558801,-0.08482812531156458,0.6150123706437072,0.0,2.200738993036919,2.0841162982381753,30.528245137925783,30.264061124026075,0.0
8.718,0.7833726215524962,-0.0844101786995955,0.4833461587239073,0.0,2.197513561960884,2.0644652799350265,29.970289488423713,30.264061124026075,0.0
8.719,0.7730079267221329,-0.0836950294339883,0.7652616998309657,0.0,2.192571085209041,2.0799182878078697,30.523682321863852,30.264061124026075,0.0
8.72,0.7774193073625069,-0.09081421208363943,0.4859690711325185,0.0,2.190458418503784,2.0592015038316003,30.27403262584615,30.264061124026075,0.0
8.721,0.7707923404109805,-0.0875977399462225,0.6106942041231688,0.0,2.186060336309814,2.0576309026694592,30.105100919525494,30.264061124026075,0.0
8.722,0.7666935803075814,-0.09177466513191085,0.6967496593285025,0.0,2.182436628710826,2.0643809960886736,30.729141849215694,30.264061124026075,0.0
8.723,0.7704948612250574,-0.09519249350578593,0.38007838723150666,0.0,2.1801844930829284,2.0339401864213897,30.04834750966908,30.264061124026075,0.0
8.724,0.7572235805028581,-0.09102892625962894,0.7226326931483825,0.0,2.1746213193702757,2.0486637842184865,30.48529091162027,30.264061124026075,0.0
8.725,0.7595987816264567,-0.09803712253639127,0.5019486942968456,0.0,2.1718993600715035,2.0332639370009526,30.344176083388486,30.264061124026075,0.0
8.726,0.7552095593482253,-0.0956795790398684,0.5717049588191141,0.0,2.1675802002334708,2.0295184741231016,30.15214611506386,30.264061124026075,0.0
8.727,0.7506804841231491,-0.09977120029493339,0.668839093071049,0.0,2.1637920638644776,2.036157139723698,30.752646565625366,30.264061124026075,0.0
8.728,0.7544493318501269,-0.10277190454807739,0.3637030133743038,0.0,2.161335768947738,2.006756951015957,30.046488153279626,30.264061124026075,0.0
8.729000000000001,0.7412458161546989,-0.09944355602524627,0.7189579492546383,0.0,2.155788959271857,2.0236706306348866,30.63657684294364,30.264061124026075,0.0
8.73,0.7451717244574401,-0.1063919295205944,0.4201884472334554,0.0,2.1532858030951725,2.0013571816729456,30.218293673315287,30.264061124026075,0.0
8.731,0.7373553003583329,-0.10301315590053972,0.6297877065547397,0.0,2.148360468806804,2.007967441269013,30.44218822675363,30.264061124026075,0.0
8.732,0.7369376055814808,-0.10911687170640491,0.5160591588082932,0.0,2.1452938903817236,1.9987857908157771,30.434766015154743,30.264061124026075,0.0
8.733,0.7347547324365168,-0.10767828762550086,0.5180632156964495,0.0,2.1413965233468697,1.9918093183986967,30.214387732383763,30.264061124026075,0.0
8.734,0.7291779667437087,-0.11132007965800494,0.6287490909983626,0.0,2.137606228738178,1.9978877777289266,30.732120524779923,30.264061124026075,0.0
8.735,0.7324175175020966,-0.11358040832843155,0.3652021007927443,0.0,2.1350150277568005,1.9724702157492764,30.089014480837893,30.264061124026075,0.0
8.736,0.7204386850523445,-0.11181384226193436,0.6885055891956411,0.0,2.1299242651215766,1.988884210572885,30.78902056794022,30.264061124026075,0.0
8.737,0.7251686185060261,-0.11768629088636864,0.33325295120533593,0.0,2.1276476132415882,1.9601968235832454,30.128794251722095,30.264061124026075,0.0
8.738,0.7134721898334452,-0.11376826817354693,0.6647187780374384,0.0,2.1222401808659805,1.9754981839245254,30.71345561773571,30.264061124026075,0.0
8.739,0.7168459909090655,-0.12034141461006426,0.3678941500935339,0.0,2.1196658540972066,1.9522752152469223,30.185751830561443,30.264061124026075,0.0
8.74,0.7080025645416519,-0.1170161865431843,0.6325291366153141,0.0,2.1145951565858274,1.9642017204682092,30.672171856480404,30.264061124026075,0.0
8.741,0.7103441719991506,-0.1234376867897917,0.38523801633129073,0.0,2.1119637966555116,1.94423412123577,30.21796887591444,30.264061124026075,0.0
8.742,0.7028711508982548,-0.12059516064086859,0.6128004290953886,0.0,2.1072219199161344,1.954350370936107,30.681054831443934,30.264061124026075,0.0
8.743,0.7046621180920408,-0.12676918830153572,0.37708751425646336,0.0,2.104673424124892,1.9345050266302248,30.221848719025243,30.264061124026075,0.0
8.744,0.6969799162057719,-0.12387243883423668,0.6071126945158173,0.0,2.1000148607641766,1.9449122180321523,30.713717498559696,30.264061124026075,0.0
8.745000000000001,0.6989052502722772,-0.1298776361512822,0.35668174100325456,0.0,2.0975524120792723,1.9236765685026618,30.2071395044498,30.264061124026075,0.0
8.746,0.690353707150196,-0.12686927081600435,0.6105399542539656,0.0,2.092821671149859,1.9357068751344277,30.7549806246601,30.264061124026075,0.0
8.747,0.6930314106489446,-0.13275593252072015,0.3317101991424751,0.0,2.0904446514174357,1.9124711589992214,30.186868460616598,30.264061124026075,0.0
8.748,0.6833908656068453,-0.12976351698844588,0.6165382077983207,0.0,2.085593729719136,1.92652792799717,30.791356964366415,30.264061124026075,0.0
8.749,0.6870695108600624,-0.13547766837516528,0.3090209975200088,0.0,2.0832920578983227,1.9015176982800457,30.174800082525827,30.264061124026075,0.0
8.75,0.6764704216562127,-0.1326757256129198,0.618192048855305,0.0,2.0783541750701646,1.9170649983671744,30.812141227502067,30.264061124026075,0.0
8.751,0.6809574554578756,-0.13808166646408004,0.29404067533242506,0.0,2.0760874834547853,1.8912158539516826,30.174844478421136,30.264061124026075,0.0
8.752,0.6698054887746702,-0.13565795940597575,0.6135812163289402,0.0,2.0711418793744913,1.9073875147342174,30.8185466165148,30.264061124026075,0.0
8.753,0.674776116717495,-0.1406380527399804,0.2861852923572201,0.0,2.0688800491178023,1.8815802032430722,30.187472451783304,30.264061124026075,0.0
8.754,0.6634250265099265,-0.13872437563355378,0.6024882614453967,0.0,2.06400336532262,1.8974930519170496,30.81010961890201,30.264061124026075,0.0
8.755,0.6685290434111629,-0.14313357482268052,0.2857091929372836,0.0,2.061709783456223,1.8726432673561255,30.226221239595308,30.264061124026075,0.0
8.756,0.6573515196818203,-0.14184498043217209,0.5780317814349429,0.0,2.0569747439455255,1.886652946263717,30.778041273631413,30.264061124026075,0.0
8.757,0.6618503233072155,-0.14537644633772207,0.29698196292083723,0.0,2.054515523470172,1.8643428037718643,30.286317291351434,30.264061124026075,0.0
8.758000000000001,0.6514345940366137,-0.14494672631546307,0.5426213923875729,0.0,2.0499886269316647,1.875039307164165,30.719130026693872,30.264061124026075,0.0
8.759,0.654796543002854,-0.14737886652894727,0.321664335689676,0.0,2.047255903009944,1.8569778283529552,30.366650767206107,30.264061124026075,0.0
8.76,0.6458274041453583,-0.14816554274597213,0.49687806900175835,0.0,2.043052516581013,1.8629525310259902,30.613694137429594,30.264061124026075,0.0
8.761000000000001,0.6475758100406487,-0.1492576665886706,0.36986005375597963,0.0,2.0399792059228052,1.8519032897416148,30.505209339753815,30.264061124026075,0.0
8.762,0.641266967714094,-0.15187510155671347,0.42169097043659154,0.0,2.0363852988100377,1.8493346792220553,30.41674123877082,30.264061124026075,0.0
8.763,0.6396826192198456,-0.1512034532246212,0.46439821978064255,0.0,2.0327938656903806,1.8509542172153162,30.79292803578909,30.264061124026075,0.0
8.764,0.6388449910770185,-0.15587401291534458,0.2710161521538771,0.0,2.030244007731316,1.830429853775669,30.266000879564672,30.264061124026075,0.0
8.765,0.6291962179374541,-0.15286865371931177,0.5344603327106996,0.0,2.0255194041157227,1.8436686101855224,30.809644425825834,30.264061124026075,0.0
8.766,0.633012944850543,-0.1569061306573292,0.25718272656212104,0.0,2.023065312557815,1.8214597244190829,30.33467119582405,30.264061124026075,0.0
8.767,0.6225534059605464,-0.1561809678644394,0.49396324084503296,0.0,2.0185155989024572,1.8312336672531346,30.644606589897368,30.264061124026075,0.0
8.768,0.6254889076473198,-0.15798733772021017,0.3351900891496613,0.0,2.0156042032081034,1.8193148920344788,30.53064386226079,30.264061124026075,0.0
8.769,0.6191641234290787,-0.16042274183950372,0.38950562558560387,0.0,2.012041900315884,1.8165843765740362,30.362523159218053,30.264061124026075,0.0
8.77,0.6173087791114236,-0.15978949325823433,0.47258135675505164,0.0,2.008468764781711,1.8225066974674542,30.85851838464622,30.264061124026075,0.0
8.771,0.6189526377136403,-0.16457278576260687,0.2186391714347664,0.0,2.006377669551589,1.7985156971317677,30.303279067714918,30.264061124026075,0.0
8.772,0.6075283900055886,-0.1620318167542557,0.4958666504635294,0.0,2.001769244294949,1.8110222376869125,30.705142881708813,30.264061124026075,0.0
8.773,0.611083587506132,-0.16446287273917898,0.2905239258897545,0.0,1.999165141467912,1.795951992965335,30.513358500619155,30.264061124026075,0.0
8.774000000000001,0.6034314269645491,-0.1660177968141789,0.3839231426686527,0.0,1.9954611555398225,1.795332993159208,30.388868307661557,30.264061124026075,0.0
8.775,0.6021116056129838,-0.1656084374119444,0.44492016731109685,0.0,1.992005089448933,1.8002498340270205,30.86496010616621,30.264061124026075,0.0
8.776,0.6034386561931815,-0.17006580269490648,0.20086527823736822,0.0,1.9898807178290618,1.7767142023770914,30.32824296340762,30.264061124026075,0.0
8.777000000000001,0.5919971149542671,-0.167657864364737,0.4685820312228478,0.0,1.9853057733370378,1.7884809284913905,30.641330827578336,30.264061124026075,0.0
8.778,0.595293292325049,-0.16961668424364562,0.30826540210196773,0.0,1.9826045454756267,1.7778244958887308,30.61380210090605,30.264061124026075,0.0
8.779,0.5896626804575803,-0.1721879736009286,0.3185323556693115,0.0,1.979371050770603,1.7713484440229412,30.322089350719338,30.264061124026075,0.0
8.78,0.585732065719045,-0.17109343231536814,0.46380844849573455,0.0,1.9756671879145178,1.7814504100510256,30.820994717467,30.264061124026075,0.0
8.781,0.5895563748179882,-0.17504647411462118,0.20878642918749513,0.0,1.9737896879576229,1.7602066299902537,30.45578217310254,30.264061124026075,0.0
8.782,0.5792120148486155,-0.17449558901049295,0.38947549087895905,0.0,1.9698754322108942,1.764501617606633,30.44486115733078,30.264061124026075,0.0
8.783,0.5793084303017296,-0.1745602833348036,0.39312799843179225,0.0,1.966794726027191,1.766456516801063,30.85881544315057,30.264061124026075,0.0
8.784,0.5794004373113569,-0.17856288357506137,0.18020331233065345,0.0,1.9646572194644871,1.744440458294498,30.355793117147787,30.264061124026075,0.0
8.785,0.5683304200619624,-0.17608272531850203,0.43079715540082714,0.0,1.9602190142967726,1.7553254465485786,30.569090844981623,30.264061124026075,0.0
8.786,0.5712773150148761,-0.17763119842293487,0.32109799427435337,0.0,1.957508262095291,1.7496704106885521,30.735367270982227,30.264061124026075,0.0
8.787,0.5680919619652687,-0.18097845121949874,0.23324671980449002,0.0,1.9548557946045328,1.736123012398945,30.328338325922495,30.264061124026075,0.0
8.788,0.5608386549202976,-0.1791642126439981,0.43611842031539194,0.0,1.950880795262619,1.7476255172345718,30.655509667281446,30.264061124026075,0.0
8.789,0.5650148584782868,-0.18162641868100285,0.2686182642033624,0.0,1.9487425313882851,1.7365946220131845,30.67135989684769,30.264061124026075,0.0
8.790000000000001,0.5594025372835636,-0.18392726312462077,0.2566201616920244,0.0,1.9459434752076727,1.7274673175783741,30.32528966501883,30.264061124026075,0.0
8.791,0.5536935190837295,-0.18242981583773818,0.4290429921965274,0.0,1.9423238665556481,1.7386311991396277,30.702701532470122,30.264061124026075,0.0
8.792,0.5579759228390833,-0.1851708846451306,0.23595065438644025,0.0,1.940499098966633,1.7248241916203109,30.64865889695129,30.264061124026075,0.0
8.793000000000001,0.551003177417088,-0.18666546383658655,0.2591259944166046,0.0,1.937613100407574,1.7175054449094165,30.33048208739673,30.264061124026075,0.0
8.794,0.5457484416639163,-0.18522127461353194,0.4175501895601769,0.0,1.934110020426881,1.7283331745578256,30.705819084175197,30.264061124026075,0.0
8.795,0.5499442094884853,-0.18792535409808178,0.22546411156945323,0.0,1.932351912044629,1.7145000308946754,30.661233044706538,30.264061124026075,0.0
8.796,0.5429371058599852,-0.18928491271065873,0.2437854120969778,0.0,1.9295088107868255,1.70662333367493,30.33681522422719,30.264061124026075,0.0
8.797,0.5372964749301689,-0.18774800244390813,0.4052667813346401,0.0,1.9259796942173586,1.7173801320282414,30.665325270394337,30.264061124026075,0.0
8.798,0.5414207958950399,-0.19017310577287094,0.2369991167873844,0.0,1.924161299609024,1.7060740004812658,30.705787511160715,30.264061124026075,0.0
8.799,0.535665728957301,-0.19200253062365671,0.21235073253284936,0.0,1.921571117007122,1.6953622975784288,30.352615329592666,30.264061124026075,0.0
8.8,0.5288091361081101,-0.19020948678978328,0.3880512812612077,0.0,1.9179532533048922,1.7057329654523834,30.585292357434593,30.264061124026075,0.0
8.801,0.5324933239173513,-0.19209194674509228,0.26850045500615904,0.0,1.9159592437937039,1.6993233572058724,30.77018863267686,30.264061124026075,0.0
8.802,0.5291740664697541,-0.19469976982741688,0.17099104229851803,0.0,1.9137917103484852,1.6842267418949306,30.392560864038,30.264061124026075,0.0
8.803,0.520579812245943,-0.19261122437387712,0.35851992921782855,0.0,1.9100754504859814,1.692938481848906,30.4754412985066,30.264061124026075,0.0
8.804,0.5229608684582464,-0.19370079289135728,0.3149659102387237,0.0,1.9077427285965844,1.6933933321387473,30.830453002388463,30.264061124026075,0.0
8.805,0.5230840733201603,-0.1969629611643219,0.1317961395141678,0.0,1.9060367067499633,1.6738665486480673,30.458464787078597,30.264061124026075,0.0
8.806000000000001,0.5128291909494938,-0.19498657255883017,0.31584621053857553,0.0,1.9022985843096014,1.679328315951116,30.38499348865746,30.264061124026075,0.0
8.807,0.5130159883095888,-0.1952280197682983,0.3513725361028298,0.0,1.8995267739226773,1.68581439284833,30.76685280448288,30.264061124026075,0.0
8.808,0.5161517599760016,-0.1984224903542725,0.155414961385552,0.0,1.8980297295565292,1.6691210176328828,30.578186385987983,30.264061124026075,0.0
8.809000000000001,0.5077027185252151,-0.19822191963987235,0.24660691801338142,0.0,1.8949590446210083,1.6668987187548499,30.343813012094365,30.264061124026075,0.0
8.81,0.5043652698208004,-0.19741915103600827,0.3629960860795075,0.0,1.8918868994519549,1.6767650991350413,30.600795976967884,30.264061124026075,0.0
8.811,0.508670969829185,-0.19979788218348937,0.23113725511333005,0.0,1.8903782949500862,1.6691622623854017,30.721033231658293,30.264061124026075,0.0
8.812,0.50496885059321,-0.20186463675738525,0.16644890669180357,0.0,1.8884638229150952,1.6568220089598744,30.416153265456224,30.264061124026075,0.0
8.813,0.4974552736363167,-0.20022972065596661,0.3173679683785366,0.0,1.885306264424156,1.6635617862160545,30.422731426274428,30.264061124026075,0.0
8.814,0.4989833465600483,-0.20098525142961435,0.31249218494695097,0.0,1.8832378970540435,1.667023079312002,30.761334555939857,30.264061124026075,0.0
8.815,0.5007064184697492,-0.20379389960788388,0.13821788579509836,0.0,1.8820238917224108,1.6506357341081257,30.56203486319762,30.264061124026075,0.0
8.816,0.49210051206322875,-0.2028786309861288,0.23488799477450134,0.0,1.8791637863733777,1.6491060582945405,30.37260910743811,30.264061124026075,0.0
8.817,0.4888999181816385,-0.2020282836363163,0.3285153928201369,0.0,1.876352338455627,1.6570416584855459,30.54538168396558,30.264061124026075,0.0
8.818,0.4921950894104451,-0.2038332922147187,0.23931589895700622,0.0,1.8748226497658749,1.652759860786291,30.70332710606956,30.264061124026075,0.0
8.819,0.4900091963298649,-0.20600047541337413,0.15595052808458232,0.0,1.8732380902412404,1.6407484780818022,30.478561305342108,30.264061124026075,0.0
8.82,0.48292899794494226,-0.20470815857741936,0.2661884266351471,0.0,1.8704470217146791,1.6434965631361211,30.429996790386568,30.264061124026075,0.0
8.821,0.48233422493742983,-0.2048236541771799,0.2888113274493123,0.0,1.8682354962305388,1.6470714959833825,30.62028201305568,30.264061124026075,0.0
8.822000000000001,0.4837983088493214,-0.20659379715550455,0.19010650722446076,0.0,1.8667961773511572,1.638817026804245,30.66117829247236,30.264061124026075,0.0
8.823,0.4791277198062023,-0.20737800912076496,0.16568719583165697,0.0,1.8647439053281947,1.6300734022379841,30.431045284324213,30.264061124026075,0.0
8.824,0.4733989205001876,-0.2054914014495295,0.2790838583027493,0.0,1.8618071290874139,1.6353002009450326,30.372241321418763,30.264061124026075,0.0
8.825000000000001,0.4742246296673732,-0.20659399067751805,0.3074040377815478,0.0,1.8598268612332078,1.6415437792738046,30.615231640578486,30.264061124026075,0.0
8.826,0.4772771372931421,-0.20965434394772423,0.18239717303616199,0.0,1.858994590964742,1.6326034973203343,30.597054609983555,30.264061124026075,0.0
8.827,0.4730800943725504,-0.2099075240102226,0.18815575347405256,0.0,1.8573487658019483,1.6268497288285104,30.48725048616523,30.264061124026075,0.0
8.828,0.4687450443182989,-0.20873408192715925,0.2408259217618235,0.0,1.8551605358764895,1.6276777724536269,30.498313959849543,30.264061124026075,0.0
8.829,0.46751752075133224,-0.20917966335916677,0.23295165656143219,0.0,1.8533346816844403,1.6269029949605884,30.618735981744276,30.264061124026075,0.0
8.83,0.46651871603585665,-0.20979943027612205,0.1691938970368838,0.0,1.8516776537088369,1.619186092184986,30.52076036129037,30.264061124026075,0.0
8.831,0.46188632986207284,-0.20914778041248983,0.21561471489119338,0.0,1.8493367590990644,1.618318618880564,30.49464964602196,30.264061124026075,0.0
8.832,0.45982693473929415,-0.20923162514335278,0.22636418730544083,0.0,1.8471589460388582,1.6182022468343993,30.497882378007667,30.264061124026075,0.0
8.833,0.4588870574997571,-0.21001198683664518,0.22240960877277083,0.0,1.8452722784190092,1.6174200248692148,30.497002817941723,30.264061124026075,0.0
8.834,0.45794007249184154,-0.21084899548352617,0.22051997186658595,0.0,1.8435803226988519,1.6164538136426856,30.487276856699904,30.264061124026075,0.0
8.835,0.4568273782193042,-0.21165657224627318,0.22315079516075764,0.0,1.8420414047854894,1.615836241418115,30.463887334374267,30.264061124026075,0.0
8.836,0.4559266485974926,-0.21225557691928643,0.23284729422009415,0.0,1.840652436187411,1.6162547946039243,30.402818600828173,30.264061124026075,0.0
8.837,0.45533967318768387,-0.2134194997801633,0.26199408622512,0.0,1.8395662612356873,1.619657337740165,30.458909589875894,30.264061124026075,0.0
8.838000000000001,0.45697586850367505,-0.2142094299343174,0.2320001070427612,0.0,1.8390042111811085,1.618834352198642,30.65168925517491,30.264061124026075,0.0
8.839,0.4562483327534574,-0.21540102434810235,0.1317339930817641,0.0,1.8385392436618098,1.607404518347611,30.557199314228317,30.264061124026075,0.0
8.84,0.44948823982503694,-0.2139086411002421,0.17604758165303902,0.0,1.8368017114079358,1.6036846618768281,30.39699096115596,30.264061124026075,0.0
8.841,0.4451800717171142,-0.21262429109193137,0.25482245981791823,0.0,1.8347395920639347,1.6087914361027473,30.358467176309752,30.264061124026075,0.0
8.842,0.44654871708410326,-0.2130709148090264,0.273140291718186,0.0,1.8334563341858894,1.614214901027608,30.616680302161864,30.264061124026075,0.0
8.843,0.44940222007975605,-0.2150668406404197,0.14050753701077195,0.0,1.8330588341924177,1.6038947134595063,30.64357574059738,30.264061124026075,0.0
8.844,0.4440717275105655,-0.21484837056901418,0.12326467162730043,0.0,1.8316250744753138,1.594611296216328,30.411116365948494,30.264061124026075,0.0
8.845,0.4374753039821036,-0.2125617811439142,0.23802380653251953,0.0,1.8291570088695552,1.5995810798816053,30.33898048129347,30.264061124026075,0.0
8.846,0.43804195019367387,-0.21265373921790687,0.27334255528735857,0.0,1.8274657094732911,1.606416254315201,30.518131880030303,30.264061124026075,0.0
8.847,0.44163723162238,-0.21450664350361817,0.18122614835889894,0.0,1.826829957350701,1.6015229746210902,30.651407373406386,30.264061124026075,0.0
8.848,0.43938909711989516,-0.21548111114030863,0.11071493917705455,0.0,1.8258571148681375,1.5905036263529735,30.430031819063863,30.264061124026075,0.0
8.849,0.4326589595985145,-0.21361970934349683,0.21974300939793778,0.0,1.8236651229330032,1.5939049622618555,30.290138235818134,30.264061124026075,0.0
8.85,0.432451642704365,-0.21320132709584125,0.2894290299028821,0.0,1.8220050557529957,1.6032776504228128,30.44435119829191,30.264061124026075,0.0
8.851,0.4371997820189194,-0.21512656530171118,0.21051964792333638,0.0,1.8216642241322074,1.6016458023333315,30.673865169562642,30.264061124026075,0.0
8.852,0.43695217617404375,-0.21678274947513324,0.09166462183260377,0.0,1.8213572187415674,1.5879328148766163,30.47343017248413,30.264061124026075,0.0
8.853,0.42922925418663815,-0.2147720906794452,0.18978842988728,0.0,1.8194718808350596,1.588389640133597,30.25083315872314,30.264061124026075,0.0
8.854000000000001,0.4271322775062821,-0.21348973824802106,0.30121921642080396,0.0,1.8176998070654014,1.600041835727334,30.366722872736812,30.264061124026075,0.0
8.855,0.4325704090426988,-0.21525628472693414,0.24224774192686044,0.0,1.8174773038690772,1.6021312700892527,30.678670055217857,30.264061124026075,0.0
8.856,0.4345104069751152,-0.2175060406607282,0.08212806137441991,0.0,1.8177158021165056,1.5868070421223168,30.52637465610224,30.264061124026075,0.0
8.857,0.42644148145036803,-0.21558348545716305,0.1556526256114661,0.0,1.8161640491107671,1.5836349674354637,30.245033197959007,30.264061124026075,0.0
8.858,0.4222416493492119,-0.21354446761750245,0.29651363394375413,0.0,1.8142451975265903,1.5957656824667825,30.292997653138382,30.264061124026075,0.0
8.859,0.4273484216963201,-0.21487027448814722,0.27224204106294336,0.0,1.8138975315381307,1.6018092122571466,30.629342144072066,30.264061124026075,0.0
8.86,0.4314660030066366,-0.2173858227241208,0.1004169853956417,0.0,1.8144524373648043,1.5881537160543693,30.590763910804537,30.264061124026075,0.0
8.861,0.4247264530321866,-0.21627802977308003,0.11643907416162164,0.0,1.8134392902815586,1.580182466685761,30.278915646093225,30.264061124026075,0.0
8.862,0.41836546434456745,-0.21350847002931217,0.27221466129660604,0.0,1.811436759327472,1.5905144344987707,30.208963608733388,30.264061124026075,0.0
8.863,0.4219122455386529,-0.21395619622880885,0.30774165512945134,0.0,1.810744623729478,1.6015094100671086,30.536696526266173,30.264061124026075,0.0
8.864,0.4282722838105576,-0.21692011529414423,0.14114884234065783,0.0,1.8115427530833086,1.5919910587757478,30.664868946152147,30.264061124026075,0.0
8.865,0.42430802030327663,-0.21698948311835808,0.07305455417641005,0.0,1.8112872256426302,1.5781795813472477,30.33302909204944,30.264061124026075,0.0
8.866,0.41570266110558024,-0.21341154649680513,0.23828480154753,0.0,1.809281836496557,1.5854869158866685,30.13361157675833,30.264061124026075,0.0
8.867,0.41688213087132553,-0.21290726959534664,0.33929805466576235,0.0,1.8081880286260885,1.6011063381606263,30.439380251536647,30.264061124026075,0.0
8.868,0.42508214640687936,-0.2161537503653249,0.18466052600149796,0.0,1.8091276994237742,1.5961439697246358,30.713952928586718,30.264061124026075,0.0
8.869,0.42417934454153755,-0.21710959383350625,0.0428752694308564,0.0,1.809549844271893,1.5779031106364292,30.389334063899195,30.264061124026075,0.0
8.870000000000001,0.4140000130958312,-0.21324522685873062,0.20393197237588645,0.0,1.8076710499244724,1.581773340271888,30.09910437337482,30.264061124026075,0.0
8.871,0.4128147318057729,-0.21187647218894648,0.3506963851445859,0.0,1.80625523863141,1.5996307735116149,30.338251557092065,30.264061124026075,0.0
8.872,0.42169308883058176,-0.21478266656892167,0.2303808889553044,0.0,1.8071001207201225,1.5998700615039256,30.693207121479958,30.264061124026075,0.0
8.873,0.4238133284092235,-0.2165810081459288,0.04861164678681895,0.0,1.8080531990288662,1.5812340044458337,30.45600082858516,30.264061124026075,0.0
8.874,0.41407186022613196,-0.21343159780873341,0.16529539618862654,0.0,1.8066829452480637,1.5803025296762354,30.108172843259233,30.264061124026075,0.0
8.875,0.41045741422085796,-0.2112258551962973,0.34076827165925894,0.0,1.8051454317843862,1.5977625301920177,30.241754398012517,30.264061124026075,0.0
8.876,0.41855887086720256,-0.2132653721543026,0.27420056154275224,0.0,1.8057540740101596,1.6033182977511806,30.623598831588318,30.264061124026075,0.0
8.877,0.4233549371167,-0.21560350858938174,0.07968296767922972,0.0,1.8070942286075509,1.587201541832202,30.54075088834804,30.264061124026075,0.0
8.878,0.4154638864542571,-0.21367825251011058,0.11834004165614909,0.0,1.806453532620235,1.5799439072763195,30.165985052521428,30.264061124026075,0.0
8.879,0.40918671744776414,-0.21032242874481522,0.30670372028450127,0.0,1.8048012547226715,1.5942929785707332,30.123842371893087,30.264061124026075,0.0
8.88,0.41492431691316767,-0.21100526040146417,0.3291772481200018,0.0,1.8048577814641904,1.6069364585903108,30.518309529983878,30.264061124026075,0.0
8.881,0.42261652758586843,-0.21445288004197255,0.1294011850150284,0.0,1.806545413377405,1.5953323738828384,30.62553635910919,30.264061124026075,0.0
8.882,0.4179654936545711,-0.21390881247460397,0.0721730181015407,0.0,1.806809549999735,1.5813486589471701,30.218686019776857,30.264061124026075,0.0
8.883000000000001,0.40924403481773863,-0.2094245865880647,0.2760519388101995,0.0,1.8051610772944198,1.5927015422471276,30.02564729921114,30.264061124026075,0.0
8.884,0.41255585488597096,-0.20906042903219,0.3749554373412073,0.0,1.8048175251173513,1.6111433707820082,30.44553078345382,30.264061124026075,0.0
8.885,0.42256291747222285,-0.21318791895633787,0.16319899862559062,0.0,1.806810176478692,1.602356759317861,30.685749254850123,30.264061124026075,0.0
8.886000000000001,0.42018880159814387,-0.2133333019284823,0.038872881619198246,0.0,1.8076996187851784,1.5834509890247264,30.25262491003179,30.264061124026075,0.0
8.887,0.4095139582311817,-0.2081648018466203,0.25554941616830684,0.0,1.8060395509929765,1.5927529115736447,29.98975548431867,30.264061124026075,0.0
8.888,0.4110925020616259,-0.20708477148861018,0.38972718542194096,0.0,1.8054085638963244,1.6132710361058407,30.376111909355856,30.264061124026075,0.0
8.889,0.42184169328894,-0.2110322381580407,0.19542846505005051,0.0,1.8073375095997744,1.6077929869450083,30.668913324083526,30.264061124026075,0.0
8.89,0.4214774449300388,-0.2117865682952082,0.044979235685641106,0.0,1.8085692574651904,1.58859676847599,30.271035773414717,30.264061124026075,0.0
8.891,0.41109840044615487,-0.2070976157109826,0.2438482645261594,0.0,1.8072348806115266,1.5959614845161543,29.962582307260888,30.264061124026075,0.0
8.892,0.41178274433857626,-0.20562422793596732,0.4010897857707255,0.0,1.8066552299178362,1.6175851000424277,30.337336591786496,30.264061124026075,0.0
8.893,0.42291627377999375,-0.2093840095273226,0.21297988883031743,0.0,1.8087242156989412,1.6135060402711827,30.663265929195184,30.264061124026075,0.0
8.894,0.42340649030413274,-0.21029593561352825,0.04602317207428236,0.0,1.81024111097838,1.593615056658172,30.268478160646197,30.264061124026075,0.0
8.895,0.41284673128705074,-0.20560961549325632,0.24337288598257467,0.0,1.8090926038944815,1.6004093722889987,29.93213190058841,30.264061124026075,0.0
8.896,0.41320511560521667,-0.20387090982480605,0.4148653082458451,0.0,1.8085939846597294,1.6231550550930613,30.322801964339405,30.264061124026075,0.0
8.897,0.4248253724637509,-0.20767347201458275,0.21894286796721396,0.0,1.8108554645264188,1.6190352706287026,30.661668119910047,30.264061124026075,0.0
8.898,0.42543266199158786,-0.20856284147675477,0.04553372022305324,0.0,1.8125386229789449,1.598487231468901,30.240263076880233,30.264061124026075,0.0
8.899000000000001,0.4146122426435045,-0.20360849051942434,0.25647422220941885,0.0,1.811444789370309,1.606296177789841,29.900501999013734,30.264061124026075,0.0
8.9,0.41546704202200435,-0.20185241183112834,0.42999035239279143,0.0,1.8110976086084922,1.6299899832930158,30.33381414257981,30.264061124026075,0.0
8.901,0.4276410750246818,-0.20595839769422913,0.21263675042421548,0.0,1.8136237457049988,1.6243050370148042,30.66112766152095,30.264061124026075,0.0
8.902000000000001,0.4275693868728394,-0.20663202758140753,0.045009325578697135,0.0,1.815361813892992,1.6033053443874725,30.185136528098376,30.264061124026075,0.0
8.903,0.4164851218402015,-0.20114509244713724,0.2837941382492616,0.0,1.8142158068358105,1.6137405837559624,29.867910324479492,30.264061124026075,0.0
8.904,0.41869126908912546,-0.19962525658853628,0.44636874805416904,0.0,1.8141156118280939,1.6381595385860113,30.36925924118608,30.264061124026075,0.0
8.905,0.43143765588440036,-0.20432926506300256,0.19464230852927583,0.0,1.81699997109493,1.6294308829115056,30.66162554303465,30.264061124026075,0.0
8.906,0.42992508473732877,-0.20455622219415986,0.04448351341490486,0.0,1.8187009540673151,1.6081571723579324,30.10695907648146,30.264061124026075,0.0
8.907,0.4185615136467906,-0.19825970485525732,0.323387767166946,0.0,1.8174095812085138,1.622596854129312,29.838312179294075,30.264061124026075,0.0
8.908,0.42282261936977833,-0.19721201645213166,0.4619687052079582,0.0,1.8176390332617751,1.6473359337442304,30.413838830380186,30.264061124026075,0.0
8.909,0.4360275301326689,-0.20274357958995579,0.17270760260136145,0.0,1.8209383969003945,1.6350095908091593,30.60710325506511,30.264061124026075,0.0
8.91,0.43279207337323405,-0.20239165656775623,0.07264496894850966,0.0,1.8225811627178246,1.616619489206876,30.030748370102618,30.264061124026075,0.0
8.911,0.4226673260091846,-0.19589655571655873,0.3631555389689898,0.0,1.8215096999298739,1.634270831027797,29.93842979457837,30.264061124026075,0.0
8.912,0.42898540669330926,-0.19540201353693637,0.4125711400255915,0.0,1.822321068971563,1.6517842664549574,30.47480022147146,30.264061124026075,0.0
8.913,0.4389837378915502,-0.19974930612360636,0.14227853560459106,0.0,1.8252857922581303,1.6363645171217303,30.420785027182667,30.264061124026075,0.0
8.914,0.43315777695073765,-0.1982930176342569,0.16771889371742238,0.0,1.8262084036230224,1.6290254195025748,29.843239466071374,30.264061124026075,0.0
8.915000000000001,0.4278559680407993,-0.19397413577933567,0.460699890852616,0.0,1.8258443299703617,1.6550109382562521,30.118691086754325,30.264061124026075,0.0
8.916,0.43999114709645953,-0.19595092695365043,0.32442778088385815,0.0,1.8283758514060593,1.6590538679161586,30.690572289179794,30.264061124026075,0.0
8.917,0.4448387140260599,-0.19803902566843282,0.03422206801958616,0.0,1.8312684366110603,1.6319738688665626,30.17795905099653,30.264061124026075,0.0
8.918000000000001,0.4317359808013438,-0.19247172059490125,0.2913897078415133,0.0,1.8305304788453658,1.640571402075496,29.690199110397167,30.264061124026075,0.0
8.919,0.43271039760765545,-0.18968217549007502,0.5410082982774844,0.0,1.830474893266338,1.6728835415557624,30.347410865859977,30.264061124026075,0.0
8.92,0.4490813166697549,-0.19554966071334773,0.21156892312774006,0.0,1.834329399018848,1.6614333344305,30.635229095129635,30.264061124026075,0.0
8.921,0.4471439535542591,-0.19579058143184713,0.06394812878187589,0.0,1.8366212599103826,1.6389465240997936,29.952620114532944,30.264061124026075,0.0
8.922,0.4355155769530667,-0.18821930239278006,0.4083670291751523,0.0,1.8356000037782105,1.6595596156730053,29.924084445756407,30.264061124026075,0.0
8.923,0.4430085468904388,-0.18766230554395738,0.4260346303461179,0.0,1.836756625553598,1.6755680091414293,30.518047359456098,30.264061124026075,0.0
8.924,0.4524900045493314,-0.19185257301198624,0.126513311141972,0.0,1.8398649238882598,1.6559991736732798,30.21191592491246,30.264061124026075,0.0
8.925,0.4445845818970168,-0.18914368965346057,0.28010048040492674,0.0,1.8403656289985233,1.6595522644647218,29.645854869223115,30.264061124026075,0.0
8.926,0.44471566381166416,-0.18596478684084325,0.5693130707976293,0.0,1.840848982201101,1.6929841567014787,30.343824678245483,30.264061124026075,0.0
8.927,0.4614394261622129,-0.1914870952571287,0.21953053074425133,0.0,1.8452664322610142,1.6799146866856056,30.58496580940673,30.264061124026075,0.0
8.928,0.4585659759427495,-0.1913913793875181,0.09575091830982174,0.0,1.8478694384835292,1.6589592938577038,29.888569001183683,30.264061124026075,0.0
8.929,0.44764536496036483,-0.18347141346071372,0.4477042436497686,0.0,1.8472463657077498,1.68148493555245,30.03277034304525,30.264061124026075,0.0
8.93,0.4561910068909316,-0.1833155610448573,0.3779164805287931,0.0,1.8490002202725473,1.6894502918812506,30.64317807593656,30.264061124026075,0.0
8.931000000000001,0.4618626279018283,-0.18584314419156062,0.06892144456403293,0.0,1.8516548176840404,1.6629644998168442,29.960891333866467,30.264061124026075,0.0
8.932,0.44982090244953027,-0.1801637312964945,0.4130965135006759,0.0,1.8507453648980199,1.6817232606525678,29.73455485223,30.264061124026075,0.0
8.933,0.45689842401220626,-0.1788463992212615,0.5315598170368695,0.0,1.851714621074848,1.7072054681993143,30.40203053982004,30.264061124026075,0.0
8.934000000000001,0.4708828828734704,-0.18523931187839623,0.19644227908391093,0.0,1.8558515661017059,1.6907213031397696,30.167662397473656,30.264061124026075,0.0
8.935,0.46607245396445374,-0.18369214912916818,0.3145903375226269,0.0,1.8576922830909366,1.6933157026652583,29.6045643785883,30.264061124026075,0.0
8.936,0.46680650100939985,-0.1801083852387434,0.6027343144196824,0.0,1.8592296259333394,1.7262202413473753,30.42261022375426,30.264061124026075,0.0
8.937,0.48299883538901095,-0.1856153522145747,0.19212590083942144,0.0,1.8645452923659587,1.7061658788714136,30.365607441293445,30.264061124026075,0.0
8.938,0.47629544096128634,-0.18375973602265655,0.21961182889715436,0.0,1.8670647684568504,1.6966773522393104,29.664585718004773,30.264061124026075,0.0
8.939,0.47030397519725203,-0.17696241616785677,0.5761174446017036,0.0,1.8676542952533337,1.7279224116161946,30.31870588566629,30.264061124026075,0.0
8.94,0.4841157840749526,-0.18002640064521558,0.2485109131545427,0.0,1.871714386798915,1.7149209294846193,30.440476197507746,30.264061124026075,0.0
8.941,0.48017119245728634,-0.1795085012025697,0.1858616064989983,0.0,1.8739807121933156,1.700582269469841,29.737857836103014,30.264061124026075,0.0
8.942,0.4728217274519892,-0.17225054534040715,0.5424328200805945,0.0,1.8737933428963878,1.7285224297909183,30.22170679583534,30.264061124026075,0.0
8.943,0.48484450707161025,-0.17434747779081933,0.3009318834963399,0.0,1.8767219686894268,1.7221230215818992,30.434760597354938,30.264061124026075,0.0
8.944,0.4838740702614051,-0.1751648414694737,0.19269798800325155,0.0,1.8787867317624078,1.707392673480008,29.716038611698117,30.264061124026075,0.0
8.945,0.4774394763039408,-0.16846631553212457,0.5575392059549413,0.0,1.8784269722280071,1.7362548103924396,30.184574577565105,30.264061124026075,0.0
8.946,0.4902785434425495,-0.17110073108841967,0.32406608848605734,0.0,1.8813461733088548,1.7313876592342723,30.364002179877247,30.264061124026075,0.0
8.947000000000001,0.49038098640784733,-0.1725018834398787,0.23335287677147465,0.0,1.8836145217688989,1.7197725431312945,29.65886120094573,30.264061124026075,0.0
8.948,0.4859390127951377,-0.16656846483053744,0.5919753654680368,0.0,1.8838278362020984,1.7503910208854376,30.218672601457953,30.264061124026075,0.0
8.949,0.5000739952119506,-0.17007878407919563,0.3125235504376059,0.0,1.887527136270839,1.7420437899651966,30.23923153581572,30.264061124026075,0.0
8.950000000000001,0.49877775460792106,-0.17080532320894704,0.3024923791408266,0.0,1.8900665993524668,1.7368762377421243,29.574010055830623,30.264061124026075,0.0
8.951,0.4972936117931551,-0.16552511234848127,0.6420036298153291,0.0,1.8912472723176759,1.7700762296402677,30.352096449116765,30.264061124026075,0.0
8.952,0.5130470244286767,-0.17053804448778692,0.25208007992135145,0.0,1.8962341018201063,1.752039869831981,30.059715774609653,30.264061124026075,0.0
8.953,0.5075723703394923,-0.16877845006499068,0.4003138706690712,0.0,1.8986749276835653,1.7572705275121212,29.71080727130941,30.264061124026075,0.0
8.954,0.5102502137003222,-0.16418015595805002,0.5803006608463599,0.0,1.9009065203211568,1.7801891017120335,30.407532597474233,30.264061124026075,0.0
8.955,0.5210851162183053,-0.16870258586844727,0.23050328302946632,0.0,1.9057502613461932,1.7595963374507133,29.881584628443182,30.264061124026075,0.0
8.956,0.5138468644931599,-0.16415298798000855,0.49730203250082095,0.0,1.9075046717757607,1.775297616652992,30.03062809727872,30.264061124026075,0.0
8.957,0.5207300131093668,-0.1619719458364566,0.42511462835052627,0.0,1.9104593504256944,1.7781660781617203,30.420663439378295,30.264061124026075,0.0
8.958,0.5223591468312577,-0.16372874124937184,0.22853093414721593,0.0,1.9136204652783642,1.760030455840462,29.66695530727895,30.264061124026075,0.0
8.959,0.5150365456839507,-0.156408832216924,0.6113560583643594,0.0,1.9138291484659415,1.788922885305937,30.217780207688346,30.264061124026075,0.0
8.96,0.5273997294966474,-0.15896920294390463,0.3364064173230389,0.0,1.9172610461516015,1.779441052156036,29.979103739814455,30.264061124026075,0.0
8.961,0.5253709458440361,-0.15865734198635095,0.45859422510210035,0.0,1.9193416623411044,1.7877875453957157,29.7535546614887,30.264061124026075,0.0
8.962,0.5310372288855764,-0.1553944160163503,0.5764738288903519,0.0,1.9216930629885005,1.806608750298199,30.365375248928533,30.264061124026075,0.0
8.963000000000001,0.5406286277579663,-0.1600576426599528,0.2695503939214106,0.0,1.9262370282519017,1.78784420984516,29.73652192201025,30.264061124026075,0.0
8.964,0.5346837341434927,-0.1549264978362801,0.5892524494007099,0.0,1.9278390847466191,1.810396832702494,30.17560815587479,30.264061124026075,0.0
8.965,0.5447389057541197,-0.15550762242277522,0.3705938621499528,0.0,1.9316514330303487,1.8024394159578758,29.998625420419224,30.264061124026075,0.0
8.966,0.5423781363482518,-0.15506258636279766,0.46173958691380496,0.0,1.9342320395987815,1.8082318276633758,29.755334730243334,30.264061124026075,0.0
8.967,0.5467048788733483,-0.15086213144971028,0.5884721959395773,0.0,1.9366762270010809,1.8262326392285457,30.333740242412823,30.264061124026075,0.0
8.968,0.5553863974746895,-0.15504970964281928,0.2985726486709652,0.0,1.9411787149700408,1.808609812466727,29.69465677266682,30.264061124026075,0.0
8.969,0.5499970320918295,-0.14959232591734306,0.6238084270575586,0.0,1.9428264834741884,1.8325540936513263,30.213208092124873,30.264061124026075,0.0
8.97,0.560618378705939,-0.15098671354363652,0.3650412976475448,0.0,1.946911859722529,1.821329739767532,29.82959436754974,30.264061124026075,0.0
8.971,0.5573777809561224,-0.14914052381058004,0.5611928274998754,0.0,1.949249238210757,1.8362633776934278,30.01252769177398,30.264061124026075,0.0
8.972,0.5656395870964953,-0.14722563660025278,0.47224149971027607,0.0,1.952654066946946,1.8372500236672393,30.135916579337817,30.264061124026075,0.0
8.973,0.5666877044366744,-0.148917988672322,0.41182850137523974,0.0,1.9560223850069276,1.8326898965323146,29.623190307864917,30.264061124026075,0.0
8.974,0.5668969828559988,-0.1431652416781057,0.6746003452733014,0.0,1.9579481328573345,1.8584191072762932,30.321377053988336,30.264061124026075,0.0
8.975,0.5785907492220959,-0.1478854250392383,0.32493381291196927,0.0,1.9628309746367663,1.8393927132161108,29.644167904975323,30.264061124026075,0.0
8.976,0.5733812866872243,-0.1425824340292926,0.6697373196089833,0.0,1.9646923619875303,1.8648722723426712,30.234583528053587,30.264061124026075,0.0
8.977,0.5847550490897606,-0.14452613770076414,0.37482428402957585,0.0,1.9691824038298351,1.8507983368213188,29.707236239410438,30.264061124026075,0.0
8.978,0.5808180276783781,-0.1413882548355414,0.6440661771973067,0.0,1.9714514437838853,1.8716933476198545,30.165215566304465,30.264061124026075,0.0
8.979000000000001,0.5911268232253235,-0.14163870751845659,0.4160649693275097,0.0,1.9756420094461573,1.8617798718123089,29.76020393772992,30.264061124026075,0.0
8.98,0.5882795817850269,-0.1400279307007532,0.6236093554777439,0.0,1.978242480984671,1.878802979220871,30.085584080510714,30.264061124026075,0.0
8.981,0.5976688172388066,-0.13879276011821667,0.46270405452250035,0.0,1.9821654551142869,1.8735475077615298,29.848330409042422,30.264061124026075,0.0
8.982,0.5963045062458243,-0.13872837999461662,0.5854881974064827,0.0,1.9851758545772373,1.8845691561516411,29.959525433026727,30.264061124026075,0.0
8.983,0.6036694750364797,-0.1357941617393134,0.5329360423243238,0.0,1.988665258726056,1.8869573114842566,29.983658767628985,30.264061124026075,0.0
8.984,0.6051804640483344,-0.13746485468602257,0.5236733985871658,0.0,1.9922576563999455,1.8888696633348299,29.775230861149193,30.264061124026075,0.0
8.985,0.6091163305149419,-0.13269783489138998,0.6327756544558302,0.0,1.995140970384626,1.9026260589294501,30.13171284547292,30.264061124026075,0.0
8.986,0.61530911928779,-0.1362343455255022,0.4558581450794991,0.0,1.9995482788979997,1.8941013496726469,29.62938366105062,30.264061124026075,0.0
8.987,0.6150609974930487,-0.13049022837092134,0.7133695119204024,0.0,2.0019951676410113,1.9170544889242742,30.224533225349674,30.264061124026075,0.0
8.988,0.6251749692254303,-0.13461853165253476,0.41619000875763995,0.0,2.007004235967407,1.9015771260002172,29.574447139157236,30.264061124026075,0.0
8.989,0.6220890995088276,-0.12853156534938748,0.7481291917025473,0.0,2.009253811842595,1.928074096742923,30.265667478226305,30.264061124026075,0.0
8.99,0.6335808395052329,-0.1324248657316312,0.40250295862601043,0.0,2.0144172599096137,1.9095131004342387,29.500323181462416,30.264061124026075,0.0
8.991,0.6290764733463434,-0.12614143035078718,0.7928124864335915,0.0,2.016478152643346,1.9403252566301659,30.29160173430753,30.264061124026075,0.0
8.992,0.6424668201509103,-0.1306651005355623,0.39689780390821994,0.0,2.0219746097974314,1.9192905943139151,29.483392843088875,30.264061124026075,0.0
8.993,0.637300440539805,-0.12409524469716768,0.8088089323269194,0.0,2.024050034160413,1.9508806201212763,30.28223775501536,30.264061124026075,0.0
8.994,0.6508321795805422,-0.12874004612794415,0.4092047100537848,0.0,2.029653545383601,1.9299034549593754,29.490602721609,30.264061124026075,0.0
8.995000000000001,0.6458861986163488,-0.12196846386108445,0.8127568107811346,0.0,2.031807666904619,1.9606505060351915,30.25617264342881,30.264061124026075,0.0
8.996,0.6588860825233679,-0.12667481394467284,0.43005073467720356,0.0,2.0374064957129794,1.9409256277374087,29.51460889601923,30.264061124026075,0.0
8.997,0.6546601750577431,-0.11976877559393265,0.8083271306620615,0.0,2.039666226091308,1.9697654331299033,30.209583964120135,30.264061124026075,0.0
8.998,0.6666945495677381,-0.12444888978958518,0.461384368210668,0.0,2.045167836916083,1.9526347229207226,29.56180801875863,30.264061124026075,0.0
8.999,0.6637640300033345,-0.11762968290840053,0.7922948719440954,0.0,2.0476093017385746,1.9780795287473125,30.133418165987322,30.264061124026075,0.0
9.0,0.6742699327496781,-0.12203446569352575,0.5077962279101365,0.0,2.052903818836652,1.9654350900946818,29.624664617694993,30.264061124026075,0.0
9.001,0.6734162723866277,-0.11563496342580329,0.7685669671196119,0.0,2.0556564472823577,1.9863132764379023,30.040019722031353,30.264061124026075,0.0
9.002,0.6820144841079632,-0.11967682238748428,0.5631298289713792,0.0,2.060730231026277,1.9792187745099932,29.72158787503331,30.264061124026075,0.0
9.003,0.6836643616895995,-0.11385668545473485,0.7277704849603277,0.0,2.063906552550795,1.9934104402727677,29.908315783834027,30.264061124026075,0.0
9.004,0.6893713457523167,-0.11718012828442922,0.6379639839618902,0.0,2.068608188579732,1.9943641804709165,29.92344573551617,30.264061124026075,0.0
9.005,0.6944210243363325,-0.1124554865776117,0.633805162005917,0.0,2.072382090009543,1.9956349100433566,29.597225455507903,30.264061124026075,0.0
9.006,0.6949256846046491,-0.1129297102155824,0.8035836586952328,0.0,2.076005085270863,2.0158681638132436,30.2001502519597,30.264061124026075,0.0
9.007,0.7069928787346068,-0.11343563389973982,0.5027603691899991,0.0,2.081340015751916,1.9983297001681926,29.430069429552166,30.264061124026075,0.0
9.008000000000001,0.7024257677822257,-0.10770168714407102,0.8961406973385044,0.0,2.083751813440394,2.029981699073202,30.133956490106375,30.264061124026075,0.0
9.009,0.7161416885670688,-0.11301688849100039,0.545498213400597,0.0,2.089729642866245,2.014650778946046,29.649233224328945,30.264061124026075,0.0
9.01,0.7150982733159045,-0.10614648802403659,0.794008125286283,0.0,2.092767701271959,2.0325451838064725,29.867476101279475,30.264061124026075,0.0
9.011000000000001,0.7220199131164112,-0.10962671452584755,0.6888525370384839,0.0,2.0977429232430125,2.034129925664746,29.980447284633986,30.264061124026075,0.0
9.012,0.7277134003438342,-0.1052875720073208,0.6352030837551497,0.0,2.101866989260733,2.030646764358596,29.4379126186454,30.264061124026075,0.0
9.013,0.7265831806568135,-0.10394785842010529,0.9147319018032498,0.0,2.1051263554766577,2.0593902493408045,30.179421379592153,30.264061124026075,0.0
9.014,0.7413752823319344,-0.10771171119756179,0.544823918774212,0.0,2.1113615545106033,2.040461722751576,29.567410546589958,30.264061124026075,0.0
9.015,0.7383537154470442,-0.10036103877724617,0.8577958410496707,0.0,2.114234168488222,2.0626558533793453,29.853870118201492,30.264061124026075,0.0
9.016,0.7469906563073209,-0.1044143144055214,0.7186679653021495,0.0,2.1195583011741688,2.0635037676236374,30.00804335677479,30.264061124026075,0.0
9.017,0.7528149420373451,-0.10023730168277917,0.6441415236880124,0.0,2.1239348078601656,2.0574383718703158,29.38698890193348,30.264061124026075,0.0
9.018,0.75082971185953,-0.0976898818897376,0.9634394733295935,0.0,2.127028678252224,2.0885618234145014,30.097039646113814,30.264061124026075,0.0
9.019,0.7659670315363785,-0.10271449334629484,0.61008431601855,0.0,2.133503688217647,2.0731353125766114,29.713099389870486,30.264061124026075,0.0
9.02,0.7653646155673708,-0.09566694747521737,0.8075640614817697,0.0,2.1369630699423547,2.085372916346478,29.596349234509837,30.264061124026075,0.0
9.021,0.7696421638373909,-0.09781037338030457,0.8726162580572564,0.0,2.1416065261798485,2.1014370876111057,30.144669764356006,30.264061124026075,0.0
9.022,0.780964167747849,-0.09783238869074484,0.5996499067308725,0.0,2.147373041345152,2.084479721813914,29.509650887690142,30.264061124026075,0.0
9.023,0.7772278008641207,-0.0907412225609423,0.9247034474271638,0.0,2.150086919986825,2.1088045174991423,29.757772365671126,30.264061124026075,0.0
9.024000000000001,0.7869907239172789,-0.09520521982607971,0.8057055960202214,0.0,2.1555238416933156,2.1135166372136034,30.10325294078934,30.264061124026075,0.0
9.025,0.7948596954089807,-0.09270439190973617,0.6345733902934824,0.0,2.160568552157155,2.099898715377841,29.400498280993048,30.264061124026075,0.0
9.026,0.7910188047832208,-0.08683841574686119,0.994586348621958,0.0,2.163126750292281,2.129960991929188,29.801883199661162,30.264061124026075,0.0
9.027000000000001,0.8039935767971482,-0.09263151412166776,0.7985156685315501,0.0,2.169131256851886,2.1306393224178932,30.060190735909853,30.264061124026075,0.0
9.028,0.8110560729378243,-0.08935718129524667,0.6714006042883672,0.0,2.174185038209748,2.119181193392509,29.3818084259437,30.264061124026075,0.0
9.029,0.8078705438814923,-0.08399060413112386,1.0194142862522675,0.0,2.177030048369495,2.149347944221513,29.770423877879757,30.264061124026075,0.0
9.03,0.8211829370920868,-0.08984645672616653,0.8300429327457017,0.0,2.183305042153264,2.1509753167345016,30.085153122844535,30.264061124026075,0.0
9.031,0.8286739530195291,-0.08701131248120159,0.6744673902751286,0.0,2.1887448494170583,2.1371569674179574,29.43678871424277,30.264061124026075,0.0
9.032,0.8248176727763958,-0.08048654009435985,1.006922318673844,0.0,2.191569467502715,2.16388933229403,29.642973430552043,30.264061124026075,0.0
9.033,0.8360528977910349,-0.08543974001880494,0.9100408374539475,0.0,2.1973949599829723,2.1729749727188445,30.111809907198637,30.264061124026075,0.0
9.034,0.8460997540439309,-0.08507494425204781,0.677145111298925,0.0,2.2034568077240966,2.1560920813466784,29.71123030978001,30.264061124026075,0.0
9.035,0.8413551508937734,-0.0789390882551575,0.8829632181506991,0.0,2.206552885351901,2.16709498781013,29.649594418728874,30.264061124026075,0.0
9.036,0.8424660259363499,-0.08360878027239366,0.9199258307292391,0.0,2.211014670545136,2.1791452754189575,30.366185186705874,30.264061124026075,0.0
9.037,0.8484320882301364,-0.0878805617267488,0.5606092061139414,0.0,2.216658505019736,2.149897099850865,30.074540772390534,30.264061124026075,0.0
9.038,0.8360785820701198,-0.0806545518062311,0.7083266167879664,0.0,2.217975559584267,2.145398753007877,29.78903426809111,30.264061124026075,0.0
9.039,0.827446220813615,-0.08101452239015366,0.8558301374970277,0.0,2.218822930871482,2.1570561841535123,30.46211455582262,30.264061124026075,0.0
9.040000000000001,0.8299020477561124,-0.0853964569075798,0.517309459313308,0.0,2.2212297212356185,2.128563834929767,30.235780355994255,30.264061124026075,0.0
9.041,0.817637914470154,-0.0786261513956894,0.6307593669078086,0.0,2.219758044689483,2.1203997092129216,29.896558623194256,30.264061124026075,0.0
9.042,0.8079826903066228,-0.0786628003648599,0.8040452583161262,0.0,2.2176888576680045,2.131771210717247,30.522896183980077,30.264061124026075,0.0
9.043000000000001,0.8104754554319835,-0.08368967736779953,0.48828812732367577,0.0,2.2175163294797375,2.1049617436403145,30.259294212943256,30.264061124026075,0.0
9.044,0.7996308380432007,-0.07811131363313722,0.6201367819529141,0.0,2.214016218621763,2.0996947293354076,29.978645555989395,30.264061124026075,0.0
9.045,0.7922666823712945,-0.0799295662906469,0.7633152661102115,0.0,2.2105952088487664,2.1097371630362263,30.62287594058786,30.264061124026075,0.0
9.046,0.7956264798804672,-0.08488910885112921,0.437611925645361,0.0,2.20904791057823,2.08073088081423,30.17958211139476,30.264061124026075,0.0
9.047,0.783968692912546,-0.07959453960896379,0.6601036303682235,0.0,2.2041227158703047,2.0835175724531054,30.106919899481877,30.264061124026075,0.0
9.048,0.7803859562293409,-0.08415542634926615,0.6980061485701078,0.0,2.2005233530309143,2.087754958577753,30.693950189887925,30.264061124026075,0.0
9.049,0.7832705834004439,-0.08697288925505797,0.4001921127084652,0.0,2.197971977140162,2.057716964323544,30.042360130205985,30.264061124026075,0.0
9.05,0.7700393824603324,-0.08272060708784396,0.7282041524876361,0.0,2.192176013745612,2.0709713750151293,30.36631336955994,30.264061124026075,0.0
9.051,0.7716479053637098,-0.08968398055636628,0.56520501035532,0.0,2.1890935816628865,2.060801472736981,30.454781974507352,30.264061124026075,0.0
9.052,0.7698354840588915,-0.0885035504282764,0.5190634993768013,0.0,2.185102921511842,2.048110194264625,30.019161871062895,30.264061124026075,0.0
9.053,0.7621740278304533,-0.0901222330315336,0.7393225436286615,0.0,2.1804320589163066,2.0618035235739716,30.673497348685878,30.264061124026075,0.0
9.054,0.7673183194934835,-0.09633946766896251,0.40806044257057206,0.0,2.178265324495344,2.0343765254887027,30.154060618146517,30.264061124026075,0.0
9.055,0.7570234725294428,-0.09213450088426783,0.6688788128990483,0.0,2.1730478450152595,2.0426620715992523,30.357875633449254,30.264061124026075,0.0
9.056000000000001,0.7566574055557151,-0.0984527395037923,0.5660331601534477,0.0,2.169917724010233,2.0356134285429075,30.520993842393086,30.264061124026075,0.0
9.057,0.7557518938935719,-0.09751173459714563,0.4819047284978617,0.0,2.1662290578741485,2.020826912350135,30.06135685632004,30.264061124026075,0.0
9.058,0.747145404832251,-0.09879404924697938,0.7137502642114455,0.0,2.1615810713929435,2.0344321330882047,30.741820959956193,30.264061124026075,0.0
9.059000000000001,0.752112886452386,-0.10434224438665768,0.3687406140340671,0.0,2.159355883952532,2.0053100283588714,30.111901111511614,30.264061124026075,0.0
9.06,0.7404453338389362,-0.10016415792087624,0.6852221383815015,0.0,2.153925933320596,2.0184737851421026,30.548584460152753,30.264061124026075,0.0
9.061,0.7423961632729448,-0.10699448512639553,0.464035230699665,0.0,2.1511484702874415,2.001951529331466,30.30954300678598,30.264061124026075,0.0
9.062,0.7371936060518598,-0.10432455331113422,0.5831011385554528,0.0,2.146634532204804,2.002704661328191,30.327018424911746,30.264061124026075,0.0
9.063,0.7345337444824677,-0.10950264928870429,0.573733856483713,0.0,2.1432435910057888,2.0009505854109535,30.584449701756398,30.264061124026075,0.0
9.064,0.7351927727179874,-0.1097750589441025,0.4418143322840835,0.0,2.13999452043727,1.9845162564026952,30.11754656373003,30.264061124026075,0.0
9.065,0.7262772471737251,-0.11074268246225899,0.6767310469002277,0.0,2.1355306385152195,1.9975477851804067,30.794816497119328,30.264061124026075,0.0
9.066,0.7310264919689605,-0.11541271502698974,0.3327885264746465,0.0,2.133320325010085,1.9680353563122481,30.100858762055367,30.264061124026075,0.0
9.067,0.7183997998871836,-0.11179241329375017,0.681399417626334,0.0,2.1279348664523443,1.984476190788282,30.73718743254396,30.264061124026075,0.0
9.068,0.7222674064044062,-0.11829676136244638,0.3585038192968595,0.0,2.125483718502869,1.9591780675954662,30.169143615063653,30.264061124026075,0.0
9.069,0.7124501407759153,-0.11462648113969043,0.6434749031266362,0.0,2.120279098723871,1.9718589924158612,30.667089345062184,30.264061124026075,0.0
9.07,0.7148724085001876,-0.12111288878255205,0.3904717559170098,0.0,2.117613241047753,1.9517066836390051,30.220997874959625,30.264061124026075,0.0
9.071,0.7074121821886615,-0.11818290622378053,0.6139481234589537,0.0,2.112811576103669,1.9612602994454442,30.65224684277058,30.264061124026075,0.0
9.072000000000001,0.7088555131881714,-0.12439002434863039,0.3944417823660311,0.0,2.1101575220539575,1.9427645573081285,30.24073475904409,30.264061124026075,0.0
9.073,0.7019152788530556,-0.12159393520039657,0.6004310878790954,0.0,2.1055496582079325,1.9514847300837963,30.67209209078438,30.264061124026075,0.0
9.074,0.7030577098383416,-0.12761322671397607,0.3806721123413689,0.0,2.102964680982052,1.9324436490812829,30.235989831129817,30.264061124026075,0.0
9.075000000000001,0.6956312039423507,-0.12469619271854815,0.599003955097612,0.0,2.0983530267238764,1.942090610873409,30.71205798227845,30.264061124026075,0.0
9.076,0.6971892179154244,-0.13061396125149904,0.35648991094077265,0.0,2.095847358949308,1.9212062011796907,30.21362445114499,30.264061124026075,0.0
9.077,0.6887240436196151,-0.12758830752519978,0.6062110432363124,0.0,2.091111817387604,1.9330008799842353,30.75795652393407,30.264061124026075,0.0
9.078,0.6912997586407835,-0.13343106418642603,0.329106052842693,0.0,2.0887022576325216,1.9097957960906147,30.188533693238902,30.264061124026075,0.0
9.079,0.6816273007966818,-0.13045313162530048,0.6145727424981484,0.0,2.0838271453152495,1.9239323778899482,30.79538613196611,30.264061124026075,0.0
9.08,0.6853717596751394,-0.13612744840876345,0.3058332730551434,0.0,2.0815071565814307,1.8988431666872643,30.17579323433726,30.264061124026075,0.0
9.081,0.674704117193826,-0.13338443016251167,0.6165124007664576,0.0,2.0765517704258025,1.9145038617358705,30.81439009864773,30.264061124026075,0.0
9.082,0.6792877556139554,-0.13872136945359348,0.2917106788650051,0.0,2.074272485895079,1.8886570913267526,30.176974654672044,30.264061124026075,0.0
9.083,0.6680988697021251,-0.1363988417838904,0.611289265546389,0.0,2.0693276053399376,1.9048453450939438,30.81903604557003,30.264061124026075,0.0
9.084,0.6731368767233141,-0.14127680773936369,0.28470882088195637,0.0,2.06705583974883,1.8791345810175508,30.192714055504386,30.264061124026075,0.0
9.085,0.6617753285587322,-0.13949142299798367,0.5985832865999956,0.0,2.0621950023280857,1.894859862833631,30.805564363645843,30.264061124026075,0.0
9.086,0.6668572113829664,-0.14374414184614254,0.28674310013306936,0.0,2.0598784297517367,1.8704127449651748,30.23927742505981,30.264061124026075,0.0
9.087,0.6557983065706063,-0.14263065035169076,0.5701344064157479,0.0,2.055183791393305,1.8837374255392954,30.76637623341004,30.264061124026075,0.0
9.088000000000001,0.6600574159425275,-0.14591584141965047,0.3015618511467941,0.0,2.052663590860549,1.8623041889987149,30.303868506640562,30.264061124026075,0.0
9.089,0.649930689161025,-0.14574396909722365,0.5324176407053878,0.0,2.048200328860864,1.8719986495027352,30.69925585050858,30.264061124026075,0.0
9.09,0.6529545751727635,-0.14787291082335619,0.33037202150655287,0.0,2.045388741424648,1.8553098670198211,30.39260167822388,30.264061124026075,0.0
9.091,0.6444806018797218,-0.1490388100487029,0.4824137021069259,0.0,2.0412963939812885,1.8597162210219578,30.573835370051146,30.264061124026075,0.0
9.092,0.6456626616416019,-0.14974248410385943,0.388699113733042,0.0,2.0381196618362933,1.8512289170456777,30.562117063945376,30.264061124026075,0.0
9.093,0.6404000856505312,-0.15293978886308623,0.39157770738673403,0.0,2.034756539291133,1.845117165394807,30.36275229800094,30.264061124026075,0.0
9.094,0.6372870951284395,-0.15171849682790667,0.4902731786192025,0.0,2.0309522386639385,1.850397795751061,30.838994705179598,30.264061124026075,0.0
9.095,0.6381210723507511,-0.1564704732989654,0.24640263921833916,0.0,2.0285913614672584,1.8268343515628767,30.25475028989158,30.264061124026075,0.0
9.096,0.627025755875325,-0.15360163062683305,0.5386179552036936,0.0,2.023747135112782,1.8412023788107594,30.783736025510603,30.264061124026075,0.0
9.097,0.6313246908714929,-0.15721716974183475,0.2689283383793364,0.0,2.021250531847913,1.8204773336735403,30.375122416085585,30.264061124026075,0.0
9.098,0.6214995396148248,-0.15722573201724357,0.4721245301712502,0.0,2.0168958708549547,1.8277473659771062,30.58539682820389,30.264061124026075,0.0
9.099,0.6235237658055535,-0.1583645989853587,0.36377396707031917,0.0,2.013828868935387,1.819583488698451,30.611009706239084,30.264061124026075,0.0
9.1,0.618712246007523,-0.16160616618000734,0.3474980422305922,0.0,2.01059736320164,1.8117719622940343,30.328402310252375,30.264061124026075,0.0
9.101,0.6146182605076655,-0.160273433712448,0.4881583283616836,0.0,2.0067288391574487,1.8204560518865065,30.851523911615,30.264061124026075,0.0
9.102,0.6173729245981252,-0.16464617429291456,0.2207228998044818,0.0,2.004609905265451,1.7967164272077605,30.337278448076457,30.264061124026075,0.0
9.103,0.6059888652525597,-0.16291319176954794,0.4771134583332496,0.0,2.000094546811403,1.807295980500341,30.638995211014,30.264061124026075,0.0
9.104000000000001,0.6088602755611804,-0.16462522067737348,0.32250573599459964,0.0,1.9972943325371117,1.7963655918483163,30.588682357586258,30.264061124026075,0.0
9.105,0.6029514337659103,-0.16717081971950054,0.3444159503728682,0.0,1.9939439964306047,1.790883108139628,30.33447588095398,30.264061124026075,0.0
9.106,0.5996010865691535,-0.16614208559739174,0.4708150411197275,0.0,1.990241828820024,1.7996080868032185,30.851836822775404,30.264061124026075,0.0
9.107,0.6026491703211587,-0.17042281126846387,0.2062568132215229,0.0,1.9882635430019007,1.7763561621784336,30.383083504042094,30.264061124026075,0.0
9.108,0.5913981350488486,-0.1689702578246059,0.43944324878801744,0.0,1.9839553051675758,1.7847957863430854,30.55806221616188,30.264061124026075,0.0
9.109,0.5932978190348338,-0.16993636234330423,0.34901388180676696,0.0,1.9810426505646441,1.7793600539930552,30.724962260959675,30.264061124026075,0.0
9.11,0.5898404761822488,-0.17339599294897082,0.2609548480385331,0.0,1.9782485865084392,1.7657937339266865,30.317651371909445,30.264061124026075,0.0
9.111,0.5827213427056875,-0.17141460873933348,0.4640743900848142,0.0,1.9741247482821005,1.777276910678002,30.747895136122395,30.264061124026075,0.0
9.112,0.586742147709888,-0.1744064693361032,0.2441141678573761,0.0,1.971910530061268,1.7604590861808442,30.541428364047935,30.264061124026075,0.0
9.113,0.5783313434219873,-0.17541648651636438,0.3445738814943876,0.0,1.968317134496665,1.7593171895553759,30.34290384388663,30.264061124026075,0.0
9.114,0.5762538121798009,-0.17482330497322315,0.44304771437643375,0.0,1.9648935386844273,1.7679020879104101,30.847766027982473,30.264061124026075,0.0
9.115,0.5796098429003663,-0.1790494808319502,0.18477957328894878,0.0,1.9631416034488083,1.74550196430859,30.44411843070119,30.264061124026075,0.0
9.116,0.5686774046559862,-0.17787551639838697,0.3848027988628384,0.0,1.9591534515302884,1.7509880242814795,30.45051728564355,30.264061124026075,0.0
9.117,0.5691044294176727,-0.17806518641186517,0.3797388097754848,0.0,1.9561453241467286,1.752813094903651,30.857945050695005,30.264061124026075,0.0
9.118,0.5692612800360459,-0.1819511223410386,0.17008608798306785,0.0,1.9540460728158169,1.7311307028985534,30.374252656660104,30.264061124026075,0.0
9.119,0.5582813976286871,-0.1796000681450255,0.4108303696741777,0.0,1.9496910320966327,1.7411943787358133,30.52260792798406,30.264061124026075,0.0
9.120000000000001,0.5608555934356353,-0.18086759513594527,0.3340672659726209,0.0,1.9469408015440552,1.7385718383305098,30.791679133864374,30.264061124026075,0.0
9.121,0.5592024810173366,-0.1845283988289482,0.19425548293408001,0.0,1.9445933531425248,1.7215324481373357,30.353616513812945,30.264061124026075,0.0
9.122,0.5503585162153887,-0.1824604455584058,0.412391239061926,0.0,1.9405126276651412,1.732311608131806,30.561136666828787,30.264061124026075,0.0
9.123,0.5538090559493394,-0.18425667517472769,0.30566040712597764,0.0,1.9381361555254435,1.7272150314861041,30.762409535627647,30.264061124026075,0.0
9.124,0.5510843487626158,-0.18750078610500806,0.20004048861053197,0.0,1.9358265628413127,1.7121738057615423,30.353355265561277,30.264061124026075,0.0
9.125,0.5429298339420067,-0.18553606520395166,0.4036746822283651,0.0,1.9319952464447212,1.7227314533825402,30.56269974401831,30.264061124026075,0.0
9.126,0.5464063596970822,-0.1873139193367866,0.29601605679992593,0.0,1.9298180376135097,1.7175074508872075,30.771494313499378,30.264061124026075,0.0
9.127,0.5436126683433489,-0.19036543456739785,0.186544440164659,0.0,1.9276540375499254,1.7019649074891534,30.368672565557226,30.264061124026075,0.0
9.128,0.5350580668313635,-0.1882894458720617,0.3869091997204235,0.0,1.9238933092441006,1.711808127394814,30.52312077372763,30.264061124026075,0.0
9.129,0.5380451141206701,-0.18972921462202938,0.30709449913820597,0.0,1.921672110208875,1.709093566602781,30.80413087772072,30.264061124026075,0.0
9.13,0.5364813465251116,-0.19295972598240277,0.16118874960471458,0.0,1.9197425335601095,1.6913787414519714,30.400177873064177,30.264061124026075,0.0
9.131,0.5269762475934865,-0.1907973161766656,0.36180408444260515,0.0,1.9159642618689041,1.699799108685392,30.453157853571547,30.264061124026075,0.0
9.132,0.5289613127150805,-0.19171649035625937,0.33342312689346537,0.0,1.9135285873279748,1.7015581451948747,30.82639792961706,30.264061124026075,0.0
9.133000000000001,0.5296613963890471,-0.19521150884861438,0.14117972081479946,0.0,1.9118876441844497,1.681977586953233,30.454929900773077,30.264061124026075,0.0
9.134,0.5195158969871945,-0.19343821341425685,0.3250050474693202,0.0,1.9082227268484104,1.6874572159851313,30.386666672540013,30.264061124026075,0.0
9.135,0.5197893772043716,-0.1936817605520875,0.357910606100713,0.0,1.9055167872886691,1.6936722107452349,30.78691821385343,30.264061124026075,0.0
9.136000000000001,0.5227153031421025,-0.19699951453159814,0.15255626454573135,0.0,1.9040654586272807,1.6757579618650147,30.555600604003562,30.264061124026075,0.0
9.137,0.5136170115986902,-0.19648621340664896,0.2652996746708901,0.0,1.9008781972804694,1.6749753948651465,30.332172697189222,30.264061124026075,0.0
9.138,0.5108636078851301,-0.19583889416950534,0.37633251234642867,0.0,1.8978653332635158,1.6852504279666993,30.65592982312577,30.264061124026075,0.0
9.139,0.5154432573486716,-0.19863344716476045,0.2105352623871573,0.0,1.8964951329802628,1.6743173500060013,30.696890487656454,30.264061124026075,0.0
9.14,0.5101050276367347,-0.20012605945953574,0.18572663648551202,0.0,1.894304886751738,1.6639025852264082,30.379616262841672,30.264061124026075,0.0
9.141,0.503220183982775,-0.19847051652367872,0.3432081975047466,0.0,1.891095152822214,1.6725852807778696,30.469462360780746,30.264061124026075,0.0
9.142,0.5059844588913478,-0.1996929832267214,0.2962311361676632,0.0,1.889225688607482,1.6729635223474792,30.784330479342092,30.264061124026075,0.0
9.143,0.5061609423360487,-0.2026634106428917,0.13359438333382995,0.0,1.887895517319933,1.655704950710473,30.501556035009795,30.264061124026075,0.0
9.144,0.49692630890179335,-0.20102944430817654,0.2726066563901412,0.0,1.8847630654264578,1.6579745111851594,30.39034440858839,30.264061124026075,0.0
9.145,0.49557355243056883,-0.20070999475201068,0.32694963675522026,0.0,1.8821520149819668,1.6643479324101171,30.661816840386933,30.264061124026075,0.0
9.146,0.49843635804167336,-0.20283114036762306,0.18723586369234024,0.0,1.8806759322177005,1.6535825254456291,30.66402090827798,30.264061124026075,0.0
9.147,0.4927437472691719,-0.20374269738278972,0.182134231904298,0.0,1.8783499768489236,1.645236824376193,30.39677827377116,30.264061124026075,0.0
9.148,0.48672704741055883,-0.20243905933257308,0.3144283776602562,0.0,1.8752695311544063,1.6527013811045823,30.425215434369722,30.264061124026075,0.0
9.149000000000001,0.48905954724346296,-0.20357871346322942,0.29859825425753944,0.0,1.873381984037053,1.6557304405786155,30.741423185874837,30.264061124026075,0.0
9.15,0.4907930541713688,-0.20637365741031294,0.13572075788649457,0.0,1.8722821448717115,1.640342255262983,30.565452169646175,30.264061124026075,0.0
9.151,0.4827740436931844,-0.2054211055331457,0.22069235554462435,0.0,1.8696207409453813,1.6382579814903624,30.378513946716275,30.264061124026075,0.0
9.152000000000001,0.4792509573960231,-0.20471331230373757,0.3130169387826723,0.0,1.8669487182979598,1.6457293322698814,30.47000546203725,30.264061124026075,0.0
9.153,0.48226602369937505,-0.2061900858448915,0.2652117377420732,0.0,1.8654605560150528,1.6456376396035197,30.70577055129147,30.264061124026075,0.0
9.154,0.4822747958157448,-0.20879786099964548,0.14291209884230976,0.0,1.8643841282254106,1.632460577437167,30.53496549453228,30.264061124026075,0.0
9.155,0.4751673151697221,-0.20746677382109413,0.22560558351684223,0.0,1.86192513965691,1.6315947690039099,30.4244488070796,30.264061124026075,0.0
9.156,0.47238991696522026,-0.20709406020806911,0.279260050412647,0.0,1.8595977814762872,1.6358791380649556,30.44236675665503,30.264061124026075,0.0
9.157,0.47379507452362357,-0.2081850565810867,0.2685180192986423,0.0,1.8580553327569929,1.6376018249968665,30.642221483603908,30.264061124026075,0.0
9.158,0.4744073543168164,-0.2105606042127076,0.1648090522284248,0.0,1.8570897978785672,1.6276441330954057,30.55576425864247,30.264061124026075,0.0
9.159,0.46914988720234896,-0.20977360531711847,0.20512063336298042,0.0,1.8551147219430073,1.6246414646722753,30.50647726117947,30.264061124026075,0.0
9.16,0.46576747304841554,-0.20912871531128208,0.22733997072294632,0.0,1.852973818847004,1.6241020576819403,30.507328329664457,30.264061124026075,0.0
9.161,0.46403941412168387,-0.2096955986417979,0.2244817644240688,0.0,1.8510618714279823,1.6230221673549632,30.519268133162917,30.264061124026075,0.0
9.162,0.46281561315943354,-0.21013100791015954,0.2159597925834701,0.0,1.84927535590438,1.6210675739958855,30.530677618218338,30.264061124026075,0.0
9.163,0.4611371655722738,-0.21057990504539037,0.20758888511383733,0.0,1.8475170571894217,1.6184665995420673,30.517781341163918,30.264061124026075,0.0
9.164,0.45900580513662076,-0.21078741691651992,0.21149982146966884,0.0,1.845692828235049,1.6166814699080216,30.505859282522497,30.264061124026075,0.0
9.165000000000001,0.4571543076213406,-0.21106631835296455,0.21504286920541504,0.0,1.8439011132520078,1.615425407351642,30.495626541739586,30.264061124026075,0.0
9.166,0.4555593408251487,-0.21166572039904297,0.2178435854197353,0.0,1.842226108722336,1.6145453592312424,30.467185073173138,30.264061124026075,0.0
9.167,0.45445968821027316,-0.21201351628628554,0.230033080211489,0.0,1.8406628633607283,1.61500366485454,30.330399006652573,30.264061124026075,0.0
9.168000000000001,0.4535616148032042,-0.21365745526687568,0.297762734645506,0.0,1.8394791284266023,1.6226759739677994,30.518135746140032,30.264061124026075,0.0
9.169,0.45743166142558334,-0.21532056596186172,0.20135361868063695,0.0,1.8393475006838578,1.6177456935133123,30.65752998846124,30.264061124026075,0.0
9.17,0.45539049385320857,-0.2157221298651324,0.1277218088756823,0.0,1.838763548592349,1.6064230993102886,30.54366736420942,30.264061124026075,0.0
9.171,0.4482894844665538,-0.21387915095626003,0.18185705859975848,0.0,1.8368989889706797,1.6036262642429218,30.38777551609229,30.264061124026075,0.0
9.172,0.44439758983973604,-0.2126200222437351,0.2585658387376608,0.0,1.8348211274351527,1.609176368353138,30.37042275590847,30.264061124026075,0.0
9.173,0.4461518932878015,-0.21316747468286829,0.2661786025107462,0.0,1.8335788735196294,1.6138020997868838,30.65159098161374,30.264061124026075,0.0
9.174,0.4486168400239344,-0.2152127879893816,0.12171919108223517,0.0,1.8331429280783578,1.6016207686843424,30.633155894789624,30.264061124026075,0.0
9.175,0.44225981017348903,-0.21451132229016964,0.1272457867866577,0.0,1.8314348297109817,1.5933904185406096,30.391652458643684,30.264061124026075,0.0
9.176,0.43596472215404736,-0.2122007294032107,0.24672159151345185,0.0,1.8288273556053958,1.5995282555210495,30.33029409095065,30.264061124026075,0.0
9.177,0.4372834342358625,-0.21254512872229228,0.276738445690722,0.0,1.8271554024623813,1.6066906480959247,30.546689773870625,30.264061124026075,0.0
9.178,0.4413009194476461,-0.21458416065330316,0.16571431773228984,0.0,1.826587733410375,1.600028047229332,30.646859103378727,30.264061124026075,0.0
9.179,0.43820843420766953,-0.21536545497681256,0.11180167318471235,0.0,1.8254761232331878,1.589535138152065,30.415869835860427,30.264061124026075,0.0
9.18,0.43155394348100484,-0.21342876825824972,0.22577821982551888,0.0,1.8232055346837142,1.5937579746683035,30.286947997536267,30.264061124026075,0.0
9.181000000000001,0.43181838914945936,-0.2131659714908047,0.29001027025249715,0.0,1.821574747863579,1.603161594827733,30.46346491128935,30.264061124026075,0.0
9.182,0.4367163502870062,-0.21520290310342433,0.19975777550332274,0.0,1.8212740921864636,1.600355548094083,30.67209120510886,30.264061124026075,0.0
9.183,0.4358878929468556,-0.2166816164942174,0.09136432778273995,0.0,1.820865186560555,1.5869193960831043,30.4547981808633,30.264061124026075,0.0
9.184000000000001,0.42819255765124686,-0.21455521888043727,0.19810346933714773,0.0,1.8189048654247157,1.5884494110679404,30.240520200609588,30.264061124026075,0.0
9.185,0.4266665722124892,-0.21348644672324443,0.3054778686981686,0.0,1.8171972769397908,1.6004650900001833,30.384363993606893,30.264061124026075,0.0
9.186,0.4324569507090518,-0.21544265329818615,0.2323529435037076,0.0,1.817087885641398,1.6013387549366997,30.686779964157274,30.264061124026075,0.0
9.187,0.43383423858955217,-0.2175500029728106,0.076917769827205,0.0,1.8172890463649554,1.5856538965153646,30.5119763264729,30.264061124026075,0.0
9.188,0.42542787150060474,-0.2154272974992029,0.16184043664492348,0.0,1.8156470340751802,1.583391958353822,30.229101808235843,30.264061124026075,0.0
9.189,0.4216679720668288,-0.21339486125610013,0.30362728892135493,0.0,1.8137406882662237,1.5962688651285126,30.308194671212764,30.264061124026075,0.0
9.19,0.42726485415458715,-0.21496589794465162,0.2636395219610274,0.0,1.813505806113803,1.6011976677324469,30.64527085814673,30.264061124026075,0.0
9.191,0.430911154105688,-0.21740133791896682,0.09128933115283755,0.0,1.8140394804673068,1.5867063343677041,30.56766494005113,30.264061124026075,0.0
9.192,0.4236368653470662,-0.21598414503185928,0.12705625204038679,0.0,1.8128904084316608,1.5802119997434576,30.257161874766464,30.264061124026075,0.0
9.193,0.41789537052162506,-0.21339770506924005,0.2823767771753165,0.0,1.810936473670139,1.5915386014772512,30.22197785225364,30.264061124026075,0.0
9.194,0.4221585883600498,-0.21412817968554676,0.3003896211494522,0.0,1.810416809165568,1.6014389882368378,30.558439166166604,30.264061124026075,0.0
9.195,0.428123944477636,-0.21702174565114926,0.12921518377156543,0.0,1.8112501372974652,1.5906744963241484,30.64535266123233,30.264061124026075,0.0
9.196,0.42338071817484824,-0.21677107305188256,0.08194552086663975,0.0,1.8108671737793296,1.578163276324638,30.310809958133728,30.264061124026075,0.0
9.197000000000001,0.41524376382493106,-0.21327921428173163,0.2487493840748644,0.0,1.808889786874332,1.5865336362706817,30.137506101608828,30.264061124026075,0.0
9.198,0.4171530233732144,-0.2129907264454246,0.3366668625614867,0.0,1.8079503595801465,1.6015807174392571,30.460630625300993,30.264061124026075,0.0
9.199,0.4252023709297207,-0.21631359135412634,0.17313890570265494,0.0,1.8089779831505572,1.5952955620864864,30.708522693851304,30.264061124026075,0.0
9.200000000000001,0.423532951731293,-0.2170205139767015,0.0447482557292474,0.0,1.8093188616680456,1.5775181222849386,30.367306261861483,30.264061124026075,0.0
9.201,0.41343829678682914,-0.21299280573177592,0.21432402034580378,0.0,1.807397791220464,1.5825834727747572,30.095568891411837,30.264061124026075,0.0
9.202,0.4129135885200487,-0.2118133962197167,0.35187762789676913,0.0,1.8060859049027442,1.6003420917151774,30.35790387521359,30.264061124026075,0.0
9.203,0.42188765167414766,-0.21486806261819527,0.21977170848401706,0.0,1.807028876509792,1.5992940788892525,30.70057383594134,30.264061124026075,0.0
9.204,0.4233267290136178,-0.21648598170572111,0.04407160100098906,0.0,1.8079201741091846,1.5803706540018179,30.436898982998105,30.264061124026075,0.0
9.205,0.41327516982970924,-0.21310067215737993,0.17418064888288676,0.0,1.806441436218703,1.580617759988531,30.08543689764779,30.264061124026075,0.0
9.206,0.4102469616189231,-0.21096018370038228,0.351697933821828,0.0,1.8049336820811537,1.5991506797633355,30.264839181269046,30.264061124026075,0.0
9.207,0.4190178346416247,-0.21339470953461115,0.2619890114387695,0.0,1.8057191980611749,1.6030412997207741,30.643361262010757,30.264061124026075,0.0
9.208,0.4231311520603073,-0.21554708652392132,0.06893496968806745,0.0,1.8070276406494203,1.5859177977258967,30.5092521434837,30.264061124026075,0.0
9.209,0.4145696818573012,-0.21319946119767777,0.13353761875701975,0.0,1.8062131262235732,1.5806572169009403,30.13527059461773,30.264061124026075,0.0
9.21,0.4090979020637829,-0.21017029003843163,0.3218162984840882,0.0,1.8046442725835605,1.5964221520704402,30.15071763473475,30.264061124026075,0.0
9.211,0.4158310760181178,-0.2112620695206812,0.3152262133184911,0.0,1.8049591852791393,1.6070506452605902,30.54515443657556,30.264061124026075,0.0
9.212,0.42277820476088934,-0.21440931919246836,0.11519687927259059,0.0,1.8066407356932495,1.5940136020857287,30.594804550262094,30.264061124026075,0.0
9.213000000000001,0.4171253556119434,-0.21345036943853116,0.08706438816696438,0.0,1.8067134697788112,1.5820454222824156,30.19215330126601,30.264061124026075,0.0
9.214,0.40915348682722047,-0.2092138711467998,0.2891090908926065,0.0,1.805125687160934,1.594607953153698,30.046816222188475,30.264061124026075,0.0
9.215,0.41337893816838034,-0.2091249783633928,0.3639500794497501,0.0,1.8049855226687157,1.6114229960547184,30.46916176683639,30.264061124026075,0.0
9.216000000000001,0.4227560681310273,-0.2131114190319067,0.15072630069768983,0.0,1.8069802763171916,1.6013502628856373,30.667422814375616,30.264061124026075,0.0
9.217,0.4194797832103578,-0.21295805019391384,0.04756216002458122,0.0,1.8077115463050475,1.5837226233526904,30.225099201949895,30.264061124026075,0.0
9.218,0.4092862487302188,-0.2077809610637429,0.2691135854582034,0.0,1.8060389792248843,1.594421698919862,29.991020597916812,30.264061124026075,0.0
9.219,0.4117683100721215,-0.2069801554456007,0.3888832927358377,0.0,1.8055672586827596,1.6144678016760927,30.402716863870644,30.264061124026075,0.0
9.22,0.42244678964348054,-0.21110610435530383,0.18164860236047586,0.0,1.8076091829067211,1.6073187969489926,30.670176510581964,30.264061124026075,0.0
9.221,0.4211610409083384,-0.21157708833719194,0.04385762513925712,0.0,1.8087425629844862,1.5882524416829962,30.241313009066317,30.264061124026075,0.0
9.222,0.4106941902243233,-0.20656415516191734,0.25851685704667793,0.0,1.807299837038776,1.597334981321295,29.95854933201936,30.264061124026075,0.0
9.223,0.41226106992367606,-0.20534044613736724,0.4029538134902242,0.0,1.8068251589905193,1.61882944201714,30.362592554935038,30.264061124026075,0.0
9.224,0.42349442545521276,-0.20936928692265172,0.19994688772329527,0.0,1.8090028043932995,1.6131318571283013,30.66298865318806,30.264061124026075,0.0
9.225,0.42314670881841904,-0.21005638822679687,0.04575956330516495,0.0,1.810428219502521,1.5934418412256623,30.237565096586426,30.264061124026075,0.0
9.226,0.4125678347745324,-0.20507663815555383,0.2587363018803778,0.0,1.809187447989678,1.6019928818901237,29.929249544930826,30.264061124026075,0.0
9.227,0.4138502932704072,-0.20360255974396924,0.41624219349913016,0.0,1.8088135065700035,1.6245137628541804,30.348808440379223,30.264061124026075,0.0
9.228,0.4255254708843021,-0.20766606511002098,0.20561527261140033,0.0,1.8111907737630832,1.6187296964134559,30.660533200805705,30.264061124026075,0.0
9.229000000000001,0.42525407955986444,-0.20831614720384217,0.04578817163036275,0.0,1.812782781569443,1.5984336562589025,30.208706505812042,30.264061124026075,0.0
9.23,0.4144326890033208,-0.20306274131202737,0.27225506530933463,0.0,1.8116016091106741,1.6080236892629132,29.89808132121271,30.264061124026075,0.0
9.231,0.4162295331253912,-0.20157263593091823,0.43122745563713394,0.0,1.8113861796651782,1.6314530289609208,30.360198813121016,30.264061124026075,0.0
9.232,0.42843534260917593,-0.20594305379771416,0.19920733279203187,0.0,1.8140308741531916,1.6240812837263432,30.66211239399233,30.264061124026075,0.0
9.233,0.42746979165825183,-0.20636531094309005,0.04427002965671206,0.0,1.8156766687762695,1.6032165490470303,30.153637513480394,30.264061124026075,0.0
9.234,0.4163252135757154,-0.20054225871555675,0.29961170601813725,0.0,1.814426652152626,1.615456072808636,29.86058274386561,30.264061124026075,0.0
9.235,0.4194596862366522,-0.19929603272089372,0.45017387462713393,0.0,1.8144467352303708,1.6398988265415637,30.390774925986335,30.264061124026075,0.0
9.236,0.4323591194369806,-0.204369651280331,0.18381064554716878,0.0,1.8174796456751166,1.6297061433986602,30.65852047219555,30.264061124026075,0.0
9.237,0.4301434926163745,-0.2043579511151409,0.04599327896086591,0.0,1.8191379735573339,1.6087124548630982,30.083398571679428,30.264061124026075,0.0
9.238,0.41881770576630445,-0.19780731061462276,0.33536085474239397,0.0,1.8178106463443668,1.6244162552564465,29.8640161977566,30.264061124026075,0.0
9.239,0.4237435159559653,-0.1969470935551475,0.4490524909665019,0.0,1.8181573144204957,1.6473742501266366,30.42570776242092,30.264061124026075,0.0
9.24,0.4361700929064952,-0.20229595893792676,0.1665902422503942,0.0,1.8213620925387297,1.6345456832337462,30.560558098728528,30.264061124026075,0.0
9.241,0.43243817727169553,-0.2017608658556859,0.0962001043495658,0.0,1.822851187262978,1.6189369346493712,30.004171809533105,30.264061124026075,0.0
9.242,0.42360842769748824,-0.19578506047929115,0.376992142092207,0.0,1.8219785099957821,1.6375629492233723,29.984738365244905,30.264061124026075,0.0
9.243,0.43083747201453015,-0.1956675683823524,0.3895020918241188,0.0,1.8231025358358075,1.6519237763357206,30.52145126475224,30.264061124026075,0.0
9.244,0.4395446155394688,-0.1993309251309905,0.11857174066318923,0.0,1.825954385966384,1.6341479898512428,30.368859385544823,30.264061124026075,0.0
9.245000000000001,0.43208019493489586,-0.19714568316378617,0.1938196976517104,0.0,1.826466462251577,1.6303297035103692,29.776034388026076,30.264061124026075,0.0
9.246,0.4281097477495242,-0.1933289099208847,0.49511246377108387,0.0,1.8261475096371154,1.6596962831196933,30.171920099507496,30.264061124026075,0.0
9.247,0.442284470922479,-0.19646308117443648,0.29809101827555995,0.0,1.8291800368153524,1.6598100988200586,30.713264192023225,30.264061124026075,0.0
9.248,0.4456636147380136,-0.1982047928500923,0.02292694133772402,0.0,1.832080939417588,1.6316879930720256,30.120725378569112,30.264061124026075,0.0
9.249,0.4318260669782611,-0.1917317258656061,0.3206297055193498,0.0,1.8311500866997479,1.6437230546801045,29.709306928289287,30.264061124026075,0.0
9.25,0.43434323780097567,-0.18935091696907475,0.5318864726166304,0.0,1.8313186671057253,1.67430747732638,30.381975729661907,30.264061124026075,0.0
9.251,0.4500558772312269,-0.19544660094719465,0.19437292587396215,0.0,1.8352231650622919,1.6609080393068583,30.577915424063843,30.264061124026075,0.0
9.252,0.4469385245003148,-0.19524841001728171,0.09326453567261644,0.0,1.8373145115791771,1.6419922426249276,29.927573334366087,30.264061124026075,0.0
9.253,0.43690202184842597,-0.18805096807806357,0.42180045841809394,0.0,1.836515407072166,1.6634000374312934,30.006458173242535,30.264061124026075,0.0
9.254,0.44518388497837397,-0.18799665874289354,0.3849340684877054,0.0,1.8380029928890167,1.6742351102157098,30.617010908936994,30.264061124026075,0.0
9.255,0.4524174471289931,-0.19092540578947503,0.076128202791367,0.0,1.840748032671099,1.6498225797708086,30.120511954545684,30.264061124026075,0.0
9.256,0.4414243346019473,-0.18663750884844488,0.32581317168182583,0.0,1.8402763592965043,1.6599607895830006,29.648337623329695,30.264061124026075,0.0
9.257,0.4441895469039697,-0.18418426430656165,0.568057572296784,0.0,1.8406386963103916,1.6927739409767617,30.36167166358786,30.264061124026075,0.0
9.258000000000001,0.4611394378040195,-0.1906404972892814,0.21041444677208387,0.0,1.8449808328357835,1.6787419872426832,30.502503679388692,30.264061124026075,0.0
9.259,0.4579755672787625,-0.19055239926837012,0.13761401331804157,0.0,1.8474113072231015,1.6626333507766335,29.836548161778037,30.264061124026075,0.0
9.26,0.44952123082041967,-0.18358941382941163,0.47486690174584945,0.0,1.8472228231070065,1.687102785762685,30.10140306892381,30.264061124026075,0.0
9.261000000000001,0.45967245730574,-0.18440456276394868,0.34406602872398634,0.0,1.849659427138314,1.6901446256438697,30.649133524777287,30.264061124026075,0.0
9.262,0.4631510035088743,-0.18629617193425102,0.0663500767897347,0.0,1.852356480273998,1.6636040681400264,29.900845915916424,30.264061124026075,0.0
9.263,0.45070717537231825,-0.17963334459904118,0.44412603330126293,0.0,1.8513779452471535,1.6857233929927986,29.810293653899304,30.264061124026075,0.0
9.264,0.4592392619464654,-0.1788827255024342,0.4939398390110905,0.0,1.8526932563809946,1.706171723116053,30.446986586537555,30.264061124026075,0.0
9.265,0.4710469809845025,-0.18446971565021722,0.17376411806685016,0.0,1.8565439445210004,1.6877757557509594,30.076016796803717,30.264061124026075,0.0
9.266,0.46475877555316936,-0.18192711616951976,0.36112945620599274,0.0,1.857834411266141,1.6962261781289505,29.64941145724169,30.264061124026075,0.0
9.267,0.4681852137141161,-0.17913017240804333,0.5805786226548499,0.0,1.859558635755612,1.725786569619622,30.44020901944801,30.264061124026075,0.0
9.268,0.4830900009320876,-0.18507432041040794,0.18341836259747146,0.0,1.8647483026630776,1.7050759619270062,30.245060965880224,30.264061124026075,0.0
9.269,0.47598588283597165,-0.1826593271383219,0.2811823909628222,0.0,1.8670228513705813,1.7026115282779128,29.63908621090617,30.264061124026075,0.0
9.27,0.47355234934345963,-0.177064601291039,0.5904195175810476,0.0,1.868232231931945,1.733856084012046,30.400757086091488,30.264061124026075,0.0
9.271,0.4879593633461649,-0.1813655600757762,0.2082171203677352,0.0,1.8729741827353803,1.7153533803940326,30.32540168272338,30.264061124026075,0.0
9.272,0.48154367515139124,-0.17955241958525087,0.2452814164648156,0.0,1.875149213054866,1.7079240346024285,29.644032059539732,30.264061124026075,0.0
9.273,0.4769638189260496,-0.17305060931085778,0.5921665187015034,0.0,1.875666738037963,1.7396814720098377,30.356991219370734,30.264061124026075,0.0
9.274000000000001,0.4912976256585644,-0.1768535500692912,0.2347576378325561,0.0,1.8797915958496634,1.7239085729540344,30.310980437746053,30.264061124026075,0.0
9.275,0.4862887159578675,-0.17579272189658107,0.25729383550769647,0.0,1.8817719574680318,1.7168728382723388,29.6310148391939,30.264061124026075,0.0
9.276,0.4825604044826757,-0.16960518987958825,0.6036070976320955,0.0,1.8821806892162514,1.748967835242846,30.35787298322661,30.264061124026075,0.0
9.277000000000001,0.49732105701959206,-0.1738052351343506,0.23923990702373465,0.0,1.8862819277848935,1.7326897272091477,30.224444535056346,30.264061124026075,0.0
9.278,0.4923289174973073,-0.17265816328107803,0.3063502969985639,0.0,1.8881770533368942,1.7301721105118197,29.633291753796463,30.264061124026075,0.0
9.279,0.4911237554093119,-0.16712357148533907,0.6082343813308013,0.0,1.8890335702849632,1.760714559850678,30.402872311489507,30.264061124026075,0.0
9.28,0.5054805093229009,-0.17189956244956994,0.22205599060964543,0.0,1.893439385396134,1.741198657576433,30.079591585525172,30.264061124026075,0.0
9.281,0.4990771939980923,-0.1695139640545668,0.3855410489768217,0.0,1.8951428530356709,1.746767999593196,29.721830694629183,30.264061124026075,0.0
9.282,0.5016577016995397,-0.16506218678995618,0.569843798718785,0.0,1.8967670685977722,1.7702413170597735,30.42864453360803,30.264061124026075,0.0
9.283,0.5129328891719989,-0.16977912244812948,0.21479104513354252,0.0,1.9011395750453675,1.7494164283991507,29.92531861511389,30.264061124026075,0.0
9.284,0.5057198620869275,-0.1655395378753161,0.4698414294697333,0.0,1.9024788183225494,1.7636235339162658,29.973592743284488,30.264061124026075,0.0
9.285,0.5120743951934023,-0.1630156452673578,0.4486090491918507,0.0,1.9048696154825766,1.7708866586228953,30.487829401315313,30.264061124026075,0.0
9.286,0.5159407674622881,-0.1655498791424253,0.18925303740354588,0.0,1.9080516500496016,1.7489839574624173,29.696479228992334,30.264061124026075,0.0
9.287,0.5070307032993948,-0.15849139066966378,0.5906039425153725,0.0,1.9079234349731222,1.7773506603354805,30.170886432096104,30.264061124026075,0.0
9.288,0.5191646671399257,-0.16018146646167217,0.3543320878827874,0.0,1.9109012049134453,1.7714406216887992,30.15383318117993,30.264061124026075,0.0
9.289,0.5184753514214252,-0.16118357043195097,0.3639609927693358,0.0,1.913083524673878,1.7700384263521056,29.597964513065676,30.264061124026075,0.0
9.290000000000001,0.5196010212184932,-0.15639279673467277,0.6485562929360668,0.0,1.9143703867781956,1.8000731596597368,30.37180261750103,30.264061124026075,0.0
9.291,0.5341520990217239,-0.16192442898533954,0.260559825783641,0.0,1.91918842328739,1.7801181795982173,29.82810091865711,30.264061124026075,0.0
9.292,0.5283482234061937,-0.1584238932625955,0.5367702772592898,0.0,1.9210887828875052,1.7976875526233562,30.043559517185056,30.264061124026075,0.0
9.293000000000001,0.5367605572174994,-0.1569450847362341,0.4312459940637273,0.0,1.9244283802494495,1.7983368531643253,30.28551183584057,30.264061124026075,0.0
9.294,0.5376751074932916,-0.158604367226974,0.3100553276178254,0.0,1.9276962570885425,1.7869629757180736,29.623386787754526,30.264061124026075,0.0
9.295,0.533906065225195,-0.1520679088408209,0.6475245950235624,0.0,1.9287643552517162,1.8158105399316962,30.2833435978101,30.264061124026075,0.0
9.296,0.5467676956072333,-0.15576446489644302,0.31735336525793617,0.0,1.9330823857699149,1.8007341598272917,29.806964776416645,30.264061124026075,0.0
9.297,0.54273390316339,-0.15316425098325265,0.5601137394307572,0.0,1.9351379861348454,1.8181749077144567,30.055198714930327,30.264061124026075,0.0
9.298,0.5517072259712178,-0.1520310024721141,0.4380853942648737,0.0,1.9386334460549073,1.8171990157061246,30.163758761081816,30.264061124026075,0.0
9.299,0.5520382005419963,-0.15342023946359787,0.384808394818572,0.0,1.941845919336303,1.8120833984284896,29.604881758480722,30.264061124026075,0.0
9.3,0.5516240460325676,-0.14757849945564017,0.6708386897745722,0.0,1.9435690997910062,1.8398455593881258,30.342973156851592,30.264061124026075,0.0
9.301,0.564329652772837,-0.15237655306484177,0.30100387026088227,0.0,1.9484823815932937,1.8200599309146785,29.69120014865458,30.264061124026075,0.0
9.302,0.558611973586646,-0.14765258195993122,0.6326189841131029,0.0,1.9503581550103763,1.8436762049655697,30.193399996140908,30.264061124026075,0.0
9.303,0.5693245330357982,-0.14853187174015978,0.38222567164879095,0.0,1.9545519400777134,1.8330234551122149,29.828180744777296,30.264061124026075,0.0
9.304,0.5661798077040339,-0.14697506682930953,0.5691941011230849,0.0,1.9570810302149864,1.8473788644987308,30.001436262435586,30.264061124026075,0.0
9.305,0.5742961487788826,-0.14478966724926334,0.48519259090984446,0.0,1.9605679263724878,1.848517546770572,30.10017865720683,30.264061124026075,0.0
9.306000000000001,0.5753540339240851,-0.14643960370591624,0.4374602181924155,0.0,1.9640233481474536,1.84544530057897,29.647947976622984,30.264061124026075,0.0
9.307,0.5764128762452685,-0.1408285055763083,0.6697366899583691,0.0,1.96619228296694,1.8689476630015764,30.29065913677465,30.264061124026075,0.0
9.308,0.5870363923547595,-0.14545445676958654,0.3481151297550501,0.0,1.971059526159294,1.8514575479750133,29.630360281518737,30.264061124026075,0.0
9.309000000000001,0.5825915575631289,-0.13987426772531242,0.6846015658080802,0.0,1.973030953222955,1.8770280593263835,30.248890753495058,30.264061124026075,0.0
9.31,0.593918542883271,-0.142341765671177,0.3754880335252298,0.0,1.9776895153798741,1.8615808926042068,29.65778071993982,30.264061124026075,0.0
9.311,0.5896863468567243,-0.13836064034761436,0.677105854343712,0.0,1.9798749058838334,1.8849922057989223,30.20855373129334,30.264061124026075,0.0
9.312,0.6007156955030702,-0.13968233003902852,0.40227442259427915,0.0,1.9843680857761596,1.8717777407125769,29.671325696026734,30.264061124026075,0.0
9.313,0.5970876275358351,-0.13659102060523604,0.6768157945075748,0.0,1.9867372402359873,1.893791286314915,30.1898109094683,30.264061124026075,0.0
9.314,0.6079458328235147,-0.13735256812399696,0.4183156899323701,0.0,1.9911855171314674,1.8814292843192781,29.66285544650566,30.264061124026075,0.0
9.315,0.6045033029706488,-0.1346115849276971,0.6878054781888941,0.0,1.9936436425110544,1.9034644483034162,30.192284189533513,30.264061124026075,0.0
9.316,0.6155709927174383,-0.13528126863372036,0.4238088760198929,0.0,1.9981605467907233,1.8905555131352676,29.633035732100897,30.264061124026075,0.0
9.317,0.6119323847948571,-0.13238402577858752,0.7097433586554529,0.0,2.000609473574485,1.9139928447924537,30.218083007590714,30.264061124026075,0.0
9.318,0.6235567160674002,-0.1334830882110315,0.41767950207489807,0.0,2.0053071101417093,1.8990299043928756,29.580249550039287,30.264061124026075,0.0
9.319,0.6193118375788264,-0.12985563272935455,0.7434343465904792,0.0,2.0076286782849446,1.9253698730989663,30.269855416394684,30.264061124026075,0.0
9.32,0.6318890201248398,-0.13192213429635147,0.39857347048909486,0.0,2.0126156762116523,1.9066898180675156,29.491739095431992,30.264061124026075,0.0
9.321,0.6264914636896561,-0.127089263144732,0.7953548512563816,0.0,2.014683688000195,1.9381905320106263,30.306666127496452,30.264061124026075,0.0
9.322000000000001,0.6408463943584038,-0.13070806398262136,0.3874652851894476,0.0,2.0201413668078794,1.9162792917253306,29.463409033378635,30.264061124026075,0.0
9.323,0.6349058731598991,-0.12477134067012545,0.8171003531548305,0.0,2.022172926133512,1.9492407031247176,30.30065557041376,30.264061124026075,0.0
9.324,0.6493242118436542,-0.1291641916509831,0.39811114017339155,0.0,2.0278400515075394,1.9270785427419195,29.472613559607357,30.264061124026075,0.0
9.325000000000001,0.6437438430101327,-0.12259626827361392,0.8200466212207802,0.0,2.029957848224565,1.9590601299383557,30.2762644982789,30.264061124026075,0.0
9.326,0.6573838556724158,-0.127237941062043,0.41809911814248113,0.0,2.0356382872300327,1.938065552856577,29.495358880420667,30.264061124026075,0.0
9.327,0.6525335425069755,-0.12033641400736887,0.8162389495076507,0.0,2.0378456399228773,1.9682232684392962,30.234626204690898,30.264061124026075,0.0
9.328,0.6651618065137715,-0.12505960335753583,0.44689963656588744,0.0,2.043436595003775,1.94953961282338,29.53776475805079,30.264061124026075,0.0
9.329,0.6615125024146032,-0.11810901661170414,0.8025933235456935,0.0,2.045788292579447,1.976630823065318,30.165377535466654,30.264061124026075,0.0
9.33,0.6727033602045976,-0.12266847860193937,0.4897737707233565,0.0,2.0511849881081305,1.962013506962483,29.602494777697867,30.264061124026075,0.0
9.331,0.6709680482594027,-0.11605331417497741,0.7778308130710317,0.0,2.053807019766794,1.9845148551011398,30.07047091097259,30.264061124026075,0.0
9.332,0.6802133390477605,-0.12018316373341414,0.545778648564206,0.0,2.0589374181691538,1.975587627966398,29.685794818168826,30.264061124026075,0.0
9.333,0.6810368908418152,-0.114184181120674,0.7438993580246595,0.0,2.0619608674348173,1.9921818252816217,29.95848617884565,30.264061124026075,0.0
9.334,0.6877969308562975,-0.11780594796862846,0.6106094271380519,0.0,2.0667997756848417,1.9900404794161062,29.845876043891508,30.264061124026075,0.0
9.335,0.6915930183007721,-0.11255145789832363,0.6710963454164687,0.0,2.070326446947097,1.9962336500628883,29.707575037930468,30.264061124026075,0.0
9.336,0.6939942578751265,-0.11426036167684897,0.7458117092579446,0.0,2.074360292464146,2.0095478161322626,30.14339876250853,30.264061124026075,0.0
9.337,0.7037029513358005,-0.11270640507777999,0.5291064705840898,0.0,2.079134145772745,1.9963052763689342,29.41135114565904,30.264061124026075,0.0
9.338000000000001,0.6997663042903159,-0.10862238511457278,0.9036573787925043,0.0,2.081672657144189,2.028762146312073,30.18820655475247,30.264061124026075,0.0
9.339,0.7147383102208142,-0.11358890548398665,0.515988219938526,0.0,2.087790161813071,2.010151776719211,29.576577427701338,30.264061124026075,0.0
9.34,0.7121125466858658,-0.10642782923122968,0.828677620427339,0.0,2.09059749546428,2.032725274242982,29.942798696496585,30.264061124026075,0.0
9.341000000000001,0.7210423208062423,-0.11057167098090312,0.6487796103050104,0.0,2.0959088788577365,2.029397947472561,29.86361840208895,30.264061124026075,0.0
9.342,0.7248896479736547,-0.10535492376483588,0.6923741847281992,0.0,2.099741110623543,2.033194966759092,29.557054287265522,30.264061124026075,0.0
9.343,0.7263200851959861,-0.10619431491459976,0.8527263105075182,0.0,2.1037143216400547,2.05407942056226,30.190033082156397,30.264061124026075,0.0
9.344,0.7388550969929976,-0.10727447268343043,0.5369771934807778,0.0,2.1094890803783066,2.0355722790305797,29.476611168680023,30.264061124026075,0.0
9.345,0.7345511109865361,-0.10043062271181341,0.9015626497724253,0.0,2.112072024015,2.063354007466922,29.959281221351798,30.264061124026075,0.0
9.346,0.7459003984145752,-0.10545349694318129,0.6632754224632805,0.0,2.1177958007968236,2.0574669463792286,29.86688260154545,30.264061124026075,0.0
9.347,0.7493488209402023,-0.09984378329263521,0.7134465175912615,0.0,2.1216911965478222,2.060376828212118,29.48404300590646,30.264061124026075,0.0
9.348,0.7503946445921855,-0.10009683882461781,0.9126664965919514,0.0,2.125571974152033,2.084717191799152,30.1640983605229,30.264061124026075,0.0
9.349,0.7640721012222811,-0.10270622227424714,0.5736384469187639,0.0,2.1317832119786666,2.0662322495410548,29.576693038732028,30.264061124026075,0.0
9.35,0.7608454381284643,-0.09517094667481343,0.8742147886671401,0.0,2.1346698576463923,2.087162310887106,29.76247040783361,30.264061124026075,0.0
9.351,0.7688236278247431,-0.09892949915229521,0.7863420112782733,0.0,2.1398496384104666,2.092706394237536,30.103006422540822,30.264061124026075,0.0
9.352,0.7765483718941433,-0.09626985854660117,0.61768455093952,0.0,2.144735703441778,2.0797705145152854,29.386500076866692,30.264061124026075,0.0
9.353,0.7727692194847191,-0.09090359880609017,0.9847133342481789,0.0,2.147275881832332,2.111169524241461,29.904020581944373,30.264061124026075,0.0
9.354000000000001,0.7865629435036663,-0.09685558545038508,0.7295534871301557,0.0,2.153410324484727,2.106389678651827,29.95905792219933,30.264061124026075,0.0
9.355,0.7913640514270514,-0.09193199331409321,0.7050848490209437,0.0,2.1578522233114827,2.10217112553418,29.35243273375918,30.264061124026075,0.0
9.356,0.7901464514079358,-0.08932445907847197,1.0175137271436885,0.0,2.1611904840992433,2.133612427666905,29.97661127419556,30.264061124026075,0.0
9.357,0.8054451442837401,-0.09498324612287037,0.7082989554238042,0.0,2.1679875909387407,2.123410479778188,29.89294917543413,30.264061124026075,0.0
9.358,0.8078127768711828,-0.08882125680452552,0.7538411242904384,0.0,2.1723503856099544,2.122902770998961,29.346149699919543,30.264061124026075,0.0
9.359,0.8075146834944319,-0.08682024521162991,1.0364199762887967,0.0,2.1760676385540885,2.1535668311932477,29.974094103414348,30.264061124026075,0.0
9.36,0.822875438655153,-0.09220045401547373,0.7253474447475114,0.0,2.1830914053075903,2.142799779671547,29.928177325110795,30.264061124026075,0.0
9.361,0.8249125687998443,-0.0858507363204474,0.7516646718884409,0.0,2.1875838191990806,2.1397469535139737,29.338684686107705,30.264061124026075,0.0
9.362,0.8235394321544343,-0.0826513543258266,1.0556647557691696,0.0,2.191033274243206,2.170796904649219,29.879507622681814,30.264061124026075,0.0
9.363,0.8384325491369716,-0.08841667641916988,0.7890988224955576,0.0,2.197908958146658,2.165072578441915,30.051944687179457,30.264061124026075,0.0
9.364,0.8428554843250244,-0.0834815332237134,0.7050014546152022,0.0,2.2029241220666003,2.1536856104107227,29.4835878055727,30.264061124026075,0.0
9.365,0.8386628220213533,-0.07781310329759612,0.9969846286031145,0.0,2.2057248969315104,2.177403400597402,29.842205958307527,30.264061124026075,0.0
9.366,0.8466876676396012,-0.08520328658871351,0.8218941038928863,0.0,2.2114869777898827,2.175925040152857,30.411241928786822,30.264061124026075,0.0
9.367,0.8488923650394179,-0.0857106952596108,0.5359043106056315,0.0,2.2165069276388496,2.1453004835663108,29.867657102048536,30.264061124026075,0.0
9.368,0.8337590492224832,-0.07840729696145912,0.8116607641945499,0.0,2.2171539789447605,2.1531201971648284,29.910316846095323,30.264061124026075,0.0
9.369,0.8302282778564111,-0.08211319345968783,0.7938683349504637,0.0,2.2189989790777185,2.1557449644734463,30.5519728493755,30.264061124026075,0.0
9.370000000000001,0.8308199653404911,-0.08364507995845996,0.47016121605688177,0.0,2.221053404478125,2.122761502941737,30.038351421404478,30.264061124026075,0.0
9.371,0.8149989302022399,-0.0760933539472762,0.7292290270686083,0.0,2.218758032459102,2.1267625912435126,29.96892732307159,30.264061124026075,0.0
9.372,0.8099723111104314,-0.07948158690092672,0.7668924142445972,0.0,2.2175405293571724,2.1320810457411654,30.61311381518774,30.264061124026075,0.0
9.373,0.8119822149068507,-0.0823268643294472,0.44130864127490466,0.0,2.2172557202028016,2.1002836999719112,30.079972338084065,30.264061124026075,0.0
9.374,0.7977713022273677,-0.07606567571855655,0.7097202676861629,0.0,2.2131024738654594,2.106002023931787,30.06907321955061,30.264061124026075,0.0
9.375,0.794605452527675,-0.08074010071964925,0.7171197059976452,0.0,2.210513183194067,2.1090691471522622,30.652168568970186,30.264061124026075,0.0
9.376,0.7968458391280194,-0.0831511941777297,0.42169095683841595,0.0,2.208708009942241,2.078721371169887,30.031264669480603,30.264061124026075,0.0
9.377,0.7832312228414607,-0.07830531303850874,0.7344708711286625,0.0,2.2034914185574648,2.090107945181611,30.24627643548323,30.264061124026075,0.0
9.378,0.7835246478320143,-0.08473860844885778,0.6271428350127763,0.0,2.2006912650188686,2.0847318966262076,30.55672901522739,30.264061124026075,0.0
9.379,0.7834604789643315,-0.08472055032153981,0.4689898662286841,0.0,2.197567202630483,2.0632998841927455,29.973469194677232,30.264061124026075,0.0
9.38,0.772528716698788,-0.08344585165259655,0.7635256957972513,0.0,2.192472308965279,2.0788809898647065,30.50128854043196,30.264061124026075,0.0
9.381,0.7766981036088825,-0.09065552624104395,0.497243748755828,0.0,2.1902508264252107,2.059590172949943,30.294911872579682,30.264061124026075,0.0
9.382,0.7707835020917103,-0.08772251333678525,0.6001235751964313,0.0,2.1859276822823195,2.0566781898875193,30.087121101399333,30.264061124026075,0.0
9.383000000000001,0.7662914378548785,-0.0916098966656283,0.7057883610128733,0.0,2.182202596542691,2.0646543999433318,30.731518845391594,30.264061124026075,0.0
9.384,0.7704302826367689,-0.09550568596367169,0.37891491180308745,0.0,2.180037303372103,2.0339475595799827,30.06159623408896,30.264061124026075,0.0
9.385,0.7572999449834341,-0.09113459465494016,0.715900866353776,0.0,2.174498077545297,2.047917789018269,30.46714208007579,30.264061124026075,0.0
9.386000000000001,0.7592447388005701,-0.0980567629487781,0.5110971337998644,0.0,2.17171494667041,2.033693572107192,30.366069276979804,30.264061124026075,0.0
9.387,0.7553514819506858,-0.09586708999674065,0.5606134538183195,0.0,2.167477621484242,2.0285560025189597,30.13514376732508,30.264061124026075,0.0
9.388,0.7503124102276565,-0.09962920715758922,0.6773653822126917,0.0,2.163586001475082,2.036371371615165,30.760882266898292,30.264061124026075,0.0
9.389,0.7543656677378461,-0.10305944372398505,0.3595279209973631,0.0,2.161204785227153,2.0063901527398538,30.052857747121596,30.264061124026075,0.0
9.39,0.741127030934497,-0.09943484348701245,0.715652214654756,0.0,2.1556305603247545,2.0230177636652167,30.622445458846716,30.264061124026075,0.0
9.391,0.7447887780640912,-0.10641336725536883,0.42727451544398964,0.0,2.1530804026220216,2.0016072226057573,30.232070652553073,30.264061124026075,0.0
9.392,0.7374033148389749,-0.10315382097320588,0.6227818233055411,0.0,2.1482158712548944,2.007321319164906,30.425032323586187,30.264061124026075,0.0
9.393,0.73664851907667,-0.10913173609620755,0.524691275793383,0.0,2.145099368806746,1.999241692528078,30.456297106749883,30.264061124026075,0.0
9.394,0.7349016957691024,-0.10792467517072321,0.507136524384297,0.0,2.1412939980866956,1.9908928637364496,30.19546448008746,30.264061124026075,0.0
9.395,0.7288326061430603,-0.11120388173133475,0.6382388041548951,0.0,2.1374070648904113,1.998245310666624,30.74965671488467,30.264061124026075,0.0
9.396,0.7324274805866926,-0.11387495195948157,0.35628673084770424,0.0,2.134905095366262,1.971691941637595,30.086889871914106,30.264061124026075,0.0
9.397,0.7201406156661215,-0.11169943689808709,0.6894418648541051,0.0,2.1297319685325906,1.9883978019185304,30.78085646244302,30.264061124026075,0.0
9.398,0.724792344383525,-0.11773949796833826,0.3372906162054793,0.0,2.127432902278721,1.9602130159884714,30.135312829703985,30.264061124026075,0.0
9.399000000000001,0.7134147563233593,-0.1138451715878634,0.6613499155182174,0.0,2.1220564875446772,1.9750828894107113,30.70450720137729,30.264061124026075,0.0
9.4,0.7166268448471036,-0.12041523547126613,0.37234826890805284,0.0,2.1194663519172408,1.9524302542788632,30.192440241483514,30.264061124026075,0.0
9.401,0.7080491159072559,-0.1171631045817147,0.6290979576803664,0.0,2.114446531302679,1.9638920223971332,30.66776281568382,30.264061124026075,0.0
9.402000000000001,0.710213183241234,-0.12354289312247557,0.38739965366363627,0.0,2.1118091676097794,1.9442274966164217,30.222620058574872,30.264061124026075,0.0
9.403,0.702853207303291,-0.12071233783094829,0.6103854428726218,0.0,2.107093928740623,1.9540423449241602,30.678577044786813,30.264061124026075,0.0
9.404,0.7045042516821208,-0.12685518210894758,0.37826179055904385,0.0,2.1045357170126513,1.9343855102265746,30.22513180561958,30.264061124026075,0.0
9.405,0.6968883044716488,-0.12395509534681098,0.6053737033267258,0.0,2.099887205001104,1.9445963493904714,30.71230571519868,30.264061124026075,0.0
9.406,0.6987181129953848,-0.12994306259087773,0.35730430262544866,0.0,2.0974123053715683,1.9234850618222905,30.20913940727539,30.264061124026075,0.0
9.407,0.6902119335018513,-0.12693202761825245,0.6094366737546009,0.0,2.0926826734287407,1.9354066457087207,30.754456710666044,30.264061124026075,0.0
9.408,0.692839310351123,-0.13281228081911417,0.3318740661928743,0.0,2.0902951012706583,1.9122358242207873,30.187753640350433,30.264061124026075,0.0
9.409,0.6832229429727044,-0.12982012624302608,0.6159886761874365,0.0,2.085441264644213,1.9262556350209776,30.791386452153972,30.264061124026075,0.0
9.41,0.6868881183881583,-0.13553310824609605,0.3088990170043878,0.0,2.0831331423265302,1.9012677394989392,30.17516514487955,30.264061124026075,0.0
9.411,0.6762972302874509,-0.13273529695672243,0.6178986304330643,0.0,2.078192153626549,1.9168103248115531,30.812304481652024,30.264061124026075,0.0
9.412,0.6807871764141991,-0.1381383849510469,0.2938465284705677,0.0,2.075921840120097,1.8909690224177975,30.17512046945034,30.264061124026075,0.0
9.413,0.6696368458837916,-0.13572250977769873,0.6133279411171664,0.0,2.070974650575904,1.9071397311431348,30.8186019180522,30.264061124026075,0.0
9.414,0.6746128080996435,-0.14069573574091548,0.2860418088759764,0.0,2.0687104644663514,1.8813435022194753,30.18793793701062,30.264061124026075,0.0
9.415000000000001,0.6632631408514864,-0.13879332224475288,0.6021350312669205,0.0,2.0638340763311764,1.8972418163820968,30.809766228916367,30.264061124026075,0.0
9.416,0.6683668415924545,-0.14319022439928766,0.2857638342651443,0.0,2.0615378417977426,1.872425992666846,30.227381279049283,30.264061124026075,0.0
9.417,0.6571998779745873,-0.14191706457969333,0.5773231076484542,0.0,2.0568056317444268,1.8863767629173338,30.7770906358782,30.264061124026075,0.0
9.418000000000001,0.6616786762001154,-0.1454269355290972,0.2973381341154746,0.0,2.054340537124121,1.864140957873994,30.287833714743915,30.264061124026075,0.0
9.419,0.6512870262842215,-0.14502008335777056,0.5417288687754385,0.0,2.0498185190131717,1.8747529238938871,30.71742501447104,30.264061124026075,0.0
9.42,0.6546211236203323,-0.14742583247176966,0.3223995800074262,0.0,2.0470786002395607,1.856810695183484,30.368898572104868,30.264061124026075,0.0
9.421,0.6456952203899018,-0.14824615317167467,0.4956144267097242,0.0,2.0428846282581192,1.8626508138204003,30.61029531678979,30.264061124026075,0.0
9.422,0.6473961525427188,-0.14930377186625288,0.3714537124396253,0.0,2.039802200187918,1.8518213347896337,30.50994679744803,30.264061124026075,0.0
9.423,0.6411758714142474,-0.15197342523116217,0.4191691153762863,0.0,2.036228152704856,1.8489581025663184,30.411164568237226,30.264061124026075,0.0
9.424,0.6394683592246335,-0.15125087871203094,0.4670891955395773,0.0,2.032619010097014,1.850943467135194,30.7986559081352,30.264061124026075,0.0
9.425,0.6387992108321716,-0.15594588644099516,0.26799757774949917,0.0,2.0300929945222204,1.8300466334291332,30.26361975994777,30.264061124026075,0.0
9.426,0.6289765585797482,-0.15293220910902366,0.5355200654839973,0.0,2.0253514425504946,1.8434790716287361,30.807926688116137,30.264061124026075,0.0
9.427,0.6328708185378245,-0.15694280649499207,0.25792794575891287,0.0,2.0228985920816775,1.821357157646189,30.338149762824827,30.264061124026075,0.0
9.428,0.6224529965819925,-0.15628154422578716,0.4920755220165802,0.0,2.0183659904380153,1.830919207615332,30.639687059010214,30.264061124026075,0.0
9.429,0.6253106842955672,-0.15802490296059962,0.33755061457404534,0.0,2.0154412360391545,1.819314052973887,30.537230496260456,30.264061124026075,0.0
9.43,0.61910790842852,-0.16053183846456154,0.3860472022265806,0.0,2.0119067709341243,1.816167694295415,30.35657670292688,30.264061124026075,0.0
9.431000000000001,0.6170707214953267,-0.15983904528972778,0.4754489431043606,0.0,2.008309839867477,1.822493813398299,30.859778830915918,30.264061124026075,0.0
9.432,0.6189002028921665,-0.1646210898083983,0.21789070204094318,0.0,2.006238166646586,1.7983805887354922,30.30689639727127,30.264061124026075,0.0
9.433,0.6074250692198766,-0.16214129792540416,0.4939035661308151,0.0,2.001641740729187,1.810689076195317,30.699046103535093,30.264061124026075,0.0
9.434000000000001,0.6108924011436875,-0.16448412518693623,0.2934788632038138,0.0,1.9990183150671093,1.7960040685062084,30.520651080923447,30.264061124026075,0.0
9.435,0.6033899049775372,-0.1661306076396204,0.38011047494066297,0.0,1.9953464159995076,1.7949188912376413,30.382020472227378,30.264061124026075,0.0
9.436,0.6018745939357496,-0.16565173244305498,0.4482461858066843,0.0,1.9918640480156615,1.8002953131199992,30.86625612010252,30.264061124026075,0.0
9.437,0.6034135419541118,-0.17011321165628346,0.20010641190834888,0.0,1.9897631104838558,1.7766246863858226,30.33304794154332,30.264061124026075,0.0
9.438,0.5919169476020049,-0.1677763075480383,0.4660206330127762,0.0,1.985203529787773,1.788123005491268,30.633670544503335,30.264061124026075,0.0
9.439,0.5950881709965801,-0.1696320038722542,0.312013237327996,0.0,1.982477234708591,1.7779517783632668,30.623930502884246,30.264061124026075,0.0
9.44,0.5896538164955138,-0.17229884058133557,0.313284564348959,0.0,1.9792812414992829,1.770834455598364,30.320385046704192,30.264061124026075,0.0
9.441,0.5854387523103673,-0.1711238108797963,0.46449405321220455,0.0,1.9755371937001556,1.7811389098091241,30.815368970156808,30.264061124026075,0.0
9.442,0.5893238680465438,-0.1750049298612179,0.21148901302458956,0.0,1.973636669486988,1.7602263511367935,30.463254455800715,30.264061124026075,0.0
9.443,0.5791314927361841,-0.17458672096589126,0.38555433688488927,0.0,1.9697501276596046,1.7640522443783904,30.435733752235702,30.264061124026075,0.0
9.444,0.5790405408822145,-0.17458356184436963,0.39759796238529965,0.0,1.9666386639247047,1.766599120630364,30.86283313873121,30.264061124026075,0.0
9.445,0.5794245794881102,-0.1786061715005874,0.1780605489904935,0.0,1.964535552841892,1.7442674573900292,30.36112409224492,30.264061124026075,0.0
9.446,0.5682190736755861,-0.1761874854991598,0.42794444255145025,0.0,1.9601033049866072,1.7548776978165364,30.558424530991246,30.264061124026075,0.0
9.447000000000001,0.5710121431132286,-0.17762695112383753,0.3263505891086361,0.0,1.9573578340382305,1.74989023390428,30.747498548983778,30.264061124026075,0.0
9.448,0.5681312438089052,-0.18106808201495334,0.22697920586279324,0.0,1.9547522935352422,1.735556885283649,30.331102429291718,30.264061124026075,0.0
9.449,0.5605360645343858,-0.17917657192399755,0.4345068526561666,0.0,1.9507314948015724,1.7470247331816648,30.63914722469323,30.264061124026075,0.0
9.450000000000001,0.564628921559054,-0.18152233851795763,0.27673359394873975,0.0,1.948536510157317,1.7369872154253034,30.687138848725148,30.264061124026075,0.0
9.451,0.5594877720292484,-0.18404746517629048,0.24850700468578946,0.0,1.9458115784683283,1.7268132137668266,30.32714927966119,30.264061124026075,0.0
9.452,0.5533590189936846,-0.1824563018201853,0.42787090766141794,0.0,1.9421414605466356,1.7380191656638626,30.68482753093598,30.264061124026075,0.0
9.453,0.5575868062451861,-0.18506227518208324,0.24482411795492331,0.0,1.9402615183101855,1.725282380553534,30.664176035619757,30.264061124026075,0.0
9.454,0.5511235028375855,-0.18681114537437213,0.25114871649709786,0.0,1.9374622077738803,1.7169106947146475,30.331342569546475,30.264061124026075,0.0
9.455,0.5454596187753695,-0.1852755905245325,0.4168926350785349,0.0,1.933919259971912,1.7278232256773238,30.687842304507583,30.264061124026075,0.0
9.456,0.5496259068085002,-0.18784933722991073,0.23440495579316567,0.0,1.932120327732498,1.7150441943320642,30.677107642804575,30.264061124026075,0.0
9.457,0.5431261175956663,-0.18945767180746098,0.23564182145688473,0.0,1.9293745649189762,1.7060807446069952,30.339193045329072,30.264061124026075,0.0
9.458,0.5370545456171182,-0.18781986231005757,0.40384780098160644,0.0,1.9258107910238096,1.716832227689675,30.646588061025874,30.264061124026075,0.0
9.459,0.5410885032106089,-0.19010016462745843,0.24632502376320758,0.0,1.9239457541763163,1.7066381687302288,30.721621709301306,30.264061124026075,0.0
9.46,0.5358664992297528,-0.19215603850367846,0.20423259377273884,0.0,1.921451158220838,1.694836832469041,30.358335221503815,30.264061124026075,0.0
9.461,0.5285794086808501,-0.19026801683463967,0.38493309669670733,0.0,1.9177976471124314,1.7050135097805348,30.565872530191523,30.264061124026075,0.0
9.462,0.5320610910040681,-0.19199539351974163,0.27814632829119856,0.0,1.915736046498067,1.6997977627351508,30.783005655832657,30.264061124026075,0.0
9.463000000000001,0.5293180274860712,-0.19478055833507366,0.16439032015256594,0.0,1.9136481256034361,1.6837886909318849,30.400849770162132,30.264061124026075,0.0
9.464,0.5203837825074843,-0.19265718107291263,0.3541003765264676,0.0,1.9099066664709499,1.692132736814463,30.45935379378144,30.264061124026075,0.0
9.465,0.5224782175975137,-0.19362047225812362,0.3228954380192607,0.0,1.907500953642966,1.6936188580863143,30.82086089633375,30.264061124026075,0.0
9.466000000000001,0.523091319821426,-0.19698808517581143,0.13657388902002926,0.0,1.9058452287340586,1.6744859780496082,30.469913116036274,30.264061124026075,0.0
9.467,0.5131290258600364,-0.19526494701912084,0.30998925924866444,0.0,1.9022185669859593,1.6791417030988167,30.38164925192707,30.264061124026075,0.0
9.468,0.51299345893549,-0.19538172561290024,0.352945310024257,0.0,1.8994502209444728,1.6858754907734086,30.75929986092155,30.264061124026075,0.0
9.469,0.516200268885963,-0.19846873961271896,0.15916761815806102,0.0,1.8979704920286369,1.6695598536995586,30.591695283016627,30.264061124026075,0.0
9.47,0.5079133955215882,-0.1984026469748422,0.23969356552061782,0.0,1.8949690319668338,1.6664670627396387,30.343702813723173,30.264061124026075,0.0
9.471,0.5041502089282065,-0.1974845931990515,0.3628933832703738,0.0,1.8918581138262618,1.6764612071400058,30.584982573278303,30.264061124026075,0.0
9.472,0.5084272474175737,-0.19976074008697847,0.23904428900028635,0.0,1.8903172586352124,1.6697813406393083,30.73188297393621,30.264061124026075,0.0
9.473,0.5051972512018928,-0.2019939487253426,0.16091587017223224,0.0,1.8884853937945403,1.656657810109809,30.42696554830453,30.264061124026075,0.0
9.474,0.49739319745646454,-0.20030804485083792,0.3117455387452871,0.0,1.8853165808724053,1.6628621398303487,30.417663226816153,30.264061124026075,0.0
9.475,0.4985452607722958,-0.20092502096646325,0.3148606784615749,0.0,1.8831698086260025,1.666758756467487,30.75472278961963,30.264061124026075,0.0
9.476,0.5004567021931005,-0.20364142479943526,0.1414242804039001,0.0,1.881920009928424,1.6507431411096336,30.57413123734411,30.264061124026075,0.0
9.477,0.49204442002733384,-0.20291386567731304,0.22861935540848122,0.0,1.879086434023055,1.648474395101331,30.36621272271748,30.264061124026075,0.0
9.478,0.4885039472900684,-0.2020121112566443,0.33155709673488065,0.0,1.8762174237123403,1.656905696078621,30.52138247776315,30.264061124026075,0.0
9.479000000000001,0.4920199267598503,-0.20377839525025968,0.2513990056746751,0.0,1.8746817533139302,1.653938036028175,30.719668048245016,30.264061124026075,0.0
9.48,0.49056522450960494,-0.20626279455283925,0.14770015119155333,0.0,1.8732585050336648,1.6407034589026166,30.492369163814143,30.264061124026075,0.0
9.481,0.48305354892668206,-0.20484856682167682,0.2590665130091091,0.0,1.8704737148254162,1.6427490402979696,30.42620710470692,30.264061124026075,0.0
9.482,0.4819382681892622,-0.20476480203358996,0.2905260827559128,0.0,1.8681768899281497,1.6467060377122218,30.601742996087268,30.264061124026075,0.0
9.483,0.48348152119477705,-0.20646498475447456,0.1993813183451263,0.0,1.8666933050092127,1.6395162224746862,30.670346824492416,30.264061124026075,0.0
9.484,0.4794100021935793,-0.20743908242900375,0.16101654713788865,0.0,1.864729245975406,1.6300516527005096,30.443103680484278,30.264061124026075,0.0
9.485,0.4734192279165145,-0.20561006114139838,0.2728476935773758,0.0,1.86180420254918,1.634640477801251,30.407546366305528,30.264061124026075,0.0
9.486,0.4738495305277815,-0.20653775739225064,0.28919149824395607,0.0,1.859750882776121,1.6390501820682146,30.608373927745426,30.264061124026075,0.0
9.487,0.4759529910283191,-0.20893864159717532,0.1853345894868137,0.0,1.8585986857070966,1.630998808292278,30.586872121843353,30.264061124026075,0.0
9.488,0.471883092117787,-0.20930894337386396,0.19285738245967732,0.0,1.8567732953207678,1.625972151986783,30.477654434218834,30.264061124026075,0.0
9.489,0.4679932047752446,-0.20840580807832124,0.24533029317000893,0.0,1.8545247304422465,1.627349603140186,30.490580543806605,30.264061124026075,0.0
9.49,0.46722330983389326,-0.20908715451295032,0.23660204417831854,0.0,1.852722746627682,1.6269254057643314,30.592903380534597,30.264061124026075,0.0
9.491,0.4665133962021504,-0.20995982054986206,0.18215220324923692,0.0,1.851147721256702,1.6205316212824021,30.519219680154347,30.264061124026075,0.0
9.492,0.46267121629114993,-0.20962522857700824,0.21644246787807953,0.0,1.8490452881972437,1.6193516808839237,30.500035441177186,30.264061124026075,0.0
9.493,0.4606618197069079,-0.20974830150265783,0.22367484419514883,0.0,1.8470519883454348,1.618714761793092,30.500228886739915,30.264061124026075,0.0
9.494,0.45942609827038217,-0.21039621508913403,0.2212164437866458,0.0,1.8452643663349781,1.617715292210233,30.498223140406292,30.264061124026075,0.0
9.495000000000001,0.4582554040728951,-0.21107975367637272,0.21987769678965507,0.0,1.8436242696760137,1.6166307483663889,30.5033180374295,30.264061124026075,0.0
9.496,0.45691577154000274,-0.21192029965105483,0.21493767914401618,0.0,1.8421253529699029,1.615096287406625,30.45855858631807,30.264061124026075,0.0
9.497,0.4555494912158044,-0.2121520717200586,0.23537243007681208,0.0,1.8406399713062713,1.6159994981616244,30.344999501291852,30.264061124026075,0.0
9.498,0.4550445767984326,-0.21333735869139195,0.29134258881726305,0.0,1.839521512730659,1.6226580974095497,30.543738742507152,30.264061124026075,0.0
9.499,0.4581619102887482,-0.2152425649950593,0.1891761920248023,0.0,1.8393784797610908,1.6163930298124387,30.664956955483465,30.264061124026075,0.0
9.5,0.45520624579645275,-0.21537660396476294,0.12455812722207205,0.0,1.8386189355523985,1.6050101389467613,30.49341938937398,30.264061124026075,0.0
9.501,0.448000463589593,-0.21307419939699745,0.20803332762333565,0.0,1.8365424517858575,1.6052811148367803,30.40848184601595,30.264061124026075,0.0
9.502,0.44569537523307223,-0.21234999752330722,0.24905789208245221,0.0,1.8346440758245437,1.6091767967447823,30.40845609587428,30.264061124026075,0.0
9.503,0.4469109476795996,-0.21311215556004484,0.2476268174348054,0.0,1.8334161850529391,1.6117686451573374,30.6556500879647,30.264061124026075,0.0
9.504,0.44819079516121574,-0.21469822888215942,0.12011393175020929,0.0,1.8327371146848161,1.5998377854741346,30.583945217106262,30.264061124026075,0.0
9.505,0.4416442736071744,-0.21383233869674723,0.1527675262486256,0.0,1.8308217567315683,1.594632044819873,30.36031890781108,30.264061124026075,0.0
9.506,0.43683534093386533,-0.21223518091695617,0.263618103058366,0.0,1.8284103320542962,1.6020858873183228,30.32292780114789,30.264061124026075,0.0
9.507,0.4393463716756886,-0.21305316376727923,0.28172498961874276,0.0,1.8270913837859304,1.6091121521444114,30.585230507628076,30.264061124026075,0.0
9.508000000000001,0.44351758117393547,-0.21539290652092044,0.1473619425426304,0.0,1.8268561487014066,1.5999091688796894,30.637027716999885,30.264061124026075,0.0
9.509,0.43910774396539654,-0.2156579371925025,0.11773367192698764,0.0,1.825729894745201,1.5902142753239492,30.395512088862034,30.264061124026075,0.0
9.51,0.4324752033785809,-0.21354124907040908,0.23717697634755347,0.0,1.8235112908288957,1.5954967730130447,30.292877649893853,30.264061124026075,0.0
9.511000000000001,0.43326086361599936,-0.21345915212144553,0.2882060305729662,0.0,1.8220549332899658,1.6042951754302073,30.493739598561607,30.264061124026075,0.0
9.512,0.43794124983025773,-0.21549777278388232,0.18547827149373391,0.0,1.821849120989003,1.599750771929596,30.666069276451864,30.264061124026075,0.0
9.513,0.43608656594423323,-0.21664454341113762,0.09529335102434744,0.0,1.8213152081304482,1.5869979829777137,30.43433467884965,30.264061124026075,0.0
9.514,0.4284899307636325,-0.2144020627691891,0.20945791427721971,0.0,1.819301267085674,1.5897441158286807,30.24752603809894,30.264061124026075,0.0
9.515,0.4276362204014085,-0.21356245686323203,0.30302758551184533,0.0,1.8176934015872388,1.6011832012813922,30.410729615476306,30.264061124026075,0.0
9.516,0.4332989678969823,-0.21555708642989757,0.21995911190865974,0.0,1.8176180364953105,1.6006129235021573,30.694669899085078,30.264061124026075,0.0
9.517,0.4338359503095333,-0.21744479413310555,0.07368288235368403,0.0,1.8176808816863375,1.584829995886212,30.48640058037437,30.264061124026075,0.0
9.518,0.42519619263855635,-0.21508975600705058,0.17559414714555555,0.0,1.8158812183257695,1.5842603901415528,30.220792289315707,30.264061124026075,0.0
9.519,0.42227097835391353,-0.21333950554744002,0.3088309810219902,0.0,1.8140355835574966,1.597440093708393,30.33366647776575,30.264061124026075,0.0
9.52,0.42825370773914495,-0.21517440331224788,0.25169783325957207,0.0,1.8139118238814582,1.6008128964738695,30.665094062680634,30.264061124026075,0.0
9.521,0.43114307069709285,-0.2174842799413326,0.08197371141558435,0.0,1.8143734579011235,1.5854797184384584,30.540313004826736,30.264061124026075,0.0
9.522,0.4232697952983224,-0.21569620295655703,0.14160172153452683,0.0,1.8130358234806647,1.5808772978635222,30.236794216836124,30.264061124026075,0.0
9.523,0.4183464138406832,-0.21337441473671578,0.29363378460173223,0.0,1.811134194510424,1.59319144194659,30.249561852196496,30.264061124026075,0.0
9.524000000000001,0.4233641046343839,-0.2144698494998453,0.28739495963984174,0.0,1.8107978585516562,1.6012762375459637,30.590992720078106,30.264061124026075,0.0
9.525,0.42857049918443,-0.2171819274226675,0.1134102097385169,0.0,1.8115910099725818,1.5889204592574278,30.61640625398691,30.264061124026075,0.0
9.526,0.42277613948290016,-0.2164786602912138,0.09717999148450668,0.0,1.810964788258873,1.5785235409435785,30.286110716832773,30.264061124026075,0.0
9.527000000000001,0.4154361976448959,-0.2132478446654617,0.2621072641335076,0.0,1.8090131398376315,1.5881574444688389,30.15860100449548,30.264061124026075,0.0
9.528,0.418293316119714,-0.21329310593848616,0.3269167214974601,0.0,1.8082573335073318,1.6017248779323845,30.492675247230206,30.264061124026075,0.0
9.529,0.4257913282417448,-0.216555456078608,0.15759345889805582,0.0,1.809292257059099,1.5937901238082959,30.691848671702584,30.264061124026075,0.0
9.53,0.4230430213157618,-0.21694127784529654,0.053728871185102056,0.0,1.8094400297362152,1.5773977593124406,30.343024406582366,30.264061124026075,0.0
9.531,0.41342583943708816,-0.2129248553257501,0.22735137091964802,0.0,1.807488124001217,1.583826936319206,30.098283198493363,30.264061124026075,0.0
9.532,0.41378004480874575,-0.2120475876793459,0.35137975421947676,0.0,1.8063179913244864,1.601189767807762,30.39458286318979,30.264061124026075,0.0
9.533,0.4227123060300406,-0.2153198505012489,0.20192470447962607,0.0,1.807369876651158,1.5980399568947812,30.702820293835373,30.264061124026075,0.0
9.534,0.4230179678867412,-0.2165775318935116,0.04341839745874143,0.0,1.808107214678794,1.5794248721388433,30.407779391104178,30.264061124026075,0.0
9.535,0.41287068168940166,-0.21293988486446982,0.18950166615355785,0.0,1.8064965924409555,1.5815185103881757,30.06631232738532,30.264061124026075,0.0
9.536,0.41077174892918933,-0.21114472311967275,0.36221268597939504,0.0,1.8050953049301972,1.6009085118243345,30.30109390632812,30.264061124026075,0.0
9.537,0.42020467590098565,-0.21402249846141358,0.24445156868497397,0.0,1.8061076532191693,1.6024799399706575,30.666229434189052,30.264061124026075,0.0
9.538,0.42326550804059776,-0.21589158890368956,0.057862121652878074,0.0,1.80735273168911,1.5844058698650194,30.479649792224876,30.264061124026075,0.0
9.539,0.41397744490486427,-0.21302564282179606,0.1489960559529781,0.0,1.806331950328062,1.581206637126599,30.110120284921003,30.264061124026075,0.0
9.540000000000001,0.4093182646409965,-0.21032548737687395,0.3353002179959656,0.0,1.8048249661911533,1.59822699720531,30.190674999978835,30.264061124026075,0.0
9.541,0.41693666421265063,-0.21185788060185115,0.29575672170752165,0.0,1.8053662812850044,1.606297180894781,30.58407088952621,30.264061124026075,0.0
9.542,0.4228583442071734,-0.21455606451879072,0.09585867927883313,0.0,1.8069419595370304,1.5914459272167367,30.563800154798052,30.264061124026075,0.0
9.543000000000001,0.415939685160994,-0.21304823557869962,0.10299665633519206,0.0,1.80668210157347,1.5818417939272114,30.168028641013876,30.264061124026075,0.0
9.544,0.40880016008079023,-0.20916444138473483,0.301842738057402,0.0,1.805075677005377,1.5956899385575227,30.078971908566125,30.264061124026075,0.0
9.545,0.4140051823752289,-0.20945862291658865,0.3482219964358773,0.0,1.80508590726757,1.6104619361692136,30.493519563335035,30.264061124026075,0.0
9.546,0.422606939131163,-0.213215327769095,0.13865358465833272,0.0,1.806982609983169,1.5993472961464317,30.63856328669497,30.264061124026075,0.0
9.547,0.41852235500459256,-0.21280287210794574,0.06238670135167543,0.0,1.8074952412536778,1.5837754391730123,30.20652130024501,30.264061124026075,0.0
9.548,0.40919239814027386,-0.20791103607155298,0.278983092814466,0.0,1.8058654462924033,1.59538575233177,29.999704866210678,30.264061124026075,0.0
9.549,0.41245128932566416,-0.207388010802585,0.3850348724097868,0.0,1.8055510477239087,1.6147200089203448,30.430234864702467,30.264061124026075,0.0
9.55,0.42290723175243683,-0.21161111034184735,0.16810813575712852,0.0,1.8076712858731294,1.6060493764103754,30.677097127021494,30.264061124026075,0.0
9.551,0.4207380892238912,-0.21178698346438132,0.0405466445676608,0.0,1.8086895520045174,1.5869384994044187,30.224545486995783,30.264061124026075,0.0
9.552,0.4100716939206616,-0.20647343454381806,0.2672176209508189,0.0,1.8071086547096837,1.5972015710843088,29.960888399469823,30.264061124026075,0.0
9.553,0.4121921279072298,-0.20543127547805215,0.40207789195936144,0.0,1.806650652304294,1.6185082542222788,30.38041434666432,30.264061124026075,0.0
9.554,0.423438609940898,-0.2096361192856806,0.1911513861357304,0.0,1.8088420728627366,1.6118720417713903,30.664398982475745,30.264061124026075,0.0
9.555,0.42260082238272,-0.21020632259477862,0.04515568964552116,0.0,1.8101714040461712,1.5923729525174843,30.225282955781548,30.264061124026075,0.0
9.556000000000001,0.4120439259900436,-0.20510303329062918,0.2651014846750651,0.0,1.8088508293293235,1.601763580453078,29.93276520884735,30.264061124026075,0.0
9.557,0.4137731952397938,-0.20379007599935334,0.4146733172939514,0.0,1.808507982468722,1.6240407431798098,30.361673819464645,30.264061124026075,0.0
9.558,0.4254134728830962,-0.2079668890894703,0.19924288503091808,0.0,1.8108997155796789,1.61759970122442,30.660875557023214,30.264061124026075,0.0
9.559000000000001,0.42478200645011954,-0.2085289852762275,0.045673871921662224,0.0,1.812428233633643,1.5974895137403373,30.20115483500984,30.264061124026075,0.0
9.56,0.41399339766122123,-0.2031989278657788,0.27616329581851085,0.0,1.811200953856786,1.6076131558722544,29.901980963866304,30.264061124026075,0.0
9.561,0.41607450297333,-0.20181833006134964,0.4293710329918773,0.0,1.8110102010864229,1.630812854991175,30.36840282355925,30.264061124026075,0.0
9.562,0.4282181328493673,-0.20624675789115182,0.19511668615007222,0.0,1.8136594265443113,1.6230584651635915,30.663024432917698,30.264061124026075,0.0
9.563,0.427030710607609,-0.20661023737847187,0.04381624838193224,0.0,1.81526398893896,1.6022959849238319,30.151061159430974,30.264061124026075,0.0
9.564,0.41589383627004517,-0.20074532971969483,0.30092788477124555,0.0,1.8139830724328292,1.6147786752827336,29.863748154963613,30.264061124026075,0.0
9.565,0.4191488530754697,-0.1995610596396629,0.4485875166955505,0.0,1.8140068959809852,1.6390870275109406,30.393685203945353,30.264061124026075,0.0
9.566,0.43200485384179893,-0.20465696121213614,0.18232275140548784,0.0,1.8170315642709194,1.62881959645375,30.65837162334756,30.264061124026075,0.0
9.567,0.42973899117806946,-0.20463248561630257,0.04603643671116975,0.0,1.818673371294874,1.6079303332684705,30.086318608974864,30.264061124026075,0.0
9.568,0.4184459386147656,-0.19810714567709406,0.33384036904802955,0.0,1.8173445286605505,1.6235350499634391,29.866155344145795,30.264061124026075,0.0
9.569,0.42332155812397587,-0.19725202804625241,0.44790105926136653,0.0,1.8176802324191565,1.6464657986539306,30.42544836531529,30.264061124026075,0.0
9.57,0.43572698352749906,-0.2025824317356388,0.16664067626372692,0.0,1.8208703362530914,1.633741953220064,30.566463839389087,30.264061124026075,0.0
9.571,0.43204148256254526,-0.2020656686660988,0.09310891207319852,0.0,1.8223588971857037,1.617863071842177,30.010894285657532,30.264061124026075,0.0
9.572000000000001,0.4230775886349537,-0.19605708755646112,0.37342535732266147,0.0,1.8214549375959002,1.6362402346370701,29.97850452967979,30.264061124026075,0.0
9.573,0.43013367199197095,-0.19588577071473776,0.39247580125499576,0.0,1.8225203312030742,1.6511158614650092,30.511907277220303,30.264061124026075,0.0
9.574,0.4390450199811523,-0.1996616787300398,0.12329596595279668,0.0,1.8253838111824248,1.6339004912030668,30.383051301806404,30.264061124026075,0.0
9.575000000000001,0.43193019628094426,-0.1976408302659419,0.18653405188194275,0.0,1.8259793537264415,1.6292127378573955,29.794536559413995,30.264061124026075,0.0
9.576,0.4276013398819282,-0.19371732259259336,0.48548666872426793,0.0,1.8256351893220633,1.657710747060948,30.157183179229925,30.264061124026075,0.0
9.577,0.4412566958612916,-0.19655044864499605,0.3052321382642645,0.0,1.8285261212209751,1.6589616366629625,30.70877891055408,30.264061124026075,0.0
9.578,0.44509011630699513,-0.19839404389708173,0.02498709473690655,0.0,1.831427513107403,1.6310669983220247,30.14180497681296,30.264061124026075,0.0
9.579,0.43141860115635533,-0.19219464468049752,0.3096966230795981,0.0,1.8305489321047488,1.6419146624278198,29.702355026084042,30.264061124026075,0.0
9.58,0.43336612110073824,-0.18967136205080598,0.5350386594234772,0.0,1.8306274085158396,1.6731792883917815,30.36974431994909,30.264061124026075,0.0
9.581,0.44934400591876855,-0.1956959815864146,0.200287180531724,0.0,1.8345124408574316,1.6605111242283854,30.604873103384453,30.264061124026075,0.0
9.582,0.44667461380619755,-0.1956673944078194,0.07931466902045817,0.0,1.8366787627635224,1.6399922302187286,29.941423990836775,30.264061124026075,0.0
9.583,0.4359100476151531,-0.1882702032967269,0.41426559662619006,0.0,1.8357631579276055,1.66095359331228,29.971678473057707,30.264061124026075,0.0
9.584,0.4437798940847941,-0.18797979378745322,0.4020621820254074,0.0,1.8370772767497252,1.6740620459571693,30.572788277349698,30.264061124026075,0.0
9.585,0.45200481396598924,-0.19142660459064448,0.09842000834617592,0.0,1.8399528822375661,1.6518864175388392,30.165618114503662,30.264061124026075,0.0
9.586,0.44239564669929576,-0.18790585337347004,0.3029895198644181,0.0,1.8399016135928687,1.658894238113074,29.639527065627302,30.264061124026075,0.0
9.587,0.44388737983967497,-0.18512171789240847,0.5722803848865857,0.0,1.8402852064793203,1.6925122674845623,30.3534615516699,30.264061124026075,0.0
9.588000000000001,0.46099320831246515,-0.19124805142296966,0.21441913758884928,0.0,1.8446939810574468,1.6788824835539713,30.548777328251933,30.264061124026075,0.0
9.589,0.45801781424471233,-0.19119454666439858,0.11391408725557317,0.0,1.8472317509259533,1.6600779640427494,29.869515338037832,30.264061124026075,0.0
9.59,0.44821326984204246,-0.18368406853266353,0.45749054022250624,0.0,1.8468096743095814,1.6832548797428126,30.063680681980962,30.264061124026075,0.0
9.591000000000001,0.4573556242376383,-0.1839288951309486,0.3624116726713924,0.0,1.848849532631982,1.6890737518233976,30.65336836642707,30.264061124026075,0.0
9.592,0.4620675063893589,-0.18611892848554293,0.06367475802432832,0.0,1.851505747733224,1.662177567099765,29.930944973305767,30.264061124026075,0.0
9.593,0.44963987451035314,-0.1799366416974601,0.4282176160921832,0.0,1.850504770971744,1.6827378642207633,29.76438363879406,30.264061124026075,0.0
9.594,0.45745840945670424,-0.17892430285474006,0.5164950582003558,0.0,1.8516103871936922,1.7062228088418445,30.413917284656993,30.264061124026075,0.0
9.595,0.470612239014089,-0.18507110292938003,0.19022967366258114,0.0,1.8556402076521914,1.6893291180009269,30.129558148701243,30.264061124026075,0.0
9.596,0.4654104839013743,-0.18321372180828957,0.3337542713937045,0.0,1.8573118970566833,1.6942818692437247,29.617495050290525,30.264061124026075,0.0
9.597,0.4672795882869137,-0.1799843593875512,0.5962514813364186,0.0,1.858975036589936,1.7260883423855433,30.435331879073296,30.264061124026075,0.0
9.598,0.4830848727332059,-0.18572153329271224,0.18562035939456134,0.0,1.8643158922378191,1.7053661964082363,30.326864990116082,30.264061124026075,0.0
9.599,0.4760163589235036,-0.18360310093664653,0.23922576521226802,0.0,1.866760048424965,1.698188845816345,29.650011854114968,30.264061124026075,0.0
9.6,0.47113235009025206,-0.1771295951023415,0.583792825911936,0.0,1.8675511526159936,1.7298065243547045,30.349720530140058,30.264061124026075,0.0
9.601,0.485288233425296,-0.1806815921293473,0.23308189383825145,0.0,1.8718803689730694,1.714711685068042,30.40231468430455,30.264061124026075,0.0
9.602,0.4804211140565589,-0.17971070385587423,0.2054022811532208,0.0,1.8741248620854196,1.702698545235048,29.69776544118688,30.264061124026075,0.0
9.603,0.47395340224368765,-0.17272142504444277,0.5633398595404469,0.0,1.8741844801167125,1.7324238755517625,30.269282388627122,30.264061124026075,0.0
9.604000000000001,0.4870277054891142,-0.17543132431517328,0.2775291731743159,0.0,1.8775786510844412,1.7226612328806612,30.40016557666276,30.264061124026075,0.0
9.605,0.4846263598214794,-0.1756548324616566,0.21072653463012936,0.0,1.8796546275916939,1.710118979253139,29.694156853025046,30.264061124026075,0.0
9.606,0.4788628798563626,-0.16904641195816825,0.5694299391589975,0.0,1.8795396197486203,1.739773918862198,30.235846379955724,30.264061124026075,0.0
9.607,0.4921774995781788,-0.17201161666457818,0.29886732313436176,0.0,1.8827938633734997,1.731580698948994,30.328739934133676,30.264061124026075,0.0
9.608,0.4907209642356333,-0.1726988007308176,0.25177375794430995,0.0,1.8849492988447938,1.7223509244638373,29.62889449672666,30.264061124026075,0.0
9.609,0.48704542131109235,-0.16686147308124516,0.6080481429208127,0.0,1.885317235438327,1.7543105333419151,30.2828828410112,30.264061124026075,0.0
9.61,0.501939185103352,-0.17092720949997156,0.2808657536086903,0.0,1.8893499435428696,1.741883098871046,30.197293440699465,30.264061124026075,0.0
9.611,0.49887658977544547,-0.17074811898290332,0.32432813059782456,0.0,1.8916762800688076,1.7396401871436369,29.6063130954443,30.264061124026075,0.0
9.612,0.498440767059975,-0.16553026371174448,0.6263957835112248,0.0,1.8929735185947536,1.7706643328375677,30.39250387276169,30.264061124026075,0.0
9.613,0.5131531110919603,-0.1705685349276941,0.23201596736517344,0.0,1.8978498362239633,1.7506906154388273,30.013922551323407,30.264061124026075,0.0
9.614,0.5066654296226323,-0.16789976526788736,0.4238080138113415,0.0,1.8998972029756407,1.7591035932153667,29.776658304981023,30.264061124026075,0.0
9.615,0.5106149179831949,-0.1638366357811189,0.5473141651729843,0.0,1.9021608742828573,1.7780484455403842,30.429135701080607,30.264061124026075,0.0
9.616,0.519743626380712,-0.16796351995008743,0.21942472135264662,0.0,1.9065872522453087,1.757057616389646,29.846793973229435,30.264061124026075,0.0
9.617,0.5120326100415394,-0.16286254897532135,0.5147682567861994,0.0,1.907869533847527,1.7753146901674062,30.075421476306573,30.264061124026075,0.0
9.618,0.5199523197543013,-0.161459643021118,0.4023409017248251,0.0,1.910745984722084,1.775605562084729,30.370244825154426,30.264061124026075,0.0
9.619,0.5206872016142381,-0.16296052042035014,0.25386739028961514,0.0,1.913543003274376,1.760945539283051,29.658216712094074,30.264061124026075,0.0
9.620000000000001,0.5150591538512126,-0.15607968495767108,0.6159398909391114,0.0,1.9138224170163836,1.789970364875098,30.237771992445914,30.264061124026075,0.0
9.621,0.5278622258005262,-0.15919935532485663,0.32642514207899276,0.0,1.9173883440384123,1.7791886835089787,29.94080583300321,30.264061124026075,0.0
9.622,0.5254899351637826,-0.15848182045661274,0.4781407747105733,0.0,1.9194093846824483,1.789814612749285,29.81038281321772,30.264061124026075,0.0
9.623,0.5321276034251841,-0.1556835704331017,0.5478890677114014,0.0,1.9219902820322068,1.8049813426186174,30.386912403239428,30.264061124026075,0.0
9.624,0.5400612238273894,-0.15987169639996984,0.2583957599084144,0.0,1.9263184389905137,1.7855414208860267,29.697814715130214,30.264061124026075,0.0
9.625,0.5334950593084244,-0.15401489542946498,0.6086070680519802,0.0,1.9275836587133062,1.810698098297456,30.192578909474346,30.264061124026075,0.0
9.626,0.544489871957195,-0.1553438213281994,0.36193979302543156,0.0,1.9314427740635287,1.8015550255691115,29.945261193253227,30.264061124026075,0.0
9.627,0.542022628326736,-0.1546499425702199,0.4887866504437194,0.0,1.933912054683529,1.810513343640739,29.81489335079762,30.264061124026075,0.0
9.628,0.5478586876849574,-0.15118988643097034,0.5584622494038066,0.0,1.936656571660954,1.8245519663129215,30.345132739217227,30.264061124026075,0.0
9.629,0.5548708690714803,-0.15498235012454334,0.29253183904209223,0.0,1.9409822707755418,1.806799097927304,29.658080844952607,30.264061124026075,0.0
9.63,0.5491770108043574,-0.14884484589706873,0.6421175889651369,0.0,1.94238706303815,1.8330642691101073,30.22927974949415,30.264061124026075,0.0
9.631,0.5606387256870582,-0.15100382475725802,0.35686595043968466,0.0,1.9465767559096736,1.8206521374440927,29.794505007513386,30.264061124026075,0.0
9.632,0.5572799266490964,-0.14883478574701553,0.5789488825951936,0.0,1.9488460822477143,1.8376659121971952,30.058869680528346,30.264061124026075,0.0
9.633000000000001,0.5663404673814104,-0.1476349786928901,0.4488184605226909,0.0,1.9524795650414104,1.8356398188883274,30.06513243190763,30.264061124026075,0.0
9.634,0.5662156961195182,-0.14871102395156713,0.4476763717542326,0.0,1.9556774532738455,1.835459687892041,29.676538430165454,30.264061124026075,0.0
9.635,0.568395939504878,-0.14346279566937728,0.6478485995639275,0.0,1.9579494740197803,1.85740665028037,30.286185123540275,30.264061124026075,0.0
9.636000000000001,0.5784735861044628,-0.14805238987024782,0.3428040128813753,0.0,1.9627463265748735,1.8407427529991807,29.653835151011727,30.264061124026075,0.0
9.637,0.574219197561123,-0.14267387125340633,0.6650812588757928,0.0,1.9647595711564758,1.8652946328335949,30.237841485451778,30.264061124026075,0.0
9.638,0.5851773474591726,-0.14478856386253822,0.37334028804151015,0.0,1.9693130806365333,1.8510304295167932,29.697686617843548,30.264061124026075,0.0
9.639,0.5811810161783578,-0.14131982269969984,0.6490814669074504,0.0,1.971582110382901,1.872446114803144,30.178847847623715,30.264061124026075,0.0
9.64,0.5915507858743075,-0.14185915878248206,0.4093529847813907,0.0,1.9758598200640012,1.8616389517336083,29.73927702482955,30.264061124026075,0.0
9.641,0.588450344635474,-0.1398177122227373,0.6343862371704376,0.0,1.978399089987638,1.8799359647564224,30.117473418842494,30.264061124026075,0.0
9.642,0.5981939163861363,-0.13906162464524086,0.44675391721580227,0.0,1.9824513790532652,1.8726645184454576,29.800184630829918,30.264061124026075,0.0
9.643,0.5961206021912581,-0.13836377844777828,0.6100370761540517,0.0,1.985302092375288,1.886688416633849,30.02579733259082,30.264061124026075,0.0
9.644,0.6045795151678472,-0.13621099323350944,0.49961336318795335,0.0,1.9890402962723521,1.884864342750576,29.893057700721418,30.264061124026075,0.0
9.645,0.6044635456071503,-0.1369456661846198,0.569693213355701,0.0,1.992324614268148,1.8925068630748931,29.898104346773756,30.264061124026075,0.0
9.646,0.6106721561328559,-0.13329946684007982,0.5708294581020548,0.0,1.9956363238393848,1.898453644733345,30.02173253260056,30.264061124026075,0.0
9.647,0.6135668739065367,-0.13561506897773115,0.5114386511029084,0.0,1.9995027188479306,1.8973362351158578,29.72647219445667,30.264061124026075,0.0
9.648,0.616432554357486,-0.1303849232592623,0.6644447094705477,0.0,2.002272261343465,1.913855502779538,30.1303769141632,30.264061124026075,0.0
9.649000000000001,0.6237412792356225,-0.13427948290864897,0.4638291917159107,0.0,2.0068974793744307,1.9046267274576323,29.630935467094375,30.264061124026075,0.0
9.65,0.6234544921691803,-0.12857524259554057,0.7198811718196405,0.0,2.0094708860391735,1.9270598582860596,30.205265640314714,30.264061124026075,0.0
9.651,0.6332914435277665,-0.13257987526470513,0.4333040400465845,0.0,2.014527817117025,1.9123380798819365,29.580743933789073,30.264061124026075,0.0
9.652000000000001,0.6306162216131216,-0.12640427824446956,0.7523980652117752,0.0,2.0168875152477606,1.9379529304361087,30.234552752642827,30.264061124026075,0.0
9.653,0.641614852726512,-0.1303897213845778,0.4257887394987305,0.0,2.0220728833364543,1.9208876980262317,29.527296018704355,30.264061124026075,0.0
9.654,0.6379826990351745,-0.12399535442297449,0.7867847575211836,0.0,2.0242899565781136,1.9495327041229928,30.250047637396854,30.264061124026075,0.0
9.655,0.6502756161050649,-0.12850632952122426,0.42554908304122646,0.0,2.029709974035706,1.9308004901466227,29.51608260762471,30.264061124026075,0.0
9.656,0.646277183698041,-0.12183914297186135,0.8000113830913118,0.0,2.0319362680784905,1.9598494657994292,30.2324133279443,30.264061124026075,0.0
9.657,0.6585777705124314,-0.12648959369188104,0.44216250089233455,0.0,2.037423051726972,1.9417151243751918,29.534674623841493,30.264061124026075,0.0
9.658,0.655053692894857,-0.11971929676073997,0.798325717945584,0.0,2.0397564856985575,1.969209992562151,30.187623901267077,30.264061124026075,0.0
9.659,0.6665523005246194,-0.12430436096664485,0.47261545146038186,0.0,2.0451781231236406,1.953498868228218,29.578873022391065,30.264061124026075,0.0
9.66,0.6642341361484845,-0.1176547352068616,0.7838427719147383,0.0,2.0477091748971867,1.9777631121426908,30.114344082470723,30.264061124026075,0.0
9.661,0.6742866009969217,-0.12194853609433409,0.5176044122904628,0.0,2.052952360240045,1.9663265913027672,29.63769104405338,30.264061124026075,0.0
9.662,0.6739500165206742,-0.11567995513908144,0.7621946322988611,0.0,2.0557950930506728,1.9862628978191603,30.024947452119346,30.264061124026075,0.0
9.663,0.682167391285792,-0.11966952698414429,0.5709575649849457,0.0,2.0608487219443865,1.9801005902914366,29.742099706898266,30.264061124026075,0.0
9.664,0.684218053309052,-0.11392886507685371,0.7176010517667636,0.0,2.0641093886677035,1.9929596315500884,29.8801687685914,30.264061124026075,0.0
9.665000000000001,0.6893493468953057,-0.11702387105477555,0.6524054444745433,0.0,2.068727750121199,1.9956769480109893,29.960082972412597,30.264061124026075,0.0
9.666,0.6950671642448676,-0.11267043991505155,0.6154881240800796,0.0,2.0726461795902855,1.9945977728280913,29.550116670079287,30.264061124026075,0.0
9.667,0.694721347862699,-0.11252788977220629,0.8276107197862022,0.0,2.0760927023898588,2.0178162348175444,30.214622720633397,30.264061124026075,0.0
9.668000000000001,0.7077736749412724,-0.1139217610322093,0.4958520785430741,0.0,2.0816711704484474,1.9990036122517374,29.448872578280554,30.264061124026075,0.0
9.669,0.7031537519083402,-0.1077006438033517,0.8868790351769509,0.0,2.0841122678368236,2.0295993651949384,30.112138172797824,30.264061124026075,0.0
9.67,0.7161213288108873,-0.11291719891952129,0.5567654674305983,0.0,2.0900048630157486,2.015684257874609,29.67358852177044,30.264061124026075,0.0
9.671,0.7156417056476931,-0.10616612572702488,0.7819450189668462,0.0,2.093121904342412,2.0320032414676326,29.839766623089773,30.264061124026075,0.0
9.672,0.7218825935955535,-0.1094537015395991,0.7030989133165433,0.0,2.0979882839670196,2.035385869791228,30.019053106443636,30.264061124026075,0.0
9.673,0.7282511362709729,-0.10547765448686497,0.6159057518154362,0.0,2.1022360475276,2.0294759557214883,29.415866840265373,30.264061124026075,0.0
9.674,0.7263233993504816,-0.10336005356986522,0.9259808277421745,0.0,2.105274867694805,2.059837735869741,30.16591212237386,30.264061124026075,0.0
9.675,0.7414023424973653,-0.10773315198117639,0.5519396767044527,0.0,2.11154820069453,2.0415439815311105,29.599163836035807,30.264061124026075,0.0
9.676,0.7389738495457064,-0.10044158892300403,0.8419627927533825,0.0,2.114519022039907,2.061767813858226,29.824207096001864,30.264061124026075,0.0
9.677,0.7467521093046108,-0.10416199672155213,0.7338397030505961,0.0,2.1196973049718792,2.0645926805563755,30.043934692073524,30.264061124026075,0.0
9.678,0.7532432673883225,-0.10041679716948276,0.6261771693342915,0.0,2.124191070251757,2.056254996274523,29.377284003268677,30.264061124026075,0.0
9.679,0.7505630019616635,-0.09710452129869285,0.9683702849442888,0.0,2.127074792225195,2.0882780657808757,30.070346666802653,30.264061124026075,0.0
9.68,0.7656918308245387,-0.10253091413911952,0.6237760977495352,0.0,2.133502474923078,2.0743689349572305,29.742636589310376,30.264061124026075,0.0
9.681000000000001,0.7659815520797102,-0.09577826802961509,0.7928453818428308,0.0,2.1370994212683607,2.084656467558508,29.55011842715002,30.264061124026075,0.0
9.682,0.769594100353145,-0.09752858418928906,0.8962438898917684,0.0,2.141625487477901,2.1035636014811105,30.148553101964076,30.264061124026075,0.0
9.683,0.7819341416320235,-0.09840339673945098,0.5981816327053612,0.0,2.147668386677669,2.0858905162034707,29.54308751833143,30.264061124026075,0.0
9.684000000000001,0.7783604164608637,-0.0910398969420263,0.908124160578631,0.0,2.150520954326477,2.108179840193112,29.728800909371632,30.264061124026075,0.0
9.685,0.7870561498533493,-0.09503559700874831,0.8206200672050741,0.0,2.1558303596146833,2.1148083450739605,30.12197174244916,30.264061124026075,0.0
9.686,0.7954142344714809,-0.09301599555152695,0.62545554448208,0.0,2.161009561701191,2.0998794514556804,29.426329077537698,30.264061124026075,0.0
9.687,0.7912950359469234,-0.08660480106948554,0.981654197402694,0.0,2.1634929188387675,2.128631557140261,29.765774414249982,30.264061124026075,0.0
9.688,0.8034222673300724,-0.09209773693637063,0.8169143961443127,0.0,2.1692714857212234,2.13169823586512,30.084403921427338,30.264061124026075,0.0
9.689,0.8113083225802383,-0.08950963301753423,0.6593962145816222,0.0,2.174439242998179,2.118610307682741,29.40681966855647,30.264061124026075,0.0
9.69,0.8078232112495086,-0.0835848102352898,1.0067607555717526,0.0,2.177155582262341,2.147595452169717,29.72679984240475,30.264061124026075,0.0
9.691,0.8203494559383037,-0.08919028358555448,0.8521432814638265,0.0,2.1831746523451367,2.152059410543565,30.102775135558648,30.264061124026075,0.0
9.692,0.8288842840543038,-0.08723001151279741,0.6657684947715508,0.0,2.188766526595532,2.1369102596473635,29.47006427518193,30.264061124026075,0.0
9.693,0.8249530571753836,-0.08026910165232426,0.9900638934483516,0.0,2.191538200967343,2.1618892362250346,29.59972493068959,30.264061124026075,0.0
9.694,0.8352194223636956,-0.08480001782914742,0.9318769276278864,0.0,2.197098615437795,2.1738353499155965,30.097126804305148,30.264061124026075,0.0
9.695,0.8462328515541936,-0.08529841894971579,0.6848453340173164,0.0,2.203307114791752,2.157442474486118,29.738830768528718,30.264061124026075,0.0
9.696,0.8421510604888018,-0.07939453025420534,0.8692456554605049,0.0,2.2066010648996532,2.1666232191389376,29.62893352529574,30.264061124026075,0.0
9.697000000000001,0.8425516333809658,-0.08367273053753754,0.9305455530642976,0.0,2.2110133353801698,2.1800293889304587,30.35841884679949,30.264061124026075,0.0
9.698,0.8488408531593452,-0.08830873174350956,0.5648593150846875,0.0,2.216792173921609,2.1510098751903834,30.102061159578167,30.264061124026075,0.0
9.699,0.8367501905403092,-0.08113262293332446,0.6946581583398289,0.0,2.218255445253717,2.1447977969022,29.783179498360685,30.264061124026075,0.0
9.700000000000001,0.8273990012610977,-0.08094491511851548,0.8589078052052237,0.0,2.2190022948522685,2.1570304504932096,30.447250782040253,30.264061124026075,0.0
9.701,0.829772365216949,-0.08550595278396295,0.5250402667852977,0.0,2.2214013160714137,2.1293920160621926,30.2607371189642,30.264061124026075,0.0
9.702,0.8179596341852727,-0.07891066817356412,0.6183303383739426,0.0,2.2200255000417437,2.119681044508184,29.895973582045347,30.264061124026075,0.0
9.703,0.8077432630810983,-0.07850676555126829,0.804392982253177,0.0,2.217837692017292,2.131343252128583,30.506939254221287,30.264061124026075,0.0
9.704,0.8100856354211144,-0.08366960305418675,0.4964813648632549,0.0,2.2176068367088693,2.1055297291643686,30.28153428396991,30.264061124026075,0.0
9.705,0.7997506278000092,-0.07829471639508945,0.6090091183895042,0.0,2.214174848727337,2.0988919165892415,29.972855605994198,30.264061124026075,0.0
9.706,0.7919272930682888,-0.07975339249836672,0.7662605125576797,0.0,2.2106364815243964,2.109504279040989,30.61043697661011,30.264061124026075,0.0
9.707,0.7953078117159019,-0.0849548699125835,0.44400606872388326,0.0,2.209070763041457,2.081230975365314,30.1994701878213,30.264061124026075,0.0
9.708,0.7841127528654389,-0.07977780262355155,0.6501353724803353,0.0,2.2042127938633067,2.0827904597204867,30.09498732655162,30.264061124026075,0.0
9.709,0.7800900852252846,-0.08404239061409746,0.70406754108992,0.0,2.20051744539034,2.087909987083729,30.699843839257895,30.264061124026075,0.0
9.71,0.783156211404491,-0.08719039798878353,0.397281457584465,0.0,2.1980072194323044,2.0574847354355414,30.05440088990191,30.264061124026075,0.0
9.711,0.7699184176571572,-0.08272996535003327,0.7220995346036991,0.0,2.192183363241244,2.0701356542375375,30.350791977235904,30.264061124026075,0.0
9.712,0.7711623838714928,-0.08959628059389552,0.5730366824046037,0.0,2.1890068835527012,2.061024786807085,30.47825529228764,30.264061124026075,0.0
9.713000000000001,0.7697813634620445,-0.08862603232349889,0.5071630831961208,0.0,2.1850615746277855,2.046916242667064,30.014731752255237,30.264061124026075,0.0
9.714,0.7616102845671667,-0.08988489231427499,0.7414181469300298,0.0,2.1802481192630494,2.0611358235257105,30.66162841290461,30.264061124026075,0.0
9.715,0.7667642889475886,-0.09630000343613127,0.41399414371655874,0.0,2.1780310411441475,2.0344442585004017,30.16536598211702,30.264061124026075,0.0
9.716000000000001,0.7569287028647228,-0.09221805825760934,0.6631123105294435,0.0,2.1728533492537476,2.042010835060206,30.341758101558053,30.264061124026075,0.0
9.717,0.756326775551339,-0.09846412746415956,0.5741392810336072,0.0,2.169677971272875,2.035992626005963,30.540580522805673,30.264061124026075,0.0
9.718,0.7558456215515948,-0.0977763084133565,0.4719628764220014,0.0,2.166080189397011,2.0199559335135753,30.05474693619372,30.264061124026075,0.0
9.719,0.7468256040060375,-0.0986967381290717,0.7169728116063016,0.0,2.1613466419187324,2.0341233793892446,30.73460284731819,30.264061124026075,0.0
9.72,0.7518310278220142,-0.1044597209688799,0.3723394388111455,0.0,2.1591279175910696,2.005400158774995,30.12068319719185,30.264061124026075,0.0
9.721,0.7404653325718281,-0.10029368854939286,0.6807330431426584,0.0,2.153742850240206,2.0179972987095027,30.539061090904497,30.264061124026075,0.0
9.722,0.7421772577671858,-0.1070814599476271,0.46879409661755,0.0,2.1509443187958803,2.0020970290304043,30.3209356750414,30.264061124026075,0.0
9.723,0.7372417965198429,-0.10447818335856324,0.5772880590389445,0.0,2.1464813753892997,2.00212067849555,30.312895876010206,30.264061124026075,0.0
9.724,0.7342841201212955,-0.10952827708355473,0.5808196110347008,0.0,2.1430486343455297,2.0012751895602086,30.603842979125506,30.264061124026075,0.0
9.725,0.7352749793528762,-0.11001911498573155,0.4319482409260562,0.0,2.1398781097445925,1.9836212379026563,30.110105237072304,30.264061124026075,0.0
9.726,0.7259277858940103,-0.1106239349384944,0.6803566708221951,0.0,2.1353208642537758,1.9972673698132186,30.79550101060338,30.264061124026075,0.0
9.727,0.7307368802524188,-0.1155233821704077,0.3323443851908835,0.0,2.13311684749908,1.9677052559512238,30.10475851901423,30.264061124026075,0.0
9.728,0.7182013086235919,-0.11180303621236415,0.6793086570355779,0.0,2.12771878850595,1.9839521483819427,30.730963273574766,30.264061124026075,0.0
9.729000000000001,0.7219480325117108,-0.11833293349076532,0.36153725825982286,0.0,2.1252407168154095,1.959072553742516,30.173172607122947,30.264061124026075,0.0
9.73,0.712340592443569,-0.11470785755885005,0.6413414766547635,0.0,2.1200584355046863,1.9714835750555557,30.66234798364794,30.264061124026075,0.0
9.731,0.7146734059325787,-0.12118716490893683,0.39277091979604806,0.0,2.117384459024168,1.951641778783339,30.224233817362887,30.264061124026075,0.0
9.732,0.7073556256931283,-0.11829695322287129,0.6122262760052068,0.0,2.112610984205512,1.9609708432031157,30.649732908606023,30.264061124026075,0.0
9.733,0.7087146537427056,-0.12448920513009246,0.3956200125378393,0.0,2.109957813137353,1.9426457402676989,30.24320783289862,30.264061124026075,0.0
9.734,0.7018435562280265,-0.12170011260328453,0.5990910833028156,0.0,2.105368726185448,1.9512051219449398,30.67051193207142,30.264061124026075,0.0
9.735,0.7029117788449797,-0.12770451906255656,0.3813745256359615,0.0,2.1027828617322464,1.932279909245251,30.237792808786068,30.264061124026075,0.0
9.736,0.6955280341668437,-0.12478728978656287,0.5979967704310377,0.0,2.098182123169443,1.9418171380151024,30.711368580602375,30.264061124026075,0.0
9.737,0.6970332685601265,-0.13069481013292172,0.3567358099571212,0.0,2.0956741808707644,1.9209962287215636,30.214643848123075,30.264061124026075,0.0
9.738,0.6885886081786992,-0.12766602661225374,0.6055923489558015,0.0,2.0909427004818637,1.9327374100079955,30.757933005967526,30.264061124026075,0.0
9.739,0.6911384855664977,-0.1335028294335726,0.329009051214161,0.0,2.0885308224060464,1.9095536638688537,30.188906948096864,30.264061124026075,0.0
9.74,0.6814695500790362,-0.13052366713238825,0.6142736219087841,0.0,2.083655681642554,1.9236811219673688,30.795633893570002,30.264061124026075,0.0
9.741,0.6852109407241298,-0.13619379474725912,0.30559442147677585,0.0,2.0813343064259104,1.8985927200993804,30.175977395621008,30.264061124026075,0.0
9.742,0.6745395544429976,-0.13345432788615816,0.6163035077353239,0.0,2.0763781859132617,1.9142570787866635,30.814568550250097,30.264061124026075,0.0
9.743,0.6791280700226864,-0.1387847925234469,0.29150285615853877,0.0,2.0740978590993198,1.888412776441343,30.177212675049386,30.264061124026075,0.0
9.744,0.6679362352001303,-0.1364705054087887,0.6110492782486614,0.0,2.0691532585032544,1.904599971581121,30.81908088060802,30.264061124026075,0.0
9.745000000000001,0.67297880234883,-0.14133877914331716,0.284564977903525,0.0,2.0668804904627183,1.8788986491538657,30.193234266303467,30.264061124026075,0.0
9.746,0.6616161529484434,-0.13956489306965827,0.5981965536330277,0.0,2.0620210567780624,1.8946048156045077,30.80510706810901,30.264061124026075,0.0
9.747,0.6666949719130507,-0.1438027128313596,0.2868496932894269,0.0,2.05970208214146,1.870197655066419,30.240537370316318,30.264061124026075,0.0
9.748,0.655648111071379,-0.14270588472456597,0.5693697797228704,0.0,2.0550112596253443,1.883455934111823,30.76522775739488,30.264061124026075,0.0
9.749,0.6598839420095155,-0.1459675928963238,0.30201291984990186,0.0,2.052485103445342,1.8621084375391028,30.305576622617654,30.264061124026075,0.0
9.75,0.6497857601815794,-0.14582076004516598,0.5314233322525986,0.0,2.048028044530723,1.871704947279135,30.697227951464242,30.264061124026075,0.0
9.751,0.6527764780565558,-0.1479204411925601,0.33126599955492264,0.0,2.0452087757362944,1.855154728648404,30.395250353925842,30.264061124026075,0.0
9.752,0.6443532891161373,-0.1491241958980775,0.480942906025125,0.0,2.0411278281643686,1.8594000960021977,30.569703558254893,30.264061124026075,0.0
9.753,0.6454759837695171,-0.1497898686078617,0.39065987951831116,0.0,2.0379406985360355,1.8511772015816923,30.568198906826872,30.264061124026075,0.0
9.754,0.6403235207881262,-0.1530432531830306,0.38837082740431395,0.0,2.034601208004655,1.8446869160474184,30.358903939744845,30.264061124026075,0.0
9.755,0.6370424106522685,-0.15176942956729866,0.49206988278813957,0.0,2.0307739835295053,1.850250894111927,30.841342576182544,30.264061124026075,0.0
9.756,0.6380012069364133,-0.15650303419306194,0.24507775004772536,0.0,2.028419314053311,1.8265313480745704,30.25538041024575,30.264061124026075,0.0
9.757,0.6268253327797232,-0.15367167884791233,0.5381456401539262,0.0,2.023569371786776,1.8408946130524937,30.780120895773777,30.264061124026075,0.0
9.758000000000001,0.6311285300201589,-0.15723697167297263,0.2706147996724353,0.0,2.021061246008896,1.8203923755139297,30.37919159885139,30.264061124026075,0.0
9.759,0.621396439795586,-0.1573232307821636,0.46992814338537636,0.0,2.016727544628707,1.8274028872617802,30.579107994855338,30.264061124026075,0.0
9.76,0.6233304548133822,-0.15840360630878464,0.36681947667510895,0.0,2.013646243278159,1.8196338283673652,30.61968960754403,30.264061124026075,0.0
9.761000000000001,0.6186855696202755,-0.16172319391228546,0.3429723854955842,0.0,2.010450517054344,1.811271729386111,30.325374223211046,30.264061124026075,0.0
9.762,0.6143460311531002,-0.16031851821104326,0.4895169466702257,0.0,2.006550443351612,1.8202155407010647,30.848714509579747,30.264061124026075,0.0
9.763,0.6171981154513592,-0.16464221182273847,0.2220002696303387,0.0,2.0044244112049485,1.7966255587706357,30.341991461016697,30.264061124026075,0.0
9.764,0.6058778757702554,-0.16301550447863275,0.47458249054195734,0.0,1.999929809335939,1.8069149300971654,30.631194309607025,30.264061124026075,0.0
9.765,0.6086482726337895,-0.16464470460260816,0.32630973439098376,0.0,1.9971090838735621,1.7964721326666175,30.598182828282656,30.264061124026075,0.0
9.766,0.6029429353076022,-0.16729595323298613,0.3394742580106024,0.0,1.9938014965624697,1.7903776586670692,30.330796724136356,30.264061124026075,0.0
9.767,0.5993267960191387,-0.16619174540645476,0.4724999540826499,0.0,1.99006724523531,1.7994037766165656,30.847646778004826,30.264061124026075,0.0
9.768,0.602493962137012,-0.17041735879114447,0.20823907060862723,0.0,1.988084890386397,1.7763703538296827,30.389741596817146,30.264061124026075,0.0
9.769,0.5913430083474741,-0.16909482515748359,0.43593485647455654,0.0,1.9838096939101373,1.784389459694617,30.548007060075378,30.264061124026075,0.0
9.77,0.593080417671942,-0.16996443533544303,0.3539626654849476,0.0,1.9808728101239086,1.7795826118943294,30.737953995720982,30.264061124026075,0.0
9.771,0.5899015930890953,-0.17351278169796472,0.2542502689451963,0.0,1.9781305519343726,1.7651811635833283,30.318414600564342,30.264061124026075,0.0
9.772,0.582406920006851,-0.17143616358530006,0.4634764317581337,0.0,1.9739584632766722,1.7767502619525128,30.7363953167639,30.264061124026075,0.0
9.773,0.5863970702797664,-0.17432697640397274,0.2497627317309763,0.0,1.97169924891284,1.7606306097270488,30.551633068086147,30.264061124026075,0.0
9.774000000000001,0.5783063159371205,-0.17552923380667912,0.33926813662925215,0.0,1.968157330948956,1.758809617307251,30.33571503451769,30.264061124026075,0.0
9.775,0.5759694619316553,-0.1748759833781814,0.4465106143085643,0.0,1.9647036254183181,1.76789429722596,30.841511856743907,30.264061124026075,0.0
9.776,0.5795581218743681,-0.17907844793206287,0.18783769586827792,0.0,1.9629725620378267,1.7457805716607568,30.454547715029705,30.264061124026075,0.0
9.777000000000001,0.5687866433947317,-0.17807349638100944,0.3794149008153426,0.0,1.9590506631227107,1.7505860832747913,30.439711417626075,30.264061124026075,0.0
9.778,0.5689196508739984,-0.17814044183046168,0.3850765465811574,0.0,1.95601891877546,1.7531035172131644,30.862829166227222,30.264061124026075,0.0
9.779,0.5693926909596405,-0.18202207094765918,0.1675299918585726,0.0,1.9539684020051677,1.7310285915112051,30.382213871555315,30.264061124026075,0.0
9.78,0.5582248792590636,-0.17973691062370628,0.4066561117192335,0.0,1.9496252604149027,1.7406686351222302,30.509854288972285,30.264061124026075,0.0
9.781,0.5605514151641366,-0.1808574201393156,0.34037797136128645,0.0,1.9468265449947233,1.738860906508583,30.804833936651544,30.264061124026075,0.0
9.782,0.5592694194670359,-0.18459274251484137,0.18748041939540216,0.0,1.9445266086213489,1.720962414787345,30.35838688253043,30.264061124026075,0.0
9.783,0.5500493456906661,-0.1824623082624519,0.40976068887091643,0.0,1.9403951157216697,1.7316049719212896,30.546782698410816,30.264061124026075,0.0
9.784,0.5533405173782983,-0.18414868277395546,0.31273556518687545,0.0,1.9379478333641427,1.7274203281284692,30.774005941509557,30.264061124026075,0.0
9.785,0.5510618355882029,-0.18752998974990429,0.19402449546266987,0.0,1.935681894885325,1.7116050207601416,30.3578887921611,30.264061124026075,0.0
9.786,0.5426106311597855,-0.18553227945881465,0.401144793455549,0.0,1.9318074583157765,1.722021839426449,30.547073901407767,30.264061124026075,0.0
9.787,0.5459500285333464,-0.18721415630433047,0.3037221110583977,0.0,1.9295671308257327,1.7177699887701803,30.782188685568947,30.264061124026075,0.0
9.788,0.5436422412907124,-0.19041478035573095,0.18098344336237904,0.0,1.9274609008962644,1.7014795143783683,30.373775169095065,30.264061124026075,0.0
9.789,0.5348124861324108,-0.1883188066654795,0.38409306114863,0.0,1.9236736831741195,1.711125104261225,30.507692648324458,30.264061124026075,0.0
9.790000000000001,0.5376312323792766,-0.1896624463135433,0.31469800629094996,0.0,1.9213985063106662,1.7093645015326364,30.812877019986594,30.264061124026075,0.0
9.791,0.53654384069357,-0.19301177056194202,0.15661766150027656,0.0,1.9195297761315409,1.6910053545600603,30.405310356522573,30.264061124026075,0.0
9.792,0.5268049426864521,-0.1908539083186931,0.35898850090732193,0.0,1.91574114618383,1.6991972499134376,30.44181392243725,30.264061124026075,0.0
9.793000000000001,0.5286077079996985,-0.19169324949348737,0.33895918996587104,0.0,1.9132644749178869,1.7016684669745463,30.825481889197917,30.264061124026075,0.0
9.794,0.5296700277016767,-0.1952247658920223,0.14151099893381996,0.0,1.9116626658767406,1.682027059784755,30.463697078331514,30.264061124026075,0.0
9.795,0.5195415769334532,-0.19357876440882965,0.3204070448239673,0.0,1.9080405216935932,1.6869674121495883,30.37962980791492,30.264061124026075,0.0
9.796,0.5195438949391025,-0.19372505584769273,0.3612849931933755,0.0,1.9053071792383505,1.6936575892330534,30.778044196006682,30.264061124026075,0.0
9.797,0.5226827295824047,-0.19700349930228817,0.15693796842768837,0.0,1.903875354602595,1.6761732135240217,30.568295835197283,30.264061124026075,0.0
9.798,0.5138171219325415,-0.19667519808593797,0.2587698017206761,0.0,1.9007693772911682,1.674545670020121,30.340516236005275,30.264061124026075,0.0
9.799,0.5107023227418899,-0.19588353207707407,0.37189505019688807,0.0,1.8977274431116822,1.6844497139693941,30.643078928206165,30.264061124026075,0.0
9.8,0.5150103064203574,-0.19846892784548448,0.21682352605464195,0.0,1.8962724169396858,1.6743650137688442,30.702533675974305,30.264061124026075,0.0
9.801,0.5100080021385199,-0.2001217352784065,0.18271142665108986,0.0,1.8941103782247712,1.6635349985859675,30.383649294807,30.264061124026075,0.0
9.802,0.5029969911797666,-0.19848212884864266,0.34095773552693287,0.0,1.8908846570814573,1.6720411841829106,30.459613547652115,30.264061124026075,0.0
9.803,0.5056387958922806,-0.1996557993663458,0.3010200848681152,0.0,1.8889776264334146,1.673037865816635,30.783577472452635,30.264061124026075,0.0
9.804,0.5061406267589934,-0.2026709643018412,0.13384295898358972,0.0,1.8876808984512756,1.655725285533261,30.508431555915447,30.264061124026075,0.0
9.805,0.4969336133226356,-0.20113505442981608,0.2689722129332898,0.0,1.8845834835037358,1.6575680694599881,30.386363329649864,30.264061124026075,0.0
9.806000000000001,0.4953702302002266,-0.20073944696467955,0.32878330400984335,0.0,1.8819519307211776,1.6642246629873139,30.651013786271715,30.264061124026075,0.0
9.807,0.4983365144178805,-0.20284266405659895,0.1925885490764614,0.0,1.8804845025243702,1.6540309828350481,30.67034030109935,30.264061124026075,0.0
9.808,0.4929588723695885,-0.20389501572409696,0.1788624998919106,0.0,1.878239175644522,1.6451832134848496,30.40383469298268,30.264061124026075,0.0
9.809000000000001,0.48675509101608705,-0.2025633274222146,0.31071756826067976,0.0,1.8751765952877582,1.6522656459224991,30.422873438861785,30.264061124026075,0.0
9.81,0.488817461338258,-0.2036072143900736,0.29961007217277047,0.0,1.8732566606599175,1.6555043032783752,30.736211663537656,30.264061124026075,0.0
9.811,0.4906312066636538,-0.2063035131650799,0.13821945443971934,0.0,1.8721387392260223,1.6404063201635517,30.57239438812522,30.264061124026075,0.0
9.812,0.4827406935063141,-0.20547754773945406,0.21704475950494667,0.0,1.8695049924394642,1.6378771268518877,30.376125941323913,30.264061124026075,0.0
9.813,0.4790136872434767,-0.20474296128978248,0.3140583347326209,0.0,1.8668091561451872,1.6455517839744647,30.46358337312609,30.264061124026075,0.0
9.814,0.4820802745730822,-0.2062290796137401,0.26833439634053147,0.0,1.865321188072729,1.6458150281110653,30.713718233012205,30.264061124026075,0.0
9.815,0.48234241832261965,-0.20882297612836712,0.13877039530761337,0.0,1.8642788086545456,1.632110180357906,30.534394599899567,30.264061124026075,0.0
9.816,0.47504730664311856,-0.20736793752206656,0.22572887710519746,0.0,1.8617841891910256,1.6313377361685486,30.426919234924696,30.264061124026075,0.0
9.817,0.47217314137544314,-0.20712697261558377,0.27783797848364666,0.0,1.859449831501271,1.6354986978480777,30.40216634497379,30.264061124026075,0.0
9.818,0.4735162820736222,-0.20817863144280332,0.288833371249623,0.0,1.8578830978685046,1.639522042651675,30.64212037588871,30.264061124026075,0.0
9.819,0.4753059821423238,-0.21101615455526723,0.1650757632735369,0.0,1.8571769830334732,1.629079653206032,30.573390605565574,30.264061124026075,0.0
9.82,0.4701170381915126,-0.21033427168883018,0.19634735361970912,0.0,1.8553938583909475,1.624877023074565,30.51563649675911,30.264061124026075,0.0
9.821,0.4661097583009632,-0.2094069803496962,0.2227086542956105,0.0,1.8532735999808878,1.6238922820113326,30.51639322527111,30.264061124026075,0.0
9.822000000000001,0.46402546408194034,-0.20957806522801975,0.21980696902716101,0.0,1.8512949855555174,1.622400390392316,30.528265633698595,30.264061124026075,0.0
9.823,0.4623744946157763,-0.20997083566847446,0.21122871971669283,0.0,1.8494065373104491,1.6201059996202845,30.526970006960955,30.264061124026075,0.0
9.824,0.46043770787613736,-0.21026608774647837,0.2092474442561642,0.0,1.8475060448368608,1.6179165821400947,30.514950321119922,30.264061124026075,0.0
9.825000000000001,0.4584527173598502,-0.21054240276927133,0.21274839520574196,0.0,1.8456041019943388,1.616359955609019,30.503981641706147,30.264061124026075,0.0
9.826,0.45678450047340796,-0.210923620571685,0.2158335297358288,0.0,1.8437758615909996,1.615236806687958,30.493214330412343,30.264061124026075,0.0
9.827,0.45533793218592533,-0.21158977920934063,0.21892565331886837,0.0,1.8420875956080058,1.6144948712102618,30.466804948113946,30.264061124026075,0.0
9.828,0.45435928742306264,-0.2120079236643675,0.230102906227188,0.0,1.8405332969792183,1.6149500645071602,30.38410168520699,30.264061124026075,0.0
9.829,0.45366229344628434,-0.2133909516094245,0.27025413206885734,0.0,1.8393278991724062,1.6195760538148085,30.493281853590247,30.264061124026075,0.0
9.83,0.4559422834546199,-0.2144962899673436,0.21337184058158665,0.0,1.8388133970169598,1.6167025712483092,30.64513956421043,30.264061124026075,0.0
9.831,0.4544682229480756,-0.21520793680539102,0.13363220086965083,0.0,1.8381302245890139,1.6060473958252774,30.54336878319298,30.264061124026075,0.0
9.832,0.4478964231344499,-0.2137248460706083,0.1817245147867067,0.0,1.8362795954123534,1.6031851290041836,30.3801765094834,30.264061124026075,0.0
9.833,0.44414253332846215,-0.2126168757712062,0.26215949778692343,0.0,1.834220756645663,1.6091381608189086,30.363809198601217,30.264061124026075,0.0
9.834,0.44618272480453763,-0.2132443555976966,0.2693456724822644,0.0,1.8330432074210217,1.614014175001549,30.646462278368396,30.264061124026075,0.0
9.835,0.4488468691214898,-0.21539181838235405,0.12419512105525143,0.0,1.8327009606451565,1.6019737564794327,30.633035687931315,30.264061124026075,0.0
9.836,0.4426068595375657,-0.21474851277118062,0.12721867063473974,0.0,1.8310966584495911,1.593600293597357,30.390908455607494,30.264061124026075,0.0
9.837,0.4362517174021397,-0.21241464195621954,0.24701381348083584,0.0,1.8285651474518398,1.599687642540265,30.32910917239032,30.264061124026075,0.0
9.838000000000001,0.4375066961389,-0.2127186410099487,0.27726297460577987,0.0,1.8269523010522148,1.6068409627019924,30.54556558485997,30.264061124026075,0.0
9.839,0.4414830318787299,-0.21472572192379533,0.1662197237626175,0.0,1.82643381021871,1.6001755698595734,30.647178001660482,30.264061124026075,0.0
9.84,0.4383608548125607,-0.21548599823577125,0.11158234658601668,0.0,1.8253641887694931,1.5896083910717282,30.416474655276247,30.264061124026075,0.0
9.841000000000001,0.4316446316366271,-0.21352105719671524,0.22540988446563254,0.0,1.823121065308998,1.5937659337349612,30.28648154185277,30.264061124026075,0.0
9.842,0.4318482981896721,-0.21322422257320922,0.29018223699910434,0.0,1.8215050060626803,1.6031805276331121,30.462687062743083,30.264061124026075,0.0
9.843,0.43672867650089514,-0.21524275400162204,0.20009321716677753,0.0,1.8212170189341692,1.600399735561222,30.6726314560486,30.264061124026075,0.0
9.844,0.43590343281318983,-0.21671743476838728,0.0910353171937941,0.0,1.820821780881381,1.586912325773724,30.45553766396733,30.264061124026075,0.0
9.845,0.4281777998242187,-0.21457889433100144,0.19766744783501572,0.0,1.8188673393993415,1.588395813721871,30.24034433018052,30.264061124026075,0.0
9.846,0.426615918048856,-0.2134934412515679,0.3055012826668767,0.0,1.817158676425957,1.6004254599174927,30.38348366771379,30.264061124026075,0.0
9.847,0.4324025697222455,-0.21544290216658138,0.2327373884633644,0.0,1.8170491396009187,1.601346757983682,30.68662330185775,30.264061124026075,0.0
9.848,0.4338051615756594,-0.21755383430438444,0.0769419496130675,0.0,1.8172553941910117,1.5856586946421092,30.51287211183563,30.264061124026075,0.0
9.849,0.4254020444691081,-0.2154361544890018,0.16132943474603195,0.0,1.8156181628868682,1.5833390096470872,30.22929097674416,30.264061124026075,0.0
9.85,0.4216121566665549,-0.21339298458791348,0.3034677037645863,0.0,1.8137091143226702,1.59621176124908,30.307198233842254,30.264061124026075,0.0
9.851,0.42719887065251716,-0.21495555930704005,0.26408270411737766,0.0,1.8134705606932067,1.6012001627665928,30.644445819270906,30.264061124026075,0.0
9.852,0.4308757478136472,-0.21739613700283802,0.09165506445060301,0.0,1.8140075403777873,1.5867440890546705,30.56865524252825,30.264061124026075,0.0
9.853,0.423626736554023,-0.21599318895952657,0.12650441163690873,0.0,1.8128664846609952,1.5801791852797298,30.25782499391603,30.264061124026075,0.0
9.854000000000001,0.41785582854893216,-0.21339638177419543,0.2819818972441191,0.0,1.810911424828435,1.5914730060234983,30.220868596915093,30.264061124026075,0.0
9.855,0.4220931242795298,-0.21411380510236505,0.3008920210156983,0.0,1.8103861376914596,1.6014434658580183,30.557195787612365,30.264061124026075,0.0
9.856,0.4280884224348752,-0.2170146575823652,0.1297970790311994,0.0,1.8112223447911522,1.5907376962995967,30.64640899017088,30.264061124026075,0.0
9.857,0.42338505990865005,-0.21677937062199693,0.08136699909049394,0.0,1.8108494641345927,1.578147087892792,30.311617396185486,30.264061124026075,0.0
9.858,0.41521819758950834,-0.2132767985858602,0.24828723336159653,0.0,1.8088718806486372,1.5864751000600825,30.136627917816543,30.264061124026075,0.0
9.859,0.4170942887751844,-0.21297636721604482,0.3370563046081632,0.0,1.807926834997688,1.601579909502845,30.459425910628337,30.264061124026075,0.0
9.86,0.4251661852978158,-0.21630156641480922,0.17370366033624396,0.0,1.8089555510816724,1.5953541041482269,30.709056404654604,30.264061124026075,0.0
9.861,0.4235366608299605,-0.21701909155097646,0.04443846051682532,0.0,1.8093044907947873,1.5775280720567422,30.36811123600693,30.264061124026075,0.0
9.862,0.41342543791256003,-0.2129910109514065,0.21387054372085423,0.0,1.8073856692101273,1.58254565757259,30.09532019669615,30.264061124026075,0.0
9.863,0.4128701452398545,-0.21180008478586057,0.35195347264954274,0.0,1.806069767263304,1.6003243736933266,30.35670771900635,30.264061124026075,0.0
9.864,0.4218477556309196,-0.2148495020854674,0.2203332455446393,0.0,1.8070106722878494,1.5993414836667368,30.700080096790245,30.264061124026075,0.0
9.865,0.4233238951637558,-0.21647638507301026,0.04428686692505085,0.0,1.8079076607629148,1.5804294745234533,30.437838013976638,30.264061124026075,0.0
9.866,0.41328604088872384,-0.21310326264392307,0.17367013943234877,0.0,1.80643643717907,1.5806099142695853,30.08589257587478,30.264061124026075,0.0
9.867,0.4102266390981821,-0.21095220195428455,0.35142454396479056,0.0,1.8049274944766533,1.5991204951104248,30.263505656830958,30.264061124026075,0.0
9.868,0.4189789698071032,-0.21337139665776486,0.2626235581586528,0.0,1.8057081261528416,1.6030901207170518,30.6426252033832,30.264061124026075,0.0
9.869,0.4231294304425105,-0.2155318517805084,0.06927814408896016,0.0,1.8070211153385414,1.585991833878225,30.51038779429402,30.264061124026075,0.0
9.870000000000001,0.4145888698252408,-0.21319949547840744,0.13293358193087174,0.0,1.8062148131773292,1.5806511932194112,30.13607781891327,30.264061124026075,0.0
9.871,0.409083514362882,-0.21015460079225917,0.3213684026723733,0.0,1.8046434623139016,1.5963754458081907,30.149194745340605,30.264061124026075,0.0
9.872,0.4157854918744703,-0.21123035064269582,0.3159586032455614,0.0,1.8049504532261045,1.6070984408264872,30.543852765953815,30.264061124026075,0.0
9.873,0.4227712036508818,-0.21439375648457074,0.1158316765196788,0.0,1.8066362616930185,1.5941185629683052,30.59589898813115,30.264061124026075,0.0
9.874,0.41716088941973023,-0.21345179295141292,0.08649018678996051,0.0,1.8067202514803566,1.5820659508228139,30.19279646794232,30.264061124026075,0.0
9.875,0.4091587654740575,-0.20920155163279994,0.28875409344521363,0.0,1.8051324741646964,1.5945935739916928,30.04554083152719,30.264061124026075,0.0
9.876,0.41335491559428406,-0.2091009767317922,0.3645671145777665,0.0,1.8049876760715649,1.6114848526174654,30.468295681061672,30.264061124026075,0.0
9.877,0.4227633954113898,-0.21309678821866124,0.1511473442401699,0.0,1.8069870306628897,1.601445247344206,30.668334389256593,30.264061124026075,0.0
9.878,0.41951524379095223,-0.2129516672884396,0.047085257490404375,0.0,1.807726567850563,1.5837482876947266,30.2255245058592,30.264061124026075,0.0
9.879,0.40929288456631413,-0.20776450871908553,0.26887556537076873,0.0,1.8060533191211945,1.5944245104618051,29.990449089940487,30.264061124026075,0.0
9.88,0.41175334356275917,-0.20695470691724333,0.389149393670982,0.0,1.8055778109289615,1.6145051300316045,30.40186740265267,30.264061124026075,0.0
9.881,0.4224453477485232,-0.21108059269336055,0.18206217452862472,0.0,1.807619860966323,1.607396288566069,30.67002400397625,30.264061124026075,0.0
9.882,0.4211854594344241,-0.21155952115729146,0.043924245067333584,0.0,1.808758245126666,1.5883237439579139,30.241603274575485,30.264061124026075,0.0
9.883000000000001,0.4107209724417953,-0.20655220468239024,0.25835918826222093,0.0,1.8073199423132806,1.5973800099587063,29.958240764941284,30.264061124026075,0.0
9.884,0.4122750859866117,-0.20532287805787552,0.40309864667016976,0.0,1.8068459436173656,1.6188882127111515,30.362139763343574,30.264061124026075,0.0
9.885,0.4235127212569785,-0.2093489199693418,0.20016836107584954,0.0,1.8090253229427928,1.6132078705750128,30.662962695736237,30.264061124026075,0.0
9.886000000000001,0.4231753044798443,-0.2100378998902333,0.045767879162416536,0.0,1.810454257494247,1.5935082426286848,30.23756098165476,30.264061124026075,0.0
9.887,0.4125935927603386,-0.20505792933265665,0.25873373762686835,0.0,1.8092156492353808,1.6020523343037336,29.92890836453044,30.264061124026075,0.0
9.888,0.413871907471343,-0.20358049936650702,0.41641157378398475,0.0,1.8088425933792054,1.624586627642624,30.348670271034774,30.264061124026075,0.0
9.889,0.42555279428582576,-0.20764454537076726,0.2056845290617307,0.0,1.8112220918026665,1.6188013183785048,30.660543225323575,30.264061124026075,0.0
9.89,0.42528236482293663,-0.2082943047909248,0.04578323090435474,0.0,1.8128159425335442,1.5984971736421179,30.208372945783417,30.264061124026075,0.0
9.891,0.4144577520560244,-0.2030374410384037,0.27242525245686067,0.0,1.8116352411107168,1.6081004669145385,29.8977150821593,30.264061124026075,0.0
9.892,0.41626115453883694,-0.2015472511727262,0.4314176446875861,0.0,1.8114215869097148,1.631541483246511,30.360374250001833,30.264061124026075,0.0
9.893,0.4284737987257919,-0.20592176187442893,0.19912492950656283,0.0,1.814069497837854,1.6241495530972279,30.6621999291534,30.264061124026075,0.0
9.894,0.42749952113183914,-0.2063412012131064,0.04423070187950651,0.0,1.815715817878489,1.6032754661457271,30.15297660472524,30.264061124026075,0.0
9.895,0.4163498257103731,-0.2005105236874935,0.2999532092865946,0.0,1.8144645282987062,1.6155485617049108,29.860053955699765,30.264061124026075,0.0
9.896,0.4195008268727389,-0.19926755101736351,0.45045460548259475,0.0,1.8144872570143618,1.6400090401756122,30.391142368109993,30.264061124026075,0.0
9.897,0.4324115412588217,-0.2043511014732335,0.18363958683664194,0.0,1.8175253809823686,1.6297824090869484,30.65867967809979,30.264061124026075,0.0
9.898,0.4301819206830034,-0.20433445135119657,0.04592474630100568,0.0,1.8191843624267259,1.6087761366386926,30.082608451638333,30.264061124026075,0.0
9.899000000000001,0.4188485792832981,-0.19777277441740249,0.3357748862556122,0.0,1.8178552005203248,1.6245214247282704,29.8644376750521,30.264061124026075,0.0
9.9,0.42379392344694367,-0.19691680177927826,0.4488565090384691,0.0,1.8182049433926657,1.6474424236528202,30.42599447932003,30.264061124026075,0.0
9.901,0.4362056597062683,-0.20226312564574697,0.16645877335156456,0.0,1.8214084672219206,1.6345958922718717,30.55903895586971,30.264061124026075,0.0
9.902000000000001,0.4324601353526746,-0.2017229420592126,0.0969867567582875,0.0,1.8228941020969718,1.6190725469850415,30.002960992200983,30.264061124026075,0.0
9.903,0.42367061730349015,-0.19576309580776238,0.377636739910902,0.0,1.8220286577040403,1.6377457097689934,29.986204070157765,30.264061124026075,0.0
9.904,0.4309369898691696,-0.19565967041501406,0.388793771471194,0.0,1.8231652956981097,1.6519985893126472,30.52343026360873,30.264061124026075,0.0
9.905,0.43960167169887426,-0.1992999036164474,0.11758698334988449,0.0,1.8260150177532224,1.6341150764167844,30.366652554348637,30.264061124026075,0.0
9.906,0.43206852956781444,-0.19708251441499117,0.19494992367670594,0.0,1.8265111011690633,1.6304421707858956,29.77344716955604,30.264061124026075,0.0
9.907,0.42815464521790153,-0.19328209137834457,0.49645875561770486,0.0,1.8261944130382142,1.659933702027102,30.174212620329534,30.264061124026075,0.0
9.908,0.44240448295260376,-0.19646303526404885,0.29697451526792285,0.0,1.8292464549023653,1.6598794355789002,30.713828394091106,30.264061124026075,0.0
9.909,0.4457167335195349,-0.19818976906490843,0.02266895568648672,0.0,1.832145997214518,1.631735181626458,30.117910001089072,30.264061124026075,0.0
9.91,0.43186022845671573,-0.1916797876632094,0.3220896634168736,0.0,1.8312077946080159,1.6439319788092117,29.71055097187391,30.264061124026075,0.0
9.911,0.43445539092963875,-0.18932003752348836,0.5313042795459759,0.0,1.8313886192790867,1.6744106437872874,30.38357787355314,30.264061124026075,0.0
9.912,0.45012547895250815,-0.19542297635095207,0.19359566121109067,0.0,1.835294148753277,1.6609216724987481,30.574139561951295,30.264061124026075,0.0
9.913,0.4469510443949917,-0.1952017830232926,0.09521403263276096,0.0,1.8373748674968768,1.64223314700777,29.925649555035264,30.264061124026075,0.0
9.914,0.4370170562052919,-0.18803786186150356,0.4228431517806846,0.0,1.836592842422498,1.663705559687596,30.010838392048726,30.264061124026075,0.0
9.915000000000001,0.4453588373487801,-0.18801682217096877,0.38278096059372724,0.0,1.8381055859691995,1.674252460562276,30.622047293016376,30.264061124026075,0.0
9.916,0.45246501454126087,-0.1908865762746817,0.07359664841999908,0.0,1.8408376285970132,1.6495880315971805,30.115347091743658,30.264061124026075,0.0
9.917,0.44131464999739256,-0.18650358008763782,0.3284338893791822,0.0,1.840319196943923,1.6600847912903731,29.65011636370588,30.264061124026075,0.0
9.918000000000001,0.4442241258900406,-0.18408799285609645,0.567188701001273,0.0,1.8406803997918622,1.6927631427241456,30.362556657214572,30.264061124026075,0.0
9.919,0.4611339593904277,-0.1905719857520427,0.20998359891504204,0.0,1.8450107125892545,1.678698683027513,30.49669689849202,30.264061124026075,0.0
9.92,0.45795015927729665,-0.19047678119868078,0.1405871205316594,0.0,1.8474262357074145,1.6629314553264207,29.83188648549004,30.264061124026075,0.0
9.921,0.4496645988899383,-0.1835888756247207,0.4773140734180099,0.0,1.8472667661760478,1.6875960059500645,30.106014699983618,30.264061124026075,0.0
9.922,0.4599611377976204,-0.184481189910265,0.34183043041164474,0.0,1.8497567322873312,1.690292209414924,30.64779659510067,30.264061124026075,0.0
9.923,0.4632913839928467,-0.1863386670117575,0.06710212814237326,0.0,1.852462721472281,1.6638391506324726,29.898196692247748,30.264061124026075,0.0
9.924,0.4508685730142659,-0.17962496671554273,0.44556072388661716,0.0,1.8514957240568921,1.6860795368709165,29.81601229446905,30.264061124026075,0.0
9.925,0.4594561505092375,-0.17889695961976057,0.49113341107153585,0.0,1.852836521229313,1.706158732742643,30.452471748109414,30.264061124026075,0.0
9.926,0.471091539959713,-0.1844077442831287,0.17101957801052092,0.0,1.8566646246555922,1.6875018231712757,30.069777291207792,30.264061124026075,0.0
9.927,0.4646292635523568,-0.18176112649178994,0.36430964478951444,0.0,1.8578979909784268,1.6963836648752866,29.654180202255283,30.264061124026075,0.0
9.928,0.46823417017939684,-0.17901474299843706,0.578206998483477,0.0,1.859620568833023,1.7256353047866784,30.43968946119992,30.264061124026075,0.0
9.929,0.4830130459560909,-0.18497206290457785,0.1836960856394207,0.0,1.8647788219179073,1.7050092372734378,30.234105327027603,30.264061124026075,0.0
9.93,0.47594856382945483,-0.18252928227813509,0.28678771069556336,0.0,1.8670303638750094,1.7031716714963236,29.635496521965205,30.264061124026075,0.0
9.931000000000001,0.47385540092695694,-0.17705877758426697,0.5923777592473709,0.0,1.8682956673486288,1.7344866086807764,30.41016431600692,30.264061124026075,0.0
9.932,0.4883540724427474,-0.1815001981858141,0.20358283030670493,0.0,1.8731091955064403,1.7153574543293932,30.313963061737873,30.264061124026075,0.0
9.933,0.481666959318518,-0.17954114181811304,0.2511844380641106,0.0,1.8752685450068698,1.7086272635304733,29.643734077774475,30.264061124026075,0.0
9.934000000000001,0.4773704152506393,-0.17309625492138342,0.5925022005083255,0.0,1.8758495934824015,1.7402607132690022,30.366773224256814,30.264061124026075,0.0
9.935,0.4916655088672942,-0.1769866685435206,0.2299555062648485,0.0,1.8800282764516352,1.7238801831514967,30.297782048455304,30.264061124026075,0.0
9.936,0.4863630136172056,-0.175748879965005,0.26411388492131155,0.0,1.8819759772323372,1.7176646883509867,29.63184772368981,30.264061124026075,0.0
9.937,0.48297840933954933,-0.16963123569472244,0.6034031813074214,0.0,1.8824467954709707,1.7495650334425465,30.36915567611509,30.264061124026075,0.0
9.938,0.4976829205709963,-0.1739157868553592,0.23369825957389162,0.0,1.886593043465271,1.7326106492160287,30.211528967866563,30.264061124026075,0.0
9.939,0.4923645523776549,-0.17256778859210054,0.31303693525974935,0.0,1.8884381029169242,1.7309226973679543,29.64021706627434,30.264061124026075,0.0
9.94,0.49149470895088604,-0.1671092119693933,0.6049313266333789,0.0,1.8893428977927391,1.7609455420391043,30.41013577079512,30.264061124026075,0.0
9.941,0.5056274414980374,-0.1719124216213917,0.21851122790529853,0.0,1.8937424364760345,1.7410681279424416,30.06625176683245,30.264061124026075,0.0
9.942,0.4990412486591383,-0.1693286844360093,0.3924313234585685,0.0,1.8953820366944218,1.7474796291596653,29.73628100089581,30.264061124026075,0.0
9.943,0.5019818915036823,-0.16502192981819372,0.5626945076581911,0.0,1.8970509213765885,1.7700143569421432,30.431514528574443,30.264061124026075,0.0
9.944,0.5128512544353706,-0.16967022121776285,0.21340320977339167,0.0,1.9013607699689157,1.7491716023112254,29.91689063028719,30.264061124026075,0.0
9.945,0.5055651855007807,-0.1653015740585239,0.47418686385440606,0.0,1.9026283241374067,1.7639333841425129,29.989842127122415,30.264061124026075,0.0
9.946,0.5121442401054888,-0.16294277260253387,0.44045330540583094,0.0,1.9050295193836102,1.7702306585415033,30.480833614465418,30.264061124026075,0.0
9.947000000000001,0.5155914825761645,-0.16534876184324898,0.19278983682993622,0.0,1.9081085693761322,1.748919272940626,29.689776484767286,30.264061124026075,0.0
9.948,0.5069362431721448,-0.15825364456911944,0.59406124807159,0.0,1.907944053016752,1.7776499695805776,30.178213451849224,30.264061124026075,0.0
9.949,0.5192590398358377,-0.1601786378416431,0.3507012412523894,0.0,1.9109517583900237,1.7712667700310207,30.13052261443245,30.264061124026075,0.0
9.950000000000001,0.5184512075293212,-0.16106391460471142,0.37588204505671236,0.0,1.9130985037822257,1.7712382389807686,29.609296050521746,30.264061124026075,0.0
9.951,0.5202591053955863,-0.15649414755528154,0.6430429777471083,0.0,1.9145161943871136,1.8003561830443073,30.37482558344854,30.264061124026075,0.0
9.952,0.5344520850822424,-0.16207003373137785,0.259170566689486,0.0,1.9193629554877316,1.7802633784318695,29.820049630259604,30.264061124026075,0.0
9.953,0.5285587234542475,-0.15835434482164792,0.5409986582216193,0.0,1.921251275375213,1.798294544145794,30.062869753369984,30.264061124026075,0.0
9.954,0.5370836574370729,-0.157048296869299,0.42160051037298985,0.0,1.9246473714596772,1.7977626717440138,30.264855770049472,30.264061124026075,0.0
9.955,0.5374591303876595,-0.15845731520208176,0.32059955557301195,0.0,1.927818723191647,1.7877514199566098,29.61256897156593,30.264061124026075,0.0
9.956,0.5342743409187083,-0.15202634576862717,0.6532578763393838,0.0,1.928950317750672,1.8170149349245344,30.302529333543763,30.264061124026075,0.0
9.957,0.5474268136049444,-0.15603277551284833,0.307893013255291,0.0,1.9334001213167848,1.8006699198144793,29.796425183292644,30.264061124026075,0.0
9.958,0.542923168409546,-0.1530869852095777,0.5656214477881847,0.0,1.935406341784479,1.818835088699856,30.074849836335158,30.264061124026075,0.0
9.959,0.5520269959233322,-0.15211702534827495,0.42830123414383703,0.0,1.9389512194122314,1.8166553974187878,30.138067074675632,30.264061124026075,0.0
9.96,0.5518271183431687,-0.15323045537421284,0.3979525554671043,0.0,1.9420558170505675,1.8131960353195602,29.618792489039343,30.264061124026075,0.0
9.961,0.5521544737897471,-0.1475450035084648,0.6640425346351162,0.0,1.943867484709656,1.839928445814412,30.341978865647572,30.264061124026075,0.0
9.962,0.5644331731590562,-0.15242192483870282,0.3016701689147866,0.0,1.9487645425173041,1.8202995386286134,29.688631269345187,30.264061124026075,0.0
9.963000000000001,0.5587921409545357,-0.14751667117589076,0.6340982656127883,0.0,1.9506206567093962,1.8440573427723324,30.201155676195167,30.264061124026075,0.0
9.964,0.5694935857174014,-0.14855605340003997,0.3784651166661071,0.0,1.9548303244779348,1.8329474813238136,29.81385332494932,30.264061124026075,0.0
9.965,0.5662289686864352,-0.14676105290590913,0.576618370279798,0.0,1.9573001954481724,1.8481888845050094,30.02816082656171,30.264061124026075,0.0
9.966000000000001,0.5746507670119376,-0.14487821665989567,0.47182362244824727,0.0,1.9608580576573862,1.8476851356813861,30.065470349958428,30.264061124026075,0.0
9.967,0.575028731501662,-0.14618248292622105,0.4551547684905645,0.0,1.964172056415071,1.846844563393402,29.680539397226795,30.264061124026075,0.0
9.968,0.5770700625207124,-0.14083822534071752,0.6534554621243738,0.0,1.9664696870711214,1.8681784462820825,30.268611990259327,30.264061124026075,0.0
9.969,0.5867695483156499,-0.14533206538619675,0.3593736569457753,0.0,1.9712187079312917,1.8522301683142632,29.64002105282264,30.264061124026075,0.0
9.97,0.5829552322416985,-0.13979283257521308,0.6799095263761533,0.0,1.9732437448990003,1.8770679535444543,30.245526978050876,30.264061124026075,0.0
9.971,0.5939974542092114,-0.14232788576010053,0.37734190522178723,0.0,1.9778843048714043,1.8618838793499475,29.656260748331032,30.264061124026075,0.0
9.972,0.5898986904737572,-0.13826639686304135,0.6780530238386594,0.0,1.9800702871165927,1.885347454062107,30.21194114549714,30.264061124026075,0.0
9.973,0.6009283497434966,-0.13969485910274865,0.4007340250408953,0.0,1.984581774343816,1.8719168183166204,29.66777942960611,30.264061124026075,0.0
9.974,0.5972551677978798,-0.13647998841801745,0.6787776999306094,0.0,1.9869311288760505,1.8941527357009662,30.193932825993603,30.264061124026075,0.0
9.975,0.6081471651790678,-0.13736013192057547,0.4164022847171879,0.0,1.9913981041856257,1.8815234128463407,29.658255443883757,30.264061124026075,0.0
9.976,0.6046517378420981,-0.134479074322501,0.6902990325735339,0.0,1.993829731907966,1.9038495332053456,30.19719288919541,30.264061124026075,0.0
9.977,0.6157747563174715,-0.1352973905434491,0.42149899226601406,0.0,1.9983696342542587,1.8906207460826332,29.62791685203001,30.264061124026075,0.0
9.978,0.6120759062772003,-0.13223830838941417,0.7124984535686756,0.0,2.0007879854544965,1.9143848727423725,30.222623291458813,30.264061124026075,0.0
9.979000000000001,0.623760495820698,-0.1335058256601758,0.41555961217994586,0.0,2.0055109319220095,1.8991188613401873,29.57651522532387,30.264061124026075,0.0
9.98,0.6194725598479822,-0.12971437199219343,0.7454891042344393,0.0,2.007805247526367,1.9257018971172868,30.27326458584749,30.264061124026075,0.0
9.981,0.632075835309282,-0.13192557157278342,0.39702238935441586,0.0,2.0128095816385434,1.9067961876592951,29.487414085340628,30.264061124026075,0.0
9.982000000000001,0.6266467830296903,-0.12696641878584403,0.7977141099947007,0.0,2.014855292591333,1.9385654674829202,30.30750675975828,30.264061124026075,0.0
9.983,0.6410671793000801,-0.1307093919783196,0.387233316428553,0.0,2.020334679010249,1.9165620518082433,29.463945426123875,30.264061124026075,0.0
9.984,0.6351487304420558,-0.12471175873681897,0.8170151402247774,0.0,2.022368615831315,1.9494829582332587,30.299863750125105,30.264061124026075,0.0
9.985,0.6495209087264249,-0.12912949329132284,0.39869795196317176,0.0,2.0280371767461864,1.9273623346512785,29.47362489670797,30.264061124026075,0.0
9.986,0.64396955210879,-0.12253820009569627,0.81972174094492,0.0,2.0301575996143093,1.9592707892003771,30.27508002363469,30.264061124026075,0.0
9.987,0.6575652303278539,-0.12718526802412777,0.41888398848547437,0.0,2.0358339160546124,1.9383470117507469,29.496618870617603,30.264061124026075,0.0
9.988,0.6527510185049586,-0.12027692330236636,0.8157889875281027,0.0,2.038043834507245,1.9684166911921033,30.23287808495478,30.264061124026075,0.0
9.989,0.6653360008494518,-0.12499852372919296,0.4479712107502267,0.0,2.0436281885529186,1.949838898922471,29.539586343201396,30.264061124026075,0.0
9.99,0.6617371783362135,-0.11805388485999019,0.8018618294351657,0.0,2.0459852016871807,1.9768051874073929,30.162790681717368,30.264061124026075,0.0
9.991,0.6728740210268406,-0.12260240532942443,0.4912723646002667,0.0,2.0513729259968385,1.9623457601174585,29.604459889462483,30.264061124026075,0.0
9.992,0.6712102824850815,-0.11600458103200115,0.7770337730733454,0.0,2.054004689269127,1.9847050772343722,30.067763344299962,30.264061124026075,0.0
9.993,0.6803987051243432,-0.12012447440378599,0.5473450234518669,0.0,2.059128374439748,1.9759408985479925,29.688679419130974,30.264061124026075,0.0
9.994,0.6812953870073213,-0.11414291694413978,0.7426408030853119,0.0,2.0621641029703897,1.9923381787224719,29.95464388051968,30.264061124026075,0.0
9.995000000000001,0.687969682522409,-0.1177441275785169,0.6127527448260232,0.0,2.066991935409793,1.9904334538398811,29.85229219380543,30.264061124026075,0.0
9.996,0.6918642609453529,-0.11252394479320837,0.6680462774853548,0.0,2.0705362799042697,1.9962214931932358,29.698039045981492,30.264061124026075,0.0
9.997,0.6941045676431548,-0.11413506267979914,0.7508330721777691,0.0,2.0745344186800128,2.0101312871977477,30.14993391187911,30.264061124026075,0.0
9.998,0.7040202707782881,-0.11275671275880592,0.5260269113504298,0.0,2.0793559933084564,1.996425045763563,29.410631822835988,30.264061124026075,0.0
9.999,0.6999898571010176,-0.10849933173231546,0.9042122488838915,0.0,2.081870257916933,2.0289625372084465,30.183582564490237,30.264061124026075,0.0
