t,iq,iq_ref,id,vq,vd,ia,ib,va,vb,theta_e,omega,r,"T_ass:0.25,S_pct:0.00,kp:0.7161,ki:0.6031"
0,-0.0379530528675365,0,-0.0963407976264406,0.0915525082572261,-0.679139405469716,0,0,0,0,0,0,0,0
0.01,-0.0396265125655085,0.000263584166532382,0.0184778038110153,-0.0811737919504363,-0.130930703047803,0.000680856036101022,-0.000256470939739805,-0.0209636996113576,0.0144761065191502,-1.44631942166564,-0.00337057819258791,0,0
0.02,0.047450281275055,0.000204628682695329,-0.1448891014133,0.268236269473201,0.674830110103081,0.00076378659171565,-0.000290776622052396,-0.0280333762225188,0.0158274918587945,-1.44634216901952,-0.00287290486850758,0,0
0.03,-0.0440187174729321,0.000158903494593687,-0.0558655272020512,0.498449938423656,-0.526019252865556,0.000785032159886295,-0.000305819137717211,-0.0313628205268727,0.0162966775501045,-1.44636012298361,-0.00220213219689558,0,0
0.04,-0.0231255271285239,0.000100481192930602,0.0253488149600754,0.29452225295296,0.133022487960219,0.000752589747240106,-0.000300820447577698,-0.0326383147613121,0.0156838137916116,-1.44637205718808,-0.0014653677355275,0,0
0.05,-0.0708263184513643,7.81039998400956e-05,-0.0673406636654949,-0.434608338043967,0.0349911986782133,0.000763225783069959,-0.000309233142341655,-0.0342796001729868,0.0159661036457686,-1.44638086467746,-0.00113686559299249,0,0
0.06,0.0495923601230053,5.4451338655781e-05,0.0152630873985407,-0.297386168958134,-0.365660832572162,0.000758132439528712,-0.000310637845349314,-0.035197888512876,0.0158896706133758,-1.44638717824665,-0.000822364009238737,0,0
0.07,0.00351418067900906,4.90741804242134e-05,0.022828352554859,-0.0340051462421934,0.000618009156387288,0.000771525968448859,-0.000318587978205099,-0.0361339505685634,0.0162543067409496,-1.44639126259796,-0.000721808564421363,0,0
0.08,-0.004212884571511,2.64903246716131e-05,-0.0916657691668108,0.286115570558728,-0.526513582017442,0.000751709813396904,-0.000312260112690341,-0.0362632920025951,0.0157974244124776,-1.44639456832999,-0.000451255882843316,0,0
0.09,0.032719335318326,1.73482876562048e-05,-0.114612446309497,0.354323706208602,0.328444922410734,0.000747521701381059,-0.000312092523817351,-0.0365072282171018,0.015732322454177,-1.44639659429238,-0.000334215478076847,0,0
0.1,0.0722975371054764,1.18337202366092e-05,0.0900295858134221,0.0391712688186613,0.552860516890414,0.000745714649954158,-0.000312264601207198,-0.0366902896867704,0.0157067230221984,-1.44639794977246,-0.000262153792016531,0,0
0.11,0.0559182075576674,8.15579278423684e-06,0.00745745183816056,0.0397267251238921,0.365561936551619,0.000744600687361726,-0.000312399956415466,-0.036816916693616,0.015690706868424,-1.44639887123947,-0.000213898069661278,0,0
0.12,-0.0405153431979593,5.65718619327527e-06,-0.0913715042800142,-0.202795916672752,0.343119538379126,0.000743854670863703,-0.000312493131734765,-0.0369034485331497,0.0156798745830196,-1.44639949937032,-0.000181088427706239,0,0
0.13,-0.0631059680473125,2.36474788835039e-05,0.0278020252187475,0.140354486141424,-0.523011189479554,0.0007800439521961,-0.000326481423238555,-0.0378201520872318,0.0164917922158407,-1.44640062036644,-0.000355522957532291,0,0
0.14,-0.048042349113483,-8.83390384842642e-07,-0.0600509722942359,0.138323832056439,-0.478199426621145,0.000805447553219896,-0.000338193779600698,-0.0403072497277915,0.0169259419613179,-1.44640148499587,-0.000472979483581611,0,0
0.15,0.0307073110480756,-7.17237526259851e-07,-0.183285575797945,0.0870258135038999,-0.390899045410105,0.000747858619525899,-0.000314618061980849,-0.037419434944202,0.0157467519284052,-1.44640220531661,-8.53285609212235e-05,0,0
0.16,-0.0616779631203009,-3.30024704453535e-06,-0.0777648462819533,0.396525976011768,-0.062532183280237,0.000741854555503232,-0.000312950295860246,-0.0372473294112993,0.015647245228265,-1.44640187953364,-6.206223998103e-05,0,0
0.17,-0.0425392369795367,-2.4879491320462e-06,-0.0913736995069012,-0.398825292499205,0.424349869033564,0.000741504584133661,-0.000312803909027161,-0.037189465244183,0.0156449577145146,-1.44640156332823,-7.39364554590962e-05,0,0
0.18,0.0878943813033762,-1.63745880854549e-06,-0.169284582487886,0.466848187441931,0.205684631074044,0.000741690192015486,-0.000312765686801736,-0.0371564780203686,0.0156483277001487,-1.44640133684681,-8.52271022295593e-05,0,0
0.19,0.055488886063325,-1.02296144177672e-06,0.153390609167274,0.209908380023751,0.155729608271937,0.000741865109194404,-0.000312742585886864,-0.0371346596191204,0.0156509914066865,-1.4464011811325,-9.32950432270752e-05,0,0
0.2,0.0280169260897951,-5.99568011239171e-07,-0.00435852802338482,0.590550741208795,-0.479826843459381,0.00074198995039703,-0.000312726845339576,-0.0371198155974678,0.0156528406190502,-1.44640107478559,-9.88399709295688e-05,0,0
0.21,0.0283586215754951,-3.09985807689372e-07,0.00104373956868405,0.0171214164453801,-0.318556363579572,0.000742075687969211,-0.000312716091390947,-0.0371096527892676,0.0156541087070887,-1.44640100223605,-0.000102626705815836,0,0
0.22,-0.048487156583508,-1.12066118163057e-07,0.0632151163550058,-0.0339474641243679,0.09108679490031,0.000742134023630182,-0.000312708778735555,-0.0371026680444855,0.0156549970459992,-1.44640095275222,-0.000105209977301476,0,0
0.23,-0.0158670864132028,2.32894308282994e-08,0.0278930850990716,0.0581289336146435,-0.584488344264566,0.000742173946306933,-0.000312703774617993,-0.0370978635406315,0.0156555966043673,-1.44640091900195,-0.000106971941250557,0,0
0.24,-0.0409126786777127,1.15966940938961e-07,-0.153265237865881,0.189829851411565,-0.246500500629709,0.000742201216201449,-0.000312700356504243,-0.0370945430715606,0.0156560110053257,-1.44640089598275,-0.000108173682034435,0,0
0.25,-0.00401436522658287,1.7953607311938e-07,-0.0481780943176715,-0.0640064124494036,0.0298822031155118,0.00074221981981476,-0.00031269802465814,-0.0370922329536933,0.015656299349083,-1.44640088028268,-0.000108993320550077,0,0
0.26,-0.0227224170631148,5.22904338140506e-06,-0.0547248703637025,-0.113717386082047,-0.361559699767909,0.000750135462172575,-0.000315662945283596,-0.0372374062144143,0.0158360655947636,-1.44640078189147,-0.00016247295713901,0,0
0.27,0.0179172964601181,-8.49238949740538e-06,-0.0677643750143718,0.120569478560079,-0.739652906824843,0.00072901729093633,-0.000306997785616354,-0.0368621583960752,0.0153171555987014,-1.44640114151431,-1.60970305315156e-05,0,0
0.28,-0.0379256097393487,2.63884576270357e-05,0.0476529638213651,0.188043828471931,0.403610556017636,0.00072863422554147,-0.000306630855745866,-0.0351123540039609,0.0155151904852069,-1.44640109417619,-1.60032859506506e-05,0,0
0.29,-0.0155681791421962,-5.00876922160387e-07,0.152895591031637,-0.169265851502854,-0.415117561742721,0.000740786793002131,-0.000312266953255408,-0.0370539948746175,0.0156305385020244,-1.44640082446679,-0.000102492909592564,0,0
0.3,0.155621375754766,-1.28239389596274e-06,-0.0269477987331503,-0.239382249581779,0.554982710678038,0.000733727600842429,-0.000309933311797708,-0.0367398172642697,0.0155088542276435,-1.44639974890922,-0.00010617515498355,0,0
0.31,-0.0174070317031755,3.18067304760916e-06,0.00206819909312521,-0.268764946913447,-0.418500447677567,0.000742202797171913,-0.000312399164170335,-0.0369420370763587,0.0156600179656327,-1.44639995348214,-0.000150258011705443,0,0
0.32,-0.0318266018343046,2.72550505542313e-06,-0.0326878146854392,0.301876831018185,-0.0761070232215431,0.000742873678000522,-0.000312592403237332,-0.036998054058705,0.0156668709945642,-1.44640022083626,-0.00014260111248469,0,0
0.33,0.00343590089552176,2.01278589884168e-06,0.0489277917055234,-0.151921792400012,-0.120023898231033,0.000742752687308218,-0.000312629371742032,-0.0370272637762266,0.0156643139244098,-1.44640041788998,-0.000133038559153662,0,0
0.34,-0.142061051967061,1.48071558214724e-06,0.0150921821983907,-0.387573947032218,0.111968902878667,0.000742604469681833,-0.000312649664567872,-0.0370461541718642,0.015662043571986,-1.44640055398096,-0.00012601713421177,0,0
0.35,-0.00552718851584386,1.11284953163704e-06,-0.049452534517908,0.118630129834839,0.607162147774189,0.000742495752881192,-0.000312663426484372,-0.0370588755645741,0.0156604623443785,-1.44640064699538,-0.000121170773839833,0,0
0.36,0.0202945055425782,8.61698026710656e-07,-0.0883294730852095,0.238296919447996,0.331131788038258,0.000742420819677134,-0.000312672829572098,-0.0370674975417353,0.0156593867304169,-1.44640071045743,-0.000117858742308155,0,0
0.37,0.0816778025239993,6.90691194904502e-07,-0.0657455609740314,-0.37350563888009,-0.0248167737907143,0.000742369573168808,-0.000312679253863128,-0.0370733290020991,0.0156586592815368,-1.44640075374376,-0.000115599037220936,0,0
0.38,0.0469982301673499,5.74408659304027e-07,0.0777976358290928,-0.215162537601363,0.791482931413385,0.000742334676933168,-0.000312683627988649,-0.0370772638312085,0.0156581684673748,-1.44640078326716,-0.000114057735986649,0,0
0.39,-0.0132730785537824,4.95457243232522e-07,0.0272000414725702,-0.126962616027257,0.714057258213154,0.000742310815778587,-0.000312686618844737,-0.0370798989073576,0.0156578398197399,-1.44640080340329,-0.000113006493773973,0,0
0.4,-0.0471455447060682,4.41968950326554e-07,0.110619066869846,0.125901706372352,-0.158667157366843,0.000742294580937146,-0.000312688653795234,-0.0370816524037278,0.0156576211626794,-1.44640081713696,-0.00011228950129625,0,0
0.41,-0.0262289119162228,4.05847458750941e-07,-0.149351555119404,0.27615492675506,-0.956764881921207,0.000742283488097707,-0.000312690044216642,-0.0370828016547208,0.0156574778954103,-1.44640082650384,-0.000111800482193095,0,0
0.42,-0.0211087554363615,3.81571226171218e-07,-0.0170902239728787,-0.209968839517119,0.754932389130212,0.000742275919546618,-0.000312690992888471,-0.0370835396242885,0.0156573859421439,-1.44640083289242,-0.000111466950623029,0,0
0.43,0.0282047182674824,3.6537221603794e-07,0.063945285728524,-0.423973207024511,0.0234042205635711,0.000742270777547891,-0.000312691637412811,-0.0370839983080666,0.0156573288338936,-1.44640083724967,-0.000111239468089192,0,0
0.44,-0.0382681055902325,3.54684743797407e-07,-0.0857566367477874,0.0503188596361095,-0.401042809312552,0.000742267195503933,-0.000312692086381472,-0.0370842616246583,0.0156572961021476,-1.44640084022143,-0.000111084315449444,0,0
0.45,-0.0421323089772638,3.47755303664599e-07,0.051813273121756,-0.559956023534893,-0.399646264681985,0.000742264884468904,-0.000312692376082681,-0.0370844020944099,0.0156572786950529,-1.44640084224826,-0.000110978494835601,0,0
0.46,-0.01665674545119,3.43387000611983e-07,-0.236625582965293,0.311179815748022,0.215750979862346,0.00074226315124159,-0.000312692593303354,-0.0370844444199065,0.0156572735359958,-1.44640084363062,-0.000110906320735489,0,0
0.47,-0.00424199991947349,3.40768565365579e-07,0.0465421657150303,0.384158735979869,0.534977793661342,0.000742262111264927,-0.000312692723681215,-0.0370844346092902,0.0156572748789834,-1.44640084457337,-0.00011085709496806,0,0
0.48,0.0328563703237307,3.39343387167901e-07,-0.0659949974649913,-0.585580256859721,-0.420210757789011,0.000742261302426291,-0.000312692825050093,-0.0370843771629746,0.015657282167304,-1.44640084521632,-0.000110823520929454,0,0
0.49,-0.0567735209082754,3.38729478244204e-07,-0.091817539622696,0.520586088183802,0.0156258150962766,0.000742260840207511,-0.00031269288300366,-0.0370842968002997,0.0156572923130949,-1.44640084565483,-0.000110800622025443,0,0
0.5,-0.0311758564294521,3.38670361088589e-07,-0.158575192988394,0.344138898995089,-0.694135962013108,0.000742260435796158,-0.00031269293367906,-0.0370841918010705,0.0156573055344299,-1.44640084595387,-0.000110785004012193,0,0
0.51,4.51536697671699,4.59999990463257,-0.0656067501588724,5.86670047754457,1.01388539053131,-0.966951127263265,4.37336776428353,-0.704370851561225,6.04116917788566,0.215017108680169,66.3795221423725,519.078259058946,0
0.52,4.47733396618504,4.59999990463257,0.0269616919389407,10.0749609593526,0.442583158601841,-3.66250211753319,2.43244336895273,-8.40079947778999,5.73141475031643,0.984212870551353,145.00073480825,505.752211546087,0
0.53,4.44756905742127,4.59999990463257,0.139106675195284,9.26448579119566,-0.784148087236183,-3.15944751216015,-3.07998478111234,-6.1959286519517,-7.09279629655095,2.34704278063102,224.287160969877,526.23367326466,0
0.54,4.43267700738822,4.59999990463257,0.017211504362646,11.5659203580139,-3.89792822245814,3.93710306035534,-1.90533012972238,11.8435547616446,-1.4166054865577,-2.00426563763391,302.958395700431,574.474901260025,0
0.55,4.23385625602727,4.59999990463257,0.132900397414826,16.1978558312591,-4.57676742282825,-1.96779636191568,3.79042761573209,-11.5113397980271,12.5319389730963,0.498653408998209,379.998128001077,637.514436860052,0
0.56,4.30122406075166,4.59999990463257,0.103329166936284,18.9859569651936,-3.00098897360059,1.68618948300589,-3.87855852980753,10.5344938328197,-15.6182877225114,-2.7159061631542,457.016376428495,698.706559701329,0
0.57,4.3111776032602,4.59999990463257,-0.0611142629417802,15.9770520904311,-4.49018527618538,-3.34222679952192,2.67638009065798,-15.4202437802617,6.13985465873007,0.917357991391389,533.633796542106,741.846510880416,0
0.58,4.21816464816667,4.59999990463257,0.223503766379278,18.7179494370285,-3.76888236039052,3.92810562071192,1.55343256816326,15.7027432590017,11.3105446037443,-1.17283867795019,610.094366319082,755.193392219692,0
0.59,4.04439169280724,4.46323776245117,-0.0379855873422438,22.7799718522424,-5.58032380516514,1.59230564400285,-3.68029699696549,14.4110204031855,-18.3934975234501,-2.70581217549004,685.45164131135,734.416373005961,0
0.6,-1.34276194105194,-0.921197950839996,0.0569698644586869,15.576068855175,0.856604065578305,0.816932953652152,0.914787862250736,-10.6534872049218,-10.9854722621651,2.42718179294133,700.190954273434,683.746530958419,0
0.61,-3.32995901111538,-3.01489067077637,-0.0496920359360628,13.482254569526,2.66176412859659,2.95827617702962,-1.4183760595983,-11.1578055826286,7.55983394999877,1.13814152597626,656.41269201358,615.045529661916,0
0.62,-3.91833664857564,-3.57388806343079,0.0647427357334087,10.1119347840665,5.84218714815255,-2.11610105091424,-3.14545534416228,10.5137806477523,6.13747800830085,-0.561569240819323,592.051264304933,545.001660192437,0
0.63,-3.22782660413896,-3.04908275604248,-0.0196831455132874,11.1564579014956,1.89064627538691,-1.23110800056638,3.02908902107963,2.04104829155887,-11.1270597804166,-2.73950954848318,529.06369285939,491.114897704659,0
0.64,-1.85912063755686,-1.62025511264801,-0.150740876377304,10.5287101052258,-0.59459346445455,1.50789672681991,-1.03614533696634,-8.89877019533556,5.58477085855582,0.963833808514823,485.529436889734,467.428013122568,0
0.65,0.124589624256786,0.373916774988174,-0.0614204671719109,11.2691817884167,-0.646632918225141,0.13830109810507,-0.037091302802545,11.1814179523774,-2.9663614010503,-1.8314148419439,472.121685485101,481.029490791524,0
0.66,2.08635417960075,2.41649675369263,-0.0346480456022121,16.7853856110614,-0.37924528777241,-2.06910753392831,-0.243432360041701,-16.5446746295828,-2.2115238044892,1.69058983659852,494.775908944822,530.178556985645,0
0.67,3.69009007066612,4.01235437393188,0.135175017825439,15.3799084945632,-3.78737859663589,2.66945738216959,2.56831309376423,8.25080799370911,13.6289177489936,-0.783478375477845,548.641535961667,604.523313669146,0
0.68,4.14821713386505,4.59999990463257,-0.00171253672985799,22.1071572754724,-5.57194801021796,1.3593397891977,-3.92033565325542,13.7961930100841,-19.0021298029859,-2.7773871870794,622.416836564211,687.388545339052,0
0.69,4.16572897053045,4.59999990463257,0.0590549092928614,23.222610593033,-4.64492631989838,-3.69526398382219,-1.87190434733232,-17.8085590457094,-15.4209664764521,2.06549618039191,698.265875882537,759.616660152327,0
0.7,2.83196251809475,3.26957130432129,-0.00402244380312149,22.2111466570359,-1.47077336173975,-2.57373617806028,1.17626218533126,-20.8014737075082,7.47163291541987,1.15413503992815,763.061173253454,804.070200566779,0
0.71,0.846658425921342,1.26184689998627,0.0711636375686933,22.8672968450514,-3.39692977166145,-0.402035041221649,0.704844221903823,-15.8644366015323,16.6551811189872,0.607259328208724,796.237184884803,809.736963255817,0
0.72,-1.36282697665907,-1.00758421421051,-0.139398347495925,16.8509147039804,3.24116482017342,0.155441744758542,-1.33716052256693,0.514333362143824,17.2181050520015,0.166767860613928,791.337004326806,774.460110594143,0
0.73,-3.44177875004199,-3.05788731575012,-0.00897326036292934,16.6606766882563,3.68965187449767,-1.54850542748934,-3.01821785894608,10.5125089537735,13.4967992349801,-0.451728696872469,748.247358364045,705.628485257944,0
0.74,-4.56752606291297,-4.30005407333374,0.0185051586008974,11.542228527439,4.30412033613336,-4.51933263909412,-0.245447115809388,11.5787950054827,-3.20589270134714,-1.49772163164232,676.997915329615,618.634810075665,0
0.75,-4.72834940674958,-4.56284523010254,-0.195809961554703,6.30169147160349,5.4538252622257,-4.64613178998892,0.602522734362067,5.52968827619378,-5.7457461506151,-1.67710347340743,593.591651330708,533.431734200333,0
0.76,-3.76417498127036,-3.67161750793457,-0.0142372244023031,8.33618546806968,1.55619643349305,2.67093514446,2.75023976553626,-6.73908158451784,-4.8482374894144,2.37955675057692,516.148653217421,469.965546455024,0
0.77,-2.19587324907414,-1.90655207633972,-0.212806069975737,9.32044112949756,2.1035895726098,-0.708788728789017,-1.9724101360611,4.57647759099411,8.49251016678768,-0.328986805645406,464.244002555431,443.53880219799,0
0.78,0.198640690199403,0.476377934217453,-0.0685154656576108,9.47376424673095,2.06476068059398,-0.0105619538932257,-0.290268900944327,-2.92480870568578,-9.11824008784607,2.99705878703856,450.058834326768,461.181223442377,0
0.79,2.50884428487546,2.85191988945007,-0.0268134276429397,15.4009900767293,-2.36674081570691,-0.176166848080368,2.53130984209845,-3.96050303618325,15.5239733629215,0.0900087931394973,478.079957457388,519.884684732011,0
0.8,4.25431096568162,4.59999990463257,0.156782368280311,18.7735299299435,-5.59511253801788,2.53481640424429,-3.3803185617525,15.7946405423327,-11.581144720967,-2.4726804202361,541.698895945217,607.13329494594,0
0.81,4.12860709001796,4.59999990463257,0.0784522758334252,19.2060429824739,-4.80145529027437,-4.14990786595777,-0.774737716941566,-17.5551643151945,-9.06803687966036,1.78094698548408,617.966521872097,703.631182735886,0
0.82,4.1588612090439,4.59999990463257,0.140451002952543,24.0030673989285,-5.74632604075556,-1.14619127842505,3.96838542131897,-12.2420036197099,20.8913206834332,0.308085358539348,693.807222381026,787.620909140735,0
0.83,4.06478632852228,4.59999990463257,-0.0618848244922389,26.2164125807471,-3.33331985136894,2.40614706561785,3.28465811561565,11.7124632840297,24.1998795702811,-0.610372347834098,769.736927661594,839.813024896393,0
0.84,1.54606833468999,1.99074292182922,0.0701441050083347,21.8949066668686,-3.30792950123222,1.35321893772114,0.76295914762043,17.0662298627413,14.2473732452646,-1.01573525796604,825.00359809719,847.799325863062,0
0.85,-1.29029836439336,-0.990024328231812,-0.00264604380237825,17.6821529304592,0.902679598245383,-1.26981447734456,-0.437022601811843,17.0828534501833,4.8719527879669,-1.2190409114528,825.309276216615,808.934204603214,0
0.86,-3.68394473964734,-3.4008412361145,-0.157001016195548,12.9178671169652,4.63266669717775,-3.66016669426789,0.206560407680462,13.129640187246,-5.24106390511973,-1.59944713748444,778.281038144759,731.015329705271,0
0.87,-4.92317805629319,-4.59999990463257,-0.0161915200238597,11.8292626192743,4.33526969373871,-2.99566438931857,3.80632567884801,4.29081984088402,-12.2968366588317,-2.45553829739822,699.353221421335,630.597303314707,0
0.88,-4.77415614453376,-4.59999990463257,-0.121638542947783,9.68245691145618,5.73740850594211,3.45413366420465,3.32408770422013,-10.2126465116726,-3.55800067497103,2.35755405413713,614.295987984562,529.314278926457,0
0.89,-4.83250567464918,-4.59999990463257,-0.0486651721035909,8.25865281298679,3.37856877885096,1.19369765046659,-4.60506231066684,1.15958952703554,8.54291443438288,0.268472039401618,530.518000021324,449.044605901849,0
0.9,-3.68460682996562,-3.60783553123474,-0.0967965187544135,3.75622103202259,1.82106229442751,-2.36814506785417,2.8238334368047,1.24425308353244,-4.15074932718005,-2.43360899082198,449.830653819912,407.016781449182,0
0.91,-0.745391941296424,-0.528633713722229,-0.0296515084878073,9.40056099624748,-2.14323882176908,0.505354838125929,-0.510720322972718,-8.34206709602127,5.35873711214119,0.698116769407573,413.632850595628,411.969763656537,0
0.92,1.9567305780255,2.19888615608215,-0.00614102070585717,13.373220619158,-1.16394848612877,1.08891567920512,-1.60621635207266,8.80189963000528,-9.73867811978888,-2.52891679372499,428.273778721264,462.238809688674,0
0.93,4.05695322632028,4.38938808441162,0.156520496111189,16.4750785887995,-2.17764833130566,-2.86097242111433,2.87321008015241,-13.6071419303111,10.1890227080821,0.795151608654339,484.531401173632,546.19633408892,0
0.94,4.23519336104395,4.59999990463257,-0.0126435213315232,16.7091512668803,-2.96185352087355,4.24593076321884,-0.396898008018656,17.0322677330001,0.987851292138636,-1.65210614272437,561.343306734954,644.93785080904,0
0.95,4.10964802320176,4.59999990463257,0.037789144707933,21.6500453177402,-3.28935150373086,-1.69391326422569,-3.80742296229076,-4.91882360414518,-21.5674699056175,2.74235927101059,637.366854651763,736.590349754511,0
0.96,4.22690759606253,4.59999990463257,-0.00505680884643946,22.0296667766623,-5.49877505800755,-1.27443411315117,-3.96847430357332,-1.3747591565835,-22.2858467588229,2.85579085483325,712.845217208933,801.252542209975,0
0.97,2.91689301902826,3.39731192588806,0.221395580109912,23.0976477693429,-3.05899180751449,-2.60947308309895,-1.34232868447628,-18.5370185349994,-14.6662111420138,2.07344601884758,784.613413655988,825.437620270509,0
0.98,-0.419551470929478,0.152839571237564,0.0228798244136975,22.6254183483807,-0.176300925919848,0.292498707934589,0.02157447925666,-22.3575644712684,-1.70077424149265,1.65363811638959,806.126474767006,805.010629527379,0
0.99,-2.6490974405573,-2.30616354942322,-0.242651358792482,15.6844623764302,1.70448373181609,2.42351385719646,-0.972044915108668,-13.6260629516144,7.34925626478864,1.20567320134962,779.059467259532,745.965078238905,0
1,-4.25649081718076,-4.00495624542236,-0.016093782088661,14.9641269274376,7.25339653178301,1.62655235272299,-3.97776900555751,0.0742223262636541,16.0640599516617,0.42012981295567,716.148167831387,662.884478438366,0
1.01,-4.6414142944876,-4.55599689483643,-0.308242551735914,10.1108273679796,3.80632185402514,-3.7995416626461,-2.87418934855226,10.8006048918666,3.23555848266974,-0.904871745947158,634.658973676299,575.467581351741,0
1.02,-4.14825905453616,-4.02801609039307,-0.119392608094815,5.35139517345355,3.66071540642361,-1.17230044310174,3.96646502621458,-2.05432088902904,-6.40742131615155,-2.83451578485092,554.137635903346,503.93771507817,0
1.03,-2.791494400655,-2.5649528503418,0.00555938748235833,10.2690333070197,1.63275748383873,2.29157733220935,-1.54412922653664,-7.51650415637594,6.82913574912743,0.990055307179469,493.330559873547,464.40525840143,0
1.04,-0.751631766330596,-0.40888386964798,0.0247512830553765,11.0147887803644,0.377053334398074,-0.620258705936602,0.138435311544142,11.2426490154543,-2.24045851913729,-1.8026302314609,465.315728134754,465.251619765863,0
1.05,1.52256681223119,1.81321060657501,-0.0191099877813806,12.756706587124,0.166588557653357,-1.54703792606964,-0.0829664940014131,-13.310698613849,-0.659196880571502,1.62404449443797,476.263488776868,505.355068408157,0
1.06,3.3172526381609,3.64430928230286,-0.0403846009082381,15.6625931401154,-3.0796089993918,2.87102763751693,1.68977154794477,11.7699169515245,11.0409951365096,-1.01861487328555,521.960368016232,574.542799472079,0
1.07,4.24139986036391,4.59999990463257,-0.0849708480878687,17.42587077837,-3.97228350396606,-0.42358774035923,-4.22573599412031,1.80716917984745,-18.0313144907502,3.05811659831705,592.25855233106,656.13248665062,0
1.08,4.12162144979263,4.59999990463257,0.173409145327079,22.2675055727613,-4.27264463660784,-4.07543840880662,0.79970501435352,-22.8617909400513,0.0235201804645682,1.39698657645119,668.124451689788,730.942260782286,0
1.09,3.06299578975395,3.56573224067688,0.084700275909601,24.360336173045,-5.4453647153785,-0.724392816691308,2.98200750677328,-11.5878129415867,22.8035777860963,0.27186522784087,735.618194111355,781.813173290308,0
1.1,1.20988567608576,1.74943578243256,0.112615937191144,20.2894253623544,-3.06006078329756,0.634458218865615,1.19025495663723,6.57637001059534,19.2893386574103,-0.451514888581352,776.058038888179,797.579779927428,0
1.11,-0.735069767340609,-0.320888429880142,-0.0604799547275212,18.0912325989325,1.13118575282344,-0.589191269985522,-0.34033050403211,16.0174998488531,8.52922910960312,-1.00254300745923,781.754466749,775.56611231038,0
1.12,-2.45555337808123,-2.19891119003296,0.107250086107641,13.881407156952,2.66186624740835,-2.47195262458885,0.223878870870601,14.088647039538,-3.26437495844685,-1.64216651146078,752.859314274167,722.040918808456,0
1.13,-3.6961668004968,-3.46532034873962,0.0177716033012435,12.5173533519399,6.37408950948011,-1.8048642223464,3.24680569463841,1.45828354889613,-13.727685268404,-2.60183378556375,696.045603213156,650.552410255868,0
1.14,-3.89237094121236,-3.75742602348328,-0.166560468158121,10.2699751791837,3.34615104493803,3.12143643700106,2.43967108982828,-10.0602109671372,-4.00718459440476,2.25141783361,626.850963972728,578.563652420157,0
1.15,-3.25144040576667,-3.12490439414978,-0.0145600982644234,9.04903160833699,2.3043573192658,3.25356322475665,0.553091838255296,-9.48147301980391,2.25711643466628,1.76456818734041,561.4486784365,523.207242364756,0
1.16,-2.03813783382045,-1.73807084560394,-0.0978390817846927,11.9657774412615,1.60538891724518,-1.11820037548941,-1.62723664798192,7.91648199249247,9.10195623399327,-0.585153832353008,515.490374733738,497.178971641671,0
1.17,-0.165576194358186,0.124410837888718,0.141087981030993,13.4693482307312,-2.85224461145977,-0.0413623347171641,0.139745631787655,1.88160455122324,-13.3647002133187,3.1145334111105,499.282432484571,505.748513201294,0
1.18,1.62391186072356,1.92769205570221,0.130188202335192,15.448544168933,0.360122359260216,-0.827592513910834,1.38958465877503,-7.51253596741651,13.7721279025917,0.531523447779414,515.502502357358,545.591906806668,0
1.19,2.9395507546938,3.26136422157288,0.104097730401962,17.5396222705119,-3.20050290699718,2.79010459401666,-0.804909369864153,18.3916066226638,-1.14930533523849,-1.82670440552642,559.425731964513,605.711516374424,0
1.2,3.39429109646601,3.79672479629517,0.000814541634921884,19.2637101629079,-1.17836451811523,-2.10306130718195,-2.67623296149636,-11.0910466788744,-16.4837768489963,2.48383588743917,618.645193906277,670.208904384339,0
1.21,2.8807224729438,3.36281633377075,0.0224627021220983,19.6940182033925,-1.783835876971,-2.40030570959685,1.76466852592744,-17.3293566239379,9.05550881259322,0.955131233555252,677.705815745794,722.233576222603,0
1.22,1.64080357987052,2.13903284072876,0.243623258542667,20.5827742441041,-2.44631416998429,0.370936075513764,1.68563575710869,1.64182037188291,20.9237489393502,-0.188665991489908,720.924579648676,748.150711149593,0
1.23,-0.0126212007530282,0.406953811645508,-0.0118367066345997,20.9071922573588,1.40548486136052,-0.0204816512419711,0.0334835897476938,19.3690177819165,7.52897742014694,-1.10776728993237,737.446977161697,740.920029277068,0
1.24,-1.63822891921735,-1.3903397321701,-0.0860698652123313,15.4027078986373,3.56477663368608,-1.49356950261713,0.804337814192475,12.3144852246055,-9.90977729655001,-2.02190916011068,722.220257025887,701.867743408307,0
1.25,-3.16344463718396,-2.83117628097534,-0.0377619569661936,15.8925761276005,0.644867190133862,0.0692117490104116,3.13058799070381,-1.27545329466692,-15.1685131512605,3.12694961410747,678.870596637943,640.418913298085,0
1.26,-3.75364843793568,-3.51566600799561,-0.0406706184497884,13.033087106703,4.43697901981688,3.76704356967958,0.0239316092559754,-12.823549444751,3.82170252806806,1.60017567439527,617.423046794235,571.846861410312,0
1.27,-3.39814320586141,-3.23988223075867,-0.215055509797863,8.27476836226589,3.7343613651303,-1.3673672889695,-3.10862742260708,6.10372580489147,6.08141958911269,-0.394375154796126,554.017955614849,513.573280387579,0
1.28,-2.1909457063864,-2.03441596031189,-0.1236463935923,9.1075727677532,3.28414172999726,-0.663125554310461,2.11976230543282,0.517971108862604,-9.84252711393139,-2.81373797220645,504.32113255634,480.903680331901,0
1.29,-0.376659281531767,-0.220215260982513,-0.0360798623664929,10.7537017133595,1.86537038075054,0.282142665362257,-0.339371563129538,-6.52218459790515,9.24884075617384,0.779657162831453,481.56921550698,483.22394770288,0
1.3,1.39621002822147,1.79456925392151,-0.0555013286330911,15.0105942979019,0.12417581813599,1.39043797374146,-0.570168467350759,13.9341397711853,-4.96577374081371,-1.95141135271181,493.296125606515,521.580637003283,0
1.31,3.23359352660099,3.50799202919006,0.014670781896867,16.0150241952645,-1.36719788490965,-3.11008707209989,-0.723958101204385,-15.0634475044102,-5.50888725754333,1.81132815685928,537.818262340512,588.243624340816,0
1.32,4.10752692368804,4.50220775604248,0.0554500922169759,18.70556302117,-3.92716053499543,1.24284725757764,3.93356537047081,1.93236454334967,19.3251261342195,-0.287630584619737,606.322597242636,668.380787285956,0
1.33,4.1949614488451,4.5753231048584,0.146695870993628,21.1171855322759,-5.17573149843776,3.9661366081934,-1.25086532944727,21.8508729244598,-0.351758766552789,-1.84816857279115,681.92567381504,743.470978694493,0
1.34,3.07579654663721,3.61118698120117,0.052688505800854,26.1846549275939,-2.75410654388457,0.764874708643371,-2.99811343804036,9.49879776136231,-24.4374550096437,-2.87350429650042,749.349908330877,795.662952986207,0
1.35,1.36289871971664,1.78982746601105,-0.0250672406164466,19.8188976698506,-3.31895100568349,-0.551842661272135,-1.2787606828868,-3.3031138705647,-20.2703702465538,2.79083991599818,790.732913280582,812.053862081757,0
1.36,-0.750393985310004,-0.406685501337051,-0.186110745650863,19.7636005941913,2.29173111219033,-0.436639878925085,0.679238171107378,9.68366023146741,-17.9161492959134,-2.48936563785877,796.082979289708,787.86817552741,0
1.37,-2.84031276214093,-2.51286315917969,-0.0691937807437765,13.2980677956475,2.5183619766604,-0.249508785024353,2.78214417840007,-0.803834685537341,-14.3801011751258,-3.03463965825542,763.643744786458,727.766467544285,0
1.38,-4.36743069701026,-4.01669311523438,-0.00596990568442031,13.2542257650436,6.22186436365994,3.14923902160975,2.88936733171886,-13.3894849872325,-4.85420826668924,2.34165711360175,698.920448741853,644.946600177905,0
1.39,-4.72977445495679,-4.53512334823608,-0.0544570288144064,8.12453394037996,5.87057902107336,3.56885983684305,-3.03146722335477,-2.37581786665494,9.02062092962866,0.891107857383142,617.825284596013,558.216743016682,0
1.4,-3.99277935149408,-3.97395300865173,-0.0732320015790283,7.76361826609328,3.35159404087167,-3.80605134274594,-1.57399372101605,8.10320199066779,-0.0287158603284237,-1.16208035408853,537.69496619814,487.699370499435,0
1.41,-2.70728944432463,-2.47081446647644,-0.0293326842657674,11.0697383050506,1.83023231025643,1.53979168665396,2.20606363518241,-7.68615415173859,-8.29574084840593,2.54567075970391,478.054302136428,450.154807878234,0
1.42,-0.392588415783818,-0.214905202388763,-0.0403382664018135,10.8995297187431,1.06340916419307,-0.168844921343564,-0.38976688953994,4.82419986277415,9.60434649120626,-0.350212215976875,452.680027695947,455.013555824215,0
1.43,1.89591103937168,2.16619753837585,-0.125466502545315,11.6740531903484,-2.09714322237315,-0.312630836833773,-1.90288241520638,0.299183470506023,-12.2993355035448,3.00017252920782,468.56567145501,502.053157897473,0
1.44,3.81216528820062,4.1575403213501,0.0559683564869503,17.5125273795261,-4.58553581299248,-1.1340733425211,3.63824615391551,-10.1550883377777,15.1567573596962,0.327811799258745,521.960224570496,581.28178715538,0
1.45,4.16690664625382,4.59999990463257,0.118421787914464,20.3820163394496,-6.68701940297688,3.9981724073121,-1.28848835762195,21.2876863836141,0.573426557249813,-1.85106445080205,597.806276091911,675.082711442249,0
1.46,4.1293395609701,4.59999990463257,0.119999585016632,22.1738380699175,-7.02238499419418,-1.48915328441203,-3.89064549444431,-0.444604958361596,-23.1735730284851,2.81112720368746,673.717780981759,762.14894561188,0
1.47,3.99757479673007,4.59999990463257,0.197963153427623,26.1024508007801,-2.84308322364163,-4.04225955184104,-0.643591796943097,-24.6300777919781,-7.76158946975463,1.74589869304833,749.713712221937,822.317884517189,0
1.48,2.01418892709608,2.48499894142151,0.0673441755877644,22.3897904829467,-3.41814253132122,-1.88724897910899,0.795113692717119,-22.0505223538123,4.34779938777615,1.2096898121636,810.785543842362,841.199789395961,0
1.49,-0.803822638257759,-0.37937194108963,0.0381097670860998,20.2786627976637,0.959516170980022,0.615914832237751,-0.483085416615421,-15.7266047424211,13.0333960171186,0.938817622498572,821.203747592476,813.533005823305,0
1.5,-3.35116902993305,-2.90655159950256,-0.255799466167474,16.6121710028192,4.631588428342,1.65696223301947,-2.7857822921843,-4.98927785205787,16.8652385845368,0.567905673087042,784.576297329089,744.48499809687,0
1.51,-4.71732706020309,-4.59999990463257,-0.104364548294674,9.31989822649972,6.00742429774219,-1.15084280588015,-4.63590429880558,8.24941964261335,7.39005727903708,-0.215230747504629,711.250457208187,648.5865022843,0
1.52,-4.77965463892575,-4.59999990463257,-0.0896057688970368,8.55380534088278,4.838018339529,-4.75730796222722,0.22808254489154,8.18699197203254,-5.53354342383584,-1.59558291377394,627.012048348907,546.528657117804,0
1.53,-4.7792100098722,-4.59999990463257,0.00824008966221836,8.1938525042058,2.07893506062409,2.12655820776777,4.249639738818,-5.59489745479279,-5.9902797020341,2.68841895191501,542.89238989995,460.544625717219,0
1.54,-4.31405953398879,-4.18140649795532,-0.0729094629252907,6.10030348035728,4.23610101586695,0.230986903938641,-4.29328935083138,3.95394851530102,6.41964804655723,0.0750159129004823,459.196733255141,409.424205222519,0
1.55,-1.18414177162562,-1.11278307437897,0.00144061963299766,7.30595376218766,1.41633949826322,-0.0887805085925141,1.24974501069145,-1.04034941438555,-7.37056270172797,-3.0422353573956,413.326887601452,404.296373930486,0
1.56,1.39992276316603,1.70218229293823,0.104357504491772,14.9649163021192,0.461267007762939,-1.40241330330852,0.199508107520939,-14.2819645168229,2.78543493139719,1.42096587738149,418.22463422619,446.140342739471,0
1.57,3.76935502025499,4.03423309326172,0.171234673794308,15.5457060411157,-5.05722261165038,3.70287416216841,-0.343714628409463,16.334609199805,3.14719275283233,-1.63974302996255,467.425016189254,525.590476288867,0
1.58,4.24352533074623,4.59999990463257,0.0944879500240534,19.1067087776376,-4.0005677064059,-3.7595142024742,-1.92646711156996,-14.9743247120833,-12.4424950226068,2.06333855238902,543.801877063998,625.075520984289,0
1.59,4.1207099772495,4.59999990463257,0.0433145815200975,23.014913356274,-2.7162392790526,-0.120364846320193,4.13966046386425,-3.76093892581441,23.0701667498515,0.0431006022933293,620.008148253362,722.798981994205,0
1.6,4.18637592569843,4.59999990463257,0.201345544941782,21.8756290335784,-6.60234119574656,4.13990207432316,0.497418207302429,20.6748087401141,9.59666673209368,-1.41978237225557,695.611911410586,797.648195951143,0
1.61,4.04987746289454,4.59999990463257,0.166822430162974,26.568008996311,-5.83686143223371,2.88450246685619,-2.88397615772302,22.8642294252339,-14.2446946055189,-2.32856640762836,770.610648073337,833.911034998747,0
1.62,0.604214012993918,1.06087231636047,-0.06023853742687,20.9476640142533,0.41793749068031,0.250462276692863,-0.594000578855167,7.2029047155435,-19.8307729152998,-2.76208373803137,813.704319426546,824.728760315326,0
1.63,-2.11389136069122,-1.76471364498138,0.00613725352039875,20.8266475524158,4.31617790072753,-0.00400276522171,2.17448246006832,-2.79963219800266,-20.8129217882182,-3.10562855685,798.718163174521,773.509033668644,0
1.64,-3.9055348881796,-3.72485017776489,-0.0948183398985603,14.6779580717625,4.99861761413192,2.2705783680726,3.30107798155394,-12.1537430044446,-9.14771726944683,2.56599140249079,743.413123197312,692.995392175272,0
1.65,-4.83369295365421,-4.59999990463257,-0.0998379080808398,11.3725968354419,6.6394188735794,4.76351399033663,-0.746823804347509,-10.2974468779832,8.2908165629775,1.44509175445438,662.853098831332,602.228840950956,0
1.66,-4.67425629790198,-4.51288223266602,-0.126811207012679,9.93758414098792,5.58492793270228,-1.46688074816038,-4.48566237469828,9.29012992300255,8.21261363723955,-0.287241805421943,578.429490694001,522.118783980214,0
1.67,-3.29554324407247,-3.1953911781311,0.156538926892878,8.4507018572665,-0.484239437326921,-1.74049447155504,2.86879669431638,5.05900080581367,-6.62499489389013,-2.60124778140998,508.349599019722,470.65338057496,0
1.68,-1.3184101850175,-1.1106743812561,-0.0616111718667492,9.76653764056461,2.4086325452999,1.03539506592079,-0.801127418981243,-6.70350255097594,8.09177935150521,0.954557362851388,468.21669808522,458.852276917681,0
1.69,0.865187181111498,1.18074464797974,-0.0416890668133472,13.1197160181933,-1.04154895193761,0.856656544770472,-0.341326968392502,12.8096776053412,-3.50016306461169,-1.9247760302791,467.276343125883,488.382218332478,0
1.7,2.8824940917641,3.20492386817932,-0.0395960939010511,13.8615866383897,-2.11907219473427,-2.93411654661972,-0.0848955827159108,-13.6788110607332,-2.65995410152045,1.61454230632453,503.930003049488,551.362316407095,0
1.71,4.0585091630806,4.45500040054321,0.0986995574018386,17.2349602128192,-5.2734054744393,2.8707120369767,2.94415566207491,7.78185341013423,16.6513638746784,-0.744962013040082,569.896264321618,632.373560045233,0
1.72,4.20808308972273,4.59999990463257,0.069899790653804,19.7555579461386,-6.184455482692,2.15555277647919,-3.61341709145757,16.0987305064901,-13.4669151015026,-2.57288440048023,645.914164136736,712.176338870258,0
1.73,3.48019659518219,4.03356313705444,0.150279161855675,21.8988459664049,-4.76406147298407,-2.40100523979147,-2.67676046225946,-11.1391417805626,-19.7294419407126,2.43561633286334,718.588112187934,772.249058079143,0
1.74,1.8764321605682,2.36155319213867,-0.16266568546717,24.0390481105847,-0.891728475128518,-1.89626358048221,-0.0877989191615228,-23.394864940849,-1.9316266070783,1.62471700574999,769.347829289055,799.080404897004,0
1.75,0.0143932703931741,0.266216665506363,0.145311254740522,18.9011491670455,-0.200389008414527,0.0902725596636998,-0.0478000042297513,-16.390967358585,9.04173996052484,1.06238017278763,785.57951098535,787.217929760984,0
1.76,-2.1301185181146,-1.75130903720856,0.032022074554674,15.3747090507914,4.6165077188196,1.94579545725315,0.643030878956524,-15.57663260239,-1.53495451943756,1.93075596398031,765.153419484771,740.378001797692,0
1.77,-3.68484772022155,-3.2883038520813,-0.0506177903682258,14.2337852084618,3.05034675543142,3.11446597020195,-1.72459831835731,-10.6293374446691,9.55396828549838,1.08549019144383,714.431342286514,670.384363600466,0
1.78,-4.23936193220501,-3.94621229171753,-0.284891801369445,13.0967063968833,4.36872055750793,-0.969437485977499,-4.09370489576618,7.06063625537782,12.0853049592124,-0.210670883786087,644.575983093632,594.214967061417,0
1.79,-3.80663814980367,-3.58998894691467,-0.0807069353370321,9.80771237983867,4.98840511260009,-3.34522401377894,1.78131461462174,6.73931216551054,-9.43349926060104,-2.03031607383034,573.852178375212,529.878913712518,0
1.8,-2.52579552121437,-2.36529326438904,-0.100221855521906,9.57304811590516,1.39020572076752,2.37624791766449,0.925128510158319,-9.73732662863551,-1.36406579838647,1.96177571856331,518.846830537215,492.11374588492,0
1.81,-0.828056782453874,-0.535470485687256,-0.0850927407708731,9.29955156138526,0.400136662087771,-0.440083305109253,-0.566928478878865,6.17641933761685,7.14344382565558,-0.640643828332228,490.983601196255,488.926028645431,0
1.82,1.1088505822474,1.37772822380066,0.119808671766077,12.6964134449333,-1.95323791687155,-0.239559627843219,-1.10538320911456,-0.664510807506086,-12.7692429041872,2.95804971651763,496.584601559256,519.788900056444,0
1.83,2.5950660350129,2.96787142753601,0.159839496937016,17.6582234669712,-4.20558782232496,-1.01052299959078,2.40971549768929,-11.4620366129798,14.6915343323365,0.430756345886353,532.584861676188,575.909845459405,0
1.84,3.43869055586782,3.80628037452698,0.0760326587112341,19.3452566299364,-4.87719509362327,3.36060495582504,-0.699384802610733,19.6299210907706,1.41804328623826,-1.74686806069548,589.262220550942,642.48602317042,0
1.85,3.23334228525181,3.73094701766968,0.00301254373309764,21.1369471871421,-3.33800899102528,-1.17598779798518,-3.09519198091811,-2.87531691737425,-21.6417366089572,2.80619382302684,651.970062402916,702.390859539226,0
1.86,2.21440027014282,2.7624249458313,0.00862886783679716,22.9608994448086,-1.55315163616975,-2.30759942089653,0.165809273162835,-22.7808771272714,0.637186887127891,1.50678808804369,704.692498203792,740.396492322592,0
1.87,0.78242065768771,1.14423775672913,-0.0265466708708603,18.9093791652593,0.422035615577133,-0.382434291544988,0.668290600122664,-8.97728446378024,16.8008572362464,0.510733830813519,733.241597812449,746.912000964,0
1.88,-1.17797607722881,-0.682602941989899,-0.0723404244078386,20.027383541453,-1.13491118987145,-0.379289925729569,-1.00247817396281,6.20167426275839,18.8295302499297,-0.38661468301651,731.012798092752,720.336293872292,0
1.89,-2.58370148026466,-2.2606086730957,-0.0205427851944883,13.3274752844396,2.33663319220037,-2.49440535887159,-0.345780880653787,13.3816777562801,-0.142180316384586,-1.41416747343988,698.305501342206,667.458353879882,0
1.9,-3.41451089042004,-3.19710731506348,-0.150848585959494,11.4984812764201,2.88627103788937,-1.17908276151011,3.2084006529323,0.749818620021819,-11.9001942122408,-2.76716611529436,644.168487129395,601.806693839765,0
1.91,-3.44465127880942,-3.26135873794556,-0.0761698272441436,9.42706953841874,2.4984162336999,3.41133589593766,0.486108795306141,-9.77389829168151,0.718219204574384,1.72599073077404,581.956180679343,540.342703679281,0
1.92,-2.54967438772985,-2.39006447792053,0.138202623399723,6.64000013332051,0.968046720926024,-1.23524994425288,-2.19309887388719,4.52165623577941,5.14147423146749,-0.500203310894318,527.659947491432,499.291785954621,0
1.93,-0.949338317990804,-0.831506967544556,-0.138139884953571,9.79752162310823,1.60531123032142,-0.0743018023193957,1.01842476555572,-0.156249447596524,-9.87103831781437,-3.04607959092399,496.440092677191,490.116585234073,0
1.94,0.925573110498188,1.13007462024689,0.044187379165471,14.4316521595821,-1.44976301083681,-0.443310898608482,0.733872469818982,-8.67981553721532,11.0595339292871,0.574355836994164,496.860014937615,516.607670601933,0
1.95,2.59862764859815,2.919353723526,0.0329368137877029,16.812818181809,-2.73415088600494,2.3735544394791,-1.03145171770198,16.6128780192398,-4.14674463194071,-1.96090831588067,530.830321495877,573.804859192466,0
1.96,3.68187648176824,4.15121841430664,0.185528509149976,20.0388330695086,-4.7503270328087,-3.22023523169782,-1.92994832109735,-14.3952282788009,-15.1249688734325,2.13811400867919,591.367867237649,649.028440324697,0
1.97,4.0738163832443,4.48045587539673,0.0540816879756642,23.6248557187446,-2.64492328174289,-3.82789029354635,-1.24803455251771,-21.0529104994141,-9.78472084582655,1.89906190427495,664.413085762707,724.796278390762,0
1.98,3.4533485062271,3.81812691688538,0.209914306730876,23.1272426292825,-5.29003717275437,-2.19103263565742,2.55103165279372,-20.0429971958265,13.114152612048,0.745433714265157,732.970702655498,782.949380100875,0
1.99,1.74507284730574,2.27861166000366,-0.0229602228119191,23.3001158668089,-0.91383273560658,-0.0483957968480946,1.81756040306032,-0.956111549926259,23.3627113878766,0.0300246478493768,781.356735606456,809.012957165657,0
2,-0.322651322001965,0.183589994907379,-0.0436421166651763,18.9352551340843,-2.0876460591838,-0.0538861187779236,-0.180826695183628,6.85534268108648,17.628800250999,-0.448612470210588,796.362193114941,795.753409278069,0
2.01,-2.17294504359682,-1.93831598758698,-0.0990435992489276,14.6710299566915,2.25510701174695,-1.83712874395919,-1.24992776160567,12.9729655244614,6.82452509058388,-0.954869948297442,773.683924916465,745.071326532959,0
2.02,-3.81502629315453,-3.66598534584045,-0.147334691658216,13.7622976546983,2.29733540493479,-3.85287083514465,0.771491533529453,12.8125751705637,-5.03685773698019,-1.75430419679579,717.886080532774,667.755796907266,0
2.03,-4.68136192211956,-4.4801549911499,-0.0512837565905374,10.1196062188343,4.88160608974052,-0.313860248308904,4.66762176342327,-3.98920850733945,-10.6106117978182,-3.05240637520408,639.803352356349,581.126481036911,0
2.04,-4.41477674867404,-4.22557592391968,-0.119096790270165,8.5741695220637,3.10873650218215,4.26269289410836,-1.08656211017354,-7.89421477155104,5.76453487790487,1.33938565571177,558.470260781326,505.089665230966,0
2.05,-3.2076833050101,-2.96352910995483,-0.139804513965776,10.0437386967586,-0.0103194533040288,-2.81452142478781,-1.41710609953149,8.67748415010948,4.45407547346602,-1.10430743978579,492.829150465338,457.515011957125,0
2.06,-1.22483215702663,-0.870661437511444,-0.0738150271877412,9.69853916380707,-0.385008616715473,0.733957679244169,0.755271188780307,-6.04921448899622,-7.3771574850868,2.35277557093904,456.784649237341,450.010493055162,0
2.07,1.20326197601251,1.48118436336517,0.104682371498664,14.213922961503,1.32771760068347,0.659808245315988,1.00980152583433,8.65899523758713,11.2026177984426,-0.593163979041568,460.563066284971,485.092227533142,0
2.08,3.33563589892718,3.58067560195923,0.0864968540202239,17.463883630814,-1.36028885948233,-0.752815822662964,-3.14154909256888,-2.05415804507299,-17.8888813659726,2.91914953838097,503.487119946662,555.430639777724,0
2.09,4.21374201345813,4.59999990463257,0.0551608299360687,18.6196381432134,-5.36813279335571,-2.23872490842679,3.61142330926186,-14.4406450099313,12.0544837446102,0.581266599149694,575.778584866037,645.376583493642,0
2.1,4.21010832171228,4.59999990463257,-0.0102775082072765,19.3749430656448,-2.66130253856639,3.96158972603764,1.46092616597715,17.0615809446069,9.36419013680353,-1.20424082114373,651.815347603804,734.441403773831,0
2.11,4.20145990359127,4.59999990463257,0.149051917000307,22.7654726343946,-5.57861542807626,2.60631187195215,-3.23212211492547,19.4213635119768,-13.4868076460619,-2.43311907033645,727.100218865975,801.946695365307,0
2.12,2.50639884198002,3.04356288909912,-0.0261941889808936,23.4545922553172,-2.66457215212001,-0.00858897284664152,-2.58896350564231,3.59449017211322,-23.0885497673791,-3.12021485883296,794.306112943871,831.780138957897,0
2.13,-0.234386818090917,0.26869809627533,0.0896806691006745,22.3426918905705,-3.32042601131308,0.00482655843874923,0.180430848461337,-4.79135631063708,-22.0809211647599,2.8082122256251,815.388919029976,816.159503854666,0
2.14,-2.59149545013486,-2.26409649848938,-0.0427361837344438,14.8524315658973,4.65235924859602,1.71670009604545,1.89140338411287,-12.569211574432,-8.79292182108848,2.43584225304283,790.152956673111,757.527168653555,0
2.15,-4.55555305516907,-4.27392768859863,-0.246734604022978,14.0562467282296,6.58523469001978,4.51740379823456,0.568211891682829,-15.1541772325458,4.67304591771952,1.72776634669337,725.160273649417,668.122596281531,0
2.16,-4.76608357622771,-4.59999990463257,-0.161589905326101,9.75220029279824,5.83537025521931,4.5650156369727,1.43415775376281,-10.9684730832412,2.48203187275665,1.90081790932685,640.885396824117,567.312524580801,0
2.17,-4.76487765361727,-4.59999990463257,-0.0395224579300424,8.34273968516361,0.784372040288146,0.006771983442621,-4.75514979577876,1.42639979639185,8.16672261139353,0.00856021316930982,556.568464557553,477.275319129432,0
2.18,-4.76735280745699,-4.59999990463257,0.00229422315917248,6.76692246883676,5.21256027744117,-2.76436943380569,3.84525149102854,0.675143641910091,-8.42484743488524,-2.49849380592266,472.983524259416,418.017302571395,0
2.19,-1.76118407084723,-1.6089802980423,-0.0403608101372619,7.17731022726285,0.560796162327732,1.176800222554,-1.29869075812732,-4.88630710336919,5.80736538868733,0.74029171598892,419.005612624146,402.856266955611,0
2.2,1.00083105779971,1.18179655075073,0.0141850065090344,10.7988281228874,-0.763228612576554,0.56027427378877,-0.807265169696713,6.7064668861656,-7.9521521761436,-2.51765838140295,414.424947389561,435.403814445471,0
2.21,3.39147918893376,3.6043381690979,0.0125789017997511,13.7094721888651,-2.31594566966114,-1.96881453623427,2.69321271073665,-10.475450116362,9.43338678343437,0.647725647105564,456.386905872737,508.737034375378,0
2.22,4.14394027793194,4.59999990463257,-0.00242021852997301,21.0311167539348,-3.56438092525851,3.70673783086823,-1.92575682988918,20.9973678273327,-6.25909139665592,-2.03127838757526,529.462328614911,606.949702264773,0
2.23,4.10424174221198,4.59999990463257,0.0622813390977268,22.5820603296308,-5.06350156132516,-3.58302620293915,-2.13547587103397,-16.0527401036089,-15.6452098121102,2.13179569829239,605.689263904322,708.728957133643,0
2.24,4.24470537542816,4.59999990463257,-0.00969835273206374,22.6392319242309,-4.96960577014755,-2.15393151290369,3.54248675965078,-16.417210360441,17.0102945706357,0.569731147173639,681.943735801761,792.140737775713,0
2.25,4.22642632524618,4.59999990463257,-0.0365285712874533,23.1272502867348,-3.19276339955854,1.81153434303788,3.72820884713925,6.98790906554451,22.3362126385961,-0.436389570918835,757.8327241549,839.53270614664,0
2.26,1.69983716345631,2.08890891075134,0.0533858354164639,23.677691142084,-3.62709314877437,1.32265687160653,0.938066720506117,16.9346472597356,17.1086260221291,-0.913365937327248,817.728380580226,841.439953830251,0
2.27,-1.47046082002784,-1.14534747600555,-0.0119007345069225,18.3570875914122,1.51877127496428,-1.40504849135991,-0.546521936704025,17.8258423736181,5.3662401198833,-1.17316758340763,816.648635056118,798.611347428338,0
2.28,-3.59437808720009,-3.39862442016602,-0.0277934313912038,12.6062427563464,4.43050271346005,-3.6320780625377,0.285812164516751,12.3566808980229,-5.01036698391886,-1.62430357248182,768.165971863382,721.708620014021,0
2.29,-4.67765490134523,-4.59999990463257,-0.0165619413235523,9.46060461068768,5.64475045688693,-2.57419075963575,4.02830306900851,0.541686252443148,-10.9562907769109,-2.54841800455983,690.964751615832,628.765474936723,0
2.3,-4.79232331246028,-4.59999990463257,-0.12849230363218,11.6118118153991,3.04290658821574,3.92784282845644,2.80570494607294,-11.2051602110564,-4.61436112056716,2.20382190757448,606.311745425459,541.006227878983,0
2.31,-3.99429988172035,-3.90072870254517,-0.00919636395627355,7.22865132829406,1.56160680698655,0.197200670302875,-4.04531411109257,1.48587961468212,7.99520507228844,0.0589552039794261,525.920259600856,477.994799451408,0
2.32,-2.01467417426057,-1.83905065059662,-0.0178927344436329,7.88599618181702,0.664365470960082,-1.01925315695777,1.70063216460521,2.86493235770179,-7.17409322931076,-2.58745944229961,472.766267459702,453.230202342879,0
2.33,0.210036707151478,0.490907549858093,0.0437500085122399,12.6673971921774,0.785967843234827,-0.184568850821407,0.156830817238638,-8.75291646733695,9.50379928268251,0.803991127328344,459.320043965669,471.191753241876,0
2.34,2.4505167883351,2.68322110176086,-0.025109527675085,16.1687059737621,-1.38921589228371,2.10775077720858,-1.07884909103647,14.7975917552841,-6.66419551996491,-2.03724430850452,485.958952394335,526.493775463976,0
2.35,3.90371421994799,4.23754405975342,0.112886213463536,17.639044833153,-3.64626233470187,-3.86585709952866,-0.531272149384561,-16.4351191362454,-6.51519299041213,1.72778566727599,546.001010168264,605.3165493679,0
2.36,4.20071492453461,4.59999990463257,0.150181744285054,21.5918636900817,-1.55625309156568,1.20022382159949,4.00519395701882,4.08698559875432,21.0927612983809,-0.281238431094678,621.587583225872,688.752977272005,0
2.37,4.15071815613237,4.52350044250488,-0.0814941190749967,22.318199185051,-3.58116111998559,4.03079340278553,-0.711569152567645,22.1249161286563,-0.929130438644589,-1.73182582443343,697.246627804384,757.27141958943,0
2.38,2.46105174601642,2.96357750892639,0.148112985128991,22.9731201153906,-2.69971747229292,2.37360360916017,0.805745820886462,20.9895863426007,10.5426426613845,-1.22067498378341,757.207232731536,795.245734015054,0
2.39,0.470967654595686,0.891137361526489,-0.0975288663016442,20.2801005266088,-1.14820741685865,0.471368947000228,-0.148649902897316,19.9502678954417,-4.06716838387355,-1.82914634202755,784.796295722573,794.500267649399,0
2.4,-1.6700785596568,-1.25856518745422,-0.0388982579004325,18.9087316271501,1.03586859704708,-1.11224566013545,1.19320809458456,12.2745200277997,-14.6677512865721,-2.37410056083224,774.68463025896,756.059264637192,0
2.41,-3.14688005519944,-2.96797060966492,-0.13408981070856,11.6832031224805,5.08799200153403,0.0560775419044453,3.19740872822834,-5.34882910718451,-11.9543350326413,-3.12327026228884,730.374274166927,689.718566841846,0
2.42,-4.2529885810652,-3.95006465911865,-0.042118004528266,12.9132198808865,2.65213647210914,3.85372175105482,1.66717827734068,-12.981321741765,-2.54280970151419,1.99423138673961,663.648620040727,611.571072709971,0
2.43,-3.94485962354982,-3.91947340965271,-0.0192232863009025,9.89692997022483,2.5770991314142,1.15063936133156,-3.93458429240508,0.263655014972252,9.95766475053863,0.300790732070376,589.741250583435,540.095369586053,0
2.44,-2.97037603591661,-2.88869047164917,-0.158341527438248,8.66881063618159,4.09466637329235,-2.8526355967851,1.06094294149582,6.69766110354782,-5.62461081391332,-1.90583998713315,526.399579327383,491.747545754231,0
2.45,-1.39410822661218,-1.15771412849426,-0.105013746319678,10.2652982637044,-0.559553160175946,1.3237456508048,0.301341303688828,-10.1478192045933,-2.56036357304546,1.79141154294042,487.666114037996,477.102915209692,0
2.46,0.58034298537327,0.811818242073059,0.04405053201654,12.119898266084,-1.38804309972672,0.485899591780532,0.309364081531544,9.26565518564589,8.18878820740588,-0.955991026106583,482.727924167639,498.453735593745,0
2.47,2.22145222527597,2.58377289772034,-0.188256963350909,16.1532476312139,-3.83623495254358,-1.10399286206664,-1.97316318626199,-4.11270692609356,-16.6411562692623,2.66714366804509,510.63331480058,549.415723105337,0
2.48,3.22998313051567,3.70399069786072,-0.0115598433940353,20.108852366774,-1.82338252454937,-0.997064045826933,3.16328274009522,-7.16585976865353,18.5383214308842,0.312752592544196,564.356635506954,616.614877567978,0
2.49,3.52246454222242,3.95770025253296,0.144681452231505,20.5367104951809,-2.6927695165805,3.5536959671855,-0.161696505800471,20.5945430722851,2.33587499203653,-1.59910952431312,629.218397529794,683.031192727238,0
2.5,2.91804324003496,3.28067564964294,0.104410629333617,19.4985142265222,-4.13932508762793,0.200313412536095,-2.88439870770102,5.88273180058357,-19.5244767918323,-3.04395447809942,688.838520902685,732.184332460728,0
2.51,1.44929787395416,1.87249886989594,0.153272325484288,20.7542941584166,-5.59675579645809,-1.26650086642095,-0.736635066086154,-14.5268699172872,-16.0406656775874,2.1684841879596,728.907152487407,752.150520733459,0
2.52,-0.447912586659897,0.0567037761211395,0.00883704152182017,19.0113403287955,-1.26957354353432,0.306356181550227,-0.061363116250636,-18.5183865418515,3.95711303086184,1.28749020826866,739.68470587247,738.445391223658,0
2.53,-1.92789072459203,-1.68412983417511,-0.0436446957000039,14.2857677969563,2.85139031825681,0.654134582527304,-1.84217483507709,-2.60092354943715,13.9914589118097,0.368600923181631,719.115658030547,695.082827592221,0
2.54,-3.09097099308753,-2.91877961158752,-0.153035950889342,13.3023539289197,5.54439200751627,-2.35381467554796,-2.13334108633459,12.9725268099399,5.72504469379789,-0.802511459351805,672.180516160854,633.558977809869,0
2.55,-3.49818145012935,-3.28483128547668,-0.0499588289051841,11.478924182703,5.95550309160278,-2.34655776752127,2.60727410732531,3.59290441092742,-12.5584703475031,-2.37271674405606,612.147938315703,570.009006262052,0
2.56,-2.91027496994065,-2.75383472442627,-0.175922517182822,10.971820666376,5.20449984196442,2.8337055384873,0.883936688509074,-11.8115399915204,0.0290871395876473,1.9000313816591,554.665949793227,521.223170479257,0
2.57,-1.71998850030934,-1.4203724861145,-0.0507217639914649,13.3639933063599,2.48563923228644,1.3581083580021,-0.967954065798768,-9.71555446935943,8.55609494943476,0.970885784569694,515.291864495368,500.483996067041,0
2.58,0.0560929068179421,0.428672581911087,0.00225977716433807,11.6522600544533,1.53265237833517,0.205927611554975,0.0116667509784565,11.6280850639663,-1.15243598785844,-1.59585013013493,504.160533856258,514.232017651916,0
2.59,1.93710415517921,2.27179336547852,0.0315392009681851,15.1561288897753,-1.29991220376796,-1.64905714977847,-1.07786448036037,-12.382429991706,-9.53272669504585,2.16072782977166,526.208546732965,560.372480183735,0
2.6,3.30873175837237,3.71062612533569,-0.0847087020743601,20.540422364928,-3.47776549463575,0.383462736500911,3.29274962650123,-1.31542592030881,20.537971122081,-0.0956163020811535,576.999076705133,628.645386912804,0
2.61,3.91024132432751,4.33113479614258,0.00468684571945491,22.0234412939696,-3.78985786497577,3.65550764322358,-1.35501342927121,21.9461800480894,-4.39780899959607,-1.90900368708232,644.843724499501,702.988524830542,0
2.62,3.4418522436642,3.94070434570312,0.168653347729361,20.2157443126326,-3.73665222186462,-0.311471988110281,-3.53213846577456,1.85386718688838,-20.460662163993,3.0728832336326,713.546557947673,765.344420972094,0
2.63,2.23393437071659,2.679532289505,0.152115892908035,24.2347345693227,-5.74645217718108,-1.81774790494197,-1.25708446336399,-15.5977244027109,-19.2934347070214,2.22898681959516,766.627111243524,800.011475833465,0
2.64,0.411541410628535,0.746616780757904,0.10579428094888,18.8086231231263,-0.46377376344471,-0.372749690335234,-0.0383655535456254,-19.0063397068374,-1.9911888712881,1.67461285663196,790.611843445668,797.50080125865,0
2.65,-1.72394931435374,-1.38942432403564,-0.0561731598508024,18.9539494842511,3.51281583139455,1.59080086330286,-0.765513955809255,-16.2612747322687,10.8832625665655,1.16424367196659,778.15725427848,756.967743461331,0
2.66,-3.489844753315,-3.18232297897339,0.00230129777230736,15.417378247496,1.68265597484912,1.41161913048749,-3.16914347825541,-4.32378377094649,14.3648054773357,0.432014512768649,731.295234996033,686.616784840882,0
2.67,-4.532731329293,-4.30787420272827,0.0171944671156094,10.6079005002724,3.13281436180118,-3.12444857268304,-3.27550114869367,10.5206352365651,5.84868568789562,-0.744362726627231,659.485197973429,601.953890833315,0
2.68,-4.61627646711956,-4.37645959854126,0.0677781561912683,11.6643282804018,2.14747649228388,-2.73985834271995,3.70157846569828,5.02735061159889,-11.1835093397322,-2.49170330568483,578.502098101703,522.26995539376,0
2.69,-3.57071496449862,-3.35179257392883,-0.0995159624908171,9.39598576374731,1.73331256182313,3.49917833728822,-0.387971757917826,-8.66469576170473,3.37621986732444,1.47533458654329,507.597151661702,466.162624878665,0
2.7,-1.58691197670707,-1.46428680419922,0.0351372123765203,9.63066678421018,0.834003917371895,-1.58271007493246,-0.454858125737361,9.59359335323473,1.59130665310073,-1.27463910970544,462.197666353688,447.1408055204,0
2.71,0.517915819297474,0.812418639659882,0.0422134505197356,13.3625216010343,0.163621040449823,-0.488950412852469,-0.264718745078511,-11.8520544051879,-6.14552391280642,2.06222635410933,454.787314458222,470.349264989917,0
2.72,2.73378509074386,2.98779678344727,-0.170972872381276,16.0623205117934,-2.19653259718745,1.94125484340081,1.85028136097029,9.65659582647364,12.7820523375788,-0.791578824366961,487.141760935264,531.199622768148,0
2.73,4.19195655000699,4.59999990463257,0.0152314168785558,20.2935955291769,-1.85014187021481,-0.625977558317955,-4.16244527375382,-1.03106917891041,-20.1333455100868,3.00144935294232,552.817073407517,616.255767946319,0
2.74,4.13945602560875,4.59999990463257,0.0697130047251069,21.4675245121941,-4.59949029402031,-3.57086189646655,2.16847072909723,-21.1166084098723,6.82925598423045,1.04789252438146,629.033191818521,706.197707702148,0
2.75,4.21297545130021,4.59999990463257,0.042937509655693,21.1727310007479,-4.12632041915727,1.50925326369106,3.90772686427251,3.16989226583771,21.3291232111641,-0.347320062747136,704.973020402109,780.200137341125,0
2.76,2.9877017550788,3.56751084327698,0.0763639349469832,24.6906260271829,-4.11882454858684,2.89490538274405,1.05789037015148,21.605136595961,12.9803664365291,-1.19265594127129,775.631967530399,820.724981594424,0
2.77,0.52726478294087,0.939454197883606,0.0720692891104358,21.6492276426083,0.922066949702107,0.524032909795527,-0.0217099554942134,21.1928485983414,-2.35251481224891,-1.64297268674284,807.992133936916,817.620586121536,0
2.78,-2.05712898161769,-1.62684893608093,0.0175805816922493,20.2028725372661,1.33913917498089,-1.1370175811792,-1.67080066722345,12.5158855391569,15.9973375282758,-0.578939989461869,794.519742610613,770.570570623279,0
2.79,-3.95840949186842,-3.72141766548157,0.0372720113210087,12.8558367126341,3.50962819509906,-3.7404780375189,-1.30217213557212,13.103553550698,0.538509872640184,-1.21432496023556,740.648079967147,689.309242098117,0
2.8,-4.82446230505351,-4.59999990463257,-0.24432282886661,13.6187786043348,3.45141200847043,-3.36113658970933,3.49632581471863,6.55312660717122,-11.8361855604501,-2.3599117345349,659.28025041302,591.532303258048,0
2.81,-4.74863311360704,-4.59999990463257,-0.0568634741666815,8.24951970091976,5.05257558563999,3.99991204252203,2.55732747950547,-9.47677407204126,-0.00771288830353889,2.16270360103705,574.860093348158,498.963260305309,0
2.82,-4.65911740042582,-4.59999990463257,-0.0101503815329461,4.41062316767415,4.65663344655391,-1.08316403460748,-4.54416357563235,5.29863769736118,3.02648553698384,-0.214016587225321,491.762661383388,432.464197330735,0
2.83,-2.23005400376804,-2.08502507209778,0.00978831903944427,7.74612303503909,1.43596107130592,0.0475639164589012,2.23214466706071,-1.60778766758167,-7.91587092580438,3.13495104501862,429.993938213506,407.304741867933,0
2.84,0.465395659443988,0.614741086959839,-0.0305643442226255,10.3354934282712,0.216930276865629,0.0344948758992642,0.420708368292839,0.625028823151616,10.1720979434572,-0.074290288185094,416.232392433734,429.67219013643,0
2.85,2.94107957668892,3.16145491600037,-0.0146421087483734,13.1558958652646,-2.56063277481396,-0.251618178171061,-2.90193824772198,1.06498615954322,-13.1182712036672,3.06934233772109,449.084161854333,495.225190516602,0
2.86,4.35530149820384,4.59999990463257,0.245235177239271,14.8023037632482,-3.67646606630583,-1.26357977962258,4.11757002313827,-8.30562049554534,13.3235042589312,0.315976485124707,517.984470659449,590.027271549958,0
2.87,4.23584705398336,4.59999990463257,0.142226879302405,18.6751776165409,-3.97280743483821,4.00219695065602,-1.39867805043878,19.0195652493552,-1.78204439973836,-1.88632461536667,594.805971897226,693.652098118081,0
2.88,4.25306797191315,4.59999990463257,0.047308510235893,20.5019381499732,-5.13732721369471,-1.69041486659312,-3.83997076594063,-2.87069708154876,-21.3674348006535,2.75375091051527,670.741892194843,783.755155784603,0
2.89,4.10094772549638,4.59999990463257,0.0594568010048664,27.2140875664111,-6.25729782031299,-4.06619709379951,-0.236743461559962,-26.2168263693334,-10.1014417883588,1.6669415651851,746.757710145635,841.071279739238,0
2.9,2.67916993820753,3.11631369590759,-0.00345106490904147,24.2186269126742,-4.15018343042988,-2.36571568652163,1.21056138773642,-23.0727632901938,6.37618191586241,1.12976042696011,816.798305797012,853.701329088443,0
2.91,-1.0533164463514,-0.501605570316315,-0.0140720701543345,20.90433388581,1.90559210190214,0.684903531627111,-0.59901728998717,-14.8194518956344,15.0191283299376,0.918641223560293,829.540343920036,819.716312413392,0
2.92,-3.47379901334681,-3.07524299621582,-0.26766049291831,17.0808068440032,6.26681628306484,1.81534179147855,-2.88515446263173,-4.7357205313768,17.5180535581679,0.597822030425137,789.814559866074,747.494979509006,0
2.93,-4.77335205417719,-4.59999990463257,-0.172003793772049,9.78099023891026,4.95995170926023,-0.840195183080082,-4.70838166152121,6.80532683896841,8.71973127896212,-0.15307457221028,715.436354834415,653.731481068088,0
2.94,-4.81423531651477,-4.59999990463257,-0.150785537905874,9.42753189985729,5.41544781280168,-4.76998100582668,-0.223232595648864,9.59965806466369,-4.20741780127674,-1.50299102068791,631.159147439647,559.582812805243,0
2.95,-4.64331312492558,-4.59999990463257,-0.0931390984796172,7.93367348096735,4.16439311526377,1.63084263868634,4.45764298590935,-7.05179765138278,-5.89903505925227,2.81156212217181,547.141995353339,485.848470630572,0
2.96,-2.79118188931747,-2.63798069953918,-0.0770242341317074,5.69834164188134,0.214361935118597,0.702941993167395,-2.64226875555772,-0.987927852921632,5.32342666752071,0.263908043933491,478.813487103746,448.290026674763,0
2.97,-0.430307042488113,-0.242561489343643,-0.0640062797829873,11.8713967042797,-1.40496615816216,-0.243645356913055,0.398638822782585,6.5566230697009,-9.85811510724605,-2.63267044793256,452.15810305254,454.15749772377,0
2.98,1.86231584257326,2.11966562271118,0.137488230162984,13.4020136987969,-1.47392417180907,-1.56837533521597,-1.00758342727794,-10.2040974039753,-8.81777538713496,2.16022753479278,467.681712469672,500.703191015692,0
2.99,3.62368427480287,3.9742956161499,0.0241310242155874,18.9685222044206,-3.74815118350639,1.86504649044593,3.09076023940157,6.22364582198404,18.1719562651273,-0.522070395963409,520.307341437807,575.99971187732,0
3,4.17514633460993,4.59999990463257,0.0939581926852142,20.5892267590248,-4.55306318078826,1.60924434616625,-3.86914509570164,12.2236576732737,-17.6931233431973,-2.727106351338,594.051715972499,661.845408689848,0
3.01,4.17058398157523,4.59999990463257,-0.0354826916272021,22.101885459541,-4.00966766896233,-3.96961008727838,-1.29801462141268,-19.1702336484609,-11.2878701881767,1.90818223487348,670.476659022888,1069.75899853701,0
3.02,4.22043418565802,4.59999990463257,0.0945227342040802,22.6324764404174,-6.60622161412651,-2.94196863161536,2.954264034498,-20.8709194985214,10.2879995556291,0.816794955838504,746.172892103637,1062.63100557282,0
3.03,4.07411998845415,4.59999990463257,0.0893155184777607,27.3299498339797,-7.1609801458386,-0.989567777477471,3.94322910285019,-13.6359558002418,24.6408910288621,0.27818065352058,821.345626474937,1051.40909817393,0
3.04,4.03640663315917,4.59999990463257,-0.0522791482183833,29.1154079187672,-8.33048172911177,-1.00788261844917,3.92411702812557,-15.4640973427164,24.8012293667298,0.290851789925986,896.078694899173,1044.62477394878,0
3.05,4.02082391397326,4.59999990463257,0.130340437946446,30.7016174826356,-10.6170790939989,-2.86325667573247,2.77839792253457,-30.1524550417678,13.2151040444879,0.851691314170717,970.811429397246,1045.27536707521,0
3.06,1.50281600683039,2.06122350692749,0.0695105970795165,27.8146651324719,-3.76729186648624,-1.4581270473446,-0.447120044925983,-24.7126444333365,-12.5727623788279,1.91493510326285,1024.27604274233,1049.93064680785,0
3.07,0.197632020582624,0.801008284091949,0.0703568618898877,26.2353330730708,-2.41592577052009,-0.0236945287076775,-0.295841849396952,3.95210414498133,-25.7862982223956,-3.0722338489832,1040.27584824226,1050.49813373367,0
3.08,-0.582846411615614,-0.0848904699087143,0.017536021140164,25.7328143213819,2.06728218159973,-0.573388044704427,0.120023745729544,25.1078959715069,-5.35199248936777,-1.7227767671481,1039.60630174095,1037.93108012248,0
3.09,-1.45472567031648,-1.11571443080902,-0.0777339309077856,22.5396212090061,2.90242180841094,-0.701113459682686,-1.37476975461961,11.5774201309055,18.8283157197196,-0.437946278758639,1022.25295530524,1006.48902792836,0
3.1,-2.65111988427738,-2.17424559593201,-0.0244651118110977,23.5925500387342,1.49324458937486,1.56582761194663,-2.10956248093076,-12.9130191316094,19.4144605416894,0.650881250936804,986.267452381817,956.971921448834,0
3.11,-3.32409719873095,-2.87197661399841,0.0581506293649193,21.828897390541,4.70811547928074,3.23453860024013,-0.607446300920692,-20.515516946897,8.05700692084232,1.41590903465094,934.840235890398,897.700325465792,0
3.12,-3.18105022204445,-2.85709285736084,-0.0142707910644787,17.9619189609502,6.48938682393675,3.16112275907352,0.534483746384055,-18.8522643760328,2.3945101047337,1.77869283900614,878.283051975894,842.782851548895,0
3.13,-2.4001565356869,-1.96520841121674,-0.0200076295402846,18.3303897122702,2.55426576170013,-0.0696559745411443,2.33137880375918,-1.71611836283768,-19.0877887910453,-3.08735051854947,830.719652076455,808.138184539078,0
3.14,-0.734257934547704,-0.302537620067596,-0.101981187450768,20.046460340149,-1.75874052678545,0.140917541515339,0.667220101456028,-3.47167313853154,-19.3256676193423,2.89353583756273,806.156228580779,806.514782867378,0
3.15,1.28211358695911,1.75515699386597,0.0397707161339195,22.9982496728495,0.340754223752413,-0.750386594859659,-1.07253600374519,-13.2453802083234,-18.7493805837425,2.53041846059138,815.15695927335,843.12022475012,0
3.16,3.22021803080295,3.74493288993835,0.0917544030322675,28.6353150415185,-4.43969417379759,-2.29119855245116,-2.20844987536938,-17.1190962851934,-23.6143036395622,2.36578705423476,860.068363718099,913.313227940351,0
3.17,3.94430038621293,4.59999990463257,0.144106652851305,31.7277665089385,-6.3431665927012,-2.02319593022889,-3.42731691326854,-9.97930657754819,-30.7464150903532,2.63968948236743,931.420193248651,1003.1766517836,0
3.18,3.93529208107021,4.59999990463257,0.100594081126161,31.534883350103,-5.38659811721809,1.13196553009321,-3.82866361104784,14.6706775652624,-27.9382635431486,-2.82649325606634,1006.05265475725,1092.88584860276,0
3.19,4.05897340867166,4.59999990463257,0.113693270597014,31.6186466625803,-9.2193568686758,3.98179502067104,0.232043056689577,30.3046055435886,12.5491026779369,-1.46447672890948,1079.82046161567,1161.9060570064,0
3.2,2.94222134776961,3.56047654151917,0.109175230836014,32.208929706428,-7.38716441023321,-1.10911291683512,2.71639144376902,-19.9638047932421,26.1745560029687,0.436871064029511,1150.20848722878,1194.47792074316,0
3.21,0.133520587888664,0.686953663825989,0.00454748440127217,29.1055699953147,0.156974579699162,-0.0432417147887816,-0.121315059301622,-12.3011917028387,-25.8258603922751,2.7146915316142,1177.33246308124,1183.76337283883,0
3.22,-2.234733829143,-1.74541735649109,-0.00637563918629075,24.8886249020325,3.41038204451029,-2.15535603741764,-0.60837519895017,25.1225236829596,4.5569042639206,-1.26471898284286,1158.43477348633,1133.44803721404,0
3.23,-4.04876995828193,-3.49986028671265,-0.122217101059601,24.4925769440709,5.6843603391333,2.6602383330556,-2.97222655750528,-12.9998004310714,22.186962287612,0.760907983202158,1103.53387568302,1056.38972087062,0
3.24,-4.69327636796959,-4.27871227264404,-0.0308913195598784,19.8614525066682,6.46321562961296,3.59972754760113,2.97592825045785,-19.7872568087994,-8.03362339903467,2.29325591315993,1026.82322893682,970.807749031395,0
3.25,-4.32069645700152,-4.06568193435669,-0.235924458192538,17.2725938270711,5.62719715169821,-0.310082296194025,4.39011471343128,-3.96621258118445,-17.8423445702481,-3.04413982092386,946.73449696915,895.235473575276,0
3.26,-3.31109949171368,-2.97348499298096,-0.151338128672823,18.520175414657,2.92493770400397,-3.13071588120223,-1.13507336561388,18.4074574623648,3.63917166282676,-1.20261085933125,879.277113815883,843.781329294151,0
3.27,-1.70768785660677,-1.36791658401489,0.00769384544775012,17.2357999937617,-0.324419016893683,-1.60104961582608,-0.592466086115645,16.5500973315265,6.13472584852086,-1.21533536234743,836.60122347082,823.070307114874,0
3.28,-0.121935107597745,0.280753523111343,0.0189500178647805,21.328616756502,-2.66782350433322,-0.129113740039723,-0.0564856436652136,21.0405781032391,4.88203165992403,-1.43288993279673,823.211107803448,831.638136418688,0
3.29,1.15059160055677,1.62145113945007,0.117231406556268,23.9238115154937,-1.78099241496487,1.15325630433563,-0.131587001237838,23.8603494829976,0.26459983672323,-1.64789773843626,836.309436560382,861.731967117016,0
3.3,1.98632826612895,2.42263388633728,0.00389341957255331,24.1756011898162,-5.01792628686734,1.92579428285543,-0.341353872437195,24.5937770784841,1.91144754664684,-1.6942811966303,867.552852701739,902.707540623315,0
3.31,2.05270306642469,2.66706538200378,-0.150959427806113,24.9769968099493,-2.86243873292624,2.17715919251917,0.151533086404521,24.5884849211089,5.18234010149866,-1.47415251610415,907.238972028738,944.752755494497,0
3.32,1.97029273417978,2.51190781593323,0.0550011179449073,29.1071638360004,-6.33627721785477,1.66489909599693,1.01676615280307,20.2227084806357,21.5931051981515,-0.958871877284344,946.988684292677,981.653745840256,0
3.33,1.62732959903713,2.18233776092529,0.144720444198098,28.9179035003719,-4.12422604257267,0.348905040823944,1.57720698857699,1.06304718906421,29.3946454763784,-0.168886476174913,981.877466647658,1011.74254022276,0
3.34,1.40879219893995,1.88600397109985,0.190337808946619,26.4870662264007,-3.69095578355725,-0.994139865937262,0.959934097977087,-21.8878087962266,14.4662344028778,0.854276361325743,1010.82340608667,1036.86863650523,0
3.35,1.12063158026599,1.74062824249268,0.140797545935257,30.0072294616612,-4.79536673238617,-1.04779118338191,-0.480843059855457,-24.5271407641515,-18.189406405276,2.07435071396304,1035.91548703304,1059.9713238693,0
3.36,1.06231213992285,1.67451846599579,-0.0646924021419404,29.0529402124869,-1.77381491238565,0.316469649407407,-1.05520598380912,11.5183643558654,-27.1369173397723,-2.81140028279139,1059.39401197675,1082.33843075468,0
3.37,0.994670065058415,1.53634309768677,0.0803730879621253,28.142035108233,-4.42986303163708,0.961241218157969,0.217972657071884,25.5121540232895,13.5857018185301,-1.24802436005465,1081.03691452713,1101.74293936573,0
3.38,0.578397041432988,1.11424481868744,0.00171797549181527,29.7218434245852,-2.12759068014028,-0.201591853565184,0.504340514343856,-14.9281573290329,25.3804186516725,0.4596581228957,1097.87689789885,1112.31402124723,0
3.39,-0.313927065667728,0.295791655778885,0.155877380518603,27.971913533042,0.724447446992849,-0.108635778650147,0.225489212969545,13.7267671508106,-24.39355185133,-2.58312638867187,1103.48085440581,1106.33919556272,0
3.4,-1.50610748162991,-0.905267357826233,0.148642099963958,28.1420351305889,0.181848012551208,-1.03743695549503,-0.998506594641265,19.5679753656366,19.2787782221141,-0.810327140225489,1091.07202376006,1077.44002302349,0
3.41,-2.75166896906146,-2.2738733291626,-0.0619145878204205,22.5694591983363,4.32404483404947,1.86768923507703,-1.98551310467386,-13.4445608724624,19.4728204636125,0.788263740578673,1055.4747537412,1023.98275906302,0
3.42,-3.72414587230079,-3.4507269859314,-0.204038582306423,19.058295833252,4.86258081170099,3.44279225943447,1.65120863767026,-19.0502774499378,-4.60460887129926,2.04305256809794,998.012926299389,951.391421095019,0
3.43,-4.44423976564289,-4.05352973937988,-0.18649821675686,19.5200332459539,4.24730602589414,1.52364382358276,4.16014554335015,-10.6332627082175,-17.0099290413537,2.8123578946095,924.980036726417,872.309133494672,0
3.44,-4.02670843253437,-3.7215096950531,-0.100168421184835,19.1588835902052,7.10346026292971,0.570825819429871,4.05016463295572,-8.22974437954292,-18.2959602326049,3.03283035412452,850.857878681202,804.229075478125,0
3.45,-2.7260567191793,-2.36303043365479,0.0436057324713425,16.9254544033125,2.12357237652309,1.05300669401223,2.47273320279909,-8.37812415627081,-14.9019197930704,2.75599620231691,792.347996779934,765.074084716152,0
3.46,-0.518745515036789,-0.218982979655266,-0.0876505239864644,17.4975016838653,3.50844654823145,0.493664218473098,0.25102078395835,-16.1597379543068,-6.95337179617264,2.1583129146611,765.384914339537,767.958348717715,0
3.47,1.84960785707506,2.30548787117004,0.0220186189421722,22.7676424089535,-3.16598943818971,-1.86093931849738,0.173021551733456,-22.7961170874331,-2.07519027492746,1.51522583663776,780.556809006852,816.753292795981,0
3.48,4.03828665835429,4.57489776611328,0.127603645770607,24.6267271810892,-4.82021638551038,-3.67588788058355,1.79512641976219,-24.9447276964652,5.63694147520669,1.1430982795657,838.580117619866,903.952426978839,0
3.49,3.99121554479517,4.59999990463257,0.0600102217969689,29.2744444770842,-6.84843630932564,-3.81776080546055,1.27706002537437,-30.2161694132039,2.20916055471004,1.28139880817422,913.650164115313,1011.70214047297,0
3.5,3.97139836037549,4.59999990463257,0.0673008792125041,30.6339950068198,-5.88158780339603,-3.73457920391752,-1.43659175634569,-26.1586741541614,-17.231941435046,1.96816818238287,988.072911610661,1115.91911689286,0
3.51,3.91145337964851,4.59999990463257,0.296586648933064,34.2693943372715,-9.24061922140587,0.0347994715223202,-3.94234241564972,11.5367274415447,-33.2711241841485,-3.08260694839195,1062.25821414059,1192.44385697648,0
3.52,4.05489169574707,4.59999990463257,-0.0292709713869757,32.8792948005217,-6.7636057219629,-0.411745077101196,3.95355396453324,-11.224282198517,30.8939732483228,0.139639191798525,1136.25354681474,1223.49644530549,0
3.53,0.737116831900307,1.32526874542236,0.0208869676639076,31.1748791452219,-2.45852743993036,-0.511943533607544,-0.509276228743348,-18.548144281591,-24.9925058353167,2.42328724051801,1189.45556783226,1202.53544562064,0
3.54,-2.70591157016972,-2.28497171401978,-0.388306311993368,24.4588875882002,7.83407255021578,-2.75646116513353,-0.135226546274939,24.9839631461217,-5.15454741064325,-1.46333154600815,1168.49928563876,1136.04422641122,0
3.55,-4.7977559524621,-4.40079784393311,-0.0616569037635137,24.2692475766126,9.17480240752464,2.55012986503524,-4.15206782525206,-5.98040770367507,25.1094035142533,0.589439296710908,1099.69708156729,1041.66471163111,0
3.56,-5.0037851644641,-4.59999990463257,-0.0411169547951014,16.3120831234023,6.31401561420352,4.4092583273903,2.16720746581472,-17.1425219967743,-2.53574064089435,2.05207636564914,1013.62719755253,943.195852975619,0
3.57,-4.95306080201356,-4.59999990463257,-0.381138922875703,17.8666535564906,7.53777359331249,1.42986162518843,4.73904598086845,-12.2329551675337,-15.5363260443303,2.88124386852017,927.455434773022,863.931439522138,0
3.58,-3.18723006025666,-2.90794444084167,0.060844336025088,16.6248449625709,3.85132449141613,0.19900475750971,3.22445925955182,-4.30872705515588,-16.7294274858656,3.10359832922282,853.97993474508,820.324780189979,0
3.59,-0.934635362173205,-0.563412547111511,0.00890286085650119,20.5210064795023,2.97784510338327,0.242821712318942,0.922160327480421,-6.35241616950448,-19.3528814580866,2.93009386225034,820.051333289766,817.867471893724,0
3.6,1.03437723782372,1.51673889160156,0.00418492491478535,20.8892382064758,-0.102409748863241,-0.520379635671308,-0.981712592304266,-9.76155989442629,-18.685404191824,2.65618547607388,825.538997628114,850.379379737442,0
3.61,2.41274976229661,2.90349507331848,0.0745762102452311,25.0723428074678,-3.23038923941855,-1.4189386610622,-1.96017582995114,-11.6700808221508,-22.3403914085501,2.54062760818379,861.256994895829,902.838888645815,0
3.62,2.69193927795046,3.30310463905334,0.00865184351564936,30.6961310070352,-4.07422885327671,-1.11352329707734,-2.46253317364391,-7.68724690149162,-30.2630200565797,2.75066094651054,911.474246055166,956.771901217046,0
3.63,2.12667421702463,2.78133058547974,0.0151785015153013,31.1333962288336,-2.34986607164027,0.375899820162108,-2.15799339928325,7.40019954131117,-29.5022963559668,-2.95258416827699,959.543370307165,996.418557436226,0
3.64,1.21221235059412,1.6761953830719,-0.00179922201294135,25.7656224888504,-1.70926545054787,1.0179657604783,-0.608848875951492,23.2999572172807,-10.2486692858908,-2.07185740044084,991.916597995042,1013.66676477147,0
3.65,0.0838236479519533,0.516989648342133,-0.114075092536839,24.8319670789543,0.513958497786535,-0.0165734722622898,0.038394032058924,-9.96106114165682,22.466768690083,0.417782079353108,1003.70363251427,1010.16020719966,0
3.66,-0.788985291887465,-0.232748657464981,-0.0545399686320142,27.7130945527946,0.171521889561906,0.763566769827012,-0.0802797450597233,-27.4121018534458,2.96754522334796,1.48092821082339,998.575647187436,995.926491015751,0
3.67,-0.776397392218157,-0.262122064828873,-0.0531494264995796,24.7778290147636,2.8798770687914,0.502365323079576,0.553816313225728,-17.4548354463017,-18.0925370323479,2.47525203905815,986.998536667389,985.0297164168,0
3.68,-0.0535927076719566,0.418073415756226,-0.0122906319116363,22.2843476322925,-0.947666493144406,-0.0202192330302567,0.0194525800532158,6.58965897115278,-21.9756110749386,-2.88171674042093,981.99762826976,989.756108272392,0
3.69,1.09961087322649,1.48950469493866,-0.015864768999359,26.8687419563384,-3.11680259199657,0.882504674177463,-0.407874233489578,26.1521216942228,-6.66467086328309,-1.93688075899614,993.18936429541,1015.3601077923,0
3.7,1.85061683304744,2.4635705947876,-0.00636413375855113,28.958527316082,-1.819354400334,1.43649102052366,1.23493200614917,20.5874343077997,20.9538080448266,-0.840211398779439,1023.10972174796,1057.25186228108,0
3.71,2.24382347504392,2.79961061477661,0.103778696993892,29.630180142917,-4.17545921303462,-1.03990860012631,1.97749869596255,-18.2556332668291,23.1697282362035,0.523596945810755,1064.16900054277,1101.72855020517,0
3.72,1.55495392895363,2.20080208778381,0.189810905245829,31.8001684951392,-3.05003577664695,-1.31410536500027,-0.868542110391798,-24.6841735433108,-20.7972174072357,2.18908063999947,1102.59955806238,1130.18134318745,0
3.73,0.0755089615314726,0.604301512241364,-0.118184655579122,31.2608681681981,-0.861782009982194,-0.0129828580944487,-0.00578598089934442,25.5010906938388,-18.3442787930133,-2.21263125819694,1120.36355151818,1125.52073973128,0
3.74,-2.1645865828462,-1.608882188797,-0.0562442938274138,24.7550044521202,0.693260772645619,-0.688778691083859,-1.96444274644951,9.18675510391982,22.740081128002,-0.321127164565759,1103.64159416078,1078.74541382897,0
3.75,-4.29283544039787,-3.86408662796021,-0.275853427222541,21.0562857107192,8.23004094216544,4.0606096467241,-1.29524803731739,-17.7141487505025,13.2171311325142,1.301375489762,1046.8403439126,993.414201676619,0
3.76,-4.92063302151888,-4.59999990463257,-0.153031139874491,14.4999890816413,8.09724148708549,3.46254384052244,3.44459687764633,-16.4351115769465,-5.03331576074586,2.38998299942343,962.88209074975,886.345327612513,0
3.77,-4.91756899414242,-4.59999990463257,-0.201982011658147,13.849759224317,6.93699789066103,1.53486017007715,4.61583798202079,-10.4387876086462,-11.4526635781684,2.84923835857062,877.100475850354,784.006082450576,0
3.78,-4.88372937028379,-4.59999990463257,-0.191134809283738,14.4101313240109,5.64111563975634,-3.99712619001115,2.79128420648224,9.02870336265006,-12.7187518984965,-2.15619533612282,791.238991976981,715.424563973965,0
3.79,-2.33719733841103,-1.9344003200531,-0.0383565477664576,18.6528102961153,0.738519122472963,-0.482571170383338,2.22697578423673,3.3784202234709,-17.764343886198,-2.92258078141974,723.174651131935,703.622505324682,0
3.8,1.74023572295854,2.13500833511353,0.0468306149543117,22.3191034283212,-3.2832001094225,-1.26859323881692,-1.14239249170654,-14.0734564669463,-17.5428254393051,2.33796770765885,724.07269719794,758.15424057097,0
3.81,4.13529107379184,4.59999990463257,0.198994768586607,25.2411931200887,-5.57610101362756,-4.11609142384595,0.141347692896496,-25.062675233126,-6.1507738186001,1.56790535853557,787.046802030928,871.133233077697,0
3.82,4.10984005073594,4.59999990463257,0.243812708309635,26.6141985457938,-5.80804154623805,-3.94227505062041,1.09542265992064,-27.1657300221102,0.00911648024783762,1.33223112271193,862.588000712546,1018.16899459242,0
3.83,3.91402436278006,4.59999990463257,0.00736226780065462,29.005265514631,-5.55892107723305,-4.03320837935998,-0.188417927223664,-28.5723171536103,-7.80660041570876,1.64654032087398,937.48177475976,1164.19695733427,0
3.84,4.02429329417566,4.59999990463257,0.0334738322013857,31.4438862336852,-7.5867944746851,-2.48730550241766,-3.12543507359085,-12.4597656769473,-29.6977175120343,2.50859649773024,1011.81649735851,1272.69423941144,0
3.85,4.06303490803557,4.59999990463257,-0.119262514135108,34.9287708043287,-3.35031853325706,2.67889613152431,-2.84954094744304,27.2956754887294,-22.7777076894877,-2.3675048861018,1086.34141525091,1315.69512579855,0
3.86,3.86694443585598,4.59999990463257,0.139118804807173,38.2715296933171,-9.53716004425155,1.74045970645787,3.45366852548159,7.02644518464792,38.1824175721781,-0.418005695075146,1159.82476563607,1281.6958736905,0
3.87,-1.4962479819486,-0.938900470733643,-0.0532284736763992,30.6716732189381,-0.292788523183538,1.38240744913011,0.669208542081671,-27.7137153375561,-13.3031283586481,2.02546173104352,1201.89499608906,1179.08817655306,0
3.88,-5.0519759009451,-4.59999990463257,-0.234479885090775,21.7230129788963,8.91760721767592,-4.56155074337887,2.09968216649614,16.7806744029748,-16.4261964017438,-1.96616946606993,1128.82561744757,1034.03619798264,0
3.89,-4.91814325271671,-4.59999990463257,-0.0997050368392414,18.5919768209017,8.49508567334945,-1.59680211258678,-4.68007070451367,12.8677273307131,14.9093870978273,-0.294956374711124,1041.56339698583,883.338982943989,0
3.9,-4.89875894589864,-4.59999990463257,-0.21079978709127,16.9387233695833,7.99930275445634,3.19606996925177,-3.7448033473667,-5.29403678586777,18.0861724704784,0.741472077865322,955.654746058366,764.309110175554,0
3.91,-4.98448353285568,-4.59999990463257,-0.118542529212039,15.2251117090377,7.26312323003043,2.68998950071169,4.08099358934595,-14.7814575550898,-8.72255685919699,2.59287519545861,869.73474656012,704.595113979624,0
3.92,-4.88621201208503,-4.59999990463257,-0.0949547696399074,13.0909674605381,4.02625988105389,3.43939063383083,3.40526712146671,-12.030215362761,-6.2404130034678,2.37000129308605,783.959590314658,714.900284717861,0
3.93,1.32511674929578,1.76140642166138,0.292296903572514,23.418237828098,-5.28259068471128,-1.31725880634439,-0.0126748230830715,-22.8242252944708,-6.5657492047253,1.65292146202346,755.897748284226,786.688486394921,0
3.94,4.15435885742514,4.59999990463257,0.175744510219541,24.6005696477822,-4.91039855702222,-3.65338282712882,1.93660235152243,-24.0597457302736,6.04610024533353,1.11004078685338,817.916091068045,895.474680131804,0
3.95,3.98199107468398,4.59999990463257,-0.0161408436593206,29.5031492097217,-5.87918220126431,-3.54938173745446,1.95031899545875,-28.023712570034,7.81567569661366,1.09807484584416,893.142443185493,1008.62539091577,0
3.96,4.1139649709995,4.59999990463257,0.127246455580619,28.1347833716299,-7.04113260919326,-4.0539687993036,-0.124059432470072,-27.7605557049199,-8.37333483904932,1.63504861448382,967.793388939157,1095.25187258167,0
3.97,4.00092039595743,4.59999990463257,0.17639993471257,33.1975852051451,-8.12303973770429,-1.77032742479353,-3.54002149475973,-6.57744191162734,-33.4338991381932,2.71856066120605,1041.90952452237,1135.17700727428,0
3.98,1.44626489110039,2.03170871734619,-0.0350226033936654,31.079079676959,-1.56884749502692,1.31015459601172,-0.567175324747827,29.5525277351055,-10.0134840645242,-1.95377926600543,1103.18456814246,1124.28065292822,0
3.99,-2.0680376063361,-1.39824938774109,0.173398071886999,29.1960451050284,4.24630643082693,-0.358778278709777,-1.93367774128566,8.03622043827215,28.4165523630303,-0.141281370565071,1096.08614557637,1074.67723937327,0
4,-3.21111766665349,-2.86877369880676,0.0338896807577492,21.0350447269329,3.81065958961498,3.24271030309469,-0.471671948069086,-20.6811652853735,6.31349870712358,1.45086221741428,1048.72684034775,1009.79862947696,0
4.01,-3.13067449897633,-2.78165531158447,0.0625281209974722,21.8649474043147,3.60361151695587,1.59666726345942,2.78376407157622,-13.4051453883078,-18.0620645614627,2.64137138585509,991.101211325506,956.042746380141,0
4.02,-1.86281461038663,-1.38789713382721,0.1106417319819,23.6773781435078,1.25641884043997,-0.522982174067414,1.76481067677588,5.39751247979351,-23.0067643923223,-2.83107938058649,948.528586027014,933.710735113791,0
4.03,0.207985996516016,0.648239731788635,-0.0830801514019121,25.7074259125345,-1.06212123346344,0.114781076183459,-0.111939213489204,20.8110022618404,-14.5941854614848,-2.22190674674335,937.790555301623,950.160739420461,0
4.04,1.97039391698029,2.46833229064941,0.0748258550299014,26.8191429978007,-2.13420734800534,1.94977248565077,-0.0282665704222559,26.8711319552467,2.39831309640441,-1.56197855380108,961.766472965131,997.388837339799,0
4.05,2.8255029229862,3.35518860816956,0.202665413519888,29.2487041756139,-7.88250817464458,-1.92070565279856,2.03585400972766,-26.8042802575722,13.8516541180893,0.816869051497384,1009.21685574655,1054.82930866675,0
4.06,2.34223658855021,2.89845156669617,0.030845657416263,32.346265575669,-3.81271101981788,-1.96271478508711,-1.12048857287279,-26.1397261311485,-20.3678262767743,2.12263394991575,1059.6957652934,1096.48971152915,0
4.07,0.645922364177232,1.12109184265137,0.0191523095395651,27.5935804793468,-1.58502926800872,0.29503567424108,-0.512611639499635,16.9165941336193,-21.778285701476,-2.55129086830746,1088.40229823756,1100.12763988389,0
4.08,-1.80937779671241,-1.41217994689941,0.0962630548499624,24.2628759083101,2.67768510346026,-1.46227001150445,-1.17395045480944,19.8809192009859,13.7860333458212,-0.867366017289054,1077.83671094078,1055.48210029862,0
4.09,-4.24039571629482,-3.85726952552795,-0.123440550896062,20.5563326897092,5.94983091190701,2.20623355062831,-3.63682741886464,-6.21418043374745,20.6308953805308,0.574666282561222,1023.06825796728,968.819798255049,0
4.1,-4.98894874772829,-4.59999990463257,-0.217933827113359,20.8667250556665,6.87000633610467,4.9583787946148,-0.579547342314933,-19.7685220699735,8.89351505010793,1.48461713059852,938.226104465796,862.179179253763,0
4.11,-4.74775483478284,-4.59999990463257,-0.0474975995375094,14.5767093854357,7.15017290701414,4.81230222104164,0.795320228677074,-15.8604732245357,4.28195887379285,1.76575736254583,852.569498424618,767.351886867091,0
4.12,-4.59637485802586,-4.31779050827026,-0.0849272858391661,14.3088396577082,6.0636044132585,4.5177468386118,-0.8199554381317,-13.4269816241672,8.59146284642872,1.42040121050071,768.271487965698,716.320145446186,0
4.13,-0.48155202155259,-0.183551475405693,-0.039151307669926,18.4194455830922,1.59182511968069,0.252628329102254,-0.457890118130792,-8.23235259885498,15.9705326379446,0.5737177374549,727.280383695657,731.043711494357,0
4.14,3.45543471557044,3.86985063552856,-0.0630140224441902,21.7085587529023,-4.05934356402451,1.12743552276271,3.27673218878417,2.39890233755588,21.5405596702285,-0.305998217569502,758.447297573932,815.78564664645,0
4.15,4.07625915070052,4.59999990463257,0.260676008645732,27.9170474421212,-3.87394197849723,2.86068786024649,2.88710464916087,15.4680681948222,23.6604763689972,-0.7554387008982,833.745862528656,954.47473176157,0
4.16,4.13471533969578,4.59999990463257,0.0587033121976798,27.4748802040364,-6.0859180075267,2.57252919944715,3.15281400001659,11.9337904202301,25.6536006551139,-0.653343236354871,908.828145511088,1114.12093378945,0
4.17,3.978262876364,4.59999990463257,0.0612061799330215,30.8436909613595,-4.82208518263566,0.102539614998737,4.00758414492694,-4.49436504958405,30.6085431513481,-0.00175631866299185,983.618088151627,1253.47291503529,0
4.18,4.1002525732715,4.59999990463257,0.0274744251506658,31.6528482752003,-8.78496950644081,-2.05828772810344,-3.40491882389335,-7.79181457399271,-32.4897738709026,2.64314226772788,1057.65178210969,1334.48948474782,0
4.19,3.88087078183458,4.59999990463257,0.196668047284715,34.6475494895972,-8.00184106199868,3.67017375502742,-1.42393976056979,35.1955728347589,-3.15367801549431,-1.89739957443661,1131.95205542589,1333.28857391419,0
4.2,3.78414358628175,4.58261442184448,0.0375154642369171,36.0642679029092,-10.8640539050908,-1.25259664695308,3.68084569683763,-23.8484320069333,29.2234455459514,0.386294828324456,1205.61141907411,1247.32453996285,0
4.21,-5.19368422627273,-4.59999990463257,-0.278166257930511,24.6251443532016,11.1630227811455,1.33932210379156,4.89344664447243,-15.3002081522807,-21.5807779474346,2.91606769208961,1173.14094152378,1096.61277178021,0
4.22,-5.11384654217062,-4.59999990463257,-0.119016500228085,23.2183700613847,6.41211048242582,-4.96759240340329,-0.890591432327523,24.0027853948418,-1.21665525959207,-1.36824587184792,1086.47932181458,918.555974349686,0
4.23,-4.85871544255363,-4.59999990463257,0.0420195070105145,18.0963928513071,8.82553429753211,-0.216589998398777,-4.93572536281401,9.14997203115136,17.8024338379789,-0.00576661009836199,999.674349675143,757.81042729079,0
4.24,-4.96369536304188,-4.59999990463257,-0.114844282497899,15.6553728213366,6.89125612165861,3.13186200376236,-3.77315051102888,-5.1076232031231,16.9386552403546,0.724158063213543,913.910960015252,654.096404735049,0
4.25,-4.69125688629015,-4.59999990463257,-0.0861376177567778,12.2524388883143,7.51840302316594,3.43746978925692,-3.39379395775234,-3.8461817101009,14.1230612773636,0.825103068128785,828.078869759676,631.462907231534,0
4.26,-4.77740222763975,-4.59999990463257,0.0791422451764606,13.9636905518012,4.67616984509485,1.34396549449367,-4.67246497205331,0.282126744777965,14.8091054714252,0.300389286510303,742.794523785893,692.080320082672,0
4.27,3.90065326416855,4.31813335418701,0.120797772415077,22.7442276005852,-3.20467863611796,2.26472291781484,3.15757680317296,10.0670833995358,20.5965066724466,-0.603661945055308,750.798183750215,816.288029371501,0
4.28,4.0573635203403,4.59999990463257,0.0549078755347259,28.5676308304268,-6.25591690958536,3.68111803299968,1.69762332928484,22.5810683769627,18.4286230459249,-1.1064105328425,826.557302602967,968.774415813454,0
4.29,3.99972417011619,4.59999990463257,-0.00279969019020768,31.8799215394921,-8.19702167865419,3.55668675416826,1.81050142915656,23.4737296712477,22.8262116863882,-1.05689792420293,901.393713925891,1108.97140865209,0
4.3,3.97453300794547,4.59999990463257,-0.0220904774140294,31.4676748659712,-2.87723291683422,1.82550894645743,3.55146116936419,11.0224094363815,29.5750116584838,-0.457799648256772,976.444943814743,1202.54289842241,0
4.31,3.92654459326427,4.59999990463257,0.122369025778539,32.3975902216112,-7.47947898560157,-3.43094247446921,-2.00651240610488,-23.8303276908929,-22.9817508348709,2.13494898849486,1050.71885926378,1230.5909843096,0
4.32,3.88274051739062,4.59999990463257,0.350383787327858,35.4921509077166,-8.34212659065644,2.32680680024392,-3.15365527652395,29.4577827635486,-21.5429814037375,-2.45768914036682,1124.92990859776,1193.96177829825,0
4.33,-2.0914304988244,-1.71191442012787,-0.0418921148126596,25.5818795702928,1.43660018724495,-0.81273300246767,-2.04753477204874,10.5629080994962,23.3523461737487,-0.362210920906474,1140.21038264898,1111.56116932535,0
4.34,-4.79719212140233,-4.38569974899292,-0.0994425741427639,17.9363727717466,6.91141056071738,4.69978456480634,-0.523109970834668,-17.4615906544712,8.53895291970345,1.49154731065618,1072.96804121715,1013.41693370257,0
4.35,-5.04003847545003,-4.41554737091064,-0.194232523364247,23.4344368790993,4.8961945211416,1.92587525859754,4.45851274343939,-13.7174330035405,-19.3031053065109,2.75765606982619,987.266858441509,930.788181499727,0
4.36,-3.13775978404062,-2.75225329399109,-0.250223002660006,20.060718255951,4.89334508801027,-0.82068443237677,3.02812550857001,0.956129707904645,-20.8578191621938,-2.84191317269111,918.555635983615,886.454082800593,0
4.37,-0.744527479910919,-0.337274789810181,-0.0208409573703195,24.036333591992,3.05598540688993,-0.397420014147366,0.683701526246264,10.86172473574,-21.1931325701748,-2.52917357325085,887.925518610795,888.168975560949,0
4.38,1.40923998834321,1.87835538387299,-0.0210332920329639,28.9422409956526,-2.67503808716502,0.97106270605587,-0.909167177354203,23.0418819948538,-16.9469011640689,-2.28740428207847,898.692739413741,927.210290490526,0
4.39,2.65665619414752,3.11511540412903,-0.00476842487279126,29.7673843620178,-3.62901845940012,2.42375675925642,-0.76449617113534,29.6826456902431,-4.54858038410471,-1.84637576565375,939.454773062502,982.309952409429,0
4.4,2.51809492678672,2.97285842895508,0.0192807039976735,26.5054629412914,-6.28056780955248,2.21511785957184,1.09450310985414,19.9860342364755,18.2055349879155,-1.06116977860473,988.68413185592,1027.56294242628,0
4.41,1.02240403293463,1.58411598205566,0.0235089589737975,27.4112066483419,-3.29454382580809,0.0214499088208651,1.07352824354008,-4.40476230971955,26.528451397741,0.0427124097011489,1022.68162875503,1041.67562548155,0
4.42,-1.01993180266623,-0.507634818553925,-0.0432039322427393,27.5823054242302,2.42275815817493,0.984508379463535,-0.348623904607112,-25.9263921239308,10.4919184940607,1.28665238144071,1024.81013426874,1015.52872941612,0
4.43,-2.84660159732512,-2.47694778442383,-0.115063520534152,20.2103450012075,7.16074160175258,2.0171957216692,2.03247631201542,-18.7100478516483,-10.3845498326047,2.41032074963261,990.283909699051,955.597951003571,0
4.44,-3.86947157668855,-3.54125595092773,-0.0071142241530953,16.3741615004413,3.52948291669012,-3.81560223622226,0.441021024583081,15.5731344298925,-5.51524485765661,-1.66358439970187,929.346550117041,882.11379329789,0
4.45,-3.51526241229234,-3.20059037208557,-0.193660181670735,16.62289408579,5.74421922207996,-3.47239048730296,-0.543300243059074,17.4035850126519,-2.18789720231643,-1.38381926857058,862.749781783736,822.527960272975,0
4.46,-1.64596944291492,-1.41244971752167,-0.0842635512417015,17.2272315086612,3.21397633607214,-1.73907118328482,-0.0213577114152191,17.4603584054388,-1.48360164227855,-1.53229121639809,816.410315476973,802.357589382027,0
4.47,0.936638860164284,1.38122200965881,-0.0939340051045776,23.3125458826011,0.0145508927717018,0.891415785396638,-0.288970659759623,22.3490124857424,-6.58213670063337,-1.87495032820903,812.507832530227,836.331026393638,0
4.48,3.80386920482079,4.34235668182373,0.0842675191619664,25.3459665380609,-7.21912149923051,3.33467256553983,-1.93568141317212,25.8803559384017,-5.75426642985111,-2.05879526959793,859.931224931232,922.694298464721,0
4.49,4.10439881488742,4.59999990463257,0.378749620744479,29.6900914488202,-9.69729448725634,3.92157661175114,-0.947659377026099,30.7836484798603,3.36829729076902,-1.76117375553206,934.953062468526,1042.57600860721,0
4.5,3.96060056412544,4.59999990463257,0.277905388675341,34.1897893528544,-9.17608079801423,3.23985188689342,2.24910673201088,21.3456210745182,28.2313985841025,-0.91510559809834,1009.82681043763,1164.74818175725,0
4.51,3.9955076946642,4.59999990463257,0.154241383905328,30.4203983278008,-9.80033664010706,-1.66425836188076,3.65124833792593,-22.6314006193552,22.8749888198254,0.476940151605652,1084.17950733531,1254.44448079753,0
4.52,3.95752931684794,4.59999990463257,0.179395388213481,35.4738733634792,-9.15921590258747,-2.75292984009719,-2.78326515516213,-16.6384217345907,-32.8998282245557,2.41164045518363,1158.13219868164,1283.62293621604,0
4.53,1.30593172145246,1.99627721309662,-0.177694156036855,35.8997085374182,-3.63653208123311,1.2946869608569,0.150949125739189,34.7957097677242,9.16292036334215,-1.40413284655246,1222.60567352293,1239.58085192281,0
4.54,-4.62681844231131,-4.05410242080688,-0.196549977294022,26.3820707943207,10.2842468272963,4.19045527917591,-1.81644616510419,-21.1903669001358,18.9152094390182,1.20823200156802,1187.44031820332,1129.29268450586,0
4.55,-5.01160194684358,-4.59999990463257,-0.229071317772456,23.5855142802964,7.4746490279481,-0.716801769681343,4.99641135219765,-3.12072614966635,-24.2763079883495,-2.96904229251335,1101.06732389452,978.105961144824,0
4.56,-4.88353699257353,-4.59999990463257,-0.0877025323389739,16.8941517830515,7.4132194406283,-4.9042464008787,-0.191516177331592,16.8880236324668,-6.38916669352896,-1.49946433454443,1014.3727792673,823.109928179688,0
4.57,-4.80741877413723,-4.59999990463257,-0.0132092690718021,15.4456591386353,5.70472062991315,3.37347164344411,-3.53632970200614,-7.31723836154076,14.4903253346452,0.783622069200922,928.581931592914,703.076183042187,0
4.58,-4.8829570420932,-4.59999990463257,-0.0632305962969429,14.7726921655126,7.46013286131961,3.99459585017684,-2.80284601342488,-8.41267117117841,14.514505925931,0.99088952930404,842.886341128498,647.881823426308,0
4.59,-4.77275331366334,-4.59999990463257,-0.00780211898416824,10.7527715628345,6.24994370442875,2.48404232118172,-4.0978434270871,-0.494696513054703,12.3301382902021,0.572246303477804,757.173439381387,670.463217597852,0
4.6,1.7665783645199,2.15728092193604,0.0696035987253265,18.344698597946,-4.28769192935224,0.721603930516847,1.65428759783147,3.0232691434154,19.0212617711049,-0.365916252075878,724.769812426997,763.57943028691,0
4.61,4.08824804341319,4.59999990463257,0.035556026152346,25.8008867842849,-5.29396756272219,3.70131855978109,1.75167562063202,21.107656754245,16.8864305389341,-1.10102146105854,794.086099815901,902.230166542242,0
4.62,3.99005824966225,4.59999990463257,0.180867646017076,27.223402673173,-8.80732855583335,3.96976466977092,0.959836445816959,23.6240333156422,15.9563282481517,-1.28936342686665,869.038980664784,1050.91286444618,0
4.63,3.97725667989389,4.59999990463257,-0.0485354904231658,32.8304893274626,-6.70507191545717,3.260795196067,2.27906074894921,21.9149109678857,24.6712579274303,-0.9264702292841,944.077177759721,1173.51759896635,0
4.64,4.02261029086151,4.59999990463257,0.279228258778242,29.5777231684656,-8.65525896925221,0.237270106383816,4.02975014516,-8.1561879997413,29.6249507007109,-0.0150730498062802,1018.94330010729,1242.95541855019,0
4.65,4.03807440737842,4.59999990463257,0.202929141252403,30.9876072000011,-9.5410713978566,-3.95103356919265,0.706304535564558,-31.6400890686408,-5.31888141214098,1.44210747534903,1092.83642058461,1247.790108684,0
4.66,2.48273068688872,3.12553668022156,0.151696081060124,33.144966581962,-5.05753274265613,0.631783802503937,-2.4113349428547,14.642241382949,-29.9191658833039,-2.84235158485989,1163.738771764,1194.12045670294,0
4.67,-3.43108714366157,-2.94523096084595,-0.0240478399344672,22.9470481165951,8.69301073359728,-2.06935351580031,-2.69342884983526,20.2802176956697,14.5572312953636,-0.603648287614341,1144.75939748415,1102.42425155298,0
4.68,-4.88055277639662,-4.59999990463257,-0.149296751633203,21.7728822216544,8.51797847126773,4.67297325529502,-1.84316150069229,-18.0110397443846,15.5432411490802,1.23116225147056,1065.62620489127,1000.57137222945,0
4.69,-5.02253954801467,-4.59999990463257,-0.181854266855638,18.4050012527088,9.0312029015288,3.33124978600638,3.65952457811209,-19.0978901933264,-7.98382037568201,2.4428793108996,979.23271918699,915.288891185171,0
4.7,-3.50551465337345,-3.17841792106628,-0.0153407663921914,16.4517992165085,2.81253624306913,-3.37833999340517,0.849217150966551,15.2191061522661,-6.89590923236706,-1.79683832467325,902.823474999926,864.704535859497,0
4.71,-1.29171912068156,-0.982724130153656,0.0234984955832633,17.8702195019815,0.146945504725671,-1.31524853161137,0.0912772721632256,17.8907810441978,-1.47091712899262,-1.63340916307558,862.538282171192,854.127356790633,0
4.72,0.616878791842249,0.95769989490509,0.0393407124704241,22.61892731443,-0.551310535144641,0.520842427766784,-0.0469883948464126,22.9369972494968,-0.339968922805252,-1.62578763878143,859.385777903003,876.118319682367,0
4.73,1.69806716011147,2.14855933189392,0.0472363239702617,25.5827907376639,-1.90788397639362,1.65947627868256,0.0313955733082764,25.5511625555172,2.4440095543087,-1.5333592638486,883.536052561485,914.522377660568,0
4.74,1.86933058848809,2.35089063644409,0.247347718612871,26.8067777914188,-3.65555601571173,1.75262681955767,0.578207195466404,23.582860263603,12.6304374717907,-1.21280320670286,918.87853296793,950.914849490365,0
4.75,1.26881943545962,1.69242513179779,-0.0256698139382455,24.7388802246028,-0.490714862285162,0.75750610951861,0.966352072073831,13.6315945050149,20.3013137776862,-0.643497944309583,948.908043331739,971.232334181816,0
4.76,0.105765850863725,0.618571579456329,-0.0560789591149001,24.9488032752323,-1.64967031275683,0.0079894275819075,0.14749650442738,-3.31686204279111,24.6023239776122,0.0907563278303891,962.601797835861,970.407309848995,0
4.77,-0.621875628565724,-0.331935286521912,0.104674587168323,21.9490528654658,-1.12587619766325,0.579076054557301,-0.478312247702127,-17.3259766367316,13.7997989232133,0.856748268775785,958.026129271465,953.566684268551,0
4.78,-1.14951274217617,-0.703659176826477,-0.208519530594791,23.8271025233838,1.41833101144455,1.16361515327073,-0.0780065316064693,-24.2025241856954,2.82372192934359,1.54008985173535,941.872900135419,933.532083210815,0
4.79,-0.674316865403285,-0.266998469829559,0.0940003066032062,23.2634082560199,-2.55218348694606,0.591831698708389,0.384662815735793,-19.0984640036543,-13.0899714549353,2.10066223177893,926.89048903548,925.586803074928,0
4.8,0.329553396715353,0.878722965717316,-0.0566051751216221,25.0846995637922,0.406064944987156,-0.188460191180917,-0.353755803017739,-13.9519850071356,-20.9172589585357,2.59865805463179,926.738648473828,941.358071331932,0
4.81,1.78753139700243,2.33012366294861,0.0405586107868981,28.8931904813197,-0.881502647760261,0.0471643249272692,-1.77640544371408,2.05409668250631,-28.8006795124934,-3.1035691657983,950.328670454976,983.928269569763,0
4.82,2.97979218205315,3.52101707458496,0.0650839472345209,27.9875130153571,-4.3282297946499,2.25333175096676,-1.96252443637775,23.9590973506523,-14.7972737657393,-2.26061160186359,997.519111029014,1045.86201543326,0
4.83,3.17063855611891,3.93359112739563,0.190825657576034,31.3947388947931,-7.56115190656012,-1.2504154716611,3.08983577812895,-20.3400782699491,25.2092054111798,0.433409303782901,1058.24019703498,1110.86573818584,0
4.84,2.68449252032919,3.31027221679688,0.0610438135558542,31.4599235380697,-5.8158338654731,-2.36629321734636,-1.33482406441466,-23.1491503190221,-21.4883622785161,2.12938314417063,1116.69127331851,1158.60120767096,0
4.85,0.84723681415789,1.62502324581146,-0.073247448717334,34.507137780462,-0.980320512744103,0.812345924450266,-0.494255794382875,30.5474745612221,-16.9515904110155,-2.10038230475721,1152.99428854754,1171.13951563548,0
4.86,-1.25669887875051,-0.732868134975433,-0.120388781876709,29.8799399789734,0.632679418055974,0.094403025079661,-1.29888319529863,-1.50143663646242,29.6639830659037,0.0924230944653025,1152.78941982975,1138.99599674136,0
4.87,-3.55305780032907,-3.12420654296875,-0.040572187631777,24.0948467374692,6.84245078864601,3.10607886724195,1.7797679319776,-23.5785134916886,-7.3156382138172,2.12734259995938,1110.07999263954,1064.79884499321,0
4.88,-5.00780042225764,-4.59999990463257,-0.376918125477894,21.1639486401612,10.9564580981795,-2.49073721835479,4.33731903461589,2.11251786860126,-23.6008988109968,-2.57519010453964,1031.14035973261,963.373672306246,0
4.89,-4.84692743705912,-4.59999990463257,-0.101629639121728,15.4568983470299,8.46065731440793,-4.87063601580681,0.360899991465238,14.9819366496463,-7.90428488501813,-1.61376602056037,945.370038406348,858.137728931926,0
4.9,-4.89146082810093,-4.59999990463257,-0.0615086694160733,14.2590873598087,8.22041087951057,-4.70766083620663,-1.2172891948149,16.0104391461538,-4.03892355794323,-1.28190901162171,859.666355277697,774.838656460136,0
4.91,-3.91614237664048,-3.61795163154602,-0.226660617085271,15.7538480568764,6.19833469203063,-3.90089920148869,0.143136898619884,15.3788457031429,-6.38036644598996,-1.57376513255378,777.182532889847,734.486772668642,0
4.92,-0.400716658817337,-0.0858103781938553,-0.0963306952082911,19.7539047092284,-1.94918230687452,-0.360259192176732,0.278347403103577,15.7648674472404,-11.8442551240022,-2.31711594642235,744.161497341527,747.567978618629,0
4.93,2.52222940058282,2.97718405723572,0.0417013716679489,22.8481051867965,-3.09962210564925,0.0720984040604341,-2.54603605916649,3.9511818636086,-22.6026120244226,-3.09060225671963,768.108668103804,811.22129205218,0
4.94,3.99786474205447,4.59999990463257,0.363405002734375,26.8995471111214,-8.81920338483272,-1.65711151069824,-3.72958478902398,-1.41185228284095,-28.8589101845532,2.7697449551752,835.362612136375,910.156432358518,0
4.95,3.9675966536227,4.59999990463257,0.191251132683506,26.7292395334804,-7.1190740797527,-1.16240996136113,-3.91630381553597,-0.223312740629458,-27.9462429036818,2.8877840052841,910.538800978209,1020.96281484772,0
4.96,3.94703160011404,4.59999990463257,0.313129907545059,30.7163225062822,-9.38529647118248,1.43041014654822,-3.74591888205672,21.1888364922286,-24.552838196198,-2.72774014497158,985.511531329051,1118.47202273825,0
4.97,3.96428878178947,4.59999990463257,0.323584629066025,31.7996214353796,-6.05346762707915,0.398386010453973,3.98161070332575,-4.40836013945825,31.6490705385037,-0.0660741478225218,1060.2933503369,1182.28087647834,0
4.98,3.82328487309631,4.59999990463257,0.291691257774879,37.5566383365054,-9.4905155790938,-3.8758638976175,-0.273281025735904,-35.7618309790549,-14.3219695356776,1.69359934082452,1134.13851194026,1201.57798196478,0
4.99,0.113058179674516,0.642302930355072,0.0136693374240758,32.0050289913587,-2.36017581455793,-0.0131598587442456,-0.0462145112917497,24.0161733016272,-21.5260214866522,-2.36483705116959,1173.55607350201,1177.01111863285,0
5,-2.57245595019059,-2.06215405464172,-0.0310707870684546,25.6632000701953,3.89322194223356,-0.341663092415688,-2.53275823668225,6.25772000370563,25.368978128978,-0.104826382272057,1149.91919806237,1119.28105781829,0
5.01,-3.84284871175074,-3.45105338096619,-0.118644272439816,19.1628194350223,4.95552532113461,3.70776966679734,0.916096867813894,-20.3246513307394,-0.0505749102522985,1.8430309276621,1092.1151338356,1045.14112213838,0
5.02,-4.20030630282535,-3.7535994052887,0.0705456145663123,22.2604312240116,5.21394583348484,-0.587118821631245,4.1241847744849,-1.51397243707691,-22.3709517512301,-2.97392933660585,1021.61971010456,972.210017409228,0
5.03,-3.67707432136854,-3.19413018226624,0.0260063472496862,20.8804646206639,4.44389963302944,-3.18280808370626,1.65608004259075,16.6424335683845,-13.5488433890595,-2.02138264239464,954.357652070037,914.253135935311,0
5.04,-2.47301401139355,-2.09216594696045,-0.150859043809019,20.8843850869439,2.77891471786363,-2.47728107791397,-0.0937446913986877,20.7299835722817,-1.75124482623359,-1.50655242738852,903.234658975388,878.300828200405,0
5.05,-1.32159381516027,-0.884148418903351,-0.138050714418391,18.1129641885975,1.68038668076393,-1.20189895477992,-0.290734772525479,18.8010760460105,2.79385388288179,-1.29095330291287,873.120734651543,864.270304299331,0
5.06,-0.320768486986428,0.135237693786621,-0.0738664699769788,22.5688383094634,3.32756336763552,-0.300496139573764,-0.0393582813140087,22.5618710565426,4.77151325594458,-1.2224572934931,862.6953555679,866.888945298261,0
5.07,0.337932278422689,0.791539132595062,0.0746148226089358,25.1956072073366,-2.74165461835366,0.301257162042972,0.0728101815177608,22.6441478922379,12.0974265809128,-1.17400888991705,866.637900446866,878.973183900215,0
5.08,0.688664228067491,1.11318957805634,0.156195369828211,24.1468538689696,-2.88362203654982,0.587105872895141,0.270441081065,20.4632048128351,14.0618943933284,-1.06374548218762,878.571880786152,894.738530374767,0
5.09,0.859308725685003,1.25575399398804,0.0548932790684008,25.8555931377557,-1.3326227843575,-0.402182183943039,0.661031860114661,-15.7533489554281,20.0492767691226,0.595313227367069,894.045433568551,911.912877476725,0
5.1,0.837067206240095,1.41777777671814,0.129100512561338,25.3609965227565,0.142288756681809,-0.74483935082926,0.554607440861302,-20.5602519437124,15.5017804483471,0.929963890335784,911.914047074248,931.944572812361,0
5.11,1.38238284720104,1.74094998836517,-0.0317346072603077,26.188714097873,-4.33405828041584,-1.20786542932167,0.297193948746047,-26.7797787288486,-0.529191955308781,1.40920767926517,933.950170686242,958.34558891361,0
5.12,1.6170348422659,2.2262978553772,0.131523349028074,29.5193251644255,-4.67912822999332,-1.50196438631851,-0.725010862948635,-23.5769579001165,-18.0183271782406,2.07482963695176,963.256420263093,993.921913493991,0
5.13,2.16031233601083,2.72753119468689,0.166047758965914,29.770573627661,-2.10332964352463,-0.365549882915255,-2.12892004928783,-3.06718571200938,-29.5686152793555,2.98662562459248,1001.30948408972,1038.06921152285,0
5.14,2.4246343240974,2.97081637382507,0.226797709961634,27.0283205877395,-3.60327737553729,2.10608855366696,-1.25411125395837,25.4629775447019,-10.4662353847206,-2.07965495049142,1045.73421015042,1085.30456615757,0
5.15,2.08567003434587,2.76472282409668,-0.0455708892981797,30.8776953700679,-0.157654570681346,1.10336159191712,1.86291152804484,15.5244337310477,27.1698040848955,-0.530508632470779,1090.48818269614,1125.76779614728,0
5.16,1.25464185075348,1.89770793914795,0.00343578188707053,31.7659250230206,-2.78349176007449,-1.22620453649395,0.381225053400714,-31.726067716062,5.40570152562173,1.31517714383928,1124.8061970692,1147.71011159163,0
5.17,-0.156693453328049,0.453963756561279,-0.0102300827153241,28.2835185972826,-0.313361264996909,-0.0269515520104809,0.0917914300597963,6.1418867163547,-28.1223397211909,-2.9402516235999,1138.42404463973,1141.2421315073,0
5.18,-1.83267146979065,-1.32212865352631,-0.0706574742566961,26.5006047595166,4.1902350158119,-1.5087216856478,-1.03678281358253,23.9429451723723,12.5254123648298,-0.916015778061283,1122.95068097241,1102.0985887662,0
5.19,-3.49992051683108,-3.02612948417664,-0.022271595847152,25.6397026842052,5.33182400021291,2.63991745751856,-2.31240300221267,-16.4426780785005,20.0060448073646,0.881495755259574,1076.82484306262,1034.07856770172,0
5.2,-4.54461961990525,-4.15538120269775,-0.0941455535686907,18.2434396832243,7.27423219026936,3.61315065052226,2.68375879595548,-19.0419915758733,-5.74106316171353,2.24386689830667,1005.96389162133,949.183839724284,0
5.21,-4.78793007869179,-4.4115138053894,-0.0917714573175893,16.2357286428199,4.74190933593706,0.604846158808143,4.67058870200625,-6.49101275093223,-15.5740270853119,3.03427089492161,923.745489309542,865.193539493181,0
5.22,-3.85652356971765,-3.60806322097778,-0.186869868453814,16.1049515113638,4.99585506214322,-3.88837143434204,0.238306344967868,15.4666904351644,-5.39220504048745,-1.60607674377241,847.18568462744,801.249691738432,0
5.23,-2.09475163030692,-1.88418996334076,-0.05626837485034,15.4493815783991,3.2320940711233,-2.02871342379299,0.743083646696286,13.3964373319945,-7.57757429535167,-1.89334086390183,793.933997028322,772.708300947819,0
5.24,0.0376723891583007,0.380335003137589,0.0636987762817504,18.9758218558133,-1.00104429308782,0.00808420886183271,-0.0422351681278067,12.6886112129031,-13.473014733636,-2.44094998284618,777.503540635923,786.804560521082,0
5.25,2.2546223053227,2.64510703086853,0.113830384164697,22.2925803695082,-3.53441462037923,0.333508305927049,-2.20866408702292,7.19953552584428,-21.0123448433014,-2.96098933877567,801.392327119109,840.481505058347,0
5.26,3.83026492351951,4.38656187057495,0.19430440058002,27.7756637831532,-3.57054702585605,-0.194432385591622,-3.85144839746975,3.05725123173438,-27.9993357682926,3.11224005102018,860.732652942959,921.093075298687,0
5.27,4.06966114580425,4.59999990463257,-0.0178529758050211,28.584191044653,-5.22150607689032,0.962694199514379,-3.93845618517945,13.1924669314204,-26.1486094939001,-2.87238208138178,935.622425920992,1009.81412056767,0
5.28,4.12364811012911,4.59999990463257,0.242182155609249,29.440053899462,-7.88554817133295,3.5688322915143,-1.90935898720107,29.3732780745624,-6.20134962336607,-2.02463211958179,1010.13624597721,1086.75181114441,0
5.29,3.56158063509084,4.1802978515625,0.167738655274802,32.1786040415004,-10.2839784849418,2.27884658111696,2.74515704378482,10.3891132101919,32.4405514856795,-0.63090131726937,1083.46454451389,1136.22609241924,0
5.3,1.33634382835105,1.90340030193329,-0.00445103024954877,28.7560354974209,-2.53916612444085,-1.23725906048356,0.513737509106866,-28.6045999077021,7.98200156519493,1.21582684735226,1127.99612417913,1150.64347004548,0
5.31,-0.718017075893177,-0.0803684145212173,-0.154154766294713,28.8969395862966,1.65979606039771,-0.0204618270391477,0.629242249057231,0.813946379149443,-28.8141174905963,-3.03395448699671,1135.33060140049,1131.84494201465,0
5.32,-2.13064681800462,-1.59375536441803,-0.0106312752081536,26.790662844954,3.5038658662847,-1.8833918423026,-0.9557982022615,25.5886434912804,9.96280488944915,-1.06387537078295,1112.1010177415,1089.61900736025,0
5.33,-2.70158312934916,-2.35354852676392,-0.0569197675822001,23.4305150169788,1.34791479741652,1.68327920417311,-2.23746991937233,-13.2218841531189,19.7069212223672,0.657402424328883,1069.80630476843,1037.97203777506,0
5.34,-2.78280188167254,-2.38726210594177,-0.0387438312021415,24.3028074853511,5.17367210000065,2.58643527441492,1.17551289339582,-23.7995177613222,-5.98576709394884,2.03677256084433,1020.93076527141,990.447618637519,0
5.35,-2.11050382248157,-1.80041837692261,-0.0233602313578753,20.2756226191272,3.25681528248795,-2.11903730787537,0.466794164192723,18.9363980641001,-6.42136299658248,-1.76125083377351,978.47592392463,956.055606608734,0
5.36,-1.43364652168398,-1.00804042816162,-0.0829504613023991,22.7740265863673,1.7988721037824,-1.21185925454275,-0.759106632347309,19.5748108755719,11.1084401586635,-0.990112178948006,948.719696960169,937.123156685114,0
5.37,-0.828018994613488,-0.324455469846725,-0.0020385512261729,23.3144591529269,-0.655209789638454,-0.28106073511859,-0.724380708165235,8.45366612086838,22.4753376570087,-0.386461230279361,932.406763392168,929.697047200583,0
5.38,-0.414548293460115,0.0115665718913078,0.0169970824446591,25.6321567780302,-2.28735346285018,0.116584457474229,-0.46204256151634,-6.0822742641063,25.0494517319514,0.134328427037303,924.96340384493,926.237161609934,0
5.39,-0.4894954742577,-0.0528473258018494,-0.0731654854682659,25.909436749329,1.00970348449448,0.293902119048594,-0.450128510115968,-14.0011660596102,21.4615478821847,0.612267365366053,919.54162844693,919.543484106143,0
5.4,-0.800668124437303,-0.352494746446609,-0.0720576706165902,24.974864022247,4.34389162459671,0.666066115762982,-0.480095456403014,-19.3492421333603,15.7095973715278,1.03983770766542,910.488107796547,906.424223736784,0
5.41,-1.19750021647759,-0.582436442375183,-0.173996194502225,25.8413849768927,3.24178305282447,1.03228566629821,-0.255787384817832,-24.3998794235949,7.47982974267991,1.38172989433767,896.406034612664,889.693198090301,0
5.42,-0.974583479606291,-0.427344977855682,-0.0603618269874638,23.809609421893,-0.923306056907423,0.877468993101413,0.0491748997923131,-23.9204568065433,-1.63921823643831,1.61367663261642,881.653091329659,877.661783452657,0
5.43,-0.0495357481925261,0.284451276063919,-0.0529732573552492,21.965750500855,0.236365608302446,0.119726420107887,0.0316583665090021,-21.3346232062211,-4.499766967771,1.76082674201295,874.931240235676,881.177871151317,0
5.44,1.07374726450103,1.53275918960571,-0.101849436184439,24.4266604297061,-4.15838824215084,-1.03050704646979,-0.284700570020988,-21.8994544139655,-12.2090313931125,1.91779114759582,885.805045473102,909.165357020326,0
5.45,2.54795825150166,3.01441740989685,0.205702539680742,26.1858244210838,-6.27715246533981,-2.05403885404435,-1.47549673820167,-16.4551848926309,-20.8004924074461,2.24297589671189,921.251872167398,964.223721208315,0
5.46,3.59204682101586,4.29355955123901,0.0623433355355354,31.9208802853967,-8.22427564075437,-0.978395636801308,-3.55205738023767,1.24481239801848,-33.1611882724601,2.92045961337984,981.235529677805,1039.93903044303,0
5.47,3.85851285547066,4.59999990463257,0.231891116781476,32.6348151831329,-6.43154712311195,3.17884034250002,-2.39914270926134,30.2501293688856,-13.3061589398895,-2.18341128145829,1055.37098660296,1121.08147844537,0
5.48,3.70992946532101,4.47923851013184,0.237400292895116,36.0073767089181,-10.9619894648005,-3.03967138551679,2.27130220762151,-35.8753148226832,10.9563143997079,0.986930091834853,1129.07524040262,1186.95508491477,0
5.49,2.06697431862987,2.66635251045227,0.170442170835382,33.2787750748037,-4.32394286446392,0.0276150141969871,-2.02768227812713,6.97949455881427,-33.0968567095844,-3.07794053385139,1184.85984451523,1217.10707105769,0
5.5,-0.589240059504575,0.0836112797260284,0.0229020979299091,31.951735661496,-0.364962454715197,-0.28253295287169,-0.438446465046183,17.2411767723964,26.5850669157452,-0.588413448186024,1201.01331089141,1197.74345492271,0
5.51,-5.0088563170049,-4.59999990463257,-0.236695397449267,20.98975666974,8.87011001397844,4.99202721002544,0.337083798403768,-22.1871169677716,6.10847022270107,1.67299748826409,1122.85536979429,0,0
5.52,-4.86114347198037,-4.59999990463257,-0.247839293261545,19.2219184809917,10.2114963053422,-0.578928698829843,4.91791257421021,-7.09345463001119,-20.1870282722969,-2.98149787423061,1035.78202799213,0,0
5.53,-4.96069276525728,-4.59999990463257,-0.175296089764912,17.6741068993635,6.74781842639582,-4.45209401124068,2.11507613547959,13.6082404217122,-13.2200736643891,-1.98620177721165,949.93965413768,0,0
5.54,-4.79487351484755,-4.59999990463257,-0.207153364849046,13.9485164779734,6.35904648326508,-4.83287051208699,0.364701597627759,13.3741249976502,-6.65791741500175,-1.62022384785537,864.367270485014,0,0
5.55,-4.83707228739421,-4.59999990463257,-0.117984165543885,14.5059197249233,6.02785094412088,-4.60060248686922,1.59490163231084,12.3899625387059,-9.93975212516337,-1.87987778933689,778.821426710554,0,0
5.56,-4.74116016658107,-4.59999990463257,-0.161167707103253,9.7592095563245,3.84950174101733,-1.68212516201191,4.45174307099767,-0.358933914356021,-10.208199077788,-2.76218164910631,694.888970973183,0,0
5.57,-4.78573135347999,-4.59999990463257,-0.0775644536404617,10.5831592050762,2.58907343692808,4.3265268914923,2.01649210323834,-10.401266657005,-1.66135167386083,2.02030624261086,610.738650400619,0,0
5.58,-4.62413096999313,-4.59999990463257,-0.192250609000031,6.81643457189594,3.20964625100375,-0.537293515801422,-4.67341257758176,4.73964945750741,6.187823835417,-0.0963239963166376,527.181951621449,0,0
5.59,-4.75579730297374,-4.59999990463257,-0.143840999251023,4.64835479611479,4.3304181138092,-1.36123800939087,4.45873766126582,-3.08723323021706,-5.73802634667236,-2.82437435977846,443.128827735684,0,0
5.6,-4.62699492456112,-4.59999990463257,-0.0981311043917712,1.51464840737782,4.4111482326999,0.481561206697648,-4.58557434166448,4.29278193816961,2.49153886954813,0.124873781889311,361.862029834665,0,0
5.61,-4.74250281260012,-4.59999990463257,0.0543112358669045,3.11859490978263,-0.489251900764961,2.87044393212257,3.63071209562241,-1.86550583883257,-2.17375781815618,2.47344126438412,280.475604991508,0,0
5.62,-4.52359902396952,-4.59999990463257,0.0100720384071626,-0.237742984107439,0.484986738135672,-4.01822775439424,2.14620621502125,-0.774651850467968,0.20777212911243,-2.06031475670007,198.778763210787,0,0
5.63,-4.44296941855942,-4.59999990463257,0.032147014560257,-2.16026395810472,-0.148332407692735,-3.5480792433735,-2.81958310128133,-1.13673052993899,-1.71236865323369,-0.896367751413988,116.498229787973,0,0
5.64,-3.22177018802437,-3.36049175262451,0.0703688298839679,-1.23890204227449,-1.3681338522326,-1.07404703468116,-3.122496642836,-1.92762191429303,-0.892682705204665,-0.3404408380658,39.5072040500781,0,0
5.65,-0.824776711660515,-0.892230033874512,-0.120568710404088,-1.94337305130099,0.470628805326541,-0.146995906117685,-0.802857055870861,-0.369120319242445,-2.32958271338064,-0.179836508277258,10.6561019744158,0,0
5.66,-0.232113661464982,-0.255225092172623,0.0313468688679062,1.41509648505749,-0.297530111664961,-0.0267516925512081,-0.2606999265953,-0.181975645353979,1.81924602068372,-0.134911437138942,3.17750293213529,0,0
5.67,-0.143588555778519,-0.0867312029004097,0.0626213898832972,-0.356746877539646,-0.0550166115776644,-0.0060634419933921,-0.0578107771314671,-0.0411025670802754,0.0172901984607359,-0.12037764719919,1.18113226198061,0,0
5.68,-0.199224302362047,-0.0416681617498398,0.0301483549760572,-0.0558329663411597,0.726562154732716,-0.00296395838065177,-0.0193726854534552,0.0785827602461869,0.331516416959024,-0.114064569748587,0.644374512384162,0,0
5.69,-0.106747234545844,-0.0268732793629169,0.234871013695262,0.707190204095791,-0.450069746905286,0.000678611902578149,-0.0162322194695157,-0.0198924820895147,0.909305380478203,-0.110209447517875,0.448184595968944,0,0
5.7,0.0281959088326328,-0.0150523716583848,0.0807867480006482,1.37737936911793,-0.284635581937281,0.00236247998542103,-0.0145808750513725,-0.0410223981265859,1.41429976656127,-0.107485266337033,0.314084873041406,0,0
5.71,0.0456977253932826,-0.00774706713855267,-0.00391148753714431,0.864422505733077,0.121104070483163,0.00284484387193504,-0.012698543752454,-0.0279321640036397,1.6835032141489,-0.105614350048923,0.217650687654159,0,0
5.72,0.0435843798987135,-0.00382124353200197,0.01575262274906,2.07773573238105,0.857557881461629,0.00252794201986645,-0.0102513680472159,0.007026197439087,1.75650298735096,-0.104321843624382,0.144027417377715,0,0
5.73,-0.0306193816288908,-0.0122043462470174,-0.0459345062789236,-0.368347420807058,0.72134440277142,-0.0203815238027959,0.0271076620736137,1.10922891779474,-0.528484113462927,-0.103078226802893,0.282661323565332,0,0
5.74,0.0152322951327969,-0.00725713279098272,-0.0429106650690367,-0.0784484367688592,0.999854556444329,-0.0202792177291571,0.0286311727412373,1.12770490221754,-0.358461976728868,-0.101346036716858,0.194951522596769,0,0
5.75,0.0902503382108322,-0.00808608252555132,0.105891009581297,-0.0470309630865825,-3.23727666182499,0.0656896968314406,0.0110245468078794,-3.18067436711467,0.481138094306817,-0.100042580394352,0.236665812025516,0,0
5.76,0.0120645046784769,-0.0133778899908066,-0.11395518991078,0.994641629084475,-1.24695212031963,0.0432126648200975,-0.00619742057135552,-2.08391139235069,1.07887940958961,-0.0979463193399351,0.273111909454941,0,0
5.77,0.0222908754165898,-0.0202821865677834,-0.100118406625891,-0.907323903267663,-0.669782770943233,0.01691108069309,0.0281336773868034,-0.802161444206885,-0.981520563116921,-0.0953633178829216,0.374323022011507,0,0
5.78,0.023899477926235,-0.0249693188816309,-0.178757902800481,0.446071954712341,-0.627980642770872,0.00603496220540183,-4.07417210051062e-05,-0.280894912528051,0.193669476881925,-0.0923420008971482,0.431768756954977,0,0
5.79,0.0756732727473163,-0.0218107551336288,0.126327063703845,0.882669298158602,-0.057551842471224,0.000818362827635139,-0.0101341533702095,-0.00636244952650247,0.85548188314877,-0.0893466223617043,0.367794609240627,0,0
5.8,0.0638676232646779,-0.0140489963814616,0.136503829671649,1.32375281121592,-0.143537664919808,0.00250016134255659,-0.0130094554348997,-0.0576592382832241,1.38583000895509,-0.0869839102605949,0.279982990420625,0,0
5.81,0.14657087186392,-0.00829335115849972,0.0919180518254806,1.68787203581686,0.0383480342851808,0.00169652091747136,-0.0095414235278179,0.00586497302957184,1.49922059540992,-0.0853119353141113,0.183114262895935,0,0
5.82,0.0117636208651152,-0.00392039678990841,-0.0311908288300359,1.7886152775578,-0.497900086760648,0.00202870048579012,-0.00861916040956102,0.00643437891186371,1.67106565426203,-0.084150309882559,0.124948126086052,0,0
5.83,0.0764571447774554,-0.000523898750543594,0.0221078147190045,-1.3878847325988,2.65274767290623,-0.0357673000320079,0.0593741634766078,1.91157919846392,-1.5594626239752,-0.0833476376833416,0.0915510595670458,0,0
5.84,0.0516435807735226,-0.00549064110964537,-0.0992290942131426,0.0761979438233166,1.20048789620736,-0.0291253759553319,0.0374216550620184,1.5576014849187,-0.70927712272948,-0.0826558358137153,0.200157661043354,0,0
5.85,-0.019010131610832,-0.00777570065110922,-0.0325890946385261,-0.563398477783728,1.36342085329416,-0.0210030951683264,0.0293827476922992,1.1400604700602,-0.421104606423736,-0.0811517744074412,0.180362144962522,0,0
5.86,0.0350534604415252,-0.00373280886560678,-0.0651146895222396,-0.794110622553978,1.69493106265655,-0.0204431031893656,0.0299940853075871,1.1270293687954,-0.250095262096614,-0.0800378385832096,0.126149910474213,0,0
5.87,-0.0680453251299414,-0.0142511194571853,0.265638209267497,0.451433211070429,-2.88582281934481,0.0521761976389146,-0.00243552132646373,-2.55095807772432,0.847371316781953,-0.0784646956119666,0.268414895768623,0,0
5.88,0.0880291229126434,-0.0205398313701153,-0.0616586687548137,-0.986482912991893,-0.706585901592743,0.0158425049769767,0.0374005996930806,-0.757804441673876,-1.45819619341449,-0.0763311824388173,0.358799122909004,0,0
5.89,-0.039283459614537,-0.0256274566054344,-0.0887360914556427,3.27158097617087,0.82274734384978,-0.0245775882199784,-0.0562413345636809,1.24502927232072,2.96991942304829,-0.0735051106239794,0.402079708932575,0,0
5.9,-0.0424498233892655,-0.025182206183672,-0.0781946416491364,0.656962700791434,0.0108563489823751,0.00149263626577875,-0.00696292430715261,-0.0585882228152059,0.528086309176378,-0.0704855186435039,0.397345944152062,0,0
5.91,0.111373158665393,-0.0186482425779104,-0.0154281825220883,1.08995375026522,-0.0678044328808928,0.000765493147537677,-0.00989904660362353,-0.000522827034157292,1.00071659561926,-0.0678820446770298,0.300954569898102,0,0
5.92,-0.00951686100016918,-0.0117317708209157,-0.0736272070061963,-1.22149670830093,1.97290070559001,-0.0372570381392943,0.0576016810415671,1.92458681473314,-2.02942072585574,-0.0659680461806431,0.218898116488357,0,0
5.93,0.0350945235530536,-0.00773597275838256,0.0934847267553355,1.09029480176767,-1.37119162682496,0.0023240970011201,-0.0094319596515919,-0.0449396847101405,1.52180730699578,-0.0646266241047277,0.151935700701166,0,0
5.94,-0.0440325901848916,-0.00318350922316313,0.0841193460359702,-1.63348755604387,3.15524781110002,-0.0367978496942101,0.0594513017852417,1.92688999130807,-1.6952907139003,-0.0637067687406469,0.105338914452431,0,0
5.95,-0.0299021671577587,-0.00136128207668662,-0.124127082903161,2.0009652511794,0.295955538204666,0.00230288661555716,-0.00732378182931921,-0.0254166671193395,1.7345885607148,-0.063069816273639,0.0686661704986718,0,0
5.96,0.0321432166721303,-7.59861432015896e-05,0.122841711188624,1.73720683147898,-0.4322657249437,0.00275850699626821,-0.00758777259400893,-0.0448007282128898,1.81197745211275,-0.0626282305296139,0.0504658816715773,0,0
5.97,0.0511447814716054,0.00241278344765306,-0.130014759451667,1.6526541698015,-0.0732532308153443,0.00341360546172979,-0.00810232116027901,-0.0702623612227485,1.96195112048096,-0.0623299233536211,0.040205626944291,0,0
5.98,0.0181944492858624,-0.0095934197306633,0.0485843381622742,-0.980314951541167,1.13261304357032,-0.0238500735388401,0.0307125587736915,1.2561910668832,-0.578105846948851,-0.0614043279234117,0.18450402740985,0,0
5.99,0.0442462892325065,-0.00624876329675317,-0.160371324865868,-0.378188327669459,1.58368881812395,-0.0209395638411232,0.029719076658022,1.11945641599431,-0.36146946189205,-0.0602225344264928,0.136818741852469,0,0
6,0.105776899576255,-0.00305526284500957,0.0486023822317242,0.0432398548876372,1.77561027716118,-0.0206621757582511,0.0304477883756636,1.11410897047423,-0.238469469489851,-0.0593848122513826,0.094473915408486,0,0
6.01,-0.032127863802974,-0.0135239660739899,-0.055741565776873,-1.78037017367227,2.83342132941534,-0.0417716253066321,0.064615818256455,2.13872292011132,-2.46957131918613,-0.0580308637315001,0.246992399407419,0,0
6.02,-0.0099375964326419,-0.0119984056800604,0.0149633116725494,1.21619712472207,-0.337776975632234,0.0012880172186183,-0.0087258407284758,-0.0137359338832664,1.27377478248218,-0.0562282398680441,0.20055155107047,0,0
6.03,0.0163120141492099,-0.00692633911967278,0.0289086427713975,-1.90514776020486,1.81084086697788,-0.0374269670864314,0.058953208019139,1.93703450351291,-1.8570719532133,-0.0549569376035035,0.144737965716935,0,0
6.04,-0.010286068555197,-0.00467342138290405,-0.0192095618508314,1.37911931903999,-0.15603068022522,0.00247626863880619,-0.00826393043122595,-0.0552187119202963,1.61641489398112,-0.0540702765092242,0.100826956802942,0,0
6.05,-0.0164758110848835,-0.00135644152760506,0.0117110685939341,-1.10232011784518,2.39151332232197,-0.0370517196421149,0.0600479718002924,1.93150334470287,-1.63365086649185,-0.0534617102686801,0.0705123835324513,0,0
6.06,0.0234494891547466,-0.000385514926165342,-0.160749353604091,1.44212582540763,0.624824017121137,0.0023862587787961,-0.00676949853570897,-0.0405871189705399,1.7558576187209,-0.0530366084931198,0.0449714276882553,0,0
6.07,-0.0225325729661265,0.00164540112018585,-0.187483575251265,1.95945130695138,0.725780580226477,0.00327826012356189,-0.00795844883077079,-0.0802794965275756,1.91674504296488,-0.052752483013915,0.0397250132157896,0,0
6.08,0.0786655798388982,0.00179673940874636,0.0579414432573773,2.32541843727663,-0.688164551607825,0.0022156507016215,-0.00576720832455314,-0.0269921356975977,1.8147830373691,-0.0525564159818726,0.0170514185622264,0,0
6.09,0.047638236327478,-0.00800626538693905,0.049895669413055,-1.25733165524048,1.85064905464802,-0.0312877063486262,0.0366797692401795,1.62388871345998,-0.797198153426285,-0.0521943953609432,0.164753518664494,0,0
6.1,-0.0220543539939768,-0.00805978290736675,0.0218684934900296,-0.410940865422653,1.56832700999352,-0.0216533215441303,0.0299261127503498,1.14030330228267,-0.462173052141454,-0.0509825047537715,0.150942892719255,0,0
6.11,0.036616052110764,-0.00484986649826169,-0.0387481069009964,-0.257703775187407,0.76052089132047,-0.0208616187014136,0.0301244767900459,1.10773403465934,-0.311777555452785,-0.0500413698383278,0.107301375700391,0,0
6.12,0.182372222453505,-0.00229791086167097,-0.171091303605277,-0.545932047819705,0.785590320379477,-0.017256734450618,0.0247452444120057,0.932808370198272,0.0846416040163245,-0.0493756809447927,0.111438106531441,0,0
6.13,-0.00696900153967009,-0.0164467301219702,-0.0278621885476883,1.65852108442354,-0.705816715984981,0.0021118523518887,-0.0107271803885852,-0.0724721520942838,1.15157372287966,-0.0478571089997949,0.268940295604974,0,0
6.14,0.0211091734461081,-0.0109197171404958,-0.0881306970462481,0.99731458980578,-0.222711047281455,0.00271971358327592,-0.0106654747265036,-0.0911343487006959,1.42450386767912,-0.0462202703547365,0.195450359094997,0,0
6.15,0.10366259684581,-0.00652883760631084,-0.016007719416189,2.03469697128275,-0.857222580095842,0.0028725692430384,-0.00957408169466029,-0.0899079637940989,1.58925294621755,-0.0450775939791868,0.137354944907284,0,0
6.16,0.0546434780039008,-0.00329645187593997,-0.048767850987354,1.40926083028576,-0.122864735743391,0.00266520579045794,-0.00821645677909456,-0.073249629346708,1.6828477859301,-0.0442873137824635,0.0933215574500234,0,0
6.17,0.00992902186197713,-0.00230351369827986,0.0111252951702731,1.34702346727234,-0.696247350082679,0.00224612180930518,-0.00679409002168755,-0.0507947308002628,1.66135358279096,-0.0437422667157003,0.0598535590686443,0,0
6.18,0.14686502974958,-0.000224546995013952,-0.0210548693558286,1.7967874161133,-0.212149486998399,0.00173510096957578,-0.00539189494178036,-0.0212031575520628,1.6951224203267,-0.0433686822401058,0.034184725894786,0,0
6.19,-0.0714398946312368,0.00119723554234952,-0.00468122221743308,1.9862007602088,0.517319471957104,0.0029147363110806,-0.00715673714754869,-0.0775496568255738,1.85441078425169,-0.0431092431040752,0.0337884579172774,0,0
6.2,-0.0264781897270513,0.00103537179529667,0.0296104435421357,1.79789411327409,-0.603824360306223,0.00219293087890053,-0.00566597969086079,-0.0420351783090641,1.77181848443241,-0.0429311934990548,0.0163241443204033,0,0
6.21,-0.0148642496573952,0.00214316975325346,0.0585903764943261,1.67813481046334,-0.449033953491433,0.00332483962129672,-0.00749675643551525,-0.0964980549190722,1.91871944318601,-0.0428091100551544,0.0225017824287702,0,0
6.22,-0.0700324113784935,0.00164185580797493,0.00161514844551823,1.48659484568676,0.451277076178932,0.00248383936413921,-0.00579284190827777,-0.0556086840252192,1.80851306429117,-0.0427220814847794,0.00773503517078372,0,0
6.23,0.00188700204889035,0.00252629863098264,0.0231937385792878,1.19875029819673,-0.0509548191829629,0.00187619994277782,-0.00462231978495593,-0.0233852378740346,1.79420007289174,-0.042671276172693,-0.00199904398345998,0,0
6.24,0.0552846001160095,0.00309750810265541,-0.0423530596800189,2.22444745670008,0.326939277275481,0.00303596445842614,-0.00659118304871932,-0.0802725789124423,1.92120249707835,-0.0426336505525301,0.00884048274370584,0,0
6.25,0.0470219144438506,0.00220151036046445,0.0348162105365401,2.082050347523,0.532090023216537,0.00242208730245399,-0.00547458095013266,-0.0514901211639654,1.82064478693044,-0.0426113744110838,0.000733732468629515,0,0
6.26,0.030419360264394,-0.00298540666699409,0.0404065886302414,-0.651081212596174,-2.69350573638023,0.0496322589101707,0.0449292162939799,-2.42546636756498,-0.958598301649786,-0.0424831269064415,0.111042442236264,0,0
6.27,0.0613752437169385,-0.00864717364311218,-0.102634846772808,-0.806669767269292,0.976945080663606,-0.0222958148048944,0.0302609385873679,1.16142626145657,-0.508227485400722,-0.0413562130776715,0.148600353333637,0,0
6.28,-0.0277547767264706,-0.0056968773715198,0.112702658297659,-0.831469848376155,1.04396870592366,-0.021040802336696,0.0300541990594941,1.10363232309676,-0.35049673720843,-0.040418520356863,0.107698944813767,0,0
6.29,0.00429852702449698,-0.00316034466959536,-0.0420208702497795,-0.381367095715329,1.47175221070241,-0.0209173788363406,0.0306862733411232,1.10173873001938,-0.255362587960549,-0.0397607662761145,0.0741584407030089,0,0
6.3,-0.0454317249152194,-0.0109665188938379,-0.0538607978683152,0.301185223850926,0.427149652439172,-0.0070360332345593,0.00642031556884725,0.39078164157862,0.567872333186062,-0.0390041628150355,0.19517597150418,0,0
6.31,-0.0936631310112484,-0.0142408767715096,0.107321209940417,1.40316399160638,-0.419595209416583,0.00228162018382307,-0.0103701772265658,-0.0831711705431752,1.24370942397097,-0.037331846076315,0.228004681214927,0,0
6.32,0.050727417206209,-0.00952743552625179,0.231473120900794,1.62900167027989,-0.0749015906338462,0.00124538628017773,-0.00719957242840014,-0.0238181492829233,1.3206674866477,-0.0359702482601419,0.146931787162687,0,0
6.33,0.0759158734007091,-0.0060624722391367,-0.0729368981548949,1.79223107822927,-0.0990694652728868,0.00154112614309541,-0.0065875816614718,-0.0334646435209168,1.4631979535219,-0.0350208210964356,0.100566088541649,0,0
6.34,0.0317453924336955,-0.00350936222821474,-0.0831891056686341,1.73451767463358,-0.457780163275774,0.00161480785890501,-0.00589969805412473,-0.0335071020887925,1.55638555966889,-0.0343663809900291,0.0668909376712753,0,0
6.35,0.12486530899302,-0.00155509798787534,-0.0553626464575606,-1.2115914163151,2.26390220197676,-0.0379431176816309,0.060619121523167,1.94926225595616,-1.67196693711868,-0.0339151387286761,0.0525138448307063,0,0
6.36,-0.0121496633875791,-0.000165135832503438,0.0637877248380049,1.66581862532582,-0.411791859158216,0.00307776362305396,-0.00748418092377595,-0.10207110021072,1.80274163606471,-0.0336031580981131,0.0428859684368608,0,0
6.37,0.0144009467738718,0.000817120308056474,-0.0191264502317443,1.87633972047126,-0.205774465653186,0.00279220951274334,-0.00672819597688184,-0.086442482083162,1.81404498709887,-0.0333904970824838,0.0285348419308505,0,0
6.38,-0.00362584355030307,1.53158325701952e-05,-0.0177828352258679,1.71292795632137,0.0448397809492576,0.00253165931774488,-0.00609525316033912,-0.0749473073597624,1.74234793998084,-0.0332459925463533,0.0180184752973116,0,0
6.39,-0.0256366332513246,0.000666666310280561,0.032408602919776,1.62690054283388,0.0136076528562013,0.00229467406161075,-0.00555649043942662,-0.0621468227204358,1.74797924278123,-0.0331481116062669,0.0101894953102007,0,0
6.4,-0.0377664755244071,0.00116788223385811,0.0908318886984879,1.71041292221655,0.168418461341744,0.00207957398016723,-0.0050911238933209,-0.0506484223834594,1.74977713520641,-0.0330821636964305,0.00425799864525243,0,0
6.41,0.026729101324109,0.00156280363444239,0.123430455179991,1.52050747535284,-0.697852455814251,0.00188463177842321,-0.00468419480254392,-0.0403044311693588,1.74918660895073,-0.0330381260927224,-0.000319918004968807,0,0
6.42,0.0232230189066404,0.00187898403964937,0.00221518212729184,2.24315867295025,0.153925669902335,0.00170815245323195,-0.00432480848588403,-0.0309930863295709,1.74703801165698,-0.033009156923199,-0.00391991824121749,0,0
6.43,0.0448288931875409,0.00213668984360993,-0.160644373466249,-1.69745647343842,2.38578371309805,-0.037922832324569,0.0617041983292408,1.95308135499496,-1.54159001415082,-0.0329901650060459,0.00405499728661062,0,0
6.44,-0.00866157462703602,0.00235131732188165,-0.0440523468473119,1.52747474152173,-0.671881762253452,0.00311321728131132,-0.00672808578623602,-0.100591564093342,1.89083852823612,-0.0329732462981868,0.00986269193096158,0,0
6.45,0.0407966710815303,0.00253091519698501,0.0103863078775572,2.04068792275567,-0.366148874816804,0.00281604598039906,-0.00621300701383888,-0.085439707473766,1.87408065090151,-0.0329615817899481,0.00604528002610549,0,0
6.46,-0.0259997015215262,0.00118214078247547,0.157067875223166,2.30838942537623,-0.153260749680728,0.00254775183958284,-0.00574444977343508,-0.0742448733237619,1.78327128503885,-0.0329539470391523,0.00270456656895989,0,0
6.47,0.0502214076312547,0.00146117759868503,0.049406838375718,1.98473283671576,-0.213992220093881,0.00230555737799153,-0.00531764684271473,-0.0616697586806676,1.77589700625059,-0.0329492625325794,-0.000238017692430437,0,0
6.48,-0.0272461113543139,0.00170887354761362,0.0774833236546194,1.89775805477274,-0.357589953542451,0.00208694285557406,-0.00492850880388605,-0.0503232771811932,1.76883847422612,-0.0329467725707355,-0.0028422464621591,0,0
6.49,-0.0144068632243601,0.00193116767331958,-0.0404739024756993,1.63448009295746,-0.869372161030926,0.0018896253693974,-0.00457347882328469,-0.040082013029378,1.76221703846432,-0.0329459437676887,-0.00515457271471086,0,0
6.5,0.00635845799086191,0.00212980364449322,-0.0760471925375223,1.06595416169502,-0.334888870603905,0.0017115386412759,-0.00424942697820859,-0.0308402364116073,1.75596165948875,-0.0329463956615278,-0.00721189997036744,0,0
