timestamp,iq,id,iq_ref,id_ref,vq,vd,omega,omega_ref,r
0.0,0.0,0.0,0.0,0.0,0.0,0.0,0.0,11.196457909705138,0.0
0.001,0.0,0.0,5.710193533949621,0.0,0.0,0.6281212887344583,3.4916327954322504,11.196457909705138,0.0
0.002,0.30310944337293066,-0.16634658556381432,4.041425387376224,0.0,0.08111025328546541,0.9194219783618783,6.574552495087162,11.196457909705138,0.0
0.003,0.5308139577910328,-0.29542584017849166,2.5461845916949484,0.0,0.19577480235710262,1.0198984161436349,8.646325135284314,11.196457909705138,0.0
0.004,0.6305713905961932,-0.3528670362319813,1.5357995993405802,0.0,0.31404827931948887,1.0169074513878251,10.016137187289234,11.196457909705138,0.0
0.005,0.6332139327385715,-0.3543365199170039,0.8626967805622797,0.0,0.4197825433548732,0.9628123653541553,10.886950365470504,11.196457909705138,0.0
0.006,0.5791476497130824,-0.32320958706070513,0.4303852669139907,0.0,0.5060952149323088,0.8898506925680898,11.420886495662062,11.196457909705138,0.0
0.007,0.5006774301022833,-0.27778250903440665,0.16117291595864258,0.0,0.5717947428190646,0.8156172720767022,11.71538155590172,11.196457909705138,0.0
0.008,0.4181408963833235,-0.2302971980170334,0.008736149376847746,0.0,0.6187318624363582,0.7495955421216626,11.872983799218085,11.196457909705138,0.0
0.009000000000000001,0.3431211470878367,-0.18743047503226049,-0.07683023117646426,0.0,0.6501326106782669,0.6944085700141237,11.758330791886813,11.196457909705138,0.0
0.01,0.28014262851036,-0.15202494517544007,-0.02512245633264487,0.0,0.6694086458308283,0.6606013285304504,11.605262933435752,11.196457909705138,0.0
0.011,0.23566599100322944,-0.12624476695095166,0.04732342265557965,0.0,0.6808945890136409,0.6438170285906768,11.656708189408953,11.196457909705138,0.0
0.012,0.20853668778771747,-0.10944855667830133,0.016998291871941018,0.0,0.6879637265364479,0.6283389867657144,11.79760973375024,11.196457909705138,0.0
0.013000000000000001,0.18897300232464695,-0.09817233140916193,-0.05946399853915399,0.0,0.6917057234475992,0.6088887746069274,11.680317149220674,11.196457909705138,0.0
0.014,0.17093170914227254,-0.08887766046951191,-0.005656298669525883,0.0,0.6922188479010869,0.6002301586403347,11.522920496047632,11.196457909705138,0.0
0.015,0.16013178800858555,-0.08267141580810779,0.0697774020535698,0.0,0.6912250581092085,0.6012559251894763,11.47466221172282,11.196457909705138,0.0
0.016,0.157195024020773,-0.08020817262247874,0.09112450119579957,0.0,0.6902243296476268,0.6038886248302526,11.59686238271502,11.196457909705138,0.0
0.017,0.15763433559353335,-0.08005865197777681,0.026020370969600193,0.0,0.6895951291572202,0.5987053644316072,11.622383836683753,11.196457909705138,0.0
0.018000000000000002,0.15498036517078068,-0.07944364164638726,0.009000384715447923,0.0,0.6884443667459835,0.5930526827003212,11.469079828614976,11.196457909705138,0.0
0.019,0.1515737955970081,-0.0778121980858754,0.08292616956073764,0.0,0.6866701037143997,0.5965004120454508,11.385865548402142,11.196457909705138,0.0
0.02,0.15269833057463403,-0.07787810038340813,0.12263923328018467,0.0,0.6854416036088212,0.602897356770319,11.506169766824677,11.196457909705138,0.0
0.021,0.15660809905276812,-0.07952332783454398,0.059390005497722165,0.0,0.6851559639829364,0.6007583821360588,11.601801018148123,11.196457909705138,0.0
0.022,0.1567037011297546,-0.080148099044048,0.0075209487515690565,0.0,0.6847372634147486,0.5937602184946965,11.458661897664992,11.196457909705138,0.0
0.023,0.1532766658944578,-0.07881746812691603,0.07646846911353583,0.0,0.6835079994262635,0.5959008488645822,11.34716238030055,11.196457909705138,0.0
0.024,0.1535866916866976,-0.0786093119276176,0.13071118308980328,0.0,0.6826061340008642,0.6029133399429011,11.448321946207573,11.196457909705138,0.0
0.025,0.15753242063105713,-0.08004077965594152,0.07761275977126719,0.0,0.6826552472379456,0.6023202117400894,11.575723457703795,11.196457909705138,0.0
0.026000000000000002,0.15836619007881514,-0.0808163787295975,0.010119348543169565,0.0,0.6827111375518562,0.594845759329552,11.466520299517706,11.196457909705138,0.0
0.027,0.15469706826800536,-0.07960524645223324,0.062020303738088395,0.0,0.6818730130520755,0.594920321468848,11.325571401181824,11.196457909705138,0.0
0.028,0.15376975302063736,-0.07891185132663676,0.1312036179912625,0.0,0.6810619950751602,0.6020600834192386,11.400640435340208,11.196457909705138,0.0
0.029,0.15740252239594454,-0.08000065955770136,0.09162727565571999,0.0,0.681172757947649,0.6029506587936998,11.541851475545613,11.196457909705138,0.0
0.03,0.15892317529928462,-0.08085213431835808,0.017567819894612535,0.0,0.6814442762116963,0.595881532081983,11.478792472552826,11.196457909705138,0.0
0.031,0.1555418817459479,-0.0799159397767953,0.04627397576252931,0.0,0.6808702338309891,0.5938318903908251,11.3335510017464,11.196457909705138,0.0
0.032,0.1535575998696055,-0.0788378248080051,0.11752378024532939,0.0,0.6800394008180852,0.5996646836360052,11.345665847955502,11.196457909705138,0.0
0.033,0.15622705966438807,-0.07935851685289583,0.10997427775827504,0.0,0.6799429877056157,0.6029746875407834,11.491208018519405,11.196457909705138,0.0
0.034,0.15869329127397389,-0.08053880610973616,0.034255691388180715,0.0,0.6803118411926744,0.5974459093888906,11.496647618656727,11.196457909705138,0.0
0.035,0.15635329017784538,-0.08015283603387943,0.02853399423000383,0.0,0.6800366719149253,0.5929167560138643,11.345295377815383,11.196457909705138,0.0
0.036000000000000004,0.1534258136293204,-0.07866337753219974,0.10272173996957357,0.0,0.6791761234930224,0.5973294924608766,11.294660188618266,11.196457909705138,0.0
0.037,0.15503390723755853,-0.07873024543773036,0.12705731177900048,0.0,0.6788651536126361,0.6029437708002472,11.44477633970703,11.196457909705138,0.0
0.038,0.15836254205555023,-0.08024075299253995,0.04951605193459985,0.0,0.6793121957061993,0.598842561122767,11.511698265851365,11.196457909705138,0.0
0.039,0.15706043091256466,-0.08024731574696913,0.012902685300969996,0.0,0.6792900294500973,0.5921206374650445,11.351614941468004,11.196457909705138,0.0
0.04,0.15328940712992553,-0.07845764628566099,0.09139277717502198,0.0,0.6784009581855452,0.5954705248246261,11.263442660691567,11.196457909705138,0.0
0.041,0.15403213407805993,-0.07822739456881082,0.13480907005337614,0.0,0.6779283517891657,0.6022679974175519,11.40342655781989,11.196457909705138,0.0
0.042,0.15778217777179027,-0.07975090345167984,0.06274743500806726,0.0,0.678352641786001,0.5995724417909507,11.502437854040553,11.196457909705138,0.0
0.043000000000000003,0.15736809213460107,-0.0800515861401995,0.010181987454381591,0.0,0.6784827872274011,0.5922103377032688,11.35650430744534,11.196457909705138,0.0
0.044,0.1534480017909107,-0.07839492777636745,0.08154829677458605,0.0,0.6776784684689864,0.5944004761506885,11.245199818531596,11.196457909705138,0.0
0.045,0.1535239487230975,-0.07794784308424207,0.13671312214319337,0.0,0.6771409826986596,0.6015980815088919,11.364826996907423,11.196457909705138,0.0
0.046,0.15736064163223923,-0.07929922387880863,0.07521584208325685,0.0,0.6775301287755093,0.6002845519432797,11.493775637035988,11.196457909705138,0.0
0.047,0.1576906374017806,-0.0798428887988165,0.0077683447456660115,0.0,0.6777952966213681,0.5923391054298198,11.364225199641648,11.196457909705138,0.0
0.048,0.15359872914382566,-0.07832123600273733,0.07086589054347064,0.0,0.6770665845745263,0.5932833352294969,11.223687973240356,11.196457909705138,0.0
0.049,0.15296803545971738,-0.07762466685578517,0.14086220310876474,0.0,0.6764437606341321,0.6011573469913984,11.330459819870827,11.196457909705138,0.0
0.05,0.15698833786088387,-0.07891431606042848,0.08613626069187247,0.0,0.6768194473679481,0.60101331819059,11.47622475513823,11.196457909705138,0.0
0.051000000000000004,0.1580179605808436,-0.0796336446030534,0.010456124603840128,0.0,0.6772093921959439,0.5930706499225455,11.372021368733945,11.196457909705138,0.0
0.052000000000000005,0.15406297170459934,-0.0783088834485488,0.06080218321569436,0.0,0.676613158701914,0.5927014557758759,11.220479174181795,11.196457909705138,0.0
0.053,0.15274693456182678,-0.07743437117790206,0.13633306784700258,0.0,0.6759566804043938,0.6002197086147382,11.29428099016665,11.196457909705138,0.0
0.054,0.15643800358875287,-0.07842565049172733,0.09845392904996031,0.0,0.6762354610677391,0.6015792962615848,11.453135605919114,11.196457909705138,0.0
0.055,0.1581800463747507,-0.0793044491630629,0.01645984421158858,0.0,0.6767090774901434,0.5940355312496403,11.387325583074912,11.196457909705138,0.0
0.056,0.1545597120510702,-0.07829626983998335,0.04745617889999182,0.0,0.6762612680568607,0.5919386992487038,11.226793693127295,11.196457909705138,0.0
0.057,0.1524663778516864,-0.07711044318171323,0.1274187660395786,0.0,0.6755281972276337,0.5986867541616981,11.253014674554125,11.196457909705138,0.0
0.058,0.1555604945249467,-0.07773213117333244,0.11374270767767378,0.0,0.6756234829182893,0.6020214180332125,11.413848950076726,11.196457909705138,0.0
0.059000000000000004,0.15811350986345996,-0.07897349286431789,0.031151659512657137,0.0,0.6761730393331233,0.5958339988516049,11.40312791719872,11.196457909705138,0.0
0.06,0.1554269407426407,-0.07843824485469483,0.034445475876724474,0.0,0.675977607290345,0.591829560268014,11.239552044891083,11.196457909705138,0.0
0.061,0.15266430014292814,-0.07693005669769337,0.11580247067868377,0.0,0.675240726376311,0.5973993783778395,11.21809479389549,11.196457909705138,0.0
0.062,0.15492199026768325,-0.07716654946520776,0.12631472733457633,0.0,0.6751756114506597,0.6024053325496872,11.381709231030491,11.196457909705138,0.0
0.063,0.15805159355844245,-0.0786697810245919,0.042654995553822295,0.0,0.6757805939786153,0.5972748072886075,11.414477944784093,11.196457909705138,0.0
0.064,0.1561069595645631,-0.07843860079525826,0.024090438326232227,0.0,0.6757715635868471,0.5917575346014379,11.245014124091218,11.196457909705138,0.0
0.065,0.15279946921254056,-0.07668327621504671,0.10833678652880846,0.0,0.6750209350640087,0.5965882076171517,11.188602297455152,11.196457909705138,0.0
0.066,0.15447587488223574,-0.07668758038046494,0.13662125596934177,0.0,0.6748464633990237,0.6029120991082562,11.358523940417818,11.196457909705138,0.0
0.067,0.15810563709332756,-0.07838398221298602,0.05003977418088165,0.0,0.6755083892095708,0.598396836806093,11.423601995170438,11.196457909705138,0.0
0.068,0.1566537524723693,-0.07832904550335514,0.01522930594991867,0.0,0.6756295891524623,0.5916319615580955,11.245915253652484,11.196457909705138,0.0
0.069,0.15284243194776811,-0.07637653455606949,0.1035781032694223,0.0,0.6748479547391595,0.5960268926281387,11.165412282355831,11.196457909705138,0.0
0.07,0.15411298020638542,-0.07623345846575832,0.14414004519124182,0.0,0.6745877636137303,0.6033046192743583,11.339131874104703,11.196457909705138,0.0
0.07100000000000001,0.1581351765223481,-0.07803868965376379,0.055853509672810026,0.0,0.6752813704570493,0.5992816797049979,11.425070330729326,11.196457909705138,0.0
0.07200000000000001,0.15707226887721137,-0.07812105786436128,0.010598157150256624,0.0,0.6754943308503865,0.5917923131587334,11.24440761434073,11.196457909705138,0.0
0.073,0.15297810176647103,-0.07610603561597072,0.10045001829819887,0.0,0.6747145824203346,0.5958491668636583,11.152364304145378,11.196457909705138,0.0
0.074,0.15397745592735768,-0.07585928402442335,0.14691260945147266,0.0,0.6744115017511937,0.6034838561416612,11.323096068141774,11.196457909705138,0.0
0.075,0.15812853806891625,-0.07765002025933564,0.06028034586890793,0.0,0.6751016465785232,0.5998839680253726,11.416910078970858,11.196457909705138,0.0
0.076,0.15732461546058393,-0.07782779595492009,0.011168818761708998,0.0,0.675364436075656,0.5923070801658115,11.239836483159593,11.196457909705138,0.0
0.077,0.15324009255623622,-0.07587065175837508,0.09927183093279708,0.0,0.6746261942185434,0.5961378649452063,11.14240577671219,11.196457909705138,0.0
0.078,0.15412564008992435,-0.0755758402840676,0.14852770548642802,0.0,0.6743319972048736,0.6039106076823899,11.313150679254386,11.196457909705138,0.0
0.079,0.15831738178449709,-0.07735172828661357,0.061988326519837295,0.0,0.6750427899613117,0.6004125299015606,11.410357778944425,11.196457909705138,0.0
0.08,0.15757252172185524,-0.07754728473132703,0.011245777982425181,0.0,0.6753364479929168,0.5927429046488449,11.231956348778075,11.196457909705138,0.0
0.081,0.15345251144342023,-0.07557756464656681,0.10009150867487067,0.0,0.6746151529223184,0.596595816116106,11.132867225772701,11.196457909705138,0.0
0.082,0.1543397450569146,-0.07526772864286316,0.15027197701688208,0.0,0.6743368937459466,0.6044839053400091,11.307378195242707,11.196457909705138,0.0
0.083,0.1585795844500972,-0.07707147572607738,0.061907289426503295,0.0,0.6750767799487927,0.6008759294084078,11.404500439191333,11.196457909705138,0.0
0.084,0.15778735515551698,-0.07725234996040718,0.011265742157328618,0.0,0.6753837386331382,0.5931453599828818,11.221573149608759,11.196457909705138,0.0
0.085,0.15363231804498945,-0.07523639694893722,0.10247823454957952,0.0,0.6746633809328917,0.5972074647933939,11.123812026064002,11.196457909705138,0.0
0.08600000000000001,0.15462018337012476,-0.07494327086478482,0.15208525515836932,0.0,0.6744091851445789,0.6051857551390047,11.304816443474541,11.196457909705138,0.0
0.08700000000000001,0.1589129592898162,-0.07680780067207389,0.06049946111540547,0.0,0.6751862675093014,0.6013079626224944,11.399465386334832,11.196457909705138,0.0
0.088,0.15799243697328963,-0.07694914158227306,0.011144914918963245,0.0,0.6754947645879502,0.5935267006669435,11.209325119005594,11.196457909705138,0.0
0.089,0.15379583790887305,-0.0748570726984204,0.1060863764905774,0.0,0.6747627447768533,0.5979439415235748,11.114663847947739,11.196457909705138,0.0
0.09,0.15495818707477182,-0.07460543186791838,0.15423495263707918,0.0,0.6745388912300121,0.6060233606749394,11.304656989919375,11.196457909705138,0.0
0.091,0.15932221841673705,-0.0765625403390143,0.058156390849119,0.0,0.6753631632931171,0.6017539050423857,11.396104037752973,11.196457909705138,0.0
0.092,0.15821700531341146,-0.07664576337043333,0.010436405651841188,0.0,0.6756676460354015,0.5938706231803623,11.195979313412085,11.196457909705138,0.0
0.093,0.15394448246487188,-0.0744423132990981,0.1105035537852159,0.0,0.674910140579094,0.5987496293077196,11.10651317265489,11.196457909705138,0.0
0.094,0.15532520147547718,-0.07424679967456925,0.15613607153431636,0.0,0.6747168142831683,0.6068892854281259,11.305534941517214,11.196457909705138,0.0
0.095,0.15974941147382352,-0.07630379537248357,0.05553441678503307,0.0,0.6755850108918915,0.6022002801972748,11.385021611659944,11.196457909705138,0.0
0.096,0.1584410499393469,-0.076328242513443,0.013905444694120056,0.0,0.675879606545184,0.5946819866366495,11.18334372637165,11.196457909705138,0.0
0.097,0.1543221754840013,-0.07411882228874761,0.11487552917160211,0.0,0.6751496325809581,0.599907973585591,11.112388949988295,11.196457909705138,0.0
0.098,0.1559351728464644,-0.07398047833131166,0.15119360696044776,0.0,0.6750221310749783,0.6073050337007904,11.308390903523678,11.196457909705138,0.0
0.099,0.16001729708913834,-0.07594214742864369,0.052073300254570895,0.0,0.6758642527713972,0.6022503194452665,11.36247984786939,11.196457909705138,0.0
0.1,0.1584033616771008,-0.07586136547343131,0.023368608700072818,0.0,0.6760881881665751,0.5958373299187524,11.166726979552562,11.196457909705138,0.0
0.101,0.15478380157552435,-0.07381406482329225,0.12154235216001211,0.0,0.6754240358176208,0.6015562038375984,11.129045752986228,11.196457909705138,0.0
0.10200000000000001,0.15681938382808286,-0.07382025018831449,0.14105708701036856,0.0,0.6754193394921002,0.6075415488798073,11.31887096289126,11.196457909705138,0.0
0.10300000000000001,0.1602893239967166,-0.07553967506897598,0.044920351525990915,0.0,0.6762027221865752,0.6017963639374339,11.330345120896268,11.196457909705138,0.0
0.10400000000000001,0.15811154712441788,-0.07524062825093347,0.03784440041157565,0.0,0.6762831587185739,0.5971613033486426,11.138171273067423,11.196457909705138,0.0
0.105,0.15522952913306798,-0.07351825425629503,0.13451419069237566,0.0,0.6757055748672638,0.6039974731242881,11.153395157981468,11.196457909705138,0.0
0.106,0.1580928697604566,-0.07384885749758145,0.12733287575258992,0.0,0.6759229564751373,0.607991837342127,11.34735548884708,11.196457909705138,0.0
0.107,0.16080721394766845,-0.07520255008268449,0.0288437345283641,0.0,0.6766636364959558,0.6005765664593833,11.29303576755371,11.196457909705138,0.0
0.108,0.1575167759884883,-0.07441739345732709,0.055037816596564024,0.0,0.6764888172717776,0.5982322227241218,11.091635576295714,11.196457909705138,0.0
0.109,0.155447689562279,-0.07307321668038234,0.1567861355596561,0.0,0.675957037717281,0.607229900832518,11.183917779617703,11.196457909705138,0.0
0.11,0.15966978822707886,-0.0740427782367248,0.11077043519953575,0.0,0.6764982974680405,0.6087103012279909,11.387910118045154,11.196457909705138,0.0
0.111,0.1615182732579949,-0.07503798449401197,0.006859743902410148,0.0,0.6772332483560095,0.5989656561531569,11.248455943174177,11.196457909705138,0.0
0.112,0.1568137646187346,-0.07348085152989738,0.07606685100320826,0.0,0.6767390029590729,0.5994568401692901,11.04993387385209,11.196457909705138,0.0
0.113,0.1557892805672429,-0.07245531660728081,0.17679312602278194,0.0,0.6762460629915964,0.6103029485845329,11.225136149857038,11.196457909705138,0.0
0.114,0.161158700577253,-0.07421006632562983,0.08890520561878923,0.0,0.6770903056806366,0.6087393371252529,11.39989566622965,11.196457909705138,0.0
0.115,0.16173748131503848,-0.0748971829827634,-0.000508930132761945,0.0,0.6777517982899459,0.5984498636711177,11.193699784162245,11.196457909705138,0.0
0.116,0.156572233863536,-0.07268382044180043,0.10261659215636951,0.0,0.6770678532468336,0.6020674006596901,11.045038297011029,11.196457909705138,0.0
0.117,0.15704723722278072,-0.07207165301335394,0.17846153185891858,0.0,0.6767688516151702,0.6124625747454513,11.269434016739735,11.196457909705138,0.0
0.11800000000000001,0.16240781642448385,-0.07431667241618883,0.06553391092421945,0.0,0.6777923413638455,0.6080229298810331,11.386712493074041,11.196457909705138,0.0
0.11900000000000001,0.16148434260610636,-0.0745218025629814,0.00499212692337743,0.0,0.6782696317733303,0.5987544663592166,11.152218363411597,11.196457909705138,0.0
0.12,0.15658944716871695,-0.07195830331607793,0.12268158721753489,0.0,0.6774883105710576,0.6045410404628253,11.07425021221537,11.196457909705138,0.0
0.121,0.1582808938845614,-0.07171879444198191,0.16288773979054627,0.0,0.6773630679156919,0.6126815991228185,11.292613146277036,11.196457909705138,0.0
0.122,0.16270307137129056,-0.07391372485988655,0.05274472039399418,0.0,0.6783082428265722,0.6070082589355433,11.321266104147766,11.196457909705138,0.0
0.123,0.16086858446181007,-0.07378692348230566,0.03717015951420315,0.0,0.678555668771924,0.6016310140901824,11.114800321950664,11.196457909705138,0.0
0.124,0.1577510481271747,-0.07185375868346426,0.14121962649029862,0.0,0.6780292475241079,0.6087420074277764,11.145058125801707,11.196457909705138,0.0
0.125,0.16066466869417148,-0.07214428351790889,0.12660472240381127,0.0,0.67831785711461,0.6120894515618385,11.356759024182695,11.196457909705138,0.0
0.126,0.16304506175169903,-0.0733440367095167,0.019151262068541786,0.0,0.6790414177622008,0.6032245736148723,11.239976439109734,11.196457909705138,0.0
0.127,0.1589313662551005,-0.07215664158814046,0.0771073693109765,0.0,0.678663523555068,0.6032445563625829,11.029348913300678,11.196457909705138,0.0
0.128,0.15789620340583216,-0.07108429649411524,0.18409222217954888,0.0,0.6782193330342909,0.6144862551163817,11.219153012074948,11.196457909705138,0.0
0.129,0.16345149711007065,-0.0728960837981336,0.08896322176871614,0.0,0.6791537514953535,0.6124038924328864,11.398060678773062,11.196457909705138,0.0
0.13,0.1637768619736543,-0.07354028568793035,-0.0025066392710201835,0.0,0.6798392361767978,0.6015325759556324,11.160298727031806,11.196457909705138,0.0
0.131,0.1582981928098149,-0.07105980651003217,0.11673592842634087,0.0,0.6790897460139056,0.6064542279080136,11.035258688456569,11.196457909705138,0.0
0.132,0.15940355775207296,-0.07053798380151036,0.18086793992644531,0.0,0.6788747743563821,0.6164944844016184,11.276191295568799,11.196457909705138,0.0
0.133,0.16465322731815674,-0.07296091417074896,0.059604302511693824,0.0,0.6799570660816731,0.6109624878466403,11.33990734074059,11.196457909705138,0.0
0.134,0.16311308392445384,-0.07300508054711347,0.026311785615443783,0.0,0.6803585579766447,0.6038642921042168,11.113642967494691,11.196457909705138,0.0
0.135,0.1592531434139094,-0.07064089780078808,0.14027212166049757,0.0,0.6797495793420173,0.6107938192816744,11.126737652214898,11.196457909705138,0.0
0.136,0.16182359919893174,-0.07075399317122513,0.13442198187529675,0.0,0.6799305336068101,0.6148650275996432,11.343661747317709,11.196457909705138,0.0
0.137,0.16445868524971868,-0.07209226594322227,0.024487895947765292,0.0,0.6806465923281354,0.6062488075503814,11.222470873835935,11.196457909705138,0.0
0.138,0.16056334803534345,-0.07102532358306865,0.08482320304734452,0.0,0.6802986767850654,0.6067568779724962,11.011495856179028,11.196457909705138,0.0
0.139,0.15989781119268504,-0.07002115415491929,0.1921603324110589,0.0,0.6799365706250189,0.6184173366376543,11.229670830291196,11.196457909705138,0.0
0.14,0.16570518294764963,-0.07205896952200297,0.08274071614911424,0.0,0.6810109223321535,0.615120543476368,11.384128715822598,11.196457909705138,0.0
0.14100000000000001,0.1654334636141949,-0.07256647777226921,0.0036350653222387286,0.0,0.6816836073063045,0.6047414022178169,11.12900788424013,11.196457909705138,0.0
0.14200000000000002,0.16013419385020947,-0.06991016186873358,0.13186998136812306,0.0,0.680953839825294,0.6109445433365558,11.055195928158511,11.196457909705138,0.0
0.14300000000000002,0.16196558539076872,-0.06957474659918163,0.1701885792243985,0.0,0.6809070306836428,0.6191326444319496,11.288454772418605,11.196457909705138,0.0
0.14400000000000002,0.1663725284591868,-0.07184970666887219,0.052639188467216824,0.0,0.6819373123260575,0.6127171857196658,11.26966380825733,11.196457909705138,0.0
0.145,0.16415567595830138,-0.07155433739586407,0.06130261156233213,0.0,0.6821677797122745,0.6094626946966684,11.039723394002138,11.196457909705138,0.0
0.146,0.16198469004793659,-0.07002594742534266,0.17784016384695855,0.0,0.6818845820535431,0.6195058359600808,11.1940695505296,11.196457909705138,0.0
0.147,0.1666444209692747,-0.07109697621997282,0.10069096917498317,0.0,0.6827671153541404,0.6183302761340648,11.391296874450932,11.196457909705138,0.0
0.148,0.16705956655637308,-0.0717713202092618,0.00012891756685912137,0.0,0.6835073068929518,0.6070711231851684,11.142624854676226,11.196457909705138,0.0
0.149,0.161416164136899,-0.06920423308218465,0.12500325800450096,0.0,0.6827584409591213,0.6123786283712782,11.034173478092798,11.196457909705138,0.0
0.15,0.16273058176514232,-0.0686198929796091,0.1808517906123384,0.0,0.6825766055972722,0.6217740716645783,11.281949170184886,11.196457909705138,0.0
0.151,0.16763101001787498,-0.07102921905438384,0.05610903196149718,0.0,0.6836233673701889,0.6154056953831739,11.281729272363025,11.196457909705138,0.0
0.152,0.16557835251756206,-0.07085682311015937,0.05536626724584873,0.0,0.683885558523061,0.6112193529825508,11.049182005313604,11.196457909705138,0.0
0.153,0.1630523296867655,-0.06906502456817404,0.1731126598144746,0.0,0.6835075224404076,0.6206947307033668,11.186929687755732,11.196457909705138,0.0
0.154,0.16730955144038834,-0.06995387086245464,0.10433410081290435,0.0,0.6842305188158918,0.6199481070067705,11.384123578670819,11.196457909705138,0.0
0.155,0.16782682110093528,-0.0707032458629021,0.0038604986657045093,0.0,0.6848800959712744,0.6089698072260821,11.126847893162802,11.196457909705138,0.0
0.156,0.162405490443488,-0.06821864787915217,0.1331944415851361,0.0,0.6840860859048327,0.6149872839505349,11.039529033639232,11.196457909705138,0.0
0.157,0.16419130300746265,-0.06780032445786191,0.17842316010758036,0.0,0.6839520549209763,0.6237547789155613,11.283719672192943,11.196457909705138,0.0
0.158,0.16887657352307128,-0.07022516765919494,0.05545522320584684,0.0,0.6849790925183676,0.6171558394102068,11.245776397687477,11.196457909705138,0.0
0.159,0.16667779743803104,-0.06994362887579814,0.07393367557875634,0.0,0.6851883147072972,0.614870524819675,11.007502183716673,11.196457909705138,0.0
0.16,0.16506550382540008,-0.06855170332391046,0.19496033982404315,0.0,0.6849977867954071,0.6261181769868808,11.226917803789608,11.196457909705138,0.0
0.161,0.17041503356592824,-0.07008793542200982,0.084947930846731,0.0,0.6861339816777365,0.6223058083086352,11.37128701074611,11.196457909705138,0.0
0.162,0.16961204120485968,-0.070441723838747,0.011015036358069871,0.0,0.6867988746088687,0.6120976261395903,11.10374503610964,11.196457909705138,0.0
0.163,0.16433534061593258,-0.06757297520744396,0.14571315241226018,0.0,0.686057359796372,0.619105280332582,11.089981212931471,11.196457909705138,0.0
0.164,0.166601411035741,-0.06732030137498882,0.15365983096908098,0.0,0.6860916552491673,0.6245631363536654,11.324792893788485,11.196457909705138,0.0
0.165,0.1697271966029616,-0.06909146591883049,0.03497064069974054,0.0,0.6868656615969388,0.6160221828945277,11.177518685194812,11.196457909705138,0.0
0.166,0.16614655093048397,-0.06802659007383671,0.10879713724168047,0.0,0.6865733239756313,0.6181456608180326,10.995615206161537,11.196457909705138,0.0
0.167,0.16652986464427744,-0.06716416797798314,0.2017573037937542,0.0,0.6864383502367113,0.6294369395771229,11.274290112987233,11.196457909705138,0.0
0.168,0.17221292227625967,-0.0695770023882079,0.061641528348085284,0.0,0.6877200377536755,0.6226219529194879,11.300017022515636,11.196457909705138,0.0
0.169,0.17005106228114183,-0.06945773355415845,0.0477424824557786,0.0,0.688154809937332,0.6167835315613986,11.055859162934887,11.196457909705138,0.0
0.17,0.1667418499197542,-0.06708111654099641,0.1712273997138557,0.0,0.6877020275837069,0.6256371556745964,11.188286413025168,11.196457909705138,0.0
0.171,0.1703679873292275,-0.06772336532415527,0.10509548963551504,0.0,0.6882742994130426,0.6246188126212582,11.37175713975642,11.196457909705138,0.0
0.17200000000000001,0.17053486489517175,-0.06839673056496082,0.011607133969375835,0.0,0.6887551574427686,0.6141550358755363,11.082512685972869,11.196457909705138,0.0
0.17300000000000001,0.1654138365330693,-0.06583869593257326,0.15736881309847417,0.0,0.6878534345329788,0.622319372763712,11.076246699561693,11.196457909705138,0.0
0.17400000000000002,0.16841827527755515,-0.06589855872831966,0.1617039184054965,0.0,0.6878904828568416,0.628214649919058,11.315714269630242,11.196457909705138,0.0
0.17500000000000002,0.1719801762705726,-0.0679765097382586,0.04077756977197135,0.0,0.6887413300469883,0.619817090066711,11.150737479551468,11.196457909705138,0.0
0.176,0.1686575470027225,-0.0669740570496124,0.12372316911289472,0.0,0.6885362872270355,0.6230787585618437,11.001059447495928,11.196457909705138,0.0
0.177,0.1697356822087353,-0.06629171751935459,0.20051616976275694,0.0,0.688612882717149,0.6334597088382035,11.284783037973604,11.196457909705138,0.0
0.178,0.17500762771022216,-0.06878730145972209,0.05777112324123436,0.0,0.6900012513146302,0.6257712058589691,11.243807169538936,11.196457909705138,0.0
0.179,0.17232167990387642,-0.06833561731042702,0.07778556486023025,0.0,0.690407291658614,0.6229676027944241,11.001484162862408,11.196457909705138,0.0
0.18,0.17039162501587074,-0.06645572488241647,0.2008968056669218,0.0,0.6902900963361567,0.634012502702895,11.250518798447109,11.196457909705138,0.0
0.181,0.17536151644916292,-0.06799666766769236,0.07583887898715146,0.0,0.6914774131674525,0.6283877201388894,11.319819077952335,11.196457909705138,0.0
0.182,0.17347315705718097,-0.0679911950251034,0.039955127552066386,0.0,0.6919675086406806,0.6210049325708032,11.06487641298141,11.196457909705138,0.0
0.183,0.16950610840089883,-0.06526456362994065,0.16874227500476585,0.0,0.6913704410827353,0.6293523487992675,11.180315108801883,11.196457909705138,0.0
0.184,0.17267302225958642,-0.06570361046181239,0.11118435510356214,0.0,0.6917433833688885,0.6287980429744129,11.356774360207888,11.196457909705138,0.0
0.185,0.17293684304901175,-0.06648516846138672,0.02135156489553222,0.0,0.6921051817555753,0.6190330830885381,11.056253932868445,11.196457909705138,0.0
0.186,0.1683077245236871,-0.06403599794139145,0.17301381833362045,0.0,0.6911770799778107,0.6283738160558693,11.105158792983168,11.196457909705138,0.0
0.187,0.1720500569971571,-0.06447785666478428,0.14947437944347874,0.0,0.691348957839329,0.6321237569790595,11.340514028779614,11.196457909705138,0.0
0.188,0.1747034021966818,-0.06631416789641739,0.030356200354511143,0.0,0.6920762176552602,0.6223938416379844,11.087556637717192,11.196457909705138,0.0
0.189,0.17061349075214952,-0.06462657162993231,0.15792390860560154,0.0,0.6915537612538609,0.6294096972220133,11.059237562120835,11.196457909705138,0.0
0.19,0.1734086448215387,-0.06454349447994939,0.17345564987962328,0.0,0.6917928735271713,0.6357561700030527,11.304520522220747,11.196457909705138,0.0
0.191,0.17702757379943646,-0.06670141486226033,0.04973354370451118,0.0,0.6928809238648086,0.6273570269944422,11.128549615998264,11.196457909705138,0.0
0.192,0.17374049682362105,-0.06556595953263884,0.13839807975282153,0.0,0.6928737755777397,0.63129469110464,11.028881805855805,11.196457909705138,0.0
0.193,0.1751831486691672,-0.06485065808665158,0.18990774586254397,0.0,0.6931937799246348,0.6394257294139294,11.29389602759437,11.196457909705138,0.0
0.194,0.17923822797332564,-0.06705666399272392,0.056426253814369526,0.0,0.6945447013318975,0.6311459713355811,11.164457315518742,11.196457909705138,0.0
0.195,0.17604523102787376,-0.06601024400009485,0.12146561579404712,0.0,0.694795388532349,0.6327102064010813,11.0128401067935,11.196457909705138,0.0
0.196,0.17626428580189177,-0.06475226840867623,0.1991103981857851,0.0,0.6950495174041756,0.6419775931287747,11.304455161962524,11.196457909705138,0.0
0.197,0.18058004343504516,-0.06681932081552892,0.05222289807869872,0.0,0.6964449275822571,0.6329370384432776,11.192781470378646,11.196457909705138,0.0
0.198,0.17698080529464275,-0.0657273292314538,0.10809650826390257,0.0,0.6966559516756636,0.6329941261373577,11.009887196670647,11.196457909705138,0.0
0.199,0.17635133838469275,-0.06405194759826435,0.20140935224824724,0.0,0.6966782100653277,0.6428055331864867,11.30101995733438,11.196457909705138,0.0
0.2,0.1807901283644271,-0.0659652658413595,0.054797351440087835,0.0,0.6979066021440103,0.634083015274058,11.208673245406178,11.196457909705138,0.0
0.201,0.1773500634951644,-0.06507172356332783,0.10084855404717877,0.0,0.6980224803905675,0.6333101356910181,11.011114151195267,11.196457909705138,0.0
0.202,0.1764118459338978,-0.06326779934756752,0.20148153873773306,0.0,0.6978599866132116,0.6433040514638748,11.292400933777696,11.196457909705138,0.0
0.203,0.18092559935658015,-0.06513256913190557,0.059878717205793075,0.0,0.6989362977093121,0.6351937910141834,11.209807139583194,11.196457909705138,0.0
0.20400000000000001,0.17782573778739535,-0.06444711277156029,0.10104212200426324,0.0,0.6989999037533519,0.6343323127690599,11.008099007573218,11.196457909705138,0.0
0.20500000000000002,0.17698470783639778,-0.06270921675484024,0.2037797770305706,0.0,0.6987866873702393,0.6445143656366792,11.29117740725556,11.196457909705138,0.0
0.20600000000000002,0.1816444869186033,-0.0646478382128296,0.06129338221389535,0.0,0.6998436252327461,0.6364350256005755,11.202790730532481,11.196457909705138,0.0
0.20700000000000002,0.17861973068480155,-0.06400178408389284,0.10542339236716153,0.0,0.699896483136629,0.6359277993958994,11.011532518172382,11.196457909705138,0.0
0.20800000000000002,0.1780063919181168,-0.062329472828193934,0.20290175246253847,0.0,0.6997158389328184,0.6457951208130351,11.292924558740188,11.196457909705138,0.0
0.209,0.18253727447809046,-0.06429470399411572,0.06124106568828526,0.0,0.700772889831911,0.6375956560526908,11.185869390205273,11.196457909705138,0.0
0.21,0.17945890146481097,-0.06354487975821849,0.11487453515074132,0.0,0.7008021561874517,0.6380220612239631,11.016966149275628,11.196457909705138,0.0
0.211,0.17931058899231153,-0.062031521195213726,0.20112107321985867,0.0,0.7007121652249941,0.6473450676484825,11.300229540470813,11.196457909705138,0.0
0.212,0.18362709491759724,-0.06406564051902765,0.05845166131460966,0.0,0.701802360712484,0.63869437486753,11.163386821952422,11.196457909705138,0.0
0.213,0.18034069012082496,-0.06306191823949901,0.1272037314513324,0.0,0.701787716729143,0.6404118623344108,11.036003913551104,11.196457909705138,0.0
0.214,0.18077690578826,-0.06174897981711107,0.19249972561353154,0.0,0.701811899887157,0.6483703275413589,11.305209161017604,11.196457909705138,0.0
0.215,0.18447492671197863,-0.06373163090652816,0.056809589367156826,0.0,0.7028607322541243,0.6395540694697555,11.13844023877676,11.196457909705138,0.0
0.216,0.18104597683389687,-0.062422899150361665,0.14077422719686306,0.0,0.7027592685731618,0.6427314966615669,11.075417649950257,11.196457909705138,0.0
0.217,0.18214905557383143,-0.061399950945114405,0.17349592420766302,0.0,0.7028862569944614,0.6481851468988182,11.320691091436428,11.196457909705138,0.0
0.218,0.18472407447952255,-0.06305770832066428,0.04961687164726453,0.0,0.7037384943907189,0.6388799969104957,11.102131839220416,11.196457909705138,0.0
0.219,0.18083456131394848,-0.06132116714081862,0.159839758460118,0.0,0.70336739594498,0.6444074903729193,11.121004728002049,11.196457909705138,0.0
0.22,0.1829461273771534,-0.06083609130401345,0.1511578458863323,0.0,0.7035501637598074,0.6470167179946735,11.335797669163343,11.196457909705138,0.0
0.221,0.18435996465602428,-0.06220475249291111,0.04236797771110329,0.0,0.7041309810444738,0.6373688268221536,11.045585630144014,11.196457909705138,0.0
0.222,0.18016304350475645,-0.0599781920680532,0.18898272001637884,0.0,0.7034303192247986,0.6464351265301135,11.160932901438366,11.196457909705138,0.0
0.223,0.1838540556359725,-0.060444319556738665,0.13166433445187045,0.0,0.7037798931858908,0.6463055797042143,11.292570137144493,11.196457909705138,0.0
0.224,0.18434068122389424,-0.061677546468901716,0.06488459432441382,0.0,0.704212548753735,0.6394347387052803,11.023983117467255,11.196457909705138,0.0
0.225,0.181517274813149,-0.0595796558342797,0.20090285208541153,0.0,0.7036717544259713,0.6492394940790696,11.19930127775387,11.196457909705138,0.0
0.226,0.18571428569822726,-0.060769858479900046,0.11321533826161674,0.0,0.7043174162657274,0.64651398012301,11.219555740099034,11.196457909705138,0.0
0.227,0.18510936457264365,-0.06146985466136059,0.1028571287850956,0.0,0.7046910580794061,0.6439715672750175,10.981936567867121,11.196457909705138,0.0
0.228,0.18423267892532363,-0.05987935748981092,0.22381192831943214,0.0,0.7045911397762331,0.6552197561466837,11.262756332248449,11.196457909705138,0.0
0.229,0.18946380265414847,-0.061970380658235125,0.08273906190333541,0.0,0.7058719497107856,0.6480213805331082,11.1525946355147,11.196457909705138,0.0
0.23,0.1870168995017518,-0.061576979282189026,0.13825854301211457,0.0,0.7062406567074763,0.649510265644524,11.034666315530684,11.196457909705138,0.0
0.231,0.18763567264538325,-0.06022991969959169,0.19884061894586677,0.0,0.7065771389753144,0.6569034324087687,11.292695265331394,11.196457909705138,0.0
0.232,0.19098252068185495,-0.06211238851861384,0.06886377048924898,0.0,0.7078398318587114,0.648325691081232,11.101296064476843,11.196457909705138,0.0
0.233,0.18759944744414822,-0.06060781114986248,0.1655149893688076,0.0,0.707934153122262,0.6530690022726182,11.141129957376016,11.196457909705138,0.0
0.234,0.18938920788548208,-0.05994130174683682,0.14615132244251228,0.0,0.7084351031179512,0.6540201945396094,11.317359060383145,11.196457909705138,0.0
0.23500000000000001,0.1897213307341461,-0.06090351736884457,0.0568277594321676,0.0,0.7090935861532218,0.6452757714086557,11.025893305029497,11.196457909705138,0.0
0.23600000000000002,0.18578000434505448,-0.05835933405049618,0.2042662831557483,0.0,0.7085222962506312,0.6550199792653083,11.207468200313498,11.196457909705138,0.0
0.23700000000000002,0.1896254370308634,-0.059250994109783635,0.1133687326076642,0.0,0.7091060805636701,0.6517971106891818,11.199912612144784,11.196457909705138,0.0
0.23800000000000002,0.18864658844153417,-0.05977194328489137,0.11711197966762459,0.0,0.7093575873964616,0.6504217677557325,10.994022250045987,11.196457909705138,0.0
0.23900000000000002,0.18834407820306837,-0.058252505685137276,0.22208151731361475,0.0,0.7092740616249049,0.6607418141097046,11.279208562804426,11.196457909705138,0.0
0.24,0.19314753014953412,-0.06045048661063518,0.07866085440340233,0.0,0.7104878653437032,0.6526641301380447,11.106599331667116,11.196457909705138,0.0
0.241,0.19035236969121486,-0.05954099170578937,0.1658640557524374,0.0,0.7106504960446678,0.6568976558828062,11.113010807896528,11.196457909705138,0.0
0.242,0.19219694354459868,-0.05878948606042321,0.16349278865581782,0.0,0.7111466455780704,0.6593603660006142,11.312886823439989,11.196457909705138,0.0
0.243,0.19329213109328774,-0.060090038804081466,0.06239049174673865,0.0,0.7119900270281696,0.6504268551791272,11.028709549882054,11.196457909705138,0.0
0.244,0.18943650068111872,-0.057685020933843485,0.20615661212393704,0.0,0.7115781617579472,0.6597314010162068,11.21127703039612,11.196457909705138,0.0
0.245,0.19308206836653483,-0.058454656841626325,0.11472468065999399,0.0,0.7122466477270135,0.6561295633282332,11.179739608005828,11.196457909705138,0.0
0.246,0.1918388179518692,-0.058801647955104085,0.13066057487213298,0.0,0.7125185739937807,0.6557952389064056,11.01043759831258,11.196457909705138,0.0
0.247,0.19201512839922727,-0.057353520305205075,0.21717178283268304,0.0,0.7125671112390648,0.6648465868336207,11.282870197637646,11.196457909705138,0.0
0.248,0.1961836251208712,-0.05951000479938434,0.08009136029082485,0.0,0.7137676241234006,0.6565969235985255,11.08281067071214,11.196457909705138,0.0
0.249,0.19326257171520006,-0.05824222919470903,0.18125759614350756,0.0,0.7138620992343371,0.6621543689864273,11.168966008435751,11.196457909705138,0.0
0.25,0.19558597699807695,-0.05793220499478041,0.13845484629439614,0.0,0.7144814464670249,0.6611607673895302,11.258380124677084,11.196457909705138,0.0
0.251,0.19506242111826522,-0.05866239800025664,0.09312856602401035,0.0,0.7150229202893558,0.6558514225439487,11.01526206165919,11.196457909705138,0.0
0.252,0.19280622047855536,-0.05642354651305755,0.2164995560134168,0.0,0.7147257366512488,0.6653941777782665,11.245557561363293,11.196457909705138,0.0
0.253,0.19677644103137046,-0.057876387894243105,0.10086080964478336,0.0,0.7155947479671868,0.6595396808576917,11.103387055155546,11.196457909705138,0.0
0.254,0.19478832385740913,-0.05741794418255066,0.17287677129415321,0.0,0.7157264512373754,0.6636940731005487,11.117218775477621,11.196457909705138,0.0
0.255,0.19690277122088204,-0.05682678027354286,0.16675330247539066,0.0,0.7161999798119569,0.66579998487786,11.288792075743473,11.196457909705138,0.0
0.256,0.1978862792224636,-0.0581876834328072,0.08004331068208148,0.0,0.7169923576934205,0.6581787525192826,11.020365625117465,11.196457909705138,0.0
0.257,0.19479809640286727,-0.055891233499837996,0.21601745884096193,0.0,0.7166771560266609,0.6675726725902906,11.23076154548169,11.196457909705138,0.0
0.258,0.19856484174111316,-0.05701295932357317,0.1104764623010844,0.0,0.7174792208736185,0.6625812055711434,11.111222217642535,11.196457909705138,0.0
0.259,0.19684825503725686,-0.05681383818100093,0.1710984831412877,0.0,0.7176688119500453,0.6661194159872348,11.0993883997501,11.196457909705138,0.0
0.26,0.19879368769645883,-0.05608377403362168,0.17798608718705508,0.0,0.7181149491156528,0.6692430172464411,11.288122499830724,11.196457909705138,0.0
0.261,0.2002455505482811,-0.05760770889868449,0.08270239124548767,0.0,0.7190037661672506,0.661408538915149,11.020994743354242,11.196457909705138,0.0
0.262,0.19715020948245715,-0.055387737043463184,0.21802090114723754,0.0,0.7187608174278346,0.6706392693165129,11.232073401966764,11.196457909705138,0.0
0.263,0.20083957951444925,-0.056449031176585875,0.11212541691836053,0.0,0.7196041786756924,0.6654841593254273,11.103181584858145,11.196457909705138,0.0
0.264,0.19902265011734643,-0.05615323143422974,0.17750408872113968,0.0,0.7198045418866652,0.669416261132832,11.118210882866553,11.196457909705138,0.0
0.265,0.20110916431195425,-0.05550509244930927,0.1707719099853218,0.0,0.7203097416663635,0.671333176846248,11.27170165896843,11.196457909705138,0.0
0.266,0.20195652400299988,-0.056844932013315135,0.09327408444175009,0.0,0.7211099767813235,0.6645791375197883,11.01911719947868,11.196457909705138,0.0
0.267,0.19933374915832752,-0.05460359460324663,0.22133972128888965,0.0,0.7208948389413938,0.673739702775916,11.24127749588932,11.196457909705138,0.0
0.268,0.2030130693352773,-0.05587541303017395,0.10981137722172843,0.0,0.7217795848121329,0.6679829705386678,11.08016630850632,11.196457909705138,0.0
0.269,0.2010286798722506,-0.05527443484927799,0.1915298869252165,0.0,0.7219213570879051,0.673249781662976,11.16507621363625,11.196457909705138,0.0
0.27,0.20359830776679924,-0.05505778866515457,0.14938875132094048,0.0,0.7225578119500864,0.6722488759258946,11.212879308079975,11.196457909705138,0.0
0.271,0.20314019813554882,-0.055866181220041354,0.12532299011532924,0.0,0.7231216203952203,0.6692619722105485,11.010080502786229,11.196457909705138,0.0
0.272,0.20219787872242867,-0.05396774893944762,0.22858616683139132,0.0,0.7231134461478919,0.6783288208012035,11.272669519325433,11.196457909705138,0.0
0.273,0.2060647959544168,-0.055854737339397685,0.0965295424655864,0.0,0.7242393272311624,0.6704945225710115,11.051747318047736,11.196457909705138,0.0
0.274,0.20334326235892425,-0.05448206490341329,0.2084377490210087,0.0,0.7242993265311288,0.6775247491047443,11.214932188324575,11.196457909705138,0.0
0.275,0.20629480676368722,-0.05481127927302106,0.12666057109639517,0.0,0.7251062888594886,0.6733914960573598,11.124054736024668,11.196457909705138,0.0
0.276,0.20457927588061325,-0.054738231668903556,0.17282332898315322,0.0,0.7254079022701247,0.6758661635355249,11.100575852375451,11.196457909705138,0.0
0.277,0.2060394562144368,-0.0536860015161548,0.1855215913810585,0.0,0.7258118062467527,0.6788809317462878,11.268467221487551,11.196457909705138,0.0
0.278,0.20725792366755066,-0.05511318632301436,0.10085581370718436,0.0,0.7266443092770762,0.6720749657490277,11.020276487100036,11.196457909705138,0.0
0.279,0.20471941948350686,-0.052926728202596626,0.22671299512699308,0.0,0.726458183163327,0.6810152145222198,11.247558871562127,11.196457909705138,0.0
0.28,0.20828111148454737,-0.054228442464942565,0.11256079327737756,0.0,0.7273497476883339,0.674810340627107,11.060099088486526,11.196457909705138,0.0
0.281,0.20614541571716374,-0.053353735798989624,0.20765427302736433,0.0,0.7274224334954507,0.6811874588194236,11.203201075674958,11.196457909705138,0.0
0.28200000000000003,0.20907380840141265,-0.053574563339639475,0.13603584777345012,0.0,0.7281586006372184,0.6777616920448484,11.126797556270985,11.196457909705138,0.0
0.28300000000000003,0.20767147648221754,-0.05372564043906529,0.17493421100977824,0.0,0.7284929845928823,0.6799306633083967,11.098723723570943,11.196457909705138,0.0
0.28400000000000003,0.20910577757840304,-0.05265442473893481,0.1899484692211409,0.0,0.7288914827813257,0.6830069641722705,11.257694696416594,11.196457909705138,0.0
0.28500000000000003,0.21034399360484057,-0.0541026826760211,0.10985061493120074,0.0,0.7297277817673932,0.6767327174626483,11.020336670809613,11.196457909705138,0.0
0.28600000000000003,0.20811985468184302,-0.05197873891881969,0.23029084012364692,0.0,0.7296049097912287,0.6854759660784575,11.25058499815257,11.196457909705138,0.0
0.28700000000000003,0.2116092031758694,-0.05337595576811034,0.11462540556769377,0.0,0.7305435831652556,0.6789989328584174,11.04668433980475,11.196457909705138,0.0
0.28800000000000003,0.20940467638943375,-0.052297011060143894,0.21807347044060754,0.0,0.7306080297935065,0.686076803210812,11.220874677437328,11.196457909705138,0.0
0.289,0.21253790784574783,-0.05281187113221856,0.13073413394699698,0.0,0.7314412428491797,0.6814448227997072,11.08475743485944,11.196457909705138,0.0
0.29,0.2107593123847,-0.05249601365348227,0.19990975998439756,0.0,0.7316880436347932,0.6860690517796086,11.16854556188261,11.196457909705138,0.0
0.291,0.2131501780741006,-0.05208538981958384,0.1582948199510383,0.0,0.7323305771928941,0.6847053570955932,11.169100564513538,11.196457909705138,0.0
0.292,0.21245214710756696,-0.05274909143468616,0.15829089208748998,0.0,0.7328496013427838,0.6840586946343454,11.054020433212967,11.196457909705138,0.0
0.293,0.2127245308034402,-0.05114960609451644,0.21725533250269727,0.0,0.7330694764279897,0.6899777860423083,11.255535564817048,11.196457909705138,0.0
0.294,0.21511866799130672,-0.052896240631865384,0.11590699014953762,0.0,0.7340673977979817,0.6833283625012893,11.02981354527934,11.196457909705138,0.0
0.295,0.2129201757241213,-0.05105547169269565,0.23043444356264942,0.0,0.7340806337481902,0.6913209522716139,11.249439744585981,11.196457909705138,0.0
0.296,0.21611879648304128,-0.05218908561044387,0.1200915255605208,0.0,0.7350349103007545,0.6848587779394093,11.0434893481859,11.196457909705138,0.0
0.297,0.21381591394373056,-0.0510133317824921,0.22459640937575337,0.0,0.7351068727045897,0.6920225183822916,11.230936540758355,11.196457909705138,0.0
0.298,0.21690945548037474,-0.05159468657366649,0.1305280267789939,0.0,0.7359637194776383,0.6867211917030492,11.062762578006634,11.196457909705138,0.0
0.299,0.21489832498927677,-0.050954375356864104,0.21595196147183965,0.0,0.7361285011236975,0.6926251587806036,11.20805101416457,11.196457909705138,0.0
0.3,0.21769363217847726,-0.05102185274208443,0.1431918123482776,0.0,0.7368810269374491,0.6887697564687657,11.093124739819014,11.196457909705138,0.0
0.301,0.2160768674324996,-0.050948118354283145,0.20168828121991625,0.0,0.7371639743821311,0.6927431572305516,11.163278786904275,11.196457909705138,0.0
0.302,0.2182673093563136,-0.05036125947054039,0.16694304890529457,0.0,0.7377521500251898,0.6916834561582236,11.15579241605819,11.196457909705138,0.0
0.303,0.21766316119437393,-0.051050276026863364,0.17109288926480634,0.0,0.7382571984067425,0.691680838237178,11.078900541421799,11.196457909705138,0.0
0.304,0.218309651176904,-0.0495949354368672,0.21071440026583554,0.0,0.7385445025275729,0.6959686993732125,11.238146751924216,11.196457909705138,0.0
0.305,0.21993367831159522,-0.05115396396915822,0.13067440659243634,0.0,0.7394179088943755,0.6904837123086518,11.027659602559446,11.196457909705138,0.0
0.306,0.21826681512595406,-0.04920803081546776,0.23760596434627826,0.0,0.739425832985813,0.6983970310986513,11.252819579325449,11.196457909705138,0.0
0.307,0.22138797396643745,-0.050690631141341785,0.12446235926707375,0.0,0.7404068419144898,0.6916447021782344,11.025305089925379,11.196457909705138,0.0
0.308,0.21916530141946727,-0.049151040187121964,0.23993113216490636,0.0,0.7404303360500342,0.6997744136808516,11.250034561924668,11.196457909705138,0.0
0.309,0.22252529227184709,-0.05026833525076292,0.12703062964306636,0.0,0.7414027502888286,0.6931279347211496,11.029386378121435,11.196457909705138,0.0
0.31,0.22021402069590681,-0.04900621835247149,0.2390254368605198,0.0,0.7414632693983252,0.7009796186823127,11.245318945578683,11.196457909705138,0.0
0.311,0.2235543144040713,-0.04989018661682519,0.13057054277316044,0.0,0.7424127626710497,0.6946116547128678,11.032870110696294,11.196457909705138,0.0
0.312,0.22127510501104225,-0.0487872219196835,0.23843083820444347,0.0,0.7425003444202285,0.702208733876269,11.242461788273534,11.196457909705138,0.0
0.313,0.2245661401822347,-0.04954805856316173,0.13317496063013942,0.0,0.7434335975885835,0.6960133078480005,11.033562259534742,11.196457909705138,0.0
0.314,0.22231577519825726,-0.048516156434002686,0.2392536815012394,0.0,0.7435328652366339,0.7035324183109077,11.242485475302097,11.196457909705138,0.0
0.315,0.22560242585136597,-0.049241021823325,0.1343317979615925,0.0,0.7444641713802871,0.6973233148725757,11.031378497428511,11.196457909705138,0.0
0.316,0.2233371728810883,-0.04820681503108461,0.24153608102115165,0.0,0.7445604251647018,0.7049519866976512,11.24504119383545,11.196457909705138,0.0
0.317,0.22666841359957718,-0.048967861230309856,0.13421889997637923,0.0,0.74550397790302,0.6985613949644041,11.026877956860618,11.196457909705138,0.0
0.318,0.2243494260283832,-0.04786625012552412,0.24499631799224017,0.0,0.7455853285106631,0.706451306510522,11.24975706509514,11.196457909705138,0.0
0.319,0.2277613827910821,-0.04872345038026024,0.13302377232107887,0.0,0.7465528433512222,0.699737102639197,11.02020884261418,11.196457909705138,0.0
0.32,0.2253520338020007,-0.04750193487616293,0.249560374232469,0.0,0.746609247612595,0.7080289702624512,11.256846323751237,11.196457909705138,0.0
0.321,0.22888584351017213,-0.04850023702579123,0.13063774952347937,0.0,0.7476112266016561,0.7008376242546246,11.01093830009819,11.196457909705138,0.0
0.322,0.22633474640018508,-0.04711706142708823,0.25544695744607265,0.0,0.747631740753675,0.7096998086442425,11.2674156113041,11.196457909705138,0.0
0.323,0.23005131099043613,-0.04829329189317039,0.12649872482712746,0.0,0.7486796390367094,0.7018110952667627,10.996428763370092,11.196457909705138,0.0
0.324,0.22726758683823825,-0.04671038057080007,0.2639924402574819,0.0,0.748647993603571,0.7115732093815074,11.28520904325857,11.196457909705138,0.0
0.325,0.23131324020067817,-0.04811024222132365,0.11871478897770876,0.0,0.7497655380200021,0.7025276096349946,10.979577176273652,11.196457909705138,0.0
0.326,0.22809758999038773,-0.046264736944254994,0.2736995298044824,0.0,0.7496497638231562,0.7133936003652753,11.288066979870086,11.196457909705138,0.0
0.327,0.23251320455789126,-0.04791112013412799,0.11853853730461617,0.0,0.7508317233226796,0.7040259839150622,10.979558790717329,11.196457909705138,0.0
0.328,0.2293066047476433,-0.04598837561536116,0.27496162307087285,0.0,0.7507307594982664,0.7148683565439119,11.288088867072622,11.196457909705138,0.0
0.329,0.23365874281754007,-0.04768629144570538,0.11978027531955154,0.0,0.7519301275057049,0.7054714152313365,10.980169059588665,11.196457909705138,0.0
0.33,0.23046866682406394,-0.04567575871451021,0.27590306756269484,0.0,0.7518317268224072,0.7162538552150026,11.287000448306884,11.196457909705138,0.0
0.331,0.23474289265432546,-0.0474193943386742,0.12158194781756776,0.0,0.7530333154517758,0.7069095944363133,10.981151755011643,11.196457909705138,0.0
0.332,0.23160540032805926,-0.045346384191249256,0.27665935601212316,0.0,0.75293485166788,0.717609511111474,11.28526392480992,11.196457909705138,0.0
0.333,0.23580708458242972,-0.047136081967044885,0.12371521096193697,0.0,0.754133822786702,0.7083613995120198,10.98253194171956,11.196457909705138,0.0
0.334,0.23274514445609634,-0.04501476844600229,0.27722046218697227,0.0,0.7540368441686236,0.7189518455260893,11.28289603021654,11.196457909705138,0.0
0.335,0.23686966981268076,-0.04684810357329537,0.12617403673336888,0.0,0.7552314880129725,0.7098390725743094,10.984429060048033,11.196457909705138,0.0
0.336,0.23390110231923006,-0.04468758179616966,0.27752781031419327,0.0,0.755139399430952,0.720284208328415,11.279854474666312,11.196457909705138,0.0
0.337,0.23793636331857074,-0.04655897786211537,0.128981137355442,0.0,0.7563284920675691,0.7113483855027749,10.98698285299513,11.196457909705138,0.0
0.338,0.2350778229522264,-0.04436679414206511,0.2775116987581331,0.0,0.756245238988096,0.7216036747575354,11.276034243209121,11.196457909705138,0.0
0.339,0.23900656477666352,-0.046268412580334456,0.1321902403160975,0.0,0.757426940007456,0.7128936967318702,10.990374855655217,11.196457909705138,0.0
0.34,0.23627682409734668,-0.04405270329457463,0.2770807646335489,0.0,0.7573567289164973,0.7229036177630167,11.27125247316283,11.196457909705138,0.0
0.341,0.24007687829105767,-0.045974604810378586,0.13589401024516531,0.0,0.7585280972973454,0.7144807739879548,10.994867341752146,11.196457909705138,0.0
0.342,0.2374995290647873,-0.04374552194451062,0.2761024816300375,0.0,0.7584756263321986,0.72417365978153,11.265218628167801,11.196457909705138,0.0
0.343,0.24114218203852927,-0.04567495290170101,0.14023923123758314,0.0,0.7596322192768736,0.7161185023228404,11.000828048860471,11.196457909705138,0.0
0.34400000000000003,0.2387485704001473,-0.04344604091255533,0.2743908194996947,0.0,0.7596031625528343,0.7253995509272031,11.257533478456123,11.196457909705138,0.0
0.34500000000000003,0.24219596939280713,-0.04536634809226664,0.145427349014359,0.0,0.7607386392712949,0.7178189413571416,11.00871550166941,11.196457909705138,0.0
0.34600000000000003,0.24002789068863578,-0.04315578356147626,0.2717137614880726,0.0,0.7607401421907194,0.7265640431402793,11.247719057073358,11.196457909705138,0.0
0.34700000000000003,0.24323089069098333,-0.04504525058314801,0.15169937231241687,0.0,0.7618459520142067,0.7195963273156869,11.018757266331914,11.196457909705138,0.0
0.34800000000000003,0.24134260664721485,-0.0428764182843511,0.26795727411687104,0.0,0.761886943049802,0.7276642183909867,11.23566003000081,11.196457909705138,0.0
0.34900000000000003,0.24424657103607134,-0.044712720174878026,0.1591138710794662,0.0,0.7629543056203134,0.7214557471869452,11.030229727827392,11.196457909705138,0.0
0.35000000000000003,0.24269714061386752,-0.04260605801494183,0.2634913039849529,0.0,0.7630439889568714,0.7287442880006673,11.22225428177813,11.196457909705138,0.0
0.35100000000000003,0.24526324838729377,-0.044383647570346185,0.16722106328885414,0.0,0.7640701595138396,0.7233816761017485,11.042481683336023,11.196457909705138,0.0
0.352,0.24409469777911422,-0.04233671702573895,0.25864712477359847,0.0,0.7642145135697584,0.7298317132633355,11.207385460744145,11.196457909705138,0.0
0.353,0.24628959859892058,-0.04406970776516825,0.1760859605591471,0.0,0.7652005342230273,0.7254020688396576,11.06154277554264,11.196457909705138,0.0
0.354,0.24553933367285022,-0.04209656787588867,0.2503564545015252,0.0,0.7654106130733863,0.7306138350495466,11.186275880310076,11.196457909705138,0.0
0.355,0.24717985035460163,-0.04368769707294967,0.18809172241175762,0.0,0.7663156162702678,0.7275456475699309,11.086852884130336,11.196457909705138,0.0
0.356,0.2470072399066871,-0.041854511771235156,0.23889927075737571,0.0,0.7666057387243406,0.731121649112969,11.152780024044231,11.196457909705138,0.0
0.357,0.24795748037911164,-0.04322189381377778,0.20637247965703687,0.0,0.7673931929650066,0.7301767876861707,11.130538136586114,11.196457909705138,0.0
0.358,0.24866440404024626,-0.04174310736665034,0.2181526211172856,0.0,0.7678310753093168,0.7309579820997494,11.09212139111427,11.196457909705138,0.0
0.359,0.24851314128614718,-0.04256404557930343,0.23840435903911628,0.0,0.768408379928417,0.7338384432027624,11.210186056980397,11.196457909705138,0.0
0.36,0.25066711155386934,-0.041987290579654765,0.17923474463330016,0.0,0.7691443477638205,0.7295389643365355,10.993201340163653,11.196457909705138,0.0
0.361,0.24872851017080663,-0.04143294380803786,0.28975966873708736,0.0,0.7693215603341796,0.7387272537907608,11.275952700530429,11.196457909705138,0.0
0.362,0.25293982664155423,-0.04277233860561373,0.1475890406454466,0.0,0.7705527574883747,0.7297877863998677,10.988437514990206,11.196457909705138,0.0
0.363,0.25002726703315475,-0.040571688909653625,0.293426837362707,0.0,0.77051142277353,0.7396917441049304,11.246819321424198,11.196457909705138,0.0
0.364,0.2536540477771482,-0.042588531451556,0.16373232002852064,0.0,0.7717084764772444,0.7324483262161455,11.032060753911162,11.196457909705138,0.0
0.365,0.25181819599605465,-0.040301123935437055,0.2727555753429781,0.0,0.7717896997695173,0.7395766702479034,11.19792626799464,11.196457909705138,0.0
0.366,0.25416440518969724,-0.042067142310644415,0.189808134718344,0.0,0.7727927712321723,0.7355094096547468,11.07854501929443,11.196457909705138,0.0
0.367,0.25368267010883716,-0.04013456846367315,0.25067788797255675,0.0,0.7730585661823273,0.7395507824822118,11.142395835522219,11.196457909705138,0.0
0.368,0.25475751051351425,-0.04159701760090681,0.21929310060049106,0.0,0.7738821140637786,0.7390305235831535,11.15986586776581,11.196457909705138,0.0
0.369,0.2557427092735034,-0.040202923418200226,0.21092400489808918,0.0,0.7744033064157094,0.7379402692490509,11.031579164275723,11.196457909705138,0.0
0.37,0.25479989175970597,-0.040525171478470276,0.27671614409742673,0.0,0.7748127423274932,0.7444455477666203,11.263582986588407,11.196457909705138,0.0
0.371,0.25827564676056813,-0.04104308967624065,0.16004298217225188,0.0,0.7758855110210077,0.7364575115946155,10.981278279877174,11.196457909705138,0.0
0.372,0.25540740596762906,-0.03913371208289268,0.3033471318261482,0.0,0.7758369885107242,0.746656008027575,11.243891031784859,11.196457909705138,0.0
0.373,0.25927993905747665,-0.04120958718986041,0.17156642465150834,0.0,0.7770606079324649,0.7394462222326481,11.040589317524722,11.196457909705138,0.0
0.374,0.2575634799061123,-0.03892037265014328,0.274775967703381,0.0,0.7771683144821003,0.7459781696043891,11.174391404136758,11.196457909705138,0.0
0.375,0.2596095844888739,-0.040628348420725144,0.20809558945304682,0.0,0.7781292145941076,0.7432585197602464,11.115813982007648,11.196457909705138,0.0
0.376,0.25976361634736855,-0.03889285766618976,0.23819073979457672,0.0,0.7785140759697952,0.7448877127731838,11.073814586647895,11.196457909705138,0.0
0.377,0.2598388360048462,-0.03986671631944834,0.26041687070502545,0.0,0.7791478498686113,0.7485296616753926,11.241502237366818,11.196457909705138,0.0
0.378,0.2624105193489593,-0.03958285625800742,0.1761226020689471,0.0,0.7800414780744759,0.7420940292469114,10.976405421527668,11.196457909705138,0.0
0.379,0.2598071679981912,-0.03815254326081667,0.3108715348702972,0.0,0.7800476843878291,0.7523687336583995,11.247689207322084,11.196457909705138,0.0
0.38,0.2639420905061849,-0.040188568547530126,0.17471732899691939,0.0,0.7813190064225064,0.744811261296602,11.040516911308629,11.196457909705138,0.0
0.381,0.2621084922187062,-0.037846769019534876,0.2798628869876122,0.0,0.7814294908165893,0.7513072668488648,11.161840867409817,11.196457909705138,0.0
0.382,0.2640901241449164,-0.03954550823848384,0.21954707935997148,0.0,0.7823888066358547,0.7492422103716042,11.140143572113537,11.196457909705138,0.0
0.383,0.2645629583938993,-0.03793681127486384,0.23095887038402726,0.0,0.78285174116728,0.7493058507647927,11.031886875651534,11.196457909705138,0.0
0.384,0.2640200149372103,-0.03848368161691536,0.28673292895556507,0.0,0.7833509889921432,0.7554949012271592,11.263142537503258,11.196457909705138,0.0
0.385,0.2674456582093873,-0.03904229393762562,0.17043825175172161,0.0,0.7844751957326144,0.7473825661531308,10.991430585575223,11.196457909705138,0.0
0.386,0.2646241549617947,-0.03688427485325166,0.3083445009570382,0.0,0.7844327800691475,0.7568711412351325,11.206071649010617,11.196457909705138,0.0
0.387,0.2680013988302044,-0.03899806256482652,0.20092783184628632,0.0,0.7855975603193441,0.7518120092903506,11.091697635809458,11.196457909705138,0.0
0.388,0.2673577055628318,-0.03695688788260221,0.25916244118582266,0.0,0.7858942822578828,0.7549598209816184,11.084629276375503,11.196457909705138,0.0
0.389,0.2679379603958187,-0.03817706493978744,0.26381490723609646,0.0,0.7866307443948071,0.7576816839054451,11.235755000485034,11.196457909705138,0.0
0.39,0.2702482917553364,-0.037701748119077116,0.1878590742735325,0.0,0.7875012599895714,0.7515550065629801,10.976603287925975,11.196457909705138,0.0
0.391,0.26775189847906095,-0.03621679724778826,0.31963347677085313,0.0,0.7875134648629782,0.7616804976925544,11.226678243167672,11.196457909705138,0.0
0.392,0.2717596513331202,-0.03837557584393139,0.1942937958153793,0.0,0.78878931351629,0.7552237345197271,11.07674086852135,11.196457909705138,0.0
0.393,0.2705438027479327,-0.03614222544649798,0.2704596535503784,0.0,0.7890246446573097,0.7593456945628302,11.098857563407252,11.196457909705138,0.0
0.394,0.27145751565778276,-0.03746720833206023,0.26037730957040617,0.0,0.7898167203099233,0.7610956083946422,11.227134427809919,11.196457909705138,0.0
0.395,0.27341348465158577,-0.03676350314884458,0.19593211218802514,0.0,0.7906139223814472,0.7555555706760524,10.974697662469888,11.196457909705138,0.0
0.396,0.27105550095715003,-0.03542220809681229,0.32436809733039307,0.0,0.7906368950700688,0.7657006051722842,11.221944095077474,11.196457909705138,0.0
0.397,0.27514138491344764,-0.037613222711713745,0.20049001917287682,0.0,0.7919264984976109,0.7594494579668676,11.086011464707173,11.196457909705138,0.0
0.398,0.2740678742383864,-0.03541490029310666,0.26956079880800665,0.0,0.7921983012496611,0.7629478973800059,11.074917453028117,11.196457909705138,0.0
0.399,0.27471482097745037,-0.036609676212514375,0.2763232092143048,0.0,0.7929461762431409,0.7660949312273289,11.24439374325008,11.196457909705138,0.0
0.4,0.27719686255153003,-0.03633817642141647,0.19110570576787372,0.0,0.7938921543857904,0.7592939446003394,10.984288824488207,11.196457909705138,0.0
0.401,0.27457543493165715,-0.03448382308208865,0.32327985600097997,0.0,0.7938621721820609,0.7689721634643465,11.18945968709332,11.196457909705138,0.0
0.402,0.2781634311513368,-0.03670774367247666,0.2207644069245414,0.0,0.7950661848834413,0.7646602274604775,11.126463155293564,11.196457909705138,0.0
0.403,0.2780009756135407,-0.03481253730563866,0.25296262036853534,0.0,0.7954878908080402,0.7655205943680911,11.016607367745426,11.196457909705138,0.0
0.404,0.27769661333854306,-0.035373193161431477,0.3096890195622016,0.0,0.7960340870387463,0.7722868722491382,11.259893818815446,11.196457909705138,0.0
0.405,0.2813503929686404,-0.03632306345609132,0.18741143493608856,0.0,0.7973011706083413,0.7640083842822819,11.028463474327724,11.196457909705138,0.0
0.406,0.2787647131081696,-0.033796888966968364,0.30480655153372344,0.0,0.7973263191275409,0.7711416547220242,11.126599381316923,11.196457909705138,0.0
0.40700000000000003,0.2808633066404439,-0.035555826365506665,0.2564371833230059,0.0,0.7982810246975254,0.7708128292134021,11.21209305106074,11.196457909705138,0.0
0.40800000000000003,0.282188806552753,-0.034491440762840594,0.21353399703754122,0.0,0.7989727053693705,0.7662518809483158,10.972924468619633,11.196457909705138,0.0
0.40900000000000003,0.28004751722452176,-0.033393948518156386,0.3353536226689503,0.0,0.7990290428566338,0.7762941830844603,11.206539029263793,11.196457909705138,0.0
0.41000000000000003,0.2841807455529664,-0.035627760906984926,0.2184455311512839,0.0,0.8003406710940033,0.7707837344230485,11.11653125946342,11.196457909705138,0.0
0.41100000000000003,0.28353104596808604,-0.03354807278553949,0.26424868255388745,0.0,0.8007189878242472,0.7722757202585988,11.013724603392012,11.196457909705138,0.0
0.41200000000000003,0.2834023205577247,-0.034162370087507374,0.31747934365272273,0.0,0.8012970410494528,0.7790613431897555,11.25605821484823,11.196457909705138,0.0
0.41300000000000003,0.28710731049466176,-0.03516975129164264,0.19571653487318302,0.0,0.8026005202046886,0.7708911574264126,11.044326188475978,11.196457909705138,0.0
0.41400000000000003,0.2846426871961983,-0.032589579534287025,0.3031038652716004,0.0,0.8026627401627163,0.7770067310487491,11.09509946091511,11.196457909705138,0.0
0.41500000000000004,0.2862445130621844,-0.034144662751973545,0.2787308135399346,0.0,0.8035271563586937,0.7785612132319444,11.243087806512174,11.196457909705138,0.0
0.41600000000000004,0.28823636213636106,-0.03366259506295753,0.20427034177333248,0.0,0.8043920008754242,0.7718966822999084,10.988402357114326,11.196457909705138,0.0
0.417,0.28557209461846417,-0.031710473553012666,0.3336936219981642,0.0,0.8042939951580745,0.7812792423728574,11.1459421246932,11.196457909705138,0.0
0.418,0.28896126734824473,-0.033972283586533925,0.255428896058847,0.0,0.8054123663385413,0.7794109415357482,11.195841768736447,11.196457909705138,0.0
0.419,0.2899692926293373,-0.032683075680918855,0.23048523544691035,0.0,0.8060676393472979,0.7758031614388545,10.970731836848426,11.196457909705138,0.0
0.42,0.28816424302870747,-0.031800072116448516,0.34529746211948786,0.0,0.8062123687324536,0.7857091039015087,11.191393027195957,11.196457909705138,0.0
0.421,0.29233649467804124,-0.03407991211762866,0.23501751577081403,0.0,0.8075928318611338,0.7808830105139005,11.14769368102171,11.196457909705138,0.0
0.422,0.2920538244312427,-0.03212025889367873,0.2573548311447717,0.0,0.8081142790835389,0.7803102931761843,10.978468950282986,11.196457909705138,0.0
0.423,0.29115301756280865,-0.03201793624169243,0.3441470861083554,0.0,0.808534650890453,0.7892670292397947,11.225178454799332,11.196457909705138,0.0
0.424,0.2953615914440686,-0.03389355475485757,0.22050512839924047,0.0,0.8100160003860046,0.7824296397844741,11.119125412398615,11.196457909705138,0.0
0.425,0.293961045166464,-0.03147200527642449,0.2743049745726641,0.0,0.8103803493587094,0.7837746727097572,10.996066793829032,11.196457909705138,0.0
0.426,0.2935729995639493,-0.0318083497525688,0.3378381950162169,0.0,0.8109039801138326,0.7915009725803398,11.24138638972633,11.196457909705138,0.0
0.427,0.2975152758243583,-0.033227537151550926,0.21472911226735597,0.0,0.8123006249496283,0.783892143387896,11.098240636245592,11.196457909705138,0.0
0.428,0.2955593181974362,-0.030637084726605618,0.2872841617423204,0.0,0.8124975807418664,0.7866505859695769,11.009360435876966,11.196457909705138,0.0
0.429,0.2956770248313252,-0.031345493238268504,0.3335952366649152,0.0,0.8130545146735808,0.7934890403130516,11.24506671033456,11.196457909705138,0.0
0.43,0.2994589650078267,-0.032513899254302106,0.21525601142982356,0.0,0.8143610412231186,0.7858040807371883,11.087059014644629,11.196457909705138,0.0
0.431,0.29737147118088336,-0.029931086493500333,0.29535384822539457,0.0,0.8144726256962673,0.7892798677964578,11.01378534979097,11.196457909705138,0.0
0.432,0.29781940714995037,-0.03083529463547796,0.33381740625136563,0.0,0.815045921451254,0.7957790997171492,11.243015400146383,11.196457909705138,0.0
0.433,0.30156935343735025,-0.0319649175314307,0.21873680616924646,0.0,0.816327027259946,0.788234221700054,11.08800244248581,11.196457909705138,0.0
0.434,0.2995402405771832,-0.029417718268366227,0.2973278396717268,0.0,0.8164340465381628,0.7916284636291241,11.004986573504967,11.196457909705138,0.0
0.435,0.2999898945999818,-0.03028949670796001,0.3407504875241497,0.0,0.8169911557024508,0.7986148111507413,11.236442947050897,11.196457909705138,0.0
0.436,0.303940047303246,-0.03161208119290196,0.22462245037772724,0.0,0.8183279552114193,0.7913199040148632,11.10312936579804,11.196457909705138,0.0
0.437,0.30213358020200026,-0.029119043978354964,0.2922125264432266,0.0,0.818514124117454,0.7937225691903089,10.987899445602942,11.196457909705138,0.0
0.438,0.3022064145428698,-0.0296725132354681,0.3519130711817976,0.0,0.8190077546408574,0.8017686674508933,11.222836577998027,11.196457909705138,0.0
0.439,0.3064389936626798,-0.03135815319706452,0.23418071830132597,0.0,0.8204365176411837,0.7950470993137517,11.132105423964884,11.196457909705138,0.0
0.44,0.3050735157101967,-0.028988967105045005,0.28018982017530025,0.0,0.8207727806580245,0.7955714173912698,10.969223595746247,11.196457909705138,0.0
0.441,0.304448710423975,-0.028924580903170224,0.3639030774242078,0.0,0.8211444585596476,0.8048803710433199,11.195944844870649,11.196457909705138,0.0
0.442,0.3088817271851074,-0.031061444018583725,0.2505475835103515,0.0,0.8226455628410272,0.7994954803207268,11.177796556970655,11.196457909705138,0.0
0.443,0.3083347306719498,-0.028994558391337882,0.2598083409876932,0.0,0.8232093415718585,0.7970559271442363,10.972530912079433,11.196457909705138,0.0
0.444,0.3066545035275253,-0.027994645874446722,0.36468043340956124,0.0,0.8233834655913719,0.8065393847708646,11.147062653265069,11.196457909705138,0.0
0.445,0.31058599959463223,-0.03030623396158566,0.2779085153811442,0.0,0.824752796786351,0.8040490102906115,11.235824825209072,11.196457909705138,0.0
0.446,0.3113349730952734,-0.029008291787942536,0.23313376025410332,0.0,0.8255702678938349,0.7978440303697915,11.005281848555498,11.196457909705138,0.0
0.447,0.30845720790168873,-0.026895352715127552,0.3503170091923867,0.0,0.8254660500222153,0.8060032443925844,11.076751880682401,11.196457909705138,0.0
0.448,0.3111795265522845,-0.028855384329932565,0.3157790534191623,0.0,0.8264249082083933,0.8080368748979969,11.265889165676388,11.196457909705138,0.0
0.449,0.3135435629042016,-0.029099066995745326,0.22051609836245661,0.0,0.8274984484035863,0.7995966618607758,11.090051546800535,11.196457909705138,0.0
0.45,0.31023440542623243,-0.02671125865601412,0.30949897142942934,0.0,0.8273555175315095,0.8032362174208261,11.032561193629753,11.196457909705138,0.0
0.451,0.3102354264882934,-0.028063987928375833,0.33988311517557374,0.0,0.8277635136060022,0.8089167475274632,11.267844417237205,11.196457909705138,0.0
0.452,0.31311708849505787,-0.029813372637091412,0.22152763829652727,0.0,0.8288776681089447,0.8004301077266058,11.183065357251795,11.196457909705138,0.0
0.453,0.3102135881302163,-0.02752612308053279,0.26405109381376557,0.0,0.8287626518831986,0.7991128838920155,11.029626479408618,11.196457909705138,0.0
0.454,0.30805579970580943,-0.027440732419834912,0.3424388470383194,0.0,0.8285408944194568,0.8063216208408741,11.24251116195714,11.196457909705138,0.0
0.455,0.310734086766246,-0.029717465629341633,0.23553597324153858,0.0,0.8293134809566277,0.7999279252376894,11.25270198443904,11.196457909705138,0.0
0.456,0.3090088688151033,-0.027968466815520066,0.22987812125324908,0.0,0.8291542820781477,0.7949140797130263,11.057635476833516,11.196457909705138,0.0
0.457,0.3056049120832414,-0.026946748642431018,0.3287995993847275,0.0,0.8284147195241478,0.8016808230283204,11.209598079147332,11.196457909705138,0.0
0.458,0.3075361359935776,-0.02921987134036716,0.2526868965333976,0.0,0.8286860482355811,0.7980888494642686,11.30150977968159,11.196457909705138,0.0
0.459,0.3070551834903752,-0.0282344262007774,0.20568052756650423,0.0,0.8284399165271317,0.7905458495843759,11.077533602668403,11.196457909705138,0.0
0.46,0.30299094936770826,-0.026696041710276452,0.31885785914346493,0.0,0.8273047301589787,0.7970943629132232,11.18469303570403,11.196457909705138,0.0
0.461,0.3045761536060652,-0.028966824757024695,0.26539579136566294,0.0,0.827203083740573,0.795646890693597,11.319380968518537,11.196457909705138,0.0
0.462,0.3050659573137247,-0.028670830751276855,0.196822594370275,0.0,0.8269115875709456,0.787287543696919,11.08801609262298,11.196457909705138,0.0
0.463,0.30108281969708506,-0.026987543130912978,0.3135894504888756,0.0,0.8256311046204305,0.7937081111008532,11.171899234955832,11.196457909705138,0.0
0.464,0.3026052065788025,-0.029315313342057198,0.271893466069942,0.0,0.82539361430479,0.7933970526889182,11.326693919719704,11.196457909705138,0.0
0.465,0.30363950701708187,-0.02938945547014274,0.19319376358786078,0.0,0.8251336451114981,0.78475479447838,11.092796629156267,11.196457909705138,0.0
0.466,0.2997630589001904,-0.027665965733703307,0.311179021675068,0.0,0.8238451217241923,0.7911528928812205,11.171659828750679,11.196457909705138,0.0
0.467,0.30128751760612793,-0.030022198398511418,0.2719954026874065,0.0,0.8236016810063943,0.7910858234967094,11.328070288375667,11.196457909705138,0.0
0.468,0.3024531888982427,-0.030147437831312934,0.1924740490882072,0.0,0.8233660914328849,0.7825326250177612,11.09081977332765,11.196457909705138,0.0
0.46900000000000003,0.2986435800190194,-0.028486837031530626,0.3121556879759902,0.0,0.8221148224865276,0.7892020949326406,11.184570976043045,11.196457909705138,0.0
0.47000000000000003,0.3003283084734872,-0.03090499601033045,0.26539895595491414,0.0,0.82193823092196,0.7885160178314163,11.322531793923103,11.196457909705138,0.0
0.47100000000000003,0.3012737956290509,-0.03080573526524874,0.19515780817270534,0.0,0.8216755905319797,0.7805347740454587,11.082966418696826,11.196457909705138,0.0
0.47200000000000003,0.29757362888084105,-0.029374812466169825,0.31607541069592715,0.0,0.8204846809019536,0.7877452115683335,11.210828230580956,11.196457909705138,0.0
0.47300000000000003,0.29961149364028816,-0.03189159421942797,0.25200080154510357,0.0,0.820425061208067,0.7855969645530747,11.304743810052857,11.196457909705138,0.0
0.47400000000000003,0.299995635098477,-0.031333131124338554,0.20396015280567603,0.0,0.8200699800240505,0.7789919780873173,11.074914776774385,11.196457909705138,0.0
0.47500000000000003,0.29661836572981315,-0.030388513428374467,0.3200901007742196,0.0,0.8189915849962552,0.7866420239588036,11.250734117486546,11.196457909705138,0.0
0.47600000000000003,0.2990934208434618,-0.0329433137940371,0.23163766834032484,0.0,0.8190765082755704,0.7822221299367595,11.26461182748337,11.196457909705138,0.0
0.47700000000000004,0.29849013819360665,-0.03178472595195486,0.22401727416413103,0.0,0.818557957158464,0.7783901102524295,11.076019365772122,11.196457909705138,0.0
0.47800000000000004,0.29598193669607964,-0.03164392777936599,0.3195178904590847,0.0,0.8177041572640711,0.7857405784972583,11.30166289108627,11.196457909705138,0.0
0.47900000000000004,0.298782303213656,-0.034007909672917475,0.20564407798819961,0.0,0.8179322301736172,0.7784563720615094,11.219944507646854,11.196457909705138,0.0
0.48,0.2967450103089549,-0.032215301715744285,0.2462684037284903,0.0,0.8171882484544091,0.7777829134011235,11.098172950414018,11.196457909705138,0.0
0.481,0.2951960657581543,-0.03289078477205999,0.30813703193781977,0.0,0.8165435482568495,0.78365171925202,11.350861839449735,11.196457909705138,0.0
0.482,0.2978726423690847,-0.034606162759456466,0.18024854812251528,0.0,0.8167321354121864,0.7738728421235839,11.16667806361391,11.196457909705138,0.0
0.483,0.2943578131854554,-0.03232401829421165,0.27263823450134006,0.0,0.8156557864680948,0.7769458587396569,11.161364709333322,11.196457909705138,0.0
0.484,0.29412296825028383,-0.03394373511842112,0.2756458436453523,0.0,0.8151953643753352,0.7790015635927994,11.358773942455429,11.196457909705138,0.0
0.485,0.29573375267821245,-0.03435394866437819,0.1753180667567959,0.0,0.8150154812989789,0.7695599894657463,11.107966308084734,11.196457909705138,0.0
0.486,0.2916573473732953,-0.032490901912085215,0.30160679995834727,0.0,0.8137003918393414,0.7764041352926397,11.238428318882573,11.196457909705138,0.0
0.487,0.2933459810968777,-0.03488123073338455,0.2359560904676536,0.0,0.8134827925462228,0.7737213784522446,11.290207651524407,11.196457909705138,0.0
0.488,0.2934253851641607,-0.034060665649292346,0.20912892672854394,0.0,0.8129045120509132,0.7689988083400167,11.086253171319106,11.196457909705138,0.0
0.489,0.29070921355114854,-0.033879194661272025,0.3122082142150547,0.0,0.8119000464360705,0.7765972333684922,11.323420462540419,11.196457909705138,0.0
0.49,0.29363734533561203,-0.036233552889073734,0.19235494307604528,0.0,0.8120166640004979,0.7687714604200587,11.196308212835026,11.196457909705138,0.0
0.491,0.29134456632166394,-0.03440848753282587,0.25591256489744274,0.0,0.811114741742174,0.7702112846440338,11.14671155161313,11.196457909705138,0.0
0.492,0.29068493532473577,-0.03579256622101548,0.2812083590893109,0.0,0.8106174934413435,0.7736135269821932,11.36862975673373,11.196457909705138,0.0
0.493,0.29277262943251964,-0.0365173865088429,0.1685275380587249,0.0,0.8105760836491911,0.7637417293393449,11.113065510943292,11.196457909705138,0.0
0.494,0.2886521016347193,-0.03456980641569116,0.29714358494156257,0.0,0.8093301530588444,0.7706016788478205,11.259169199199333,11.196457909705138,0.0
0.495,0.2903154112061377,-0.03691366114529482,0.22346462791860028,0.0,0.8091721102995673,0.767036025274225,11.267166438024747,11.196457909705138,0.0
0.496,0.2899381598213712,-0.03582084344496353,0.21875892322269713,0.0,0.8085296579645261,0.7640884255837807,11.104489269115266,11.196457909705138,0.0
0.497,0.2878170488073238,-0.03621044712924282,0.3010171940833361,0.0,0.8077104754762188,0.7706963571682033,11.362278845801693,11.196457909705138,0.0
0.498,0.2906612306762946,-0.03807542731595073,0.17046419637915688,0.0,0.8078352561788793,0.7610440937735594,11.152368870426793,11.196457909705138,0.0
0.499,0.28723143631944714,-0.03594993331342379,0.27586007445939065,0.0,0.8067298783296643,0.7656743305524565,11.23009498010407,11.196457909705138,0.0
0.5,0.2878379127342751,-0.0379494773314234,0.2366606489167627,0.0,0.8064392667252661,0.7642640999288515,11.310379104096075,11.196457909705138,0.0
0.501,0.288194194328975,-0.037239032042964956,0.19537937497685087,0.0,0.8059385487970365,0.7587837591179345,11.095497325818743,11.196457909705138,0.0
0.502,0.28516848470629685,-0.03690537660891843,0.30382986995438105,0.0,0.8049102709356777,0.7664801386566553,11.349470807874464,11.196457909705138,0.0
0.503,0.28809897146118835,-0.03911255979178156,0.1753129999448269,0.0,0.8050005855187817,0.7577300811652765,11.16802162858502,11.196457909705138,0.0
0.504,0.28525154191894975,-0.03716314829412873,0.2663219524007503,0.0,0.8039703557978679,0.761502736468789,11.226021287761586,11.196457909705138,0.0
0.505,0.2855859225437741,-0.039073004786519344,0.23702648903190265,0.0,0.8036499929085359,0.7605972566105729,11.315090531571709,11.196457909705138,0.0
0.506,0.2861110782755295,-0.03842975601309029,0.19130554090817564,0.0,0.8031812623923144,0.7549595154650791,11.098389743641201,11.196457909705138,0.0
0.507,0.2830534893795229,-0.03808215635204379,0.3006366165340689,0.0,0.8021638273381845,0.762663889518476,11.358488748049528,11.196457909705138,0.0
0.508,0.28600352542568064,-0.04022647031762282,0.16896680594646185,0.0,0.8022579237276317,0.7535640128861875,11.157007712266562,11.196457909705138,0.0
0.509,0.2829367488559868,-0.038247465311660955,0.2701018258123302,0.0,0.8011934891245935,0.7581919296303217,11.253480319815788,11.196457909705138,0.0
0.51,0.283667177298796,-0.04028207914537284,0.22129529793661099,0.0,0.8009418872280409,0.7557595280803453,11.280554018862892,11.196457909705138,0.0
0.511,0.2835780189452918,-0.03925933642810853,0.20691748732148127,0.0,0.8003393575289095,0.7524688243101176,11.120351271399993,11.196457909705138,0.0
0.512,0.2813205882134567,-0.03967309028795363,0.287779927435982,0.0,0.7995237507744241,0.7587330102627124,11.38191575391595,11.196457909705138,0.0
0.513,0.2840815284743601,-0.04120036503254987,0.15514310773589593,0.0,0.7995799859739539,0.7485642646404274,11.12359020350608,11.196457909705138,0.0
0.514,0.28015961051481786,-0.0391954227344192,0.2850345600028214,0.0,0.7983779066910617,0.7554914654248447,11.30127635556294,11.196457909705138,0.0
0.515,0.2819305927652239,-0.04149104877527701,0.19514329951581294,0.0,0.7982613237023765,0.7501847577991514,11.213146266303859,11.196457909705138,0.0
0.516,0.28063670252235584,-0.04004580547004734,0.2390414605793665,0.0,0.7974437952260061,0.7512848107082388,11.195768698244681,11.196457909705138,0.0
0.517,0.2800850128476249,-0.04157075678101976,0.24773713672356015,0.0,0.7970002219654413,0.7527583952057986,11.350569014814866,11.196457909705138,0.0
0.518,0.28143880889551903,-0.04147417461340247,0.16879586738737035,0.0,0.796722490929141,0.7451153330771072,11.101571660447167,11.196457909705138,0.0
0.519,0.2777307467449657,-0.04062237393392519,0.2942434070637995,0.0,0.7956154945305356,0.7532188709124639,11.366613494883271,11.196457909705138,0.0
0.52,0.2806201282773364,-0.04275957686630075,0.16002093399396602,0.0,0.7956731618846821,0.744027495299912,11.145473787541047,11.196457909705138,0.0
0.521,0.27743846547141576,-0.04083521090067124,0.2711006288867193,0.0,0.7945728726566157,0.749700891876906,11.295272422782826,11.196457909705138,0.0
0.522,0.2787394005401313,-0.04299469875875564,0.1952131661350526,0.0,0.7944067393331011,0.7450635825361653,11.218795044004823,11.196457909705138,0.0
0.523,0.2776550695523559,-0.04159175837771503,0.2332284841810574,0.0,0.7936175700873684,0.7459462361690666,11.204620542481356,11.196457909705138,0.0
0.524,0.27704097735583844,-0.04311013384211229,0.24023410861502867,0.0,0.7931766338343935,0.7471088798531207,11.339155755730657,11.196457909705138,0.0
0.525,0.2782419052133358,-0.042877221781580904,0.17153952353012325,0.0,0.792855251493819,0.7403464619535027,11.109466118954716,11.196457909705138,0.0
0.526,0.2748303292667709,-0.0423590582436363,0.28725425982559794,0.0,0.7918350967287715,0.7480309970858375,11.382523252631856,11.196457909705138,0.0
0.527,0.27774837138424846,-0.044226982645685295,0.14886503955776065,0.0,0.791896064273067,0.7381100012436289,11.12675861324014,11.196457909705138,0.0
0.528,0.2740485271037836,-0.042302234636438826,0.27744435221826846,0.0,0.7907284339536748,0.745150981627431,11.329710156869575,11.196457909705138,0.0
0.529,0.2759964559895759,-0.04455417272947498,0.17463605793190642,0.0,0.7906486253749281,0.7385251248225667,11.179761251714375,11.196457909705138,0.0
0.53,0.2739851995040473,-0.042941194628515075,0.24977747708941442,0.0,0.7897142650015339,0.7420882293927701,11.2771543966563,11.196457909705138,0.0
0.531,0.27451992153212257,-0.044846959532168565,0.2002739397489401,0.0,0.7894554150429107,0.7389258521816425,11.238528252559133,11.196457909705138,0.0
0.532,0.27394220133494296,-0.04365547945510091,0.21916630836898363,0.0,0.7887560919015234,0.7386959200593458,11.203194517449312,11.196457909705138,0.0
0.533,0.272953240325043,-0.04492649974836703,0.23676580984645262,0.0,0.788255434895075,0.740269078820578,11.33222542888095,11.196457909705138,0.0
0.534,0.27418602090208677,-0.04478738426349578,0.17089267893887555,0.0,0.7879341465591262,0.7340673211168606,11.117642778966857,11.196457909705138,0.0
0.535,0.2710496727564038,-0.04445508825908326,0.27897215520330454,0.0,0.786989649880764,0.7413584101498784,11.392363338064843,11.196457909705138,0.0
0.536,0.2739595469349568,-0.04608345012629132,0.1396528213707145,0.0,0.7870511545389763,0.7310685694864313,11.116188547801084,11.196457909705138,0.0
0.537,0.2699079034935931,-0.04425578792835175,0.2785429101216348,0.0,0.7858601982045779,0.7389597459764129,11.360382403203884,11.196457909705138,0.0
0.538,0.2723163421343427,-0.046461996117631923,0.15480673748524723,0.0,0.7858384146754172,0.7306373846215484,11.147368419244714,11.196457909705138,0.0
0.539,0.2694424774362855,-0.04469547359421061,0.26180462436943663,0.0,0.7847701938042171,0.7364924198360727,11.330522096503651,11.196457909705138,0.0
0.54,0.27100552363585717,-0.046818449117904115,0.16888714387198261,0.0,0.78464549107443,0.7301635539895293,11.173994834786438,11.196457909705138,0.0
0.541,0.2690064787229244,-0.04522626099527015,0.2473754054797765,0.0,0.7837040015842407,0.7342535134389121,11.303026534081148,11.196457909705138,0.0
0.542,0.26985394587975353,-0.04718161264871336,0.18179386958866114,0.0,0.7834966675511136,0.729728264593856,11.200649542774725,11.196457909705138,0.0
0.543,0.26860516760620157,-0.04581239696220969,0.23294044891117688,0.0,0.7826873747947437,0.7320625865960401,11.278168119796307,11.196457909705138,0.0
0.544,0.2687404535231599,-0.04753708999468692,0.19336405829947417,0.0,0.7823958519046668,0.7291903091282551,11.228157078539855,11.196457909705138,0.0
0.545,0.26813685737412946,-0.04638789828821713,0.21805258723935303,0.0,0.7817025955387826,0.7297553576433078,11.247605428750706,11.196457909705138,0.0
0.546,0.2675576217204834,-0.04781035847197232,0.20781693694347178,0.0,0.7813031321982699,0.7288794488087318,11.26623503290556,11.196457909705138,0.0
0.547,0.2677266989208837,-0.04703092059905675,0.19780436363404102,0.0,0.7807560615404925,0.727027767113903,11.20429337915968,11.196457909705138,0.0
0.548,0.26621344308629746,-0.047927493467237806,0.22869683581243544,0.0,0.7801849471732394,0.7289729931093056,11.321011778046413,11.196457909705138,0.0
0.549,0.26740342524953675,-0.04782536994174527,0.16909209768565575,0.0,0.7798452675257654,0.7236551085564107,11.145369829345274,11.196457909705138,0.0
0.55,0.2646451736233586,-0.04779647344803842,0.2574239528398242,0.0,0.7790056100086964,0.7294629034427959,11.381643591392237,11.196457909705138,0.0
0.551,0.26710772909909486,-0.048816059542635,0.13743521499947167,0.0,0.7789431411673162,0.7202254097562631,11.11339432737286,11.196457909705138,0.0
0.552,0.26314628969798703,-0.047555099456204925,0.27239048283248246,0.0,0.7778142683709671,0.7284107692831592,11.390946610727404,11.196457909705138,0.0
0.553,0.2660454873447245,-0.04943260867825715,0.13166945414498815,0.0,0.7778359544222324,0.718477313608624,11.1174607096889,11.196457909705138,0.0
0.554,0.2621889954950064,-0.04773844624153541,0.26920237666440217,0.0,0.7766569933406579,0.7265284099506156,11.38019700930314,11.196457909705138,0.0
0.555,0.2648583277423996,-0.04981451585594092,0.1359968358613024,0.0,0.7766463472833918,0.7172963703710052,11.123495659361351,11.196457909705138,0.0
0.556,0.2614055561406916,-0.048133768516774894,0.26507713333563476,0.0,0.7755079189704391,0.7249238564724986,11.374941123748902,11.196457909705138,0.0
0.557,0.2639252072615293,-0.050239452181162964,0.1375695690014216,0.0,0.7754945147754051,0.7160464267417312,11.126106097899537,11.196457909705138,0.0
0.558,0.2606346288018588,-0.04858199133291094,0.2626906000441601,0.0,0.7743913304968464,0.723480948764353,11.374303296970549,11.196457909705138,0.0
0.559,0.2630918196049446,-0.05067121532103769,0.1368135466360003,0.0,0.7743883060955821,0.7146608171985951,11.12591690360333,11.196457909705138,0.0
0.56,0.25980181147900594,-0.04902047184196433,0.26171215338062825,0.0,0.7733010969552889,0.7221064864271618,11.376363702345005,11.196457909705138,0.0
0.561,0.26227541716110236,-0.05108375071080948,0.13468969608339174,0.0,0.7733106437622457,0.7131724147424102,11.1240166459168,11.196457909705138,0.0
0.562,0.25890417512220437,-0.049438588254012164,0.26158763693537745,0.0,0.7722242280610953,0.7207572756546198,11.37965674684936,11.196457909705138,0.0
0.5630000000000001,0.2614515391857455,-0.051474157919604455,0.13193559809765537,0.0,0.772245304309064,0.7116303827574456,11.121428417212336,11.196457909705138,0.0
0.5640000000000001,0.2579654185500435,-0.04984298567332142,0.2618000578410955,0.0,0.7711517989987716,0.7194088446455045,11.383103686433373,11.196457909705138,0.0
0.5650000000000001,0.26061527937482726,-0.051847147483818704,0.12909596546329477,0.0,0.7711822599299315,0.7100776691576516,11.118906844696555,11.196457909705138,0.0
0.5660000000000001,0.2570108504598852,-0.05024211255211419,0.2619698969817892,0.0,0.7700799617585978,0.7180488164914044,11.386045690542046,11.196457909705138,0.0
0.5670000000000001,0.259767891457616,-0.052208659894367,0.12650459625067484,0.0,0.7701173786947377,0.7085433780801413,11.116860617076062,11.196457909705138,0.0
0.5680000000000001,0.2560588071493167,-0.050641919772802954,0.2618931059099575,0.0,0.7690085032093426,0.7166751839573408,11.388234937402405,11.196457909705138,0.0
0.5690000000000001,0.25891327386515517,-0.052563875687209605,0.12428817546981333,0.0,0.7690507784120076,0.7070414120714468,11.115423370420165,11.196457909705138,0.0
0.5700000000000001,0.25511900959922784,-0.05104525322952176,0.2615043043537829,0.0,0.767939180876327,0.7152909821124575,11.387947837623582,11.196457909705138,0.0
0.5710000000000001,0.2580540811553037,-0.052917877820975665,0.1233271714728904,0.0,0.7679848750279521,0.7056719889762334,11.11526043095088,11.196457909705138,0.0
0.5720000000000001,0.25424341857944105,-0.05147528983358107,0.260482849596784,0.0,0.7668866895262643,0.7139368840901371,11.386813609060594,11.196457909705138,0.0
0.5730000000000001,0.25722506469244777,-0.05328826166177594,0.12280270354837225,0.0,0.766938664867111,0.7043830105977281,11.116039300862104,11.196457909705138,0.0
0.5740000000000001,0.2534142040954899,-0.05192203519562792,0.2589940437360476,0.0,0.765861640695074,0.7125965819965685,11.38537997643801,11.196457909705138,0.0
0.5750000000000001,0.25640944675610816,-0.05366437672889486,0.12243448528076595,0.0,0.7659189959134456,0.7031300437077257,11.117516201461306,11.196457909705138,0.0
0.5760000000000001,0.25260056083900984,-0.05237078344083608,0.25715578985155596,0.0,0.7648642431040767,0.7112497637344313,11.383858878248338,11.196457909705138,0.0
0.577,0.25558695629799016,-0.054033565399133426,0.12211044177260816,0.0,0.7649227795266083,0.7018832427834782,11.119875291613473,11.196457909705138,0.0
0.578,0.2517789428628197,-0.052813702686646286,0.2548680612709572,0.0,0.7638879974938351,0.70986176462794,11.382047325081976,11.196457909705138,0.0
0.579,0.2547362091161599,-0.0543803572717145,0.12192615038293769,0.0,0.7639390764802678,0.7006243902697937,11.12276753066361,11.196457909705138,0.0
0.58,0.2509340708432431,-0.05324458422197115,0.25230295138253556,0.0,0.7629207085509201,0.7084345363374954,11.379391437594945,11.196457909705138,0.0
0.581,0.25385457797230215,-0.054707084913796944,0.1221616626379701,0.0,0.7629574248278754,0.6993832440666686,11.129923886396007,11.196457909705138,0.0
0.582,0.25008870415269974,-0.05366227332425248,0.24756077847053048,0.0,0.7619557859682844,0.7067795194710937,11.371745352316488,11.196457909705138,0.0
0.583,0.25285160082298463,-0.054979796462096775,0.12489717108417664,0.0,0.7619493141961534,0.6982474381063657,11.141005341312281,11.196457909705138,0.0
0.584,0.24926271336170208,-0.054076925767427814,0.2408217022702084,0.0,0.760977790456971,0.7049686587926681,11.361107644899091,11.196457909705138,0.0
0.585,0.2517771602899585,-0.05521768757166483,0.12912405312486402,0.0,0.7609100536657494,0.6971621402818531,11.152705893356156,11.196457909705138,0.0
0.586,0.24844013404660792,-0.05449772447680208,0.23376244905982127,0.0,0.7599778351440912,0.7031489173433472,11.350608310280835,11.196457909705138,0.0
0.587,0.2507096042383128,-0.055446255720851795,0.1332697365917249,0.0,0.7598490542485424,0.6960602005321646,11.162971526228722,11.196457909705138,0.0
0.588,0.24760656134235354,-0.054929160999310014,0.22742299245254574,0.0,0.7589579140296203,0.7013932920023893,11.339800330315754,11.196457909705138,0.0
0.589,0.24968160305688927,-0.055681046545207655,0.13757516620292354,0.0,0.758777075336877,0.6950198818400743,11.174129409637818,11.196457909705138,0.0
0.59,0.2468118366373016,-0.05539160432232941,0.2206339115425648,0.0,0.7579376219972009,0.6996370937978732,11.32651857676334,11.196457909705138,0.0
0.591,0.24867317712453435,-0.05591212953436109,0.1431387213092219,0.0,0.7577039873828245,0.694120135729069,11.189175882310415,11.196457909705138,0.0
0.592,0.24608622658195917,-0.055897764820323034,0.21188288880963108,0.0,0.7569352350523408,0.6977714982976414,11.306714312493023,11.196457909705138,0.0
0.593,0.24763625107334444,-0.05611469058405852,0.1520111096904485,0.0,0.7566324996929141,0.6935111397987163,11.213914057768221,11.196457909705138,0.0
0.594,0.2454858685850354,-0.056475749739374234,0.19823667557221852,0.0,0.7559715492689849,0.6955821159705551,11.270493517215908,11.196457909705138,0.0
0.595,0.24647324687541983,-0.05625348869081297,0.16920658977326772,0.0,0.7555557321977375,0.6935942189492896,11.264774964603776,11.196457909705138,0.0
0.596,0.24519316843525624,-0.05718310823611841,0.17138269553034732,0.0,0.7550871878919577,0.6924438848256157,11.20016860974216,11.196457909705138,0.0
0.597,0.24486422245881528,-0.05630596731534322,0.20364876596078468,0.0,0.7544446829076501,0.6949126196465159,11.348372504244841,11.196457909705138,0.0
0.598,0.24551477020856546,-0.057886728825875394,0.12802767276404742,0.0,0.7542959570792295,0.6883543998187124,11.152559210968437,11.196457909705138,0.0
0.599,0.24277321446383,-0.05648025600189481,0.22637330638961614,0.0,0.7533357622251272,0.6943194366310457,11.357543062484716,11.196457909705138,0.0
0.6,0.24485385586721314,-0.057890089027087185,0.12227052910368119,0.0,0.7532372368986799,0.6869009023272076,11.157977549126887,11.196457909705138,0.0
0.601,0.24171576363180508,-0.05706573644650079,0.22243808938837817,0.0,0.7523019335603766,0.692639824885213,11.338524820046809,11.196457909705138,0.0
0.602,0.24390407366691086,-0.05795462578765066,0.13074378482500054,0.0,0.7521400741650369,0.6863511807225536,11.183701361300004,11.196457909705138,0.0
0.603,0.2411095235308133,-0.05772337214316442,0.20828307968245413,0.0,0.75133120949866,0.6904507641319015,11.304023194232279,11.196457909705138,0.0
0.604,0.242780747628135,-0.058029407057840765,0.1470465103710453,0.0,0.7510491660169152,0.6863363070087811,11.225382228335045,11.196457909705138,0.0
0.605,0.24073940436170693,-0.05844788881768159,0.18607775013336333,0.0,0.7504268538154684,0.6877521533170476,11.242629662699192,11.196457909705138,0.0
0.606,0.24143266986381207,-0.058059875880943995,0.17699231542134902,0.0,0.7499614912243535,0.6874778009205023,11.31189707126843,11.196457909705138,0.0
0.607,0.2409376341125678,-0.05930008592469824,0.14120421952109757,0.0,0.7496555328868755,0.6833998978902502,11.161993755515965,11.196457909705138,0.0
0.608,0.23922543826492149,-0.058080380650235075,0.21650051893922145,0.0,0.7488258103994918,0.6885230544100003,11.359114189153063,11.196457909705138,0.0
0.609,0.24108329514174437,-0.059587191135417564,0.11631373932619332,0.0,0.7487693220189362,0.681055928062496,11.159574813363555,11.196457909705138,0.0
0.61,0.23789465465315957,-0.05864721972426144,0.21645225818436298,0.0,0.7478533048816068,0.686716299404728,11.333318132325951,11.196457909705138,0.0
0.611,0.24001436746992627,-0.059471000724399356,0.12821199647695683,0.0,0.7476949422163601,0.680746163107877,11.196686666228096,11.196457909705138,0.0
0.612,0.23731366722327135,-0.059352724862887674,0.19652544196065472,0.0,0.7469341540331854,0.6840723599497673,11.279194601044068,11.196457909705138,0.0
0.613,0.2386712696318061,-0.059400176756634976,0.1544441076392795,0.0,0.7465884668194445,0.6815014337915571,11.266641354712798,11.196457909705138,0.0
0.614,0.23724914676109293,-0.06019776143369657,0.16001889635483815,0.0,0.7461075155067962,0.680357081169583,11.17704989141591,11.196457909705138,0.0
0.615,0.23681425684755575,-0.05935961141575252,0.2050087081861742,0.0,0.7454600517144706,0.6842058167546151,11.362589815362515,11.196457909705138,0.0
0.616,0.23826451714650126,-0.061007130653426764,0.11057742715629798,0.0,0.7454518164762045,0.6766037158382922,11.158232994630483,11.196457909705138,0.0
0.617,0.23499258496422856,-0.05980352698353415,0.2131380866730607,0.0,0.7445353230740678,0.6823614019899569,11.336951290528356,11.196457909705138,0.0
0.618,0.23706057901039707,-0.06067234019786388,0.1223740049158919,0.0,0.7443938531175864,0.676181815930884,11.199318678863758,11.196457909705138,0.0
0.619,0.23424746720273282,-0.060479722724442436,0.19116170305660474,0.0,0.7436186954966262,0.6794104513344252,11.270405120994567,11.196457909705138,0.0
0.62,0.2355186797205625,-0.060469852910994285,0.1548790098783057,0.0,0.7432447576733711,0.6773917697094585,11.284786333654326,11.196457909705138,0.0
0.621,0.23434985808592124,-0.06137523869847472,0.1468051193089346,0.0,0.7428060366047022,0.6751535439388037,11.165857092311086,11.196457909705138,0.0
0.622,0.2333814720062732,-0.060418051624597735,0.2065757481544952,0.0,0.7420730206298333,0.6798456109694678,11.361057706972762,11.196457909705138,0.0
0.623,0.2352248581537733,-0.061971212215823954,0.10732944285098095,0.0,0.7420629324912914,0.672267913490715,11.167096074028617,11.196457909705138,0.0
0.624,0.23194107033393677,-0.06103651804246285,0.20460387767981864,0.0,0.7411777354537464,0.6775192783518476,11.314712673220598,11.196457909705138,0.0
0.625,0.23388064674776482,-0.06161926525427666,0.12961303044867367,0.0,0.740979643741102,0.6726890581956785,11.230100170462231,11.196457909705138,0.0
0.626,0.23160107241661565,-0.06184902281839341,0.17158285922028596,0.0,0.7403377850440404,0.6739587894616152,11.219091560826685,11.196457909705138,0.0
0.627,0.23209819036537388,-0.06140630178931347,0.17686082752684346,0.0,0.7398360884544385,0.6751207612395832,11.351251030703764,11.196457909705138,0.0
0.628,0.23237043252311596,-0.06275831112444846,0.10923316137831762,0.0,0.739653906938749,0.6685995677635261,11.1526465466214,11.196457909705138,0.0
0.629,0.22941849743307824,-0.06142023108176338,0.20897351705033745,0.0,0.7386771153289763,0.6746874265503948,11.335410519014863,11.196457909705138,0.0
0.63,0.23169424280521944,-0.06248124978582913,0.11620200476050865,0.0,0.7385368816167416,0.6685866990471621,11.203494298892632,11.196457909705138,0.0
0.631,0.22900434420446308,-0.06235077074097724,0.18208975092974877,0.0,0.7377756356434331,0.6715760344243487,11.248494309666956,11.196457909705138,0.0
0.632,0.23020151166646108,-0.062282029468435016,0.1590693815429688,0.0,0.7373831910556425,0.67084060616542,11.317860697077997,11.196457909705138,0.0
0.633,0.22968436376469045,-0.06341075216608091,0.12317215996371991,0.0,0.7370812950102049,0.6664898435375705,11.152661545058773,11.196457909705138,0.0
0.634,0.2277005347799118,-0.06227782691804952,0.2062096996197952,0.0,0.7362386033022661,0.6722501188552309,11.343322478792247,11.196457909705138,0.0
0.635,0.2299983700729691,-0.06355207337763825,0.10941058706218718,0.0,0.7362077046599222,0.6655992195203495,11.197017664822928,11.196457909705138,0.0
0.636,0.22709078571413438,-0.0632011311839812,0.18255739649566893,0.0,0.7354634598424263,0.668967273050383,11.256961206312589,11.196457909705138,0.0
0.637,0.22836351704479307,-0.06318829035541063,0.15198059278476406,0.0,0.7351325417904776,0.6676601039531691,11.31205783729254,11.196457909705138,0.0
0.638,0.22757198672764614,-0.0641826567065851,0.12327627801891419,0.0,0.734813507340917,0.6636986490215396,11.153057697616893,11.196457909705138,0.0
0.639,0.22569579289072625,-0.063075375839083,0.2032103499776205,0.0,0.7339984862842126,0.6693796932201233,11.34284599563255,11.196457909705138,0.0
0.64,0.22798350835589193,-0.06433501945625496,0.10685232011051807,0.0,0.7339827053596006,0.662741996248672,11.202971822061485,11.196457909705138,0.0
0.641,0.2250619337269775,-0.06399729080698889,0.17672426777248662,0.0,0.7332549862427139,0.6657602357872247,11.245602113817752,11.196457909705138,0.0
0.642,0.22615796868319316,-0.06388159827080789,0.15491767985322738,0.0,0.7328925140988842,0.6651566557210223,11.329226624577803,11.196457909705138,0.0
0.643,0.22568894360161418,-0.06496022459976537,0.11177773732447499,0.0,0.732625736984364,0.6601124117566228,11.153552869974295,11.196457909705138,0.0
0.644,0.22328945253927607,-0.06376234883847205,0.20004366502353757,0.0,0.7317386605878241,0.665945819715437,11.330093560970731,11.196457909705138,0.0
0.645,0.2255947691026229,-0.06482371207451498,0.11043696301266354,0.0,0.7316523613403974,0.6600902030079376,11.220783479762964,11.196457909705138,0.0
0.646,0.22299560351667888,-0.06477978655164712,0.16484874791596854,0.0,0.7309736849070874,0.662001842786005,11.212525021428036,11.196457909705138,0.0
0.647,0.223662606364109,-0.06445484543441247,0.16881730596620398,0.0,0.7305187358272481,0.6634475125103511,11.35752051363704,11.196457909705138,0.0
0.648,0.22419933449719698,-0.06575963939844438,0.09470893382238296,0.0,0.730400625375043,0.65645914377179,11.15991106173848,11.196457909705138,0.0
0.649,0.2209384633220897,-0.0645391588917718,0.19387912825132922,0.0,0.7294481882988283,0.6621716690810798,11.298232850446327,11.196457909705138,0.0
0.65,0.2230775500865988,-0.06521641384921392,0.12370048448999388,0.0,0.729248950311549,0.6582384371379357,11.258694469453884,11.196457909705138,0.0
0.651,0.22129867671359615,-0.06571238946252932,0.14284730938872803,0.0,0.7287240976965739,0.6577036087055277,11.160584348725175,11.196457909705138,0.0
0.652,0.22094562945221385,-0.06506336810896306,0.19226110536288213,0.0,0.7281218953948299,0.6624348736280544,11.354521670934,11.196457909705138,0.0
0.653,0.22305725198038506,-0.0665843656197279,0.09371180664618103,0.0,0.7282268397552328,0.6550624220588629,11.195393897622534,11.196457909705138,0.0
0.654,0.21979205521325654,-0.06591214445802175,0.1732863334227402,0.0,0.7274948902197811,0.6585566888848853,11.248372949627177,11.196457909705138,0.0
0.655,0.22096111212823172,-0.06584825443007707,0.14627765702119835,0.0,0.7271852566290196,0.6577003861745061,11.332310984172725,11.196457909705138,0.0
0.656,0.2204011594065619,-0.06682118184237312,0.10295010900374824,0.0,0.7269286170419286,0.6524760922267184,11.155985531276063,11.196457909705138,0.0
0.657,0.2178175088138333,-0.06563011609513032,0.19151755923637034,0.0,0.7260344655124482,0.6582028607587467,11.311676354450576,11.196457909705138,0.0
0.658,0.22010375273172061,-0.06647389180093964,0.1125199632016593,0.0,0.7259071319742304,0.6534148038815849,11.254064928736012,11.196457909705138,0.0
0.659,0.21794786518796172,-0.06677477796987637,0.1407496058686324,0.0,0.7253383858236425,0.6532480660610235,11.165888350645691,11.196457909705138,0.0
0.66,0.21764876481000173,-0.06614808285962308,0.18514359050438747,0.0,0.7247378951822404,0.6576535114568612,11.352430898373326,11.196457909705138,0.0
0.661,0.21962398158306443,-0.06757597741972528,0.09031258675388809,0.0,0.7248013334972759,0.6504627481412459,11.201176247511189,11.196457909705138,0.0
0.662,0.21638832602765445,-0.06695240132234187,0.16589272880689623,0.0,0.7240564793329334,0.6536352049308572,11.231544337387666,11.196457909705138,0.0
0.663,0.21741590038452313,-0.06681232736541044,0.1503578195918324,0.0,0.7236941838896974,0.6538058994560765,11.352381100416327,11.196457909705138,0.0
0.664,0.21739302528825422,-0.06789669379105726,0.08838020617038986,0.0,0.7235058684896974,0.6472738986044003,11.161294873508702,11.196457909705138,0.0
0.665,0.21420267271069982,-0.06664796584158951,0.18427494998616695,0.0,0.7225349808058321,0.6528951742844102,11.281698280765363,11.196457909705138,0.0
0.666,0.21633245205090498,-0.06726886857553294,0.12322084264723382,0.0,0.7223040960385827,0.6499161551293939,11.28549337533152,11.196457909705138,0.0
0.667,0.2150337541808217,-0.06796956577908259,0.12043294070789198,0.0,0.7218692654976075,0.6476799758323271,11.14934436344284,11.196457909705138,0.0
0.668,0.2138509928746441,-0.0671887018085042,0.1889785821148549,0.0,0.721161398072224,0.6533089477500077,11.327594621235654,11.196457909705138,0.0
0.669,0.21637657970520435,-0.06844148429416738,0.0985420861031423,0.0,0.7212328292942758,0.6473811225936004,11.239834473916856,11.196457909705138,0.0
0.67,0.2137926238148947,-0.06837958027708672,0.1419883941204243,0.0,0.720684997611746,0.6480461729332967,11.178760984549726,11.196457909705138,0.0
0.671,0.2137411521104107,-0.06781805748733401,0.17270210805554356,0.0,0.7201973056647369,0.6515138028520507,11.354588886595645,11.196457909705138,0.0
0.672,0.21527435658283706,-0.06907350472384226,0.0832068472636791,0.0,0.7202488603282176,0.6442651175487609,11.20331813753991,11.196457909705138,0.0
0.673,0.2118656534784868,-0.06833565288494983,0.1587736195131989,0.0,0.7194766728203781,0.6473440431837164,11.218630754507506,11.196457909705138,0.0
0.674,0.21277618632071765,-0.06814921547031952,0.1508955825813768,0.0,0.7190764670295974,0.6482813600757079,11.355255209527845,11.196457909705138,0.0
0.675,0.21317332805980277,-0.06927247669048331,0.08099538207298024,0.0,0.7189354366154586,0.6414401027499399,11.173128724499373,11.196457909705138,0.0
0.676,0.20984662916570657,-0.06816911936154854,0.17229191643927427,0.0,0.7179917815917722,0.6463803971964525,11.250842398399788,11.196457909705138,0.0
0.677,0.211658757307364,-0.06851669893672835,0.13289123460211996,0.0,0.7176857888416649,0.6452526552656718,11.323331962870238,11.196457909705138,0.0
0.678,0.21122757714274298,-0.06949988872824901,0.09537771183524399,0.0,0.7174022962548058,0.6405401586664987,11.15689255580669,11.196457909705138,0.0
0.679,0.20889242152286341,-0.06853390054837694,0.17899306890600233,0.0,0.7165598126690138,0.6460959422905496,11.278498320918022,11.196457909705138,0.0
0.68,0.21124285230675033,-0.06925836896732662,0.11736978223820785,0.0,0.7164465072120895,0.6431152851470249,11.297147018159137,11.196457909705138,0.0
0.681,0.20999905479956488,-0.06995432040904596,0.10703854253311018,0.0,0.7161157765609049,0.6400614817049066,11.151007504987415,11.196457909705138,0.0
0.682,0.2083209626418036,-0.0690861580611752,0.18056280316614834,0.0,0.7154102812579437,0.6456431187708491,11.303601119854589,11.196457909705138,0.0
0.683,0.21078419450973696,-0.07001957857606338,0.10319456363106702,0.0,0.7154448570719896,0.6410625572176614,11.277550001878037,11.196457909705138,0.0
0.684,0.20876844023672114,-0.07032886609491532,0.11540920169761398,0.0,0.7150426065712366,0.6393071672725791,11.152738278674054,11.196457909705138,0.0
0.685,0.20754683389478984,-0.06951318524545225,0.17825225960991642,0.0,0.7144122243574215,0.6445919004164998,11.31935364120842,11.196457909705138,0.0
0.686,0.20988735017017263,-0.07059987109807932,0.09371562102770092,0.0,0.7145010459316636,0.6390879883477688,11.26181174650104,11.196457909705138,0.0
0.687,0.2074210982019759,-0.070600830263873,0.12183303001343138,0.0,0.7140198327913192,0.638376323896843,11.156654722363243,11.196457909705138,0.0
0.6880000000000001,0.2066167305462276,-0.06986359197409951,0.17480957395574917,0.0,0.7134344687163837,0.6432977682432235,11.330374733563065,11.196457909705138,0.0
0.6890000000000001,0.20882941790015197,-0.0710391216476807,0.08661040011725854,0.0,0.7135364661305716,0.637185417900326,11.252647385793532,11.196457909705138,0.0
0.6900000000000001,0.2060554354521485,-0.07083443576424481,0.12491217924114134,0.0,0.7129827580251373,0.6371169547179689,11.166115583668956,11.196457909705138,0.0
0.6910000000000001,0.20549842201050667,-0.07015164532579517,0.16848150356379094,0.0,0.7124045143226154,0.6414431065816568,11.33496945700484,11.196457909705138,0.0
0.6920000000000001,0.20745328287900391,-0.0712868604649768,0.08266945142285195,0.0,0.7124484117464092,0.6351831950800433,11.24552020859085,11.196457909705138,0.0
0.6930000000000001,0.20455455862914657,-0.07098632696003493,0.1269034526409898,0.0,0.7118175174407264,0.635615933402544,11.168997865264066,11.196457909705138,0.0
0.6940000000000001,0.20422562795922639,-0.0703950621164107,0.1654392247487928,0.0,0.7112309526001128,0.639746098513096,11.334952512281465,11.196457909705138,0.0
0.6950000000000001,0.20614935762233252,-0.07154939510467474,0.08107695521433006,0.0,0.7112489500317614,0.6335244836890219,11.243123377430116,11.196457909705138,0.0
0.6960000000000001,0.20327574549347158,-0.07124782732040431,0.1265248679627545,0.0,0.7105982704516853,0.6341050578189971,11.168127762019344,11.196457909705138,0.0
0.6970000000000001,0.2030293526215669,-0.07070362286436349,0.1643059771449987,0.0,0.7100138694302923,0.6382623165551505,11.331934640824661,11.196457909705138,0.0
0.6980000000000001,0.2050028098517916,-0.0718671536855895,0.0810477704311447,0.0,0.7100370648195494,0.6321896512611592,11.245889492400751,11.196457909705138,0.0
0.6990000000000001,0.20221498939271862,-0.07161223954136696,0.12357602881614355,0.0,0.7094109982764047,0.6325636573477814,11.164779489116658,11.196457909705138,0.0
0.7000000000000001,0.20187640390024797,-0.07105379542842843,0.1644478146640752,0.0,0.708826059285256,0.6369176362304305,11.326383553135575,11.196457909705138,0.0
0.7010000000000001,0.20394455758538166,-0.07220287446773045,0.08234652622031238,0.0,0.7088669952169393,0.6311069809781171,11.25368633043004,11.196457909705138,0.0
0.7020000000000001,0.20129891803441605,-0.07203564078732888,0.11812285336583025,0.0,0.708292885534986,0.6309495956021057,11.15747788554808,11.196457909705138,0.0
0.7030000000000001,0.20070611185463272,-0.07141823901337985,0.16661687604838152,0.0,0.7076942064252967,0.635765869303392,11.318239247272729,11.196457909705138,0.0
0.704,0.2029708596294411,-0.07255772066852996,0.08501838181038099,0.0,0.7077685395965104,0.6303248228135481,11.267314501282918,11.196457909705138,0.0
0.705,0.20054522408540942,-0.07252052194299055,0.10977218888950849,0.0,0.707275848125258,0.629263685398486,11.15800400210537,11.196457909705138,0.0
0.706,0.19952063945053689,-0.07178640458650382,0.16481197755428015,0.0,0.7066459311376663,0.6341546792145338,11.306296488360037,11.196457909705138,0.0
0.707,0.20175041909443853,-0.0727617991139768,0.08956734864039798,0.0,0.7066827398020256,0.6294107532758654,11.282163676018554,11.196457909705138,0.0
0.708,0.19963860770902342,-0.072895051410262,0.10077669714800522,0.0,0.7062463788133984,0.6273849724713096,11.158008077645041,11.196457909705138,0.0
0.709,0.19817514596715738,-0.07208057465864529,0.16323899465536246,0.0,0.705560150877538,0.6324167555668313,11.288101004482108,11.196457909705138,0.0
0.71,0.20043277739619825,-0.07287906168045521,0.09727610028905928,0.0,0.7055417023847309,0.6287332221292347,11.30148801540811,11.196457909705138,0.0
0.711,0.19884109620935603,-0.0732749985078779,0.08953229376902894,0.0,0.7051923135782431,0.6254216686574197,11.162833872702683,11.196457909705138,0.0
0.712,0.1968169960689695,-0.07238347830080305,0.15919560549176692,0.0,0.7044446817141704,0.630353468210413,11.261347139625254,11.196457909705138,0.0
0.713,0.1989229853908002,-0.07297682790198363,0.10929007973127994,0.0,0.7043391766500049,0.6282791838440135,11.321102195967418,11.196457909705138,0.0
0.714,0.19813280322973992,-0.0736472613855238,0.07816610869757523,0.0,0.7041046078427935,0.6235851757826698,11.175162964685022,11.196457909705138,0.0
0.715,0.19556694108820305,-0.0727073509177033,0.15134867378897446,0.0,0.7033140006238732,0.6279727765310887,11.229835035976842,11.196457909705138,0.0
0.716,0.19728622403311216,-0.07302226519305646,0.12367886688034715,0.0,0.703085253876654,0.627852272326555,11.339490639705875,11.196457909705138,0.0
0.717,0.19744085870982475,-0.07394318192189786,0.06742073771582327,0.0,0.7029654830811223,0.6218094307437526,11.192105434627077,11.196457909705138,0.0
0.718,0.19436775906102677,-0.07301748292986779,0.14115686500600302,0.0,0.7021423691504519,0.6253720388413768,11.197152348763176,11.196457909705138,0.0
0.719,0.19553945196908884,-0.07306213821513755,0.1386264635473734,0.0,0.7017719964939108,0.6273207520864458,11.33463024025724,11.196457909705138,0.0
0.72,0.1967008342618845,-0.07416194365279014,0.06850579449481997,0.0,0.7017540644728196,0.6212335520370323,11.219237409965192,11.196457909705138,0.0
0.721,0.19376560660240194,-0.07360393298548705,0.1259744146382436,0.0,0.7010568264211167,0.6231105225622242,11.172297311165616,11.196457909705138,0.0
0.722,0.19411882945867176,-0.07333902869105433,0.14968607002342674,0.0,0.7005934498613886,0.6266954613298784,11.315618499760998,11.196457909705138,0.0
0.723,0.19599910669360693,-0.07441562720813223,0.07683386982517748,0.0,0.7006559797142214,0.6214214117218544,11.257513077907971,11.196457909705138,0.0
0.724,0.19356969454569375,-0.07429151796978875,0.10527602906966246,0.0,0.7001604336195802,0.6208242176874121,11.157875049942,11.196457909705138,0.0
0.725,0.19273867949082338,-0.07369411208249281,0.15548087165027955,0.0,0.6995902491757395,0.6255424170729292,11.282937989114581,11.196457909705138,0.0
0.726,0.1949743130351612,-0.07458486604175217,0.09208460126989448,0.0,0.6996528601092264,0.6220019100674364,11.296322969887006,11.196457909705138,0.0
0.727,0.19347908951958284,-0.07492580332270425,0.08439346028186315,0.0,0.6993837548101274,0.6187964829731191,11.166981110682888,11.196457909705138,0.0
0.728,0.19147189845469823,-0.07410789138284565,0.14935915787414455,0.0,0.6987276376453124,0.623313664985336,11.237856633100874,11.196457909705138,0.0
0.729,0.19337629984271829,-0.07455679177687052,0.11350740943119453,0.0,0.6986464085609421,0.6224906117118715,11.326438943958747,11.196457909705138,0.0
0.73,0.19320707411762747,-0.07532437698699122,0.06791644365972174,0.0,0.6985709424268355,0.6171229109505241,11.197665646608927,11.196457909705138,0.0
0.731,0.19035552604615247,-0.0744649065462735,0.13229101496559392,0.0,0.6978640352294242,0.6201335241838728,11.193555027458105,11.196457909705138,0.0
0.732,0.19127512984138073,-0.0744197939229371,0.13437535336347525,0.0,0.6975325123909296,0.6222282449866642,11.325954989625709,11.196457909705138,0.0
0.733,0.19247637272101376,-0.07537848078018103,0.06688040148046767,0.0,0.6975495205970935,0.6165121126554095,11.239558256847353,11.196457909705138,0.0
0.734,0.18968263054038992,-0.07493396274848238,0.10964776439822346,0.0,0.6969347308974563,0.617067977886345,11.166076123775126,11.196457909705138,0.0
0.735,0.1893452917078124,-0.07447624984186613,0.14669264879363725,0.0,0.6963911034514656,0.6211632111283184,11.28606456215785,11.196457909705138,0.0
0.736,0.19138271411141017,-0.0753647199746445,0.08580236307774763,0.0,0.6964136709179432,0.6174986881760721,11.287728736506272,11.196457909705138,0.0
0.737,0.18979346864223365,-0.07561924066652358,0.08405756763552538,0.0,0.6960866419173272,0.6148150408498579,11.16787724076182,11.196457909705138,0.0
0.738,0.1880195073544704,-0.07491508481256465,0.1442691221971847,0.0,0.6954439487332971,0.6191870175993704,11.229445490695705,11.196457909705138,0.0
0.739,0.1899237852257517,-0.0753784010642604,0.11315512142033679,0.0,0.6953607288888473,0.6188056615457401,11.324304663064863,11.196457909705138,0.0
0.74,0.19001635076620718,-0.07617809440177911,0.06444706770216027,0.0,0.6953310285280899,0.6134162337810601,11.208766359099382,11.196457909705138,0.0
0.741,0.1871908378468171,-0.07539756674146397,0.12209313519095841,0.0,0.6946715004509303,0.6157026587942591,11.185186381900078,11.196457909705138,0.0
0.742,0.18771994424964844,-0.07523707992193351,0.1339958390686612,0.0,0.694296719409261,0.6183408684165762,11.307621818391834,11.196457909705138,0.0
0.743,0.1891751149749357,-0.07607824072403169,0.0716664817359163,0.0,0.6943173699904166,0.6135477449113624,11.263353052930354,11.196457909705138,0.0
0.744,0.1868692705625538,-0.07592663058233493,0.09313191303440402,0.0,0.6938315544393279,0.6124886844235616,11.164729880569817,11.196457909705138,0.0
0.745,0.18577312157351614,-0.07533224875641971,0.14276077950602542,0.0,0.6932245484951339,0.6168289873729956,11.246273260537427,11.196457909705138,0.0
0.746,0.1878141618053874,-0.0759742527585021,0.10149093601389789,0.0,0.693188837698791,0.6154031120688205,11.305374874819934,11.196457909705138,0.0
0.747,0.1873890834746336,-0.07663291955271472,0.07085095922149615,0.0,0.6930801437590075,0.6112257232218873,11.201340083987224,11.196457909705138,0.0
0.748,0.1850621662128824,-0.07599215901959375,0.12281953289503023,0.0,0.6924875100019237,0.6137298568531669,11.192409021053178,11.196457909705138,0.0
0.749,0.18584868048213352,-0.07595166037942622,0.12732555324857284,0.0,0.692206505738589,0.6157905045055295,11.307996075672005,11.196457909705138,0.0
0.75,0.1870623388991716,-0.07671695047568132,0.06841664427949096,0.0,0.6922442535638137,0.6109663094930062,11.260539325326109,11.196457909705138,0.0
0.751,0.18467852949406033,-0.0764673708756162,0.09150420529622925,0.0,0.6917607004482941,0.6100313851845224,11.168325560952496,11.196457909705138,0.0
0.752,0.18360498288027388,-0.07588120110079086,0.13789241097056193,0.0,0.6911700273342477,0.6141076770428096,11.239785507593629,11.196457909705138,0.0
0.753,0.18551274066302936,-0.07646386848198591,0.10172916167111076,0.0,0.6911160058271144,0.6130548441019393,11.301566483128529,11.196457909705138,0.0
0.754,0.18525728068783914,-0.07713995952810337,0.06978758816942701,0.0,0.6910306465178684,0.6089971298873508,11.210848591938223,11.196457909705138,0.0
0.755,0.18301833387506486,-0.07657783645497715,0.11500262694224879,0.0,0.6904794572695829,0.6108734507129767,11.19214588557907,11.196457909705138,0.0
0.756,0.1834870195978417,-0.0764487144625557,0.12439710036308628,0.0,0.6901624368402538,0.6130143173221425,11.290185643636404,11.196457909705138,0.0
0.757,0.18471943554307987,-0.07704711381380527,0.07443994399510652,0.0,0.6901583202633357,0.609189284396024,11.273824262231434,11.196457909705138,0.0
0.758,0.1828272501379652,-0.07702725191402907,0.0818469711723284,0.0,0.6897639432490096,0.6072811522120147,11.175232101911513,11.196457909705138,0.0
0.759,0.18131660952996953,-0.07646550976370181,0.1313553094102251,0.0,0.6891565977001771,0.6110434910921988,11.210155785150882,11.196457909705138,0.0
0.76,0.18297815861374606,-0.07685876545409648,0.11375648903608357,0.0,0.6890350961416928,0.6117400311006513,11.30833606801772,11.196457909705138,0.0
0.761,0.18364049223007206,-0.07768678086403362,0.06354756601953848,0.0,0.6890825478780913,0.6069515324173733,11.237977369971217,11.196457909705138,0.0
0.762,0.18122841483414368,-0.07717643281058471,0.09831172044012917,0.0,0.6885819861325436,0.6072447268422088,11.18611393653201,11.196457909705138,0.0
0.763,0.18077203615221904,-0.07677239715493925,0.12434687689146404,0.0,0.6881214595624474,0.6100008521964994,11.247199471925995,11.196457909705138,0.0
0.764,0.1821341177416042,-0.07721409281663358,0.09329669357226276,0.0,0.6880352250641331,0.6086050478670741,11.28353015362123,11.196457909705138,0.0
0.765,0.1815463484038805,-0.07769666951596874,0.07426063028548441,0.0,0.6878667000630174,0.6056350108354499,11.213493180199489,11.196457909705138,0.0
0.766,0.17976794383856246,-0.07730441779359881,0.1091087642914116,0.0,0.6873700504023966,0.6071585271892039,11.198921240904065,11.196457909705138,0.0
0.767,0.1801680095623439,-0.07722223444153016,0.11637010062713422,0.0,0.6870702996917096,0.6088685013231213,11.26871082329884,11.196457909705138,0.0
0.768,0.18118942969416585,-0.07766222473953405,0.08075278029381007,0.0,0.6870207422317844,0.6062786288152935,11.272618617235501,11.196457909705138,0.0
0.769,0.17990033476050865,-0.07779225560526719,0.0780372762501754,0.0,0.6867270567593193,0.6041522702148093,11.201644157929282,11.196457909705138,0.0
0.77,0.17843721110008975,-0.07728084918502595,0.11347264342104366,0.0,0.6861925489591684,0.6062822770096685,11.176054880553618,11.196457909705138,0.0
0.771,0.17920151832609169,-0.07742142120846723,0.12647131240039078,0.0,0.6859450696052998,0.6091226272295821,11.277026646831294,11.196457909705138,0.0
0.772,0.18073504686688707,-0.07851499156281427,0.0751797418902915,0.0,0.6861252602275527,0.6057210899789851,11.283487494530068,11.196457909705138,0.0
0.773,0.1792530915752211,-0.07849796192363998,0.07107902219265523,0.0,0.6859344690986683,0.6029179124215257,11.198842264526418,11.196457909705138,0.0
0.774,0.1774796815947713,-0.07752468036625806,0.11337779364626743,0.0,0.6853755486520058,0.6052501011087301,11.192409659448442,11.196457909705138,0.0
0.775,0.17818582334002145,-0.07763724830647467,0.11663457868782215,0.0,0.6851278544077279,0.6071330278308007,11.276827496884472,11.196457909705138,0.0
0.776,0.1791734041515486,-0.078568542355827,0.0736219640980138,0.0,0.6851945389261115,0.6039373645291266,11.258126036505432,11.196457909705138,0.0
0.777,0.17770313574080115,-0.07841601302769738,0.0823560130195308,0.0,0.6849088974959012,0.6026304128700206,11.199878841938006,11.196457909705138,0.0
0.778,0.17663809386850757,-0.07789119440421206,0.1114454009809155,0.0,0.6844649202874997,0.6046405363421863,11.210302277631731,11.196457909705138,0.0
0.779,0.1774248853152134,-0.07804996451964731,0.10609523945478666,0.0,0.6842890660460874,0.6054286406209467,11.27372387549046,11.196457909705138,0.0
0.78,0.17787111159206498,-0.07872803535766315,0.07361178086756953,0.0,0.68428260774772,0.6025594532423706,11.242559109120917,11.196457909705138,0.0
0.781,0.17647249036706486,-0.07841368511818694,0.08873315205818298,0.0,0.6839485173066087,0.6021230347861735,11.209782537498839,11.196457909705138,0.0
0.782,0.17578989521771912,-0.07820927759925753,0.10498819159128488,0.0,0.6835848527393017,0.603394789022398,11.214725792142582,11.196457909705138,0.0
0.783,0.1763038826519821,-0.0783342286074089,0.10233388544503877,0.0,0.6834005187384338,0.6039851127375889,11.264820736955498,11.196457909705138,0.0
0.784,0.17660783618206047,-0.0788535291740115,0.0766027847660774,0.0,0.6833495240614165,0.6016657976539849,11.242301139988575,11.196457909705138,0.0
0.785,0.17545750014913233,-0.07859394336757683,0.08740415094670452,0.0,0.6830379498993667,0.6011483523966206,11.222847761968483,11.196457909705138,0.0
0.786,0.17480693060745767,-0.07840762111257782,0.0968669414341171,0.0,0.6826878890377998,0.6016444468298522,11.182130820738744,11.196457909705138,0.0
0.787,0.17481361301250176,-0.07857575987533078,0.11736868293865067,0.0,0.6824428021921657,0.6042092486342567,11.252565195492226,11.196457909705138,0.0
0.788,0.17610221650685423,-0.07929465499524309,0.08159042270403874,0.0,0.6825561012870981,0.6022107559724763,11.258258242334113,11.196457909705138,0.0
0.789,0.1753803681614546,-0.07924717558518368,0.07812589595680516,0.0,0.6824458095200537,0.6004924164994552,11.23958596001808,11.196457909705138,0.0
0.79,0.17422623828818445,-0.07882845548854081,0.08703075661169281,0.0,0.6821291285658816,0.6000687975391474,11.233834253927633,11.196457909705138,0.0
0.791,0.1735990321872584,-0.0786463847399979,0.08953284621469118,0.0,0.6817859132297224,0.5998995050016033,11.234559124518025,11.196457909705138,0.0
0.792,0.1732857586498459,-0.07864195317830258,0.088789398771366,0.0,0.681461423409124,0.5996342080975082,11.236292865829046,11.196457909705138,0.0
0.793,0.17302875026464126,-0.07868769070878039,0.0875241785546163,0.0,0.681147928324145,0.5992563903393517,11.23426292074946,11.196457909705138,0.0
0.794,0.17273248722740323,-0.07872409396160154,0.0881611009839663,0.0,0.6808315479543542,0.5989977373681533,11.231701331643814,11.196457909705138,0.0
0.795,0.17248925873011867,-0.07877308781398668,0.08908946131740259,0.0,0.6805259656156566,0.5988528545738089,11.229606392145978,11.196457909705138,0.0
0.796,0.1723045155544703,-0.07887860433934601,0.08980544624191197,0.0,0.6802475701106601,0.5987792660277395,11.226077294709803,11.196457909705138,0.0
0.797,0.17219750519363242,-0.0789678168461351,0.09127380110995284,0.0,0.6799984135120494,0.5988494796799524,11.207349399752678,11.196457909705138,0.0
0.798,0.17209981179717193,-0.07922845120341529,0.10052883368804016,0.0,0.679808971592754,0.5999008025119944,11.230217493917047,11.196457909705138,0.0
0.799,0.17266185411377122,-0.0794548335973149,0.08875719076373631,0.0,0.6797659018683484,0.5993778162326578,11.25613549077812,11.196457909705138,0.0
0.8,0.17245981396381982,-0.07958710804292835,0.07520141652246977,0.0,0.6796871268535285,0.5975572477111788,11.240643398588952,11.196457909705138,0.0
0.801,0.17135551450689124,-0.07934675229600104,0.08250560772821582,0.0,0.6794064106114241,0.5969693298541728,11.214953886695866,11.196457909705138,0.0
0.802,0.1707119990920124,-0.07907968218834387,0.09516540390485152,0.0,0.679068000053457,0.597791411527097,11.196568143708571,11.196457909705138,0.0
0.803,0.17093355242259445,-0.07919392290938612,0.10435717305846476,0.0,0.6788608758989698,0.5993511346015503,11.254111153679414,11.196457909705138,0.0
0.804,0.17171814337782126,-0.07976162417249927,0.07500913563330064,0.0,0.678891741199109,0.5973298816730362,11.279690240569854,11.196457909705138,0.0
0.805,0.1708179121011221,-0.07966657061600349,0.06138726887943338,0.0,0.678701261772537,0.5944157869487031,11.2150411173676,11.196457909705138,0.0
0.806,0.16903505356986187,-0.07892815136584737,0.09352599840393616,0.0,0.678158145234237,0.5956326447950516,11.203665765550413,11.196457909705138,0.0
0.807,0.16912347266524352,-0.07893467761040762,0.09914159575407651,0.0,0.6777991282138047,0.596942278930401,11.233858479619485,11.196457909705138,0.0
0.808,0.16984576443182964,-0.0792996611861502,0.08367123302039711,0.0,0.6776470592398367,0.5962485841725954,11.257545893546254,11.196457909705138,0.0
0.809,0.16957752969357975,-0.0795786216693499,0.07121664621860141,0.0,0.6774678635048795,0.5944304798111861,11.217294925804614,11.196457909705138,0.0
0.81,0.16851760236146174,-0.07933472697212826,0.09113375992842668,0.0,0.6770951588857507,0.5952056043476714,11.19809957963377,11.196457909705138,0.0
0.811,0.16863812534515227,-0.07933115209498146,0.10071501631456273,0.0,0.6768392828926695,0.5966968562324448,11.229205558078482,11.196457909705138,0.0
0.812,0.1694603934832765,-0.07967312536797753,0.08483455060847325,0.0,0.6767957724961746,0.5960814872725447,11.263703608483555,11.196457909705138,0.0
0.8130000000000001,0.16922127902996412,-0.07997440623505521,0.06691306841815253,0.0,0.6767247974059879,0.5937452710563565,11.223845109149929,11.196457909705138,0.0
0.8140000000000001,0.1678423069439125,-0.07966994894855897,0.08656844609051749,0.0,0.6763907950930159,0.5941261811035643,11.190983839636102,11.196457909705138,0.0
0.8150000000000001,0.1676844712713809,-0.07945985976348374,0.10305382154812126,0.0,0.6761082187785683,0.5960560096414849,11.218225350012226,11.196457909705138,0.0
0.8160000000000001,0.16865977523136005,-0.0797817534381978,0.08921539195698858,0.0,0.6760843921454269,0.5959686548922449,11.274654907949571,11.196457909705138,0.0
0.8170000000000001,0.16871970893321372,-0.0802251392919377,0.06021864300587139,0.0,0.6760997662078398,0.5928395551982991,11.240252761298768,11.196457909705138,0.0
0.8180000000000001,0.16695869602527597,-0.07989678162940368,0.07698176781533687,0.0,0.6757601396932007,0.5923531248554336,11.172057559441324,11.196457909705138,0.0
0.8190000000000001,0.1662663134312486,-0.07940314424921337,0.11132337224669694,0.0,0.6753548162605435,0.5955498720910087,11.203221018450698,11.196457909705138,0.0
0.8200000000000001,0.16778133567187903,-0.07981750261797542,0.0956740116545544,0.0,0.6753602156890752,0.5961479902779021,11.290002862645672,11.196457909705138,0.0
0.8210000000000001,0.16837524314039667,-0.08045117136323479,0.05134764002766222,0.0,0.6754904469717339,0.5919172497167919,11.249741878044937,11.196457909705138,0.0
0.8220000000000001,0.16619237387925254,-0.07997528873098199,0.0709452926446318,0.0,0.6751258972930154,0.5909676665376051,11.169166289931308,11.196457909705138,0.0
0.8230000000000001,0.16505324678067645,-0.07943774292325072,0.11150600289918436,0.0,0.674648473051722,0.5944457635985282,11.18383365538744,11.196457909705138,0.0
0.8240000000000001,0.16663061473495572,-0.07979544116606606,0.10429856271429523,0.0,0.6746113232054374,0.5961449812603898,11.284292510980908,11.196457909705138,0.0
0.8250000000000001,0.16785779826556393,-0.08059045901385509,0.05319078890480365,0.0,0.6748316850907959,0.5920015649454176,11.271481847445783,11.196457909705138,0.0
0.8260000000000001,0.16586021214299235,-0.0802979896584899,0.05884588129495996,0.0,0.6745755473485535,0.5896596706602794,11.178506410664234,11.196457909705138,0.0
0.8270000000000001,0.1640545307221783,-0.07949465265580834,0.10551311467614337,0.0,0.6740253915752801,0.5927818458725232,11.168593586169523,11.196457909705138,0.0
0.8280000000000001,0.16523530075120083,-0.07966740978702688,0.11074817015885485,0.0,0.6738695055550193,0.5954980302381012,11.26766797835009,11.196457909705138,0.0
0.8290000000000001,0.16692922584621206,-0.08052650266322917,0.06049887338212183,0.0,0.6740935992184123,0.5921727103046666,11.280932333779107,11.196457909705138,0.0
0.8300000000000001,0.1654873615820575,-0.08049343543665663,0.05302195142687349,0.0,0.6739505231984377,0.5890579076036119,11.192426086124291,11.196457909705138,0.0
0.8310000000000001,0.16339734030314923,-0.07970983168363843,0.09731539349009018,0.0,0.6734244087697888,0.5914028091152098,11.166416442191386,11.196457909705138,0.0
0.8320000000000001,0.16409280078392058,-0.0796743314038583,0.1106206301316804,0.0,0.6731893269419189,0.5943838497770519,11.245982482094922,11.196457909705138,0.0
0.833,0.1658578709923904,-0.08036165310676915,0.07034236445601443,0.0,0.6733518177531383,0.5922924134810597,11.284252815319109,11.196457909705138,0.0
0.834,0.16504824132515664,-0.08061610216981724,0.050329248787781375,0.0,0.6733100320335427,0.5887344197945199,11.209846765566676,11.196457909705138,0.0
0.835,0.1628640203303895,-0.07995365144324484,0.08739838510538252,0.0,0.6728412114466993,0.5900379510690453,11.161630314182412,11.196457909705138,0.0
0.836,0.16300670098786504,-0.07967332376206228,0.11185488675274144,0.0,0.6725254145083281,0.5934462338931972,11.223230298371753,11.196457909705138,0.0
0.837,0.16486505464067452,-0.08027551805509239,0.08078717077140486,0.0,0.6726510701952546,0.5926171028714418,11.29204868619669,11.196457909705138,0.0
0.838,0.16473651152447302,-0.08079325468991397,0.04542206909402091,0.0,0.6727321762982129,0.588336689775166,11.225789210560059,11.196457909705138,0.0
0.839,0.16235054265175566,-0.08013802964180813,0.07825849390378722,0.0,0.6722998783596079,0.5887192574894987,11.152147331424844,11.196457909705138,0.0
0.84,0.16193981821844017,-0.07965060694523145,0.1155225392541975,0.0,0.6719020027401544,0.5928123393779225,11.206355607297608,11.196457909705138,0.0
0.841,0.16400675481903554,-0.08026706588383384,0.08831942434189091,0.0,0.6720259075817006,0.5928598721513022,11.298561720700175,11.196457909705138,0.0
0.842,0.1644180490293421,-0.08095429748340238,0.041195329530657326,0.0,0.6722116061029967,0.5879788498542582,11.239828491659082,11.196457909705138,0.0
0.843,0.16184721776285513,-0.08029837981968052,0.07012823823166389,0.0,0.6718116092834535,0.5875452649256878,11.14931555509455,11.196457909705138,0.0
0.844,0.16094309732184647,-0.07962651506545813,0.11585613006003627,0.0,0.6713409077066808,0.5919295227579774,11.190471555985194,11.196457909705138,0.0
0.845,0.16302624784419356,-0.08019728526611275,0.09533799315191327,0.0,0.6714252054404282,0.5928758229093148,11.296616123195816,11.196457909705138,0.0
0.846,0.16395242629341822,-0.0809999860101864,0.04126412741169547,0.0,0.6716782927957763,0.5879119308323594,11.253999167821217,11.196457909705138,0.0
0.847,0.16146506878733896,-0.08043718703529285,0.061997192517834504,0.0,0.6713397473132149,0.5865739836278728,11.151356452902906,11.196457909705138,0.0
0.848,0.16006832323806164,-0.07967091057578961,0.11376956454501216,0.0,0.6708225992376644,0.5909523753028666,11.17342780365578,11.196457909705138,0.0
0.849,0.1620280123333446,-0.08012717656138724,0.10296419022906864,0.0,0.6708528571601795,0.5929053648518066,11.287948198757189,11.196457909705138,0.0
0.85,0.16349578962531378,-0.08101220232842601,0.04478908978784403,0.0,0.6711681784198551,0.5882330153215649,11.271742207688112,11.196457909705138,0.0
0.851,0.16128143330829048,-0.08063524475370236,0.05213924234255271,0.0,0.6709344170096493,0.5857079576235374,11.162884484606924,11.196457909705138,0.0
0.852,0.1593073878392534,-0.07973731898070593,0.10690383813412899,0.0,0.6703765237113785,0.5895576350042423,11.15551946386904,11.196457909705138,0.0
0.853,0.1608369453702028,-0.07996297782049677,0.11099573296143217,0.0,0.6702931892111125,0.5926810260070424,11.268302971247603,11.196457909705138,0.0
0.854,0.16283825914584013,-0.08092392825406974,0.05388552865672534,0.0,0.6706339752204484,0.5889558540977344,11.28931934158226,11.196457909705138,0.0
0.855,0.16125395711944385,-0.0808522325887746,0.042448729170625796,0.0,0.6705506694104013,0.5851446184405271,11.18195477538829,11.196457909705138,0.0
0.856,0.15876608969026662,-0.07984667596915909,0.09627604361077947,0.0,0.6699846763441338,0.5879993707482591,11.140899476182634,11.196457909705138,0.0
0.857,0.15961778509670474,-0.07978657104411277,0.11735927754883246,0.0,0.6697642018397072,0.5921743659383756,11.243478688069173,11.196457909705138,0.0
0.858,0.16201095006504324,-0.08077442266928361,0.06559946382192264,0.0,0.670092539032754,0.5897506711172442,11.302352645301239,11.196457909705138,0.0
0.859,0.16122911648049748,-0.0810143318358504,0.03510353784992852,0.0,0.6701621845164536,0.5848751591218638,11.202341109860562,11.196457909705138,0.0
0.86,0.15838756420431882,-0.07997954874678861,0.08505047356871277,0.0,0.6696210890207828,0.5865980374777117,11.131899772002809,11.196457909705138,0.0
0.861,0.15852239551713906,-0.07966134243045522,0.12091672387461261,0.0,0.669281736046358,0.591497089657697,11.219393303295972,11.196457909705138,0.0
0.862,0.1611285658688146,-0.08059859150847296,0.07694060429212297,0.0,0.6695725030491192,0.5903909352395522,11.30903357456593,11.196457909705138,0.0
0.863,0.1611169367078941,-0.081096181138949,0.03099471200853572,0.0,0.6697689402783622,0.5848375269193464,11.221685613242238,11.196457909705138,0.0
0.864,0.15810029501716819,-0.08012503494103468,0.07441641563501075,0.0,0.6692785909745849,0.5854266637702042,11.126284060265517,11.196457909705138,0.0
0.865,0.15757380307956595,-0.0795827805943084,0.12281893061776754,0.0,0.6688462537701106,0.590825659313666,11.196582087591024,11.196457909705138,0.0
0.866,0.16028722213036853,-0.08043746129971019,0.08766867517615544,0.0,0.669096487261491,0.590987227318965,11.30832412483263,11.196457909705138,0.0
0.867,0.16099139312700655,-0.08115416344841107,0.03067899440407716,0.0,0.6694081446335667,0.5851899749232374,11.24233843786699,11.196457909705138,0.0
0.868,0.1580131311082209,-0.08031331445390638,0.06321303260527836,0.0,0.6690092506179792,0.5844869050461761,11.132887614905593,11.196457909705138,0.0
0.869,0.1567957889645904,-0.07955915966334032,0.11857414703397257,0.0,0.6685053904792272,0.5896827599760179,11.17432405455324,11.196457909705138,0.0
0.87,0.15922784177907287,-0.08020234935264176,0.09807726576166795,0.0,0.6686497942610635,0.5912206760837304,11.294882080039118,11.196457909705138,0.0
0.871,0.1606176692653856,-0.08105538704486479,0.03681401131538947,0.0,0.6690209515247387,0.5859566912871381,11.26523698804639,11.196457909705138,0.0
0.872,0.15806981266583342,-0.08050714639926834,0.05094876652834118,0.0,0.6687597577344496,0.583717838815274,11.147929352561471,11.196457909705138,0.0
0.873,0.15615259900036604,-0.07956953159058672,0.11008786984223701,0.0,0.6682031428535041,0.5882261209611724,11.148467477478606,11.196457909705138,0.0
0.874,0.15804757146341025,-0.07990402443942365,0.11029871170593482,0.0,0.6681991880367015,0.5914320958686644,11.271121230935888,11.196457909705138,0.0
0.875,0.16018005368710114,-0.08094388696702598,0.04822520176498632,0.0,0.6686272661418764,0.5872712599716102,11.291356155741575,11.196457909705138,0.0
0.876,0.15840297141143414,-0.08078201853041633,0.03715875690177868,0.0,0.6685682486935253,0.583189545511796,11.17111965351803,11.196457909705138,0.0
0.877,0.1557378543248483,-0.07961706645859508,0.09753039057542214,0.0,0.6679804355004934,0.5865370369626284,11.12433933434613,11.196457909705138,0.0
0.878,0.15679020132411783,-0.07959158589171692,0.12164173591496202,0.0,0.6677949994302099,0.5913971202589022,11.242744075553105,11.196457909705138,0.0
0.879,0.15956650435990447,-0.08078105370060874,0.061976503652994924,0.0,0.668245211561229,0.5886534927523644,11.313004734886018,11.196457909705138,0.0
0.88,0.15874640119788808,-0.08097310881058811,0.025680705734729678,0.0,0.6683852711125013,0.5829513381393726,11.195613865218972,11.196457909705138,0.0
0.881,0.15548204441960156,-0.07967760994788166,0.08438458101311447,0.0,0.6677966838213494,0.5850046674166034,11.110162071943458,11.196457909705138,0.0
0.882,0.15563681608558283,-0.0793525743687599,0.1279734360284881,0.0,0.6674494892619597,0.5909518718848625,11.21458553024323,11.196457909705138,0.0
0.883,0.15877988758890896,-0.08052173144480393,0.07558043067322116,0.0,0.6678635922394909,0.5897263271624175,11.320833192506614,11.196457909705138,0.0
0.884,0.15889963812849256,-0.0810054734115788,0.0212128467135147,0.0,0.6681552504926089,0.5832265011836342,11.221687749842001,11.196457909705138,0.0
0.885,0.15541287591139064,-0.07982913869129901,0.07053326964445235,0.0,0.6676335260836387,0.5837594873393182,11.107457699740749,11.196457909705138,0.0
0.886,0.15470092275510355,-0.07919200002143284,0.12853829679472228,0.0,0.6671589508246515,0.5901177984207777,11.18692811514653,11.196457909705138,0.0
0.887,0.15785639662446904,-0.08020401692369253,0.08889838703741762,0.0,0.6674853574456556,0.5904981588661933,11.311548563011348,11.196457909705138,0.0
0.888,0.15886053846458137,-0.08092811256016968,0.02543725657194683,0.0,0.6678866898000912,0.5842098978118203,11.246381777717243,11.196457909705138,0.0
0.889,0.15568573666619495,-0.08002797897060733,0.05752141053887823,0.0,0.6675128071624292,0.5831137339555686,11.124059874824793,11.196457909705138,0.0
0.89,0.15417358852550278,-0.07919156730875393,0.1194063423339067,0.0,0.6669836924559999,0.5887108874564524,11.156323117587757,11.196457909705138,0.0
0.891,0.15675311682491555,-0.07981377795737933,0.10367606887359856,0.0,0.6671440118582694,0.5910473651436781,11.28569245185188,11.196457909705138,0.0
0.892,0.1586247453202931,-0.08078147205827374,0.038099056320069824,0.0,0.6676221713336465,0.5859299745046258,11.278345237423883,11.196457909705138,0.0
0.893,0.1562655343418202,-0.08035134933594462,0.04095379025688059,0.0,0.6674837853571156,0.5826201592281868,11.15057775058043,11.196457909705138,0.0
0.894,0.15384484915575974,-0.0791974485424714,0.10529633526985421,0.0,0.6669056285905349,0.5869193027544795,11.123554056257426,11.196457909705138,0.0
0.895,0.15548177742519625,-0.07935906425157867,0.11953722096583345,0.0,0.6668445185891785,0.5914495192664141,11.254537105582068,11.196457909705138,0.0
0.896,0.15821836118985852,-0.08061104684609273,0.053464904344742825,0.0,0.6673786431674564,0.5878255845103213,11.309833882611946,11.196457909705138,0.0
0.897,0.15691365751573327,-0.08061785913232826,0.024682756100736183,0.0,0.6674851913378381,0.5822830257888365,11.177644275898928,11.196457909705138,0.0
0.898,0.15363266671199874,-0.07917668357571932,0.09096569579530725,0.0,0.6668682313849438,0.5852321845570505,11.097804842712945,11.196457909705138,0.0
0.899,0.1542555987512041,-0.07898034147132779,0.13187194305822061,0.0,0.6666006974282431,0.5915602568227786,11.224891813219749,11.196457909705138,0.0
0.9,0.15767923660312447,-0.08037179883658756,0.06804411876967248,0.0,0.6671477478250084,0.5894282744785752,11.32460461430846,11.196457909705138,0.0
0.901,0.15741152557015023,-0.08070427257076732,0.016906251179283224,0.0,0.6674495524847835,0.5826409928085576,11.204587473399991,11.196457909705138,0.0
0.902,0.15370882144927084,-0.0792824058067984,0.07683352599656951,0.0,0.666882718430201,0.5840706190202916,11.095387623832575,11.196457909705138,0.0
0.903,0.15338155972860995,-0.07876778288763824,0.13244415363900303,0.0,0.6664731405487824,0.590817467245953,11.193394459419832,11.196457909705138,0.0
0.904,0.15683583241291543,-0.07993369429031166,0.08347137034822806,0.0,0.6669126017615575,0.5905223178100165,11.323613890784177,11.196457909705138,0.0
0.905,0.15756638577635168,-0.08056141043298463,0.01709009485526497,0.0,0.6673359915711282,0.5834425988244976,11.233102446084013,11.196457909705138,0.0
0.906,0.15392106620768603,-0.07938698796249526,0.061979371841558245,0.0,0.66687360686801,0.5831231146280975,11.102807111526483,11.196457909705138,0.0
0.907,0.15266557205900386,-0.07861910326113639,0.12806354710211,0.0,0.6663527891231187,0.5897113580504918,11.16064400505758,11.196457909705138,0.0
0.908,0.15583396823460546,-0.07949172076973111,0.09950323938303657,0.0,0.6666465442679153,0.5914251412336509,11.297712893403114,11.196457909705138,0.0
0.909,0.1575643729035711,-0.0803983883072583,0.02995624537329014,0.0,0.6671733094705898,0.5854736947972621,11.267956219222222,11.196457909705138,0.0
0.91,0.1547253421469568,-0.07974197499168151,0.044119599368565035,0.0,0.6669709813692694,0.5827531058342745,11.132741563724414,11.196457909705138,0.0
0.911,0.15247343716414774,-0.07860083699056192,0.1123640905772765,0.0,0.6663978661348149,0.5878689226910019,11.123674947287821,11.196457909705138,0.0
0.912,0.15459988062469618,-0.07892077919164556,0.11762522841974624,0.0,0.6664402491316093,0.5920556987587077,11.26300530040423,11.196457909705138,0.0
0.913,0.15728078850489172,-0.08019093403495288,0.04729457795455119,0.0,0.6670335890462474,0.5877654171575099,11.303062337911445,11.196457909705138,0.0
0.914,0.15559958787360093,-0.08005238368855105,0.026200014918880105,0.0,0.6671106247227646,0.5825581434268675,11.161200096649832,11.196457909705138,0.0
0.915,0.15241470110000233,-0.0785464208024563,0.0974837136802397,0.0,0.6664949590445596,0.5862649786698306,11.091634281752963,11.196457909705138,0.0
0.916,0.15347806620371338,-0.07845756050587799,0.13331485740819593,0.0,0.6663168284547086,0.5926193336139941,11.23497881510168,11.196457909705138,0.0
0.917,0.1569925012650083,-0.07997794993490402,0.061257381679871964,0.0,0.6669600778584179,0.5896598520316558,11.324134758856998,11.196457909705138,0.0
0.918,0.15630699099585313,-0.08016915771876006,0.015402641310694715,0.0,0.6672488831254565,0.5828477473448159,11.18672721245579,11.196457909705138,0.0
0.919,0.15252116050266115,-0.07856248466801868,0.08420372148379238,0.0,0.6666489512836864,0.5851819861276558,11.086276511377053,11.196457909705138,0.0
0.92,0.15264831077765634,-0.07815753938529776,0.13553088600644164,0.0,0.6663139592537862,0.5921289403086138,11.206761021719068,11.196457909705138,0.0
0.921,0.15628535766094256,-0.07950420952450071,0.07518559971529477,0.0,0.6668593450131113,0.5907976430768221,11.322351100566932,11.196457909705138,0.0
0.922,0.1565103597545353,-0.07998383881149299,0.016131628382744678,0.0,0.6672563549935013,0.5837731503990105,11.212447454756036,11.196457909705138,0.0
0.923,0.15278804024654832,-0.07865142973831009,0.07092355583768345,0.0,0.6667598534171515,0.5845201648872025,11.082154598365,11.196457909705138,0.0
0.924,0.15210636725693985,-0.07798053470820443,0.1372130171466034,0.0,0.666327229084676,0.5919245100721491,11.18108305639447,11.196457909705138,0.0
0.925,0.15580693860729794,-0.07916913813341897,0.08790253666497447,0.0,0.666815757031017,0.5920442312608493,11.316848547209144,11.196457909705138,0.0
0.926,0.15684267106466532,-0.07985709485833525,0.018815884882597667,0.0,0.6673311935070834,0.5850174813772622,11.238094636370178,11.196457909705138,0.0
0.927,0.1532874435117458,-0.07875060528638736,0.05777647303543021,0.0,0.6669638179270202,0.5841229136996702,11.094879835038777,11.196457909705138,0.0
0.928,0.1517519821901096,-0.0778635684340401,0.13039965444779464,0.0,0.6664572139791659,0.5910133577755136,11.147953443565342,11.196457909705138,0.0
0.929,0.15501533395905745,-0.07867022041391428,0.10434789484590985,0.0,0.6667879169199907,0.5931978483708557,11.29623539756881,11.196457909705138,0.0
0.93,0.1570064609680748,-0.07965223649165452,0.02920914296553953,0.0,0.6674039538750199,0.5870058246366219,11.27270183716195,11.196457909705138,0.0
0.931,0.15410303120564595,-0.07898579196944816,0.040213483894401006,0.0,0.667256055702903,0.58379576053625,11.125471423529499,11.196457909705138,0.0
0.932,0.1516000600217392,-0.07767155992020845,0.1145385555723831,0.0,0.666664039857766,0.5892039200365985,11.111972463286898,11.196457909705138,0.0
0.933,0.15380951625456404,-0.07795766180778055,0.12213289015786566,0.0,0.6667166550753032,0.593836118192572,11.262563905494638,11.196457909705138,0.0
0.934,0.15672131370170408,-0.07934607066807564,0.04617610909610104,0.0,0.6673770925424405,0.5892809656351958,11.303318090922108,11.196457909705138,0.0
0.935,0.15497564389668292,-0.07918030063033753,0.024730414570196133,0.0,0.6674838522143725,0.5838690551460628,11.149608667331336,11.196457909705138,0.0
0.936,0.15169933443912362,-0.07754967119026948,0.10205361878932033,0.0,0.6668610333321677,0.5880719584246804,11.082011005891143,11.196457909705138,0.0
0.937,0.1530034308197318,-0.07749147912605288,0.13699691854755652,0.0,0.6667306918333822,0.5946866067219878,11.240304246215576,11.196457909705138,0.0
0.9380000000000001,0.15668496573413884,-0.07913603052321674,0.05741183502023575,0.0,0.6674563318885361,0.5911310359773196,11.324695524914537,11.196457909705138,0.0
0.9390000000000001,0.15573276697618502,-0.07923727572207354,0.013933819518661322,0.0,0.6677485423216103,0.5841584126552527,11.169012270450665,11.196457909705138,0.0
0.9400000000000001,0.15183908972342142,-0.07744928768196646,0.09204990314314204,0.0,0.66711657824277,0.5873586045726329,11.074952017142728,11.196457909705138,0.0
0.9410000000000001,0.15239988668342702,-0.07713325572987197,0.1402950887227347,0.0,0.6668509461292226,0.5946007660297733,11.218150364171684,11.196457909705138,0.0
0.9420000000000001,0.15625974748739274,-0.07867696905353101,0.06847899066359092,0.0,0.6675090621578674,0.592290948768707,11.32375636078274,11.196457909705138,0.0
0.9430000000000001,0.1560296160791744,-0.07901505575609745,0.014403007847287097,0.0,0.6678921372615868,0.5851116407703534,11.185153598249773,11.196457909705138,0.0
0.9440000000000001,0.15217357642817608,-0.07742445135176945,0.0838174322283243,0.0,0.6673406267035973,0.5872867806398119,11.07242516619532,11.196457909705138,0.0
0.9450000000000001,0.15220756752665116,-0.0769425092576378,0.14142197569064913,0.0,0.6670246736020411,0.5947893115862286,11.197907315397423,11.196457909705138,0.0
0.9460000000000001,0.15611910449553576,-0.07831955648672682,0.07866640703267479,0.0,0.6676468635214236,0.5936009069852552,11.332683827729651,11.196457909705138,0.0
0.9470000000000001,0.15648978747900733,-0.07884222458260792,0.009915891686315334,0.0,0.6681317170070261,0.5856569010763046,11.203850659877766,11.196457909705138,0.0
0.9480000000000001,0.15234206215335055,-0.07730357406451563,0.0742585481105318,0.0,0.6675992063152245,0.5867809350825937,11.063056192197342,11.196457909705138,0.0
0.9490000000000001,0.15173578683091768,-0.07660031859912374,0.14598979912582166,0.0,0.66717037849722,0.5950115386987243,11.178790547045812,11.196457909705138,0.0
0.9500000000000001,0.1558815151089863,-0.07795461626613726,0.08829929532817972,0.0,0.6677634991206542,0.5948508383797361,11.326300457755435,11.196457909705138,0.0
0.9510000000000001,0.15688826943479015,-0.07866318618827244,0.013245914492865413,0.0,0.6683456373646112,0.5870172676080244,11.219659893558013,11.196457909705138,0.0
0.9520000000000001,0.15293471811591358,-0.07732105437681047,0.06633417675304754,0.0,0.6679314845085187,0.5870604685831868,11.070278009146358,11.196457909705138,0.0
0.9530000000000001,0.15179154834178785,-0.07648333648757043,0.14228691796446286,0.0,0.6674843393858501,0.5949680662478428,11.160190349600876,11.196457909705138,0.0
0.9540000000000001,0.15566217748622038,-0.07758192582625005,0.09769342333824652,0.0,0.668001890548061,0.5959381769091399,11.319203045643526,11.196457909705138,0.0
0.9550000000000001,0.15719563499744588,-0.078398412207701,0.016959623957537695,0.0,0.6686435252687537,0.588298274600122,11.240514966111474,11.196457909705138,0.0
0.9560000000000001,0.15343180398063969,-0.07727683960455704,0.05586309315950018,0.0,0.6683254684363147,0.5870026015870589,11.076462229451112,11.196457909705138,0.0
0.9570000000000001,0.15164609314682556,-0.07622613563003511,0.13908941829222185,0.0,0.6678052882746475,0.5947293411461896,11.13618364545845,11.196457909705138,0.0
0.9580000000000001,0.15528625475079838,-0.07708698995658568,0.10983145293101948,0.0,0.668215001100726,0.5971624744074057,11.30312351210025,11.196457909705138,0.0
0.9590000000000001,0.15749362944243958,-0.0781748181638627,0.02529486358616867,0.0,0.6689381085298528,0.5901804108507456,11.26368284286231,11.196457909705138,0.0
0.96,0.15424212757167732,-0.07736453811855024,0.044342948873566324,0.0,0.6687906897733439,0.5872892586204268,11.09758360940124,11.196457909705138,0.0
0.961,0.1518234607820257,-0.07599571021468844,0.1283813086071403,0.0,0.6682264294004825,0.593959756783462,11.114540378857857,11.196457909705138,0.0
0.962,0.15472798008869246,-0.07648172775134755,0.12072209918730503,0.0,0.6684527950892817,0.5978801986677603,11.281924434440237,11.196457909705138,0.0
0.963,0.15745073021631525,-0.07781772379885611,0.03617540614876416,0.0,0.6691906677874904,0.5919372314714959,11.280141999618746,11.196457909705138,0.0
0.964,0.15490488113164413,-0.07733608596504389,0.03622978266037369,0.0,0.669194116374057,0.5878210675119312,11.111567030034651,11.196457909705138,0.0
0.965,0.15209770558762287,-0.07577413319348493,0.12136617624912574,0.0,0.6686186052794771,0.5937646551556215,11.098849032100572,11.196457909705138,0.0
0.966,0.15449625308946408,-0.07602911836314592,0.1287012639922108,0.0,0.668738671955103,0.5987199166606942,11.269042543655102,11.196457909705138,0.0
0.967,0.15757932685518786,-0.07753557137327599,0.042878661875446325,0.0,0.6695054180930909,0.5933626689333362,11.291600324992938,11.196457909705138,0.0
0.968,0.15546055224456423,-0.07723174088338876,0.030648347053650243,0.0,0.6696112789605555,0.5883946079281085,11.119189723806397,11.196457909705138,0.0
0.969,0.15235794959114254,-0.07552261279876032,0.11762632950590848,0.0,0.6690247818563406,0.5939439188738866,11.087871393470225,11.196457909705138,0.0
0.97,0.15444965264898794,-0.07564245133356239,0.13437135983634335,0.0,0.6690821390767995,0.5995907091635935,11.261843568189134,11.196457909705138,0.0
0.971,0.15778603322583562,-0.07726263926458353,0.046731415892049044,0.0,0.6698754618912474,0.5945246271763239,11.298888454972456,11.196457909705138,0.0
0.972,0.15590562579270448,-0.07705294933622432,0.027184667047714772,0.0,0.6700435764540937,0.5890109513592052,11.122309253778488,11.196457909705138,0.0
0.973,0.15260261014112866,-0.07524270745726022,0.1162157542039655,0.0,0.6694464822715412,0.5943988693030561,11.080789375686175,11.196457909705138,0.0
0.974,0.15454226216912922,-0.07529197344086083,0.1381323785903115,0.0,0.669471410978615,0.6004624119656063,11.258474501151419,11.196457909705138,0.0
0.975,0.15804084271100488,-0.07698544064842189,0.04866964994322677,0.0,0.6702859898142319,0.5954965794982396,11.302157535547549,11.196457909705138,0.0
0.976,0.15626726917466194,-0.0768189170431585,0.025771136486737622,0.0,0.6704872752508958,0.589714657861845,11.121967266064848,11.196457909705138,0.0
0.977,0.1528659209980959,-0.07495103193102595,0.11661117766449086,0.0,0.6698864378539717,0.5951088591609328,11.077836258626357,11.196457909705138,0.0
0.978,0.1547771736664177,-0.07497608522026315,0.1398628978945241,0.0,0.6699065390395867,0.6013085941286644,11.258386340119674,11.196457909705138,0.0
0.979,0.15833025451611252,-0.07669997536478618,0.04896857284372014,0.0,0.6707339809864185,0.5962877463935125,11.300845734393647,11.196457909705138,0.0
0.98,0.15654491267772228,-0.07653293757089251,0.02669499745984874,0.0,0.6709409809062781,0.5905424959955609,11.118297816307749,11.196457909705138,0.0
0.981,0.15316712761693613,-0.07465652876029406,0.11875055743677185,0.0,0.6703480212031295,0.5960950209189932,11.079825824798974,11.196457909705138,0.0
0.982,0.15517141413838967,-0.07470195805722638,0.139152874040221,0.0,0.6703933712734078,0.6021024472384099,11.261920697272481,11.196457909705138,0.0
0.983,0.15864571549249384,-0.07640169611560993,0.047450809927793644,0.0,0.671221445862053,0.5968602854307744,11.294077863803887,11.196457909705138,0.0
0.984,0.15671640426298414,-0.07618391124277232,0.030396027121103508,0.0,0.6714015430944741,0.5915131090439424,11.110503268280015,11.196457909705138,0.0
0.985,0.15350705323675398,-0.07436217846745286,0.1230428712972908,0.0,0.670830700208413,0.5974140962070733,11.087530979655337,11.196457909705138,0.0
0.986,0.1557524899596685,-0.0744860872723966,0.13561828491012745,0.0,0.6709388876235681,0.6028456358711524,11.2704813808247,11.196457909705138,0.0
0.987,0.15899885905619554,-0.07609174749201486,0.04340284961425056,0.0,0.6717547937997241,0.5971407420582753,11.281425346215316,11.196457909705138,0.0
0.988,0.1567500035026237,-0.07575059722593973,0.03708119255384053,0.0,0.6718650368455126,0.5925945381224735,11.09648502028348,11.196457909705138,0.0
0.989,0.15385584377046302,-0.07405926627082916,0.13055108441397573,0.0,0.6713270002907404,0.5991547525750516,11.100889915281355,11.196457909705138,0.0
0.99,0.1565523207811122,-0.0743527511964095,0.1293043168592756,0.0,0.6715479854880683,0.6036077445087835,11.2867495409564,11.196457909705138,0.0
0.991,0.15943768098646294,-0.0757896477079213,0.035471587709240526,0.0,0.672347295126047,0.5970379783854357,11.263385456134156,11.196457909705138,0.0
0.992,0.15661917737993483,-0.0752090598157049,0.046484354656072494,0.0,0.6723314635546342,0.5936937404926443,11.073496182229391,11.196457909705138,0.0
0.993,0.15415808991021057,-0.07371647711409161,0.14265860888321227,0.0,0.6718244131328283,0.601393918113112,11.11956188306727,11.196457909705138,0.0
0.994,0.15758570985905354,-0.07432144835088628,0.12039471873065154,0.0,0.6722195581783131,0.6044609534012295,11.312735300955833,11.196457909705138,0.0
0.995,0.1599978016300102,-0.0755299562749192,0.022645235873863245,0.0,0.6730087784073371,0.5964999415570456,11.239748406649294,11.196457909705138,0.0
0.996,0.15631748065187037,-0.07454349468694833,0.05870577805769088,0.0,0.672802379575123,0.5947870636142767,11.042264705579026,11.196457909705138,0.0
0.997,0.15441863994408064,-0.07328974396094033,0.15898956063408629,0.0,0.6723172848678721,0.6040675135122033,11.144293162699332,11.196457909705138,0.0
0.998,0.15881375732129405,-0.07437945089702588,0.10849697954399098,0.0,0.6729411498913687,0.6053119358853669,11.343786984310146,11.196457909705138,0.0
0.999,0.16058966325859717,-0.0753430102968136,0.00727677799253415,0.0,0.6737221651144478,0.5957136076844732,11.208741435544145,11.196457909705138,0.0
1.0,0.15592135068461027,-0.07379229730275932,0.07467671711714478,0.0,0.6732850319717858,0.59611068258771,11.01325825191217,11.196457909705138,0.0
1.0010000000000001,0.15482491335123674,-0.07277331485908388,0.17425030551106185,0.0,0.6728347386948498,0.6067773569993731,11.179409377762266,11.196457909705138,0.0
1.002,0.16008104809470078,-0.07445801195253934,0.09134522790544267,0.0,0.6736916486914906,0.6056279010265042,11.356620717869747,11.196457909705138,0.0
1.0030000000000001,0.16084295009302435,-0.07517453941474089,0.0011379297700558344,0.0,0.674409893141088,0.595554081759369,11.166156341633389,11.196457909705138,0.0
1.004,0.1557841532605401,-0.07309673566359058,0.09667313356895234,0.0,0.6738132075317637,0.5985345009346958,11.013266284345189,11.196457909705138,0.0
1.0050000000000001,0.1559364955267406,-0.07240503029313201,0.1749500784666519,0.0,0.6735189228476655,0.6087449759147087,11.221236596059418,11.196457909705138,0.0
1.006,0.16114316244840052,-0.07448025244784882,0.07071713574599456,0.0,0.6745103056207019,0.6050853718413407,11.35084363009597,11.196457909705138,0.0
1.0070000000000001,0.16057694863184857,-0.07477849312360618,0.004369761523810564,0.0,0.6750486439618839,0.5957493349044167,11.12815177876291,11.196457909705138,0.0
1.008,0.15568046841550703,-0.07235771619366196,0.11639874849976298,0.0,0.6743302769062038,0.6009203484905121,11.025498210893117,11.196457909705138,0.0
1.0090000000000001,0.15703713660386198,-0.07203377400305322,0.1694351294227793,0.0,0.6741894220430339,0.6100179377413193,11.248764772275926,11.196457909705138,0.0
1.01,0.16187824502670073,-0.07431836266694017,0.05727878010566677,0.0,0.6752269557661953,0.6048051651019879,11.316255332922255,11.196457909705138,0.0
1.0110000000000001,0.16039359176837859,-0.07432613975647452,0.02233552555033122,0.0,0.6756174684463174,0.5977069515336337,11.102749706894565,11.196457909705138,0.0
1.012,0.15648728006945137,-0.0720527299693837,0.13002542059228184,0.0,0.6750089556541164,0.603967779344594,11.081405084332024,11.196457909705138,0.0
1.0130000000000001,0.15869690358025731,-0.0720568157083081,0.14184826012728352,0.0,0.6751105604513843,0.6094831647904907,11.28144855503406,11.196457909705138,0.0
1.014,0.16193713016600095,-0.07370276075763753,0.04097661832297608,0.0,0.6759345564115519,0.602908734488377,11.247503941790791,11.196457909705138,0.0
1.0150000000000001,0.15924586840586416,-0.073198098709015,0.05743846462375429,0.0,0.6759467374696496,0.6002221073830929,11.036131198898913,11.196457909705138,0.0
1.016,0.1571911384363151,-0.07183055116865691,0.16472810317775582,0.0,0.6755436541024561,0.609641710551128,11.147621944846186,11.196457909705138,0.0
1.0170000000000001,0.16160785072338676,-0.07284594889512455,0.10947108985270856,0.0,0.6762482086141003,0.6104214915630717,11.357813914087009,11.196457909705138,0.0
1.018,0.16308535937434324,-0.07375500046724631,0.002761545188478487,0.0,0.6770501274714434,0.5998899113164362,11.176697066347792,11.196457909705138,0.0
1.0190000000000001,0.15791704625778125,-0.07184612975120537,0.09351757749166038,0.0,0.6764996301239028,0.6021252295095223,10.992740449879978,11.196457909705138,0.0
1.02,0.15770004610540952,-0.07095404175107985,0.18753306032381895,0.0,0.6761486733575716,0.6134882958226465,11.219381434257057,11.196457909705138,0.0
1.0210000000000001,0.16340541454714352,-0.07315581094802465,0.07398333288976018,0.0,0.6772202343908509,0.6096195744516428,11.357978166196638,11.196457909705138,0.0
1.022,0.16285234182944006,-0.07351984458584272,0.0030697643550548492,0.0,0.6778157931918926,0.599697777739955,11.11302004773861,11.196457909705138,0.0
1.0230000000000001,0.15770422972114992,-0.07090763250932688,0.12638320220373406,0.0,0.6770686327768665,0.6056620920329769,11.031623671671804,11.196457909705138,0.0
1.024,0.159426517605638,-0.0706152834600219,0.16872973261747037,0.0,0.6769865835579864,0.6141393100338416,11.259615264975382,11.196457909705138,0.0
1.025,0.16399000098380223,-0.07290536432443477,0.054102362412978874,0.0,0.6780152934466598,0.6082433649933472,11.276019874394613,11.196457909705138,0.0
1.026,0.1620731182221295,-0.07275545627956818,0.04510443805646855,0.0,0.6783121471488366,0.6034528794061641,11.06276524684011,11.196457909705138,0.0
1.027,0.15922354816501483,-0.07091629111211224,0.1530686784623706,0.0,0.6778994578341058,0.611431457314797,11.131780529600134,11.196457909705138,0.0
1.028,0.16264660689058014,-0.07140851655176352,0.11920781088340882,0.0,0.6783984316917478,0.6133615385029655,11.352264535231404,11.196457909705138,0.0
1.029,0.164404690743374,-0.07240080333301417,0.007407741812510929,0.0,0.6791447455739836,0.6030299513995204,11.170550691030108,11.196457909705138,0.0
1.03,0.15941796786813006,-0.07064939846794326,0.09852373609990911,0.0,0.6785806919546808,0.6055130348117712,10.986077542555272,11.196457909705138,0.0
1.031,0.15944737450888763,-0.06979411575616751,0.19286411400882605,0.0,0.6782447849888891,0.6171045841887377,11.225927718369165,11.196457909705138,0.0
1.032,0.1653088668355929,-0.07213453525420402,0.07264432801523889,0.0,0.6793676226292744,0.6126913376035144,11.345433405026512,11.196457909705138,0.0
1.033,0.1644941651854481,-0.07247813855483426,0.011401729733352017,0.0,0.679951244015188,0.6034454435945633,11.094780373148918,11.196457909705138,0.0
1.034,0.1596995621267312,-0.06984288353738846,0.13774502103771108,0.0,0.6792585997766902,0.6102119484713545,11.060649321864908,11.196457909705138,0.0
1.035,0.16193583652506252,-0.06972314465759206,0.15616863255811853,0.0,0.6793250517231179,0.6167017665764145,11.281017042159462,11.196457909705138,0.0
1.036,0.16560528577081496,-0.0716843981470771,0.04513918108629818,0.0,0.68025077555805,0.6097704956154575,11.220678139821764,11.196457909705138,0.0
1.037,0.16290429655729347,-0.07114753464028732,0.07506642995398076,0.0,0.6803121323927517,0.6083610193301974,10.994331428731794,11.196457909705138,0.0
1.038,0.16154500967363422,-0.06994143656071278,0.19026105030869941,0.0,0.6800991037617716,0.6195932737723432,11.19905854289801,11.196457909705138,0.0
1.039,0.16697784668499085,-0.07155604817162169,0.08787148689366263,0.0,0.6812202716961,0.6166549967878893,11.367562995245214,11.196457909705138,0.0
1.04,0.16670767526568683,-0.072028558953261,0.001908209864660032,0.0,0.6819713252084216,0.6057746466825106,11.11150448644344,11.196457909705138,0.0
1.041,0.16111496826569308,-0.06927516683809888,0.13078699849816378,0.0,0.6812516401184887,0.6117062325146836,11.032134168501058,11.196457909705138,0.0
1.042,0.1627312478187497,-0.06879206389437621,0.17211539488139588,0.0,0.6811714747181083,0.6199963091496308,11.269505312510217,11.196457909705138,0.0
1.043,0.1671136221350234,-0.07105227566443208,0.05269934884876523,0.0,0.6821817878454045,0.6134344141743635,11.241153428141176,11.196457909705138,0.0
1.044,0.16482489738542722,-0.07071825643792666,0.0664283358489253,0.0,0.6823755359298279,0.6106296725053151,11.006037009934708,11.196457909705138,0.0
1.045,0.16288239613353128,-0.06925552866240768,0.1858907539498637,0.0,0.6821118751758621,0.6213191438229279,11.190571353975923,11.196457909705138,0.0
1.046,0.1679126628485499,-0.07054795328831934,0.09368244748654868,0.0,0.6831003216156599,0.6190030096902379,11.369048886431868,11.196457909705138,0.0
1.047,0.16782372726725223,-0.07109957490430593,0.0027177714913088347,0.0,0.6838060641297082,0.6079933879010463,11.107541811353384,11.196457909705138,0.0
1.048,0.16223695824748013,-0.06837588650986733,0.13436047001406828,0.0,0.6830351482738842,0.6141593013759967,11.035905414234302,11.196457909705138,0.0
1.049,0.1640136375110437,-0.06792502646091515,0.1717841935283178,0.0,0.6829355576296976,0.6221804121100197,11.273780960974337,11.196457909705138,0.0
1.05,0.1682984278587592,-0.07018749427785208,0.0520731896456082,0.0,0.6839014171836841,0.615393444898368,11.220831456134286,11.196457909705138,0.0
1.051,0.1658964173854885,-0.06977839029574082,0.07830420660134199,0.0,0.6840243679449054,0.6137713513227752,10.98803547017939,11.196457909705138,0.0
1.052,0.16456865976294996,-0.06849686167087025,0.1967864239740474,0.0,0.6838359371635309,0.6252165291560501,11.220306130855466,11.196457909705138,0.0
1.053,0.17007765181321893,-0.07019019193016135,0.08041261142450641,0.0,0.6850099488583918,0.6208931378719291,11.35260403769419,11.196457909705138,0.0
1.054,0.16907094407501702,-0.07047375871788916,0.012702196725253662,0.0,0.6856484792994118,0.6110009071659883,11.0880830152263,11.196457909705138,0.0
1.055,0.16391784992420017,-0.06759839300927067,0.1460464569039875,0.0,0.6849148077299103,0.6180634986206052,11.084017175229592,11.196457909705138,0.0
1.056,0.16622970249591362,-0.06739542896766718,0.14920378424709674,0.0,0.6849671900753305,0.623054492454368,11.31860541487861,11.196457909705138,0.0
1.057,0.16915048568619673,-0.06904872222058873,0.030688189370853255,0.0,0.6856973254678222,0.6141851688042644,11.157997745680863,11.196457909705138,0.0
1.058,0.16533991643184204,-0.06787744807155498,0.11137662560996936,0.0,0.6853221418671316,0.6167850454433677,10.983269163494297,11.196457909705138,0.0
1.059,0.16590876342545607,-0.06708192226185294,0.20087280416536057,0.0,0.6851686691928434,0.6280244324753521,11.258832269213874,11.196457909705138,0.0
1.06,0.17161199042876238,-0.06955632519681373,0.06246750771048468,0.0,0.6864346220701254,0.6213833226406918,11.28419090452492,11.196457909705138,0.0
1.061,0.169557814308807,-0.06948614131926548,0.04891086010676421,0.0,0.686877404420333,0.6157087324485935,11.040933556415887,11.196457909705138,0.0
1.062,0.16635835665376728,-0.06717811921041357,0.17209477769417325,0.0,0.6864552689231118,0.6246630755022322,11.174328313395618,11.196457909705138,0.0
1.063,0.170067212021978,-0.06786179108021016,0.10561869516740276,0.0,0.6870690654077429,0.6236955937799129,11.359508535057394,11.196457909705138,0.0
1.064,0.17028148013316244,-0.06854905084600511,0.01139807808299223,0.0,0.687593495927218,0.6132002518857228,11.072535066649936,11.196457909705138,0.0
1.065,0.1651377795236566,-0.06600077444066091,0.1561240407172734,0.0,0.6867287662030814,0.6212368990416719,11.06085480410938,11.196457909705138,0.0
1.066,0.16806288508536452,-0.06602329315891556,0.16332020304350836,0.0,0.6867821339900146,0.6273545281212725,11.299242859428272,11.196457909705138,0.0
1.067,0.17170505347482723,-0.06812959503147789,0.04309832588683138,0.0,0.6876733959250135,0.6191979754938856,11.14555697990301,11.196457909705138,0.0
1.068,0.16850949920552546,-0.0672034059546221,0.12045027494748402,0.0,0.6875369325865943,0.6220450701444937,10.986140474161543,11.196457909705138,0.0
1.069,0.1693949022193306,-0.0664651731795952,0.20226170217365333,0.0,0.6876268813325936,0.6326901966262599,11.273025036112951,11.196457909705138,0.0
1.07,0.17476309306396248,-0.06893236921802247,0.05805374993387087,0.0,0.6890511217441468,0.6250171693530399,11.24532263456116,11.196457909705138,0.0
1.071,0.1720821683402079,-0.06851346640243816,0.07141630346120596,0.0,0.6894948841171241,0.6215144128867613,10.996623757197003,11.196457909705138,0.0
1.072,0.169786235160211,-0.06649381659821954,0.197764083668366,0.0,0.6893260221558675,0.6323966819944846,11.229020975563438,11.196457909705138,0.0
1.073,0.17460436349601335,-0.06787241674236327,0.08123984382656559,0.0,0.690434115815407,0.6275397403619022,11.32145089168766,11.196457909705138,0.0
1.074,0.17305849564732237,-0.06800532879652439,0.03377495594462987,0.0,0.6909465402702505,0.6194416337366508,11.05962834182196,11.196457909705138,0.0
1.075,0.16881540445125545,-0.0652276281087886,0.1660545265563117,0.0,0.690291035420892,0.6276812632185939,11.15512215065669,11.196457909705138,0.0
1.076,0.17188151877066024,-0.06556943699166715,0.11872097972943113,0.0,0.6905904199886578,0.6281221899232381,11.351979267717832,11.196457909705138,0.0
1.077,0.17264552948992862,-0.0665189297931509,0.01873720761873289,0.0,0.6910049848894456,0.6179707029143607,11.053745676154325,11.196457909705138,0.0
1.078,0.16789446770097965,-0.06419764308810978,0.16928112573599466,0.0,0.6900981081336979,0.626965746714433,11.07774575108099,11.196457909705138,0.0
1.079,0.17146679817758062,-0.0645156833603236,0.1584682098589037,0.0,0.6902396207305258,0.6318352715609548,11.321401025121261,11.196457909705138,0.0
1.08,0.17465144095340074,-0.06651987208332612,0.03539114168460658,0.0,0.6910712149091311,0.6224870594415313,11.096484449121974,11.196457909705138,0.0
1.081,0.17082887031840963,-0.06511016270108834,0.1488491642900821,0.0,0.6907097185386577,0.6283203103178632,11.030031609778964,11.196457909705138,0.0
1.082,0.17311251909594794,-0.06479178492019641,0.18373984696084847,0.0,0.690946772430789,0.635948054265365,11.280702562457279,11.196457909705138,0.0
1.083,0.17720872419667763,-0.0671099496194762,0.05756192409416988,0.0,0.6921810772231872,0.6281805047919825,11.145601879166048,11.196457909705138,0.0
1.084,0.174325629111645,-0.06622641869044574,0.12562082604517635,0.0,0.6923948265398208,0.6304195016988167,11.001699776533217,11.196457909705138,0.0
1.085,0.17498345987378422,-0.06522107964100117,0.199519458693311,0.0,0.6927093486293261,0.6398030420837295,11.290999314648667,11.196457909705138,0.0
1.086,0.17948678458419276,-0.06742003639314512,0.053924275586150414,0.0,0.6941827111816024,0.6310364367603093,11.189242607701331,11.196457909705138,0.0
1.087,0.17606494906312078,-0.06643241832052671,0.10487478207985658,0.0,0.6945014493907994,0.6307757709242598,10.995160808705183,11.196457909705138,0.0
1.088,0.17528270397155862,-0.06475028364320254,0.20392865258793016,0.0,0.6945870885616926,0.6410112947885473,11.288829712918485,11.196457909705138,0.0
1.089,0.17991770175852825,-0.06664663896279502,0.05617048244914577,0.0,0.6959131366338533,0.6324702205556662,11.222816983597085,11.196457909705138,0.0
1.09,0.17655434915408072,-0.0658648073739971,0.08891325637092648,0.0,0.6961475074475464,0.6304114641504316,10.999269669532747,11.196457909705138,0.0
1.091,0.17493576700949864,-0.0638434983703441,0.20265879580481896,0.0,0.6959380398648328,0.64091101257546,11.270891822983833,11.196457909705138,0.0
1.092,0.17959009280908064,-0.06553974981963537,0.06610337994648931,0.0,0.6970062746323518,0.6336529466015589,11.237573132589938,11.196457909705138,0.0
1.093,0.1768714265270237,-0.06514503276482815,0.08235157291458853,0.0,0.6971814979352073,0.6307259626358963,10.99698279979458,11.196457909705138,0.0
1.094,0.17504710819132277,-0.06312717781197714,0.20464149041137336,0.0,0.6968284836369455,0.6415720967461573,11.259591851686622,11.196457909705138,0.0
1.095,0.17990185540980316,-0.06482504395778699,0.07270562504553747,0.0,0.6978023280051034,0.6350102062729662,11.241534937611165,11.196457909705138,0.0
1.096,0.17759313369539692,-0.06466936359943863,0.08128331180420556,0.0,0.6979884953882499,0.6317673003417916,10.995534163934689,11.196457909705138,0.0
1.097,0.1757541811431865,-0.06267736212288849,0.20629293610014815,0.0,0.6976141920811275,0.6427117811106152,11.255033510716746,11.196457909705138,0.0
1.098,0.18067337829407762,-0.06438801580052572,0.07595750669900347,0.0,0.6985798591009051,0.6363778887826386,11.236385067582722,11.196457909705138,0.0
1.099,0.17849741206952882,-0.06430412691908141,0.08488245668723982,0.0,0.6987892358721721,0.6333475994383642,10.993411932711009,11.196457909705138,0.0
1.1,0.17682242249365496,-0.062359818674840854,0.20839948389303764,0.0,0.6984616110138329,0.6443013893894998,11.258476011019981,11.196457909705138,0.0
1.101,0.18176631001349153,-0.06412921870747273,0.07524726372540302,0.0,0.6994762047224734,0.6376845458462497,11.22338696533666,11.196457909705138,0.0
1.102,0.17946227177907562,-0.06396785879615699,0.09252249601074844,0.0,0.6996922111153534,0.6353655268622369,10.99344573585662,11.196457909705138,0.0
1.103,0.17812934617611892,-0.0620973544512347,0.20952323248925386,0.0,0.699450573091716,0.6461209205396766,11.268718581424897,11.196457909705138,0.0
1.104,0.18300484442463336,-0.06395437968789264,0.07116420298791737,0.0,0.7005316160576682,0.6388374763737105,11.202698956520825,11.196457909705138,0.0
1.105,0.18037703947224057,-0.06357881027817013,0.10411160497179667,0.0,0.700716327422992,0.6377360989614247,10.996811286758478,11.196457909705138,0.0
1.106,0.17958798432226508,-0.0618349333651548,0.209051906082437,0.0,0.7005843591442206,0.6480378075462048,11.284358177665197,11.196457909705138,0.0
1.107,0.18428709137455718,-0.06381737692071364,0.06439945794947653,0.0,0.7017312661120461,0.6398101838116457,11.174588723593748,11.196457909705138,0.0
1.108,0.18121138240688675,-0.06308971251956456,0.11950287684631487,0.0,0.7018408524899509,0.6404132327642736,11.016552009178,11.196457909705138,0.0
1.109,0.18116436777423345,-0.061557671393215885,0.20032029305946067,0.0,0.7018385372454414,0.6492802315738223,11.293886191827276,11.196457909705138,0.0
1.11,0.1852220496470579,-0.0635432162707975,0.0606789189136009,0.0,0.7029568837541349,0.6406447585074515,11.141048661439134,11.196457909705138,0.0
1.111,0.1819123878869118,-0.06240497967483865,0.13765177659033204,0.0,0.7029547868309909,0.6432527350968307,11.053958102160395,11.196457909705138,0.0
1.112,0.18278006545956027,-0.06124693014883449,0.18262205430514886,0.0,0.7030976941771985,0.6496481651562271,11.305822257265536,11.196457909705138,0.0
1.113,0.18574690875925776,-0.06304443098569532,0.05559633327697458,0.0,0.7040751593820391,0.6406781348668171,11.10828819205466,11.196457909705138,0.0
1.114,0.18210450077148263,-0.0614636476226173,0.15524506305891733,0.0,0.7038660138591479,0.6453648049247801,11.11210666360428,11.196457909705138,0.0
1.115,0.18386433423654996,-0.06078319070317805,0.15417933974511605,0.0,0.7040874074668345,0.6482181708012849,11.334494571467523,11.196457909705138,0.0
1.116,0.18527905375475956,-0.062097642501465,0.04160501919587041,0.0,0.7047233925684091,0.6382978006112763,11.045273462113228,11.196457909705138,0.0
1.117,0.1809099595589197,-0.059816899980421376,0.1877274183489374,0.0,0.7040397159455275,0.6471270206194804,11.157371426554977,11.196457909705138,0.0
1.118,0.18443580179569613,-0.060173035250703125,0.13206930095956407,0.0,0.7043693112906959,0.6469898004722103,11.287526030312216,11.196457909705138,0.0
1.119,0.18485871540020016,-0.06137674260738654,0.0660813178748738,0.0,0.7047810715431527,0.6401859028346343,11.02036672413599,11.196457909705138,0.0
1.12,0.1820604574419709,-0.05927306823829956,0.20142188281867876,0.0,0.7042278247524401,0.6499629504721774,11.1984866901266,11.196457909705138,0.0
1.121,0.1862448614462321,-0.06047766890366292,0.11234161201915878,0.0,0.7048611502214335,0.6470664662094583,11.206437953223244,11.196457909705138,0.0
1.122,0.1855632199372407,-0.06113201624480613,0.10826618003565602,0.0,0.705201426918128,0.6450822927157523,10.978391451100926,11.196457909705138,0.0
1.123,0.18496941873128747,-0.059619638638062,0.2244700956828571,0.0,0.7051363535856293,0.6562122509996782,11.267215883446612,11.196457909705138,0.0
1.124,0.1901825881639832,-0.061796573243395804,0.0793502997725992,0.0,0.7064453699974271,0.6485181027657054,11.136493888707701,11.196457909705138,0.0
1.125,0.18752861017427502,-0.06122919704227317,0.14531093735202913,0.0,0.7067698892164711,0.6507752083623445,11.047656249815004,11.196457909705138,0.0
1.1260000000000001,0.18846764134542815,-0.059999265863452104,0.19121777339727888,0.0,0.7071580484056152,0.6570993677016831,11.294564388136626,11.196457909705138,0.0
1.127,0.1913341950099578,-0.06175982769890405,0.06678263945215297,0.0,0.708345768723467,0.6483770633401993,11.08462578433493,11.196457909705138,0.0
1.1280000000000001,0.18779440252874535,-0.060074666534586915,0.17287026260670302,0.0,0.7083395132269557,0.6539777940426794,11.155893694083606,11.196457909705138,0.0
1.129,0.18992347623288577,-0.05965167270598021,0.13764194988858072,0.0,0.7088642786408401,0.6538122394624539,11.294247905648257,11.196457909705138,0.0
1.1300000000000001,0.18979264607308255,-0.06048919774584154,0.0674869441468237,0.0,0.7094163697479843,0.646386631431847,11.020228548591028,11.196457909705138,0.0
1.131,0.18648429546291986,-0.05802532623955128,0.20625891628657939,0.0,0.7088912898252627,0.656087870573326,11.214650007183021,11.196457909705138,0.0
1.1320000000000001,0.1903989561773996,-0.05914466475026517,0.10886626601580406,0.0,0.7095366077602028,0.6522018703725074,11.163240923499014,11.196457909705138,0.0
1.133,0.18918749699603,-0.05944218400839313,0.13490297771986873,0.0,0.7097503276148541,0.6527793738925155,11.00925756600048,11.196457909705138,0.0
1.1340000000000001,0.18982045926322488,-0.05822902491968387,0.21376665990618238,0.0,0.7098640031437012,0.6616533965282361,11.282822108155734,11.196457909705138,0.0
1.135,0.19402035954519833,-0.06046480090049626,0.07612074684404921,0.0,0.7111117803320126,0.6532660377862266,11.086732109495593,11.196457909705138,0.0
1.1360000000000001,0.19102766687119127,-0.059183191275834365,0.1752630041762156,0.0,0.7112327091087707,0.6584954952713693,11.153695671040703,11.196457909705138,0.0
1.137,0.1931802455367299,-0.05873961233300937,0.1422088457903048,0.0,0.711828513168903,0.6583200093099524,11.282004518354608,11.196457909705138,0.0
1.1380000000000001,0.19301563845245862,-0.05959147692915141,0.07719895604685766,0.0,0.7124453291218846,0.6514407386286958,11.019210761696597,11.196457909705138,0.0
1.139,0.19000176736967805,-0.05716589295272045,0.21036830585594868,0.0,0.7120372035280735,0.6609396837355606,11.22623287127531,11.196457909705138,0.0
1.1400000000000001,0.19382573712034673,-0.058349073636929205,0.10655950145089067,0.0,0.7127741907193572,0.6562464844063087,11.129324883392083,11.196457909705138,0.0
1.141,0.1922529203637258,-0.05831362032812707,0.15568482565563407,0.0,0.7129524275877772,0.6587494269764183,11.05524927729222,11.196457909705138,0.0
1.1420000000000001,0.19374444391487114,-0.05739081842973391,0.19413471502969537,0.0,0.7132619813506305,0.6645783378072657,11.288145817394504,11.196457909705138,0.0
1.143,0.1965290313985171,-0.059280886586037015,0.07676956590165926,0.0,0.7143406063364606,0.6562692582457994,11.054089759936694,11.196457909705138,0.0
1.1440000000000001,0.19334553018816095,-0.05752324578052355,0.19522127612824866,0.0,0.7142682196973918,0.663480319763244,11.19875734978241,11.196457909705138,0.0
1.145,0.19623602903884954,-0.05778049437671142,0.1228644868046182,0.0,0.7149700516276101,0.6604694826514922,11.192146372685038,11.196457909705138,0.0
1.1460000000000001,0.19497129067408234,-0.05812084362572416,0.12621309072350528,0.0,0.715335482585061,0.6590898529768829,11.00684429377877,11.196457909705138,0.0
1.147,0.1946006478368355,-0.05641070516421051,0.2207602663359031,0.0,0.715334888756049,0.6682795559721039,11.27915851476395,11.196457909705138,0.0
1.1480000000000001,0.19868549685097672,-0.05845928771219422,0.08377614979272494,0.0,0.7164957700743537,0.6600834648890999,11.07301216754433,11.196457909705138,0.0
1.149,0.19577858513244736,-0.05716554735422754,0.1880837808241424,0.0,0.7165581568876714,0.6660273604042944,11.180367673276164,11.196457909705138,0.0
1.1500000000000001,0.19827273872067686,-0.05700540148677375,0.13456693032251543,0.0,0.7172040159293365,0.6641497491719174,11.222803202982801,11.196457909705138,0.0
1.151,0.19737404829888433,-0.057576434031924834,0.1130857125364203,0.0,0.7176619429822384,0.6608205169977699,11.003784600374123,11.196457909705138,0.0
1.1520000000000001,0.19609170570859782,-0.05557983698065524,0.22452174693406934,0.0,0.7175158181113445,0.6704748474886432,11.26936696782273,11.196457909705138,0.0
1.153,0.20025070439676815,-0.057430911247934376,0.09100147262858999,0.0,0.7185733229165405,0.6628772286441589,11.07447433131209,11.196457909705138,0.0
1.154,0.19760908260404608,-0.05637021050994409,0.18966762666784096,0.0,0.7186301275329169,0.6686657702360963,11.17599962328318,11.196457909705138,0.0
1.155,0.20016041972107257,-0.0562082324268009,0.13910956354651485,0.0,0.7192528952650834,0.6670260263459389,11.21639272453982,11.196457909705138,0.0
1.156,0.19939781021544253,-0.056858076738984895,0.11871366476984876,0.0,0.7197225144901893,0.6639839658005836,11.005713993185218,11.196457909705138,0.0
1.157,0.19832523290850343,-0.05492548615541061,0.2259604696123487,0.0,0.7196218823309342,0.6734045381614232,11.27173613182379,11.196457909705138,0.0
1.158,0.20238711065471754,-0.05681936464119808,0.09219661807187612,0.0,0.7207010231629608,0.6656289660272234,11.064013050676799,11.196457909705138,0.0
1.159,0.19968663974139375,-0.05561672323758056,0.197382607235655,0.0,0.7207434633591088,0.671984633090994,11.193875124964967,11.196457909705138,0.0
1.16,0.20242544013356953,-0.05566680620899003,0.13247739793897284,0.0,0.7214347617829101,0.6691892718014572,11.176370649505287,11.196457909705138,0.0
1.161,0.20119228873221845,-0.05603455546751942,0.14143050827081105,0.0,0.7218173458241023,0.6685395053707939,11.029696917460726,11.196457909705138,0.0
1.162,0.20125794184351947,-0.054402467304403304,0.21643498421553603,0.0,0.7219134876275807,0.6761343818816605,11.27265546228566,11.196457909705138,0.0
1.163,0.20454753936521744,-0.05633984879718419,0.09419373627726321,0.0,0.7229889357476348,0.6684216036928576,11.048896692298701,11.196457909705138,0.0
1.164,0.20183911141779418,-0.05476915734427584,0.2075487334448074,0.0,0.7229934113620554,0.6756099333521863,11.220871368493958,11.196457909705138,0.0
1.165,0.20479070739769215,-0.05523145687600137,0.12131726075929086,0.0,0.7237828322439859,0.671109105802679,11.114370897832483,11.196457909705138,0.0
1.166,0.202967045892222,-0.05500781065675952,0.17538836620875475,0.0,0.7240140042033388,0.6741775581480122,11.111289895803688,11.196457909705138,0.0
1.167,0.20466308877716696,-0.054109770788029525,0.17778054736216667,0.0,0.7244323562779216,0.6764799099947295,11.264818587952334,11.196457909705138,0.0
1.168,0.20558746198703237,-0.05546245701163377,0.10033259450537188,0.0,0.7251968842130019,0.669965944614216,11.019348156154047,11.196457909705138,0.0
1.169,0.20314429959794184,-0.053258883236524,0.22483890794002628,0.0,0.7249776428390248,0.6789279941665405,11.245958905173719,11.196457909705138,0.0
1.17,0.20673697134280272,-0.05460140301234234,0.11103852347550447,0.0,0.7258462434707686,0.6727891836849651,11.06198357924595,11.196457909705138,0.0
1.171,0.20464361618544566,-0.0537714600500086,0.20437092974398063,0.0,0.7259093840675658,0.6790218786336575,11.196378092661636,11.196457909705138,0.0
1.172,0.20753899680577703,-0.05393995325571551,0.13717447120657295,0.0,0.7266163137818035,0.6759732582255504,11.140918676023793,11.196457909705138,0.0
1.173,0.20628092223149358,-0.05422463173121151,0.16545957186230803,0.0,0.7269773181840545,0.6772508604965572,11.074545760065794,11.196457909705138,0.0
1.174,0.20732984362607762,-0.0529710681231538,0.1998651513377008,0.0,0.7272892435915395,0.6818106036172775,11.265408340239505,11.196457909705138,0.0
1.175,0.20925472355012406,-0.0545917003505733,0.10374435694550166,0.0,0.7282167559514449,0.6748269742110792,11.023429464640262,11.196457909705138,0.0
1.176,0.20675123763245878,-0.05260542875629862,0.22646407919577166,0.0,0.7281184579370954,0.6833894686231262,11.243786773187551,11.196457909705138,0.0
1.177,0.2101906088703181,-0.05375618219943436,0.11581213628730305,0.0,0.7290326847600733,0.6772836071547583,11.058317759117921,11.196457909705138,0.0
1.178,0.20803424586666447,-0.05287911197725802,0.20992804482799032,0.0,0.7291369174950457,0.6836106175268659,11.204942043355762,11.196457909705138,0.0
1.179,0.21092240285404773,-0.053084609049686066,0.1365310613725634,0.0,0.7298948033739207,0.6799612619711073,11.114564391029658,11.196457909705138,0.0
1.18,0.20941477811330125,-0.053135066094669864,0.1825388227223704,0.0,0.7302154604135562,0.682742174433201,11.11681378453439,11.196457909705138,0.0
1.181,0.21110166678739178,-0.05220069226463782,0.18221056722171197,0.0,0.7306788573036839,0.6845802416329211,11.23645320984636,11.196457909705138,0.0
1.182,0.21175917975951172,-0.05347594520903655,0.1219909015643148,0.0,0.7314293427869554,0.6796045035941825,11.020563752688712,11.196457909705138,0.0
1.183,0.21011368764165783,-0.05140000178898579,0.2316945717133028,0.0,0.7313660996123761,0.6880585675432926,11.2551656889159,11.196457909705138,0.0
1.184,0.21351182475374295,-0.05298153479805992,0.11380652580760126,0.0,0.7323493152153647,0.6812059290254091,11.035608979922909,11.196457909705138,0.0
1.185,0.2112137534887114,-0.0516499837645866,0.2251933696019192,0.0,0.7323866594624932,0.6888550784063188,11.232746246286078,11.196457909705138,0.0
1.186,0.21448101875441733,-0.052415793330917476,0.1262618530545251,0.0,0.7332827387856302,0.683364332123816,11.062564990925818,11.196457909705138,0.0
1.187,0.2124576209227118,-0.051739861699163614,0.2126914099224485,0.0,0.7334581249730479,0.6892640812369673,11.203153800833887,11.196457909705138,0.0
1.188,0.21523710032022259,-0.05179583004023081,0.14233004605712665,0.0,0.7342188632868735,0.6856613717516374,11.105379421346447,11.196457909705138,0.0
1.189,0.21370394879598562,-0.051824602265610316,0.19212802068443355,0.0,0.7345458620821644,0.6888728393555212,11.138536065214147,11.196457909705138,0.0
1.19,0.21558182796760833,-0.05100870194914455,0.17612891719549323,0.0,0.7350712710012501,0.6893160807243685,11.195790275473115,11.196457909705138,0.0
1.191,0.2155929765768516,-0.05201880894542024,0.1475084884083295,0.0,0.7357077339380668,0.6867968351612403,11.03361170161827,11.196457909705138,0.0
1.192,0.21510679733362162,-0.05019625302423472,0.23022623741662088,0.0,0.7358180438035957,0.6940319083297379,11.256764520764598,11.196457909705138,0.0
1.193,0.21802046466410221,-0.051999859448698976,0.1180467617328621,0.0,0.7368574522653246,0.6870622201538575,11.026404800464778,11.196457909705138,0.0
1.194,0.21576708868617755,-0.05022985932310453,0.23492715297517558,0.0,0.736883214985232,0.6951490874661063,11.250471860308986,11.196457909705138,0.0
1.195,0.21901697227646771,-0.051370021275952374,0.12235348354703329,0.0,0.7378582059804435,0.6884979158148911,11.035963320231597,11.196457909705138,0.0
1.196,0.21666159657292458,-0.05010856837987033,0.2312126994804634,0.0,0.7379204192729144,0.6960012010385699,11.237810587752902,11.196457909705138,0.0
1.197,0.21985371538592205,-0.0508340518281769,0.12987553893933307,0.0,0.7388191574667808,0.6901500124238045,11.047169441087785,11.196457909705138,0.0
1.198,0.21769470196702204,-0.04995245494396113,0.226688996958065,0.0,0.7389386724880371,0.6969060811415826,11.226429183170694,11.196457909705138,0.0
1.199,0.22073406828764733,-0.05036969154708645,0.13675941318195495,0.0,0.7397765548741314,0.6917821852646914,11.057094227214424,11.196457909705138,0.0
1.2,0.2187535493697215,-0.04979263270371447,0.22282052798499696,0.0,0.7399506105951252,0.6978687364243726,11.214441727675087,11.196457909705138,0.0
1.201,0.2216508546991081,-0.04992868853512747,0.1439669395749661,0.0,0.740736652589877,0.6934910233916396,11.070235507096612,11.196457909705138,0.0
1.202,0.21987050924026574,-0.049651059079973775,0.2173322738902889,0.0,0.740974419283499,0.6987132195742073,11.197450235762608,11.196457909705138,0.0
1.203,0.22252460768149918,-0.049473752145470576,0.15371498629671648,0.0,0.7416939014577718,0.69539566354631,11.090353942609559,11.196457909705138,0.0
1.204,0.221080225673104,-0.04953712035897741,0.20832417254419666,0.0,0.7420184233846585,0.6993104177071241,11.171420288997224,11.196457909705138,0.0
1.205,0.22330071919748462,-0.0489787026415392,0.16804137555744328,0.0,0.7426399089038846,0.6976302510057621,11.123004490845766,11.196457909705138,0.0
1.206,0.22243304836500985,-0.04947107879501302,0.19298380882176608,0.0,0.7430909747551085,0.6994443938822179,11.127972772943327,11.196457909705138,0.0
1.207,0.22388220781716328,-0.04840971329815517,0.19118451914060358,0.0,0.743556674342666,0.7005067986105178,11.177777717359866,11.196457909705138,0.0
1.208,0.2240747127710188,-0.04947981591431924,0.1664688488557865,0.0,0.744210369387045,0.698802118039823,11.060281243843077,11.196457909705138,0.0
1.209,0.2241102796488043,-0.047787658875201304,0.2265788522728018,0.0,0.7444313885694515,0.7041905448023371,11.230214150348303,11.196457909705138,0.0
1.21,0.22613090673996308,-0.0494475780315376,0.14127483661375728,0.0,0.7453686611874576,0.698855775738926,11.031047835429352,11.196457909705138,0.0
1.211,0.2246660685881964,-0.04757412361094353,0.24251209481599084,0.0,0.7454560504594926,0.7063186878700985,11.249244315226102,11.196457909705138,0.0
1.212,0.22755865683914717,-0.049078057984262034,0.13288599086240588,0.0,0.7464651593427123,0.6996399706093186,11.017821240629063,11.196457909705138,0.0
1.213,0.22543203384423138,-0.047317757244230874,0.2503838948516862,0.0,0.746496813186396,0.7080139208532453,11.260149252957984,11.196457909705138,0.0
1.214,0.22876917867628452,-0.048719873482791075,0.12858297525469745,0.0,0.7475345324637455,0.7005922091001111,11.006449783856707,11.196457909705138,0.0
1.215,0.22628127392375968,-0.0469937253141237,0.25733279106381984,0.0,0.747522411177108,0.7097039703560972,11.272189825963466,11.196457909705138,0.0
1.216,0.22996225783421298,-0.04842572040889934,0.12370545084785747,0.0,0.7485974590868444,0.7014870504982984,10.989244726449977,11.196457909705138,0.0
1.217,0.22713376078539732,-0.04662548481831322,0.26725013243715345,0.0,0.7485309643539153,0.7116734603087098,11.286706051700834,11.196457909705138,0.0
1.218,0.23127976729657854,-0.04822129202556725,0.11761698839176774,0.0,0.7496833012240239,0.7024551413171836,10.979612300071835,11.196457909705138,0.0
1.219,0.22808151893905074,-0.046275647193150825,0.2733323203026003,0.0,0.7495685935043308,0.7132921732469063,11.288163672561199,11.196457909705138,0.0
1.22,0.23243596604830744,-0.047966077125391166,0.11813957642935802,0.0,0.7507544634904498,0.7038947044009288,10.979540302172934,11.196457909705138,0.0
1.221,0.22922805270673147,-0.04599008266893572,0.2746204376988125,0.0,0.7506477359038267,0.7147168065551992,11.287626330940418,11.196457909705138,0.0
1.222,0.23354796415676587,-0.047703217381238616,0.1196657391027178,0.0,0.7518420960542107,0.7053289308841958,10.979988601356233,11.196457909705138,0.0
1.223,0.23036523453360327,-0.04567895553079675,0.2756492969782992,0.0,0.7517384324717846,0.7161003165206544,11.286508121496162,11.196457909705138,0.0
1.224,0.23463065544893585,-0.04742811255601329,0.12148903479042444,0.0,0.752934923702525,0.7067657092188844,10.98079780354983,11.196457909705138,0.0
1.225,0.23149921041274743,-0.04535499651651147,0.27650079482514345,0.0,0.752832770745417,0.7174642211591971,11.284822757678386,11.196457909705138,0.0
1.226,0.23570233022269552,-0.04714658731772223,0.12360466928113312,0.0,0.7540284904265796,0.7082203175701233,10.982059776198415,11.196457909705138,0.0
1.227,0.23264294435087501,-0.04502899311725533,0.27713014135618563,0.0,0.7539293965106547,0.7188157031357684,11.282538513959834,11.196457909705138,0.0
1.228,0.2367729738823805,-0.04686241756089844,0.1260299664329296,0.0,0.7551226031736924,0.7097004696837644,10.983875365492647,11.196457909705138,0.0
1.229,0.23380299043858627,-0.04470585114134322,0.27748736610864777,0.0,0.7550294092746382,0.7201553944309586,11.27959132535985,11.196457909705138,0.0
1.23,0.23784557022780328,-0.04657644960446072,0.12879805201849956,0.0,0.7562183587353477,0.7112107251556025,10.986364297382268,11.196457909705138,0.0
1.231,0.2349820455121055,-0.044387373630684825,0.2775125021305188,0.0,0.7561344419807037,0.7214803139236955,11.275870767883216,11.196457909705138,0.0
1.232,0.2389194373218016,-0.046287963831939734,0.13196513829826412,0.0,0.7573168314602094,0.7127554492706228,10.98969094087395,11.196457909705138,0.0
1.233,0.23618164452043508,-0.044074285443911204,0.2771227214912086,0.0,0.7572459850017617,0.7227846489466023,11.27119822245935,11.196457909705138,0.0
1.234,0.23999194842404356,-0.04599546337081131,0.13562167757096658,0.0,0.7584186095125957,0.7143406419885718,10.994102469421424,11.196457909705138,0.0
1.235,0.23740368430348094,-0.04376727153397436,0.2761931084927669,0.0,0.7583652579952225,0.7240589781103266,11.26529298062619,11.196457909705138,0.0
1.236,0.2410588190717821,-0.04569677027143453,0.13990950218117315,0.0,0.7595236020212508,0.7159752869989564,10.999954903340047,11.196457909705138,0.0
1.237,0.23865119631393672,-0.043467452256680444,0.2745435708878959,0.0,0.759493222564542,0.7252897728732272,11.257764256936671,11.196457909705138,0.0
1.238,0.2421141408651212,-0.04538908067565363,0.1450258306172686,0.0,0.7606310019471655,0.7176714799693554,11.007703389401222,11.196457909705138,0.0
1.239,0.23992837637689668,-0.04317653541566516,0.2719438095880323,0.0,0.7606305778383513,0.7264600129228401,11.248132964550626,11.196457909705138,0.0
1.24,0.24315080439200337,-0.045068986348219986,0.15121227146487531,0.0,0.7617393444909476,0.7194436764602956,11.017613344783433,11.196457909705138,0.0
1.241,0.2412405026759584,-0.04289638629422995,0.268260526997689,0.0,0.7617776903167656,0.7275648312680224,11.236235139116271,11.196457909705138,0.0
1.242,0.24416763357299673,-0.04473699608351367,0.1585518575371585,0.0,0.7628485101181357,0.7212981815657373,11.029036859629736,11.196457909705138,0.0
1.243,0.24259216485832308,-0.04262560617635873,0.2638252077811801,0.0,0.7629349239814599,0.7286450069028497,11.222909395340812,11.196457909705138,0.0
1.244,0.24518349140976878,-0.044406973651010866,0.1666244250692853,0.0,0.7639644433134467,0.7232201708840289,11.041213274229575,11.196457909705138,0.0
1.245,0.24398636544560456,-0.04235639604958932,0.2590249319796595,0.0,0.7641051498994496,0.7297344311091215,11.20824133787331,11.196457909705138,0.0
1.246,0.24621026519417175,-0.04409222692409763,0.17539306587610987,0.0,0.7650946590215714,0.7252312253978269,11.059693571827317,11.196457909705138,0.0
1.247,0.24542665822636126,-0.042113254344126425,0.2510345922778848,0.0,0.76529985136781,0.7305426134990496,11.18799515653434,11.196457909705138,0.0
1.248,0.24711032973393432,-0.0437182199653913,0.1869684274560814,0.0,0.7662119992336859,0.7273466486948467,11.084286337918927,11.196457909705138,0.0
1.249,0.24688447367073088,-0.04186531029393179,0.23994455248164998,0.0,0.7664934661124801,0.7310712114407101,11.155251782910986,11.196457909705138,0.0
1.25,0.2478945615260781,-0.04325565303561783,0.20487389125356226,0.0,0.7672907093762819,0.7299505623898013,11.126197155694301,11.196457909705138,0.0
1.2510000000000001,0.24853250196860027,-0.04174436441371284,0.22010381240201277,0.0,0.767716018232786,0.7309876279388499,11.097291421545714,11.196457909705138,0.0
1.252,0.24848018333830454,-0.042625088787228003,0.2355483443579006,0.0,0.7683144953258505,0.733522251576065,11.20308718050774,11.196457909705138,0.0
1.2530000000000001,0.25051015299458457,-0.04195738965168801,0.18258417216886147,0.0,0.7690243329246852,0.7296589364500178,10.998143068952048,11.196457909705138,0.0
1.254,0.24871139987374574,-0.041539492269190556,0.2870393763542384,0.0,0.7692375635303126,0.738490813318596,11.274959661474245,11.196457909705138,0.0
1.2550000000000001,0.25284178738052066,-0.04274838478638851,0.1478460625754489,0.0,0.7704498159129516,0.7296326788464047,10.98611692653522,11.196457909705138,0.0
1.256,0.24989737265586193,-0.040601672094353954,0.2943708398766611,0.0,0.7704068022888121,0.7396564311953981,11.249601802694869,11.196457909705138,0.0
1.2570000000000001,0.25360232006320016,-0.0426160421060641,0.16209696286693887,0.0,0.7716135130901942,0.7322211443409427,11.02846504520518,11.196457909705138,0.0
1.258,0.2516794108181464,-0.04031131279741401,0.27434527025678257,0.0,0.7716823602019239,0.7395686793260806,11.20093676913121,11.196457909705138,0.0
1.2590000000000001,0.2541180878659937,-0.04210323995890166,0.18806461969950686,0.0,0.7726992353818446,0.735287507320965,11.074248972724106,11.196457909705138,0.0
1.26,0.2535514438411073,-0.040142883455773534,0.25263060727286935,0.0,0.7729527473563027,0.7395879227862117,11.147655680235157,11.196457909705138,0.0
1.2610000000000001,0.25472804638063223,-0.041655593455195365,0.21641527581204367,0.0,0.7737969513448075,0.7387192088463584,11.153258260277148,11.196457909705138,0.0
1.262,0.25558180358390387,-0.040178633287297316,0.2140459822853281,0.0,0.7742922708220131,0.7380411704590457,11.039358198414588,11.196457909705138,0.0
1.2630000000000001,0.2547785680792031,-0.04061072643731704,0.27256701032951386,0.0,0.7747325543609482,0.7440383673558623,11.259929850881928,11.196457909705138,0.0
1.264,0.25808998461406746,-0.04096937483956116,0.16164646468407587,0.0,0.7757636596284182,0.7363211144415688,10.9791014784291,11.196457909705138,0.0
1.2650000000000001,0.2552513427377699,-0.03916538089284552,0.3042342152232499,0.0,0.7757179032595509,0.7466179201329566,11.247191553799203,11.196457909705138,0.0
1.266,0.25922446565552304,-0.04123223269258374,0.16968184109725823,0.0,0.7769517967341467,0.7391884010193518,11.03575133157789,11.196457909705138,0.0
1.2670000000000001,0.25740911935240657,-0.03892686478631328,0.2770090179891872,0.0,0.7770450899622363,0.74601615568646,11.178458229614467,11.196457909705138,0.0
1.268,0.2595844450004329,-0.040675243802274275,0.20583556577180537,0.0,0.7780272047050454,0.7430106734125209,11.109385636551945,11.196457909705138,0.0
1.2690000000000001,0.2596285014227358,-0.038900589630892005,0.2412425850345983,0.0,0.7783978639971683,0.7450273645313643,11.082257316578891,11.196457909705138,0.0
1.27,0.25985454253913876,-0.03996112786838516,0.2559487509523876,0.0,0.7790675322198014,0.7481186365672834,11.234771830848738,11.196457909705138,0.0
1.2710000000000001,0.26223354117176145,-0.03951506194146548,0.17930835460602845,0.0,0.7799196881894269,0.7421308135261722,10.976631068672871,11.196457909705138,0.0
1.272,0.25972999383058126,-0.038242786986735916,0.31057700410428435,0.0,0.7799523566722277,0.7523321239882627,11.251745894112688,11.196457909705138,0.0
1.2730000000000001,0.26391584057084577,-0.04021748543933629,0.1724667115403007,0.0,0.7812318289322907,0.7445262729605622,11.034653986182754,11.196457909705138,0.0
1.274,0.26194304147164016,-0.03784805439673842,0.28263070474049146,0.0,0.7813223844643659,0.7513869628076137,11.167271023604954,11.196457909705138,0.0
1.2750000000000001,0.2640770337300133,-0.039596284468733096,0.21661405489039318,0.0,0.7823059530462838,0.7489527006682419,11.131816737626155,11.196457909705138,0.0
1.276,0.2644089904223654,-0.037926920198023836,0.23498760960058274,0.0,0.782746626185575,0.7495263038040466,11.041669290641567,11.196457909705138,0.0
1.2770000000000001,0.26405226377677427,-0.03861023498876072,0.28160921928351246,0.0,0.7832924505942055,0.7550738149561586,11.260057220514966,11.196457909705138,0.0
1.278,0.2672738973289412,-0.03896149497747129,0.1717792612387144,0.0,0.7843702491280351,0.7472156989949708,10.98681025321442,11.196457909705138,0.0
1.2790000000000001,0.2644474549176158,-0.0369106069896392,0.31049922145389447,0.0,0.7843253459338141,0.7569517946881702,11.212933240626008,11.196457909705138,0.0
1.28,0.26799046421033207,-0.03904769582064363,0.19727297443889213,0.0,0.7855141312796241,0.7514497082725132,11.084629661849425,11.196457909705138,0.0
1.281,0.26715677405088845,-0.036948445368697305,0.26254304630574077,0.0,0.7857815410112635,0.7550558154189727,11.095755024790465,11.196457909705138,0.0
1.282,0.2679137436385754,-0.03824071233732758,0.2579873936843672,0.0,0.7865459623554534,0.7570826267606904,11.226545997415435,11.196457909705138,0.0
1.283,0.2699685084444885,-0.03756959851521854,0.19229102649477914,0.0,0.7873498775092779,0.7515837008052406,10.974981951513465,11.196457909705138,0.0
1.284,0.26762890984140886,-0.03630475351676049,0.32028780902768106,0.0,0.7873910867405656,0.7617295722056314,11.233577442924696,11.196457909705138,0.0
1.285,0.27176810325803913,-0.03842312534650649,0.1906188679898698,0.0,0.7886884315400202,0.7548427187877634,11.06819438981077,11.196457909705138,0.0
1.286,0.27034480740430944,-0.03613167007618717,0.2745930297457765,0.0,0.7888941127197101,0.7595060868732326,11.1100649910535,11.196457909705138,0.0
1.287,0.2714766546152369,-0.037537422617970904,0.254521658310928,0.0,0.7897231099222773,0.7605373576409912,11.217331958932578,11.196457909705138,0.0
1.288,0.27316959004300345,-0.036648185125500124,0.2006794338791149,0.0,0.7904604608317738,0.7556515656541354,10.973851224931453,11.196457909705138,0.0
1.289,0.27097468323657653,-0.03554011243051612,0.3246458677274141,0.0,0.7905225018301119,0.7657611870275302,11.229670391562632,11.196457909705138,0.0
1.29,0.27517010878389403,-0.037669966179591646,0.19640415959324975,0.0,0.7918346655053035,0.7590363522519091,11.076709656473753,11.196457909705138,0.0
1.291,0.2738574818174335,-0.03539823576083587,0.27408200967000307,0.0,0.79207194045186,0.7631285411329376,11.088394954925882,11.196457909705138,0.0
1.292,0.27473269708792686,-0.03669081741769164,0.26931998999173123,0.0,0.7928596080783055,0.7654252380057226,11.236536698066924,11.196457909705138,0.0
1.293,0.2769038160682414,-0.036183561113507685,0.194848330537592,0.0,0.7937294546193563,0.7591966986755715,10.97830880457074,11.196457909705138,0.0
1.294,0.27438526475116165,-0.0345387861202401,0.32614376833702774,0.0,0.7937136098870691,0.7691639645197016,11.199771943612287,11.196457909705138,0.0
1.295,0.2782163664507415,-0.036793965819574816,0.21537905847718314,0.0,0.7949605937292832,0.7641892401434883,11.114167723898127,11.196457909705138,0.0
1.296,0.27777276253758404,-0.0347972818484786,0.2590040701923331,0.0,0.7953432197158405,0.765830192423826,11.028354136205644,11.196457909705138,0.0
1.297,0.277740662135448,-0.03554910173556074,0.30359190177356954,0.0,0.7959543453590662,0.7718128184366734,11.259882904564964,11.196457909705138,0.0
1.298,0.2811770037222474,-0.036221815833164854,0.18719326764531125,0.0,0.7971691013911191,0.7636302477640681,11.018048342230566,11.196457909705138,0.0
1.299,0.27848776587287066,-0.033770092921846184,0.30989464448725623,0.0,0.7971677080914856,0.7713787271351253,11.137110735833602,11.196457909705138,0.0
1.3,0.280896192721995,-0.03564588020893366,0.25095691942445364,0.0,0.7981721558896139,0.7703502363818878,11.199782815602623,11.196457909705138,0.0
1.301,0.2819977190816708,-0.034411739257908094,0.21958763048096835,0.0,0.7988187964551219,0.7665667113195587,10.973860203103618,11.196457909705138,0.0
1.302,0.28008843320746796,-0.03358534943403976,0.3347749137964861,0.0,0.7989438589867305,0.7764315335839139,11.216533947268479,11.196457909705138,0.0
1.303,0.28428354101101483,-0.03572327313623127,0.21323728133842207,0.0,0.8002863329970938,0.7703208127543203,11.10566964247201,11.196457909705138,0.0
1.304,0.2833127720126788,-0.03352470693940739,0.2695773164089875,0.0,0.8006202660047889,0.7725169272589176,11.025170777812365,11.196457909705138,0.0
1.305,0.28340476773340645,-0.03430776659210278,0.3115396200577381,0.0,0.8012485393859393,0.7785594494452179,11.257177657758781,11.196457909705138,0.0
1.306,0.2868918914291883,-0.03505051215172066,0.1949289826039935,0.0,0.8024921090626355,0.7704310899452753,11.033243216094501,11.196457909705138,0.0
1.307,0.28430859398163116,-0.03252158870615274,0.3085283503722399,0.0,0.8025128767870588,0.7772209941482304,11.106290403265511,11.196457909705138,0.0
1.308,0.28624088996704444,-0.03421401737228884,0.27290643185113117,0.0,0.8034220145470662,0.7780411944554566,11.235475292883283,11.196457909705138,0.0
1.309,0.288011598937521,-0.033542984664783906,0.20792381321046377,0.0,0.8042315206773085,0.7719029646158002,10.981237251083872,11.196457909705138,0.0
1.31,0.28545596239394155,-0.03180246944138012,0.33719504069638195,0.0,0.8041615068630615,0.7816279966924904,11.158738602897877,11.196457909705138,0.0
1.311,0.2891034552800553,-0.034122848036144696,0.24882155785745208,0.0,0.8053436444355665,0.7789329482100366,11.180354320690745,11.196457909705138,0.0
1.312,0.28978704826329443,-0.03263408943746359,0.23817473485116225,0.0,0.8059510961707733,0.7762994823314813,10.971774343057566,11.196457909705138,0.0
1.313,0.2882872411438288,-0.03203960822812742,0.3447115593342271,0.0,0.8061839507975634,0.7859874418504755,11.204456103109337,11.196457909705138,0.0
1.314,0.29252365617709936,-0.03421521884653632,0.22829069737429997,0.0,0.8076075778936922,0.7803772240949723,11.134525649687118,11.196457909705138,0.0
1.315,0.29182960340717634,-0.03208170967664478,0.2638752466855893,0.0,0.8080713783897856,0.7806676098234977,10.986126990750284,11.196457909705138,0.0
1.316,0.2911787386603796,-0.032203057890609454,0.340177885343555,0.0,0.8085525208043575,0.7890774363824917,11.235715981289783,11.196457909705138,0.0
1.317,0.29528620418338575,-0.03385818695559295,0.21499080935795925,0.0,0.8100073823483801,0.7817024599270497,11.104696785063968,11.196457909705138,0.0
1.318,0.293536461212594,-0.03132153746120589,0.28141801871727823,0.0,0.8102836773574236,0.7840028774429522,11.008496472951194,11.196457909705138,0.0
1.319,0.2934794996197394,-0.03192343391805641,0.3313977891412049,0.0,0.8108539597223504,0.7909231537067138,11.247359590764974,11.196457909705138,0.0
1.32,0.2972296074814599,-0.033071410460974955,0.21145721342371632,0.0,0.8121794999323133,0.7831020880667111,11.081094843868469,11.196457909705138,0.0
1.321,0.29505092706201286,-0.03045540656744084,0.2957432175303358,0.0,0.8122911393635619,0.7869437051453642,11.026487781327358,11.196457909705138,0.0
1.322,0.29562390478098094,-0.03146694028783749,0.32474645008466896,0.0,0.81291320530773,0.7926750056459062,11.248872290376855,11.196457909705138,0.0
1.323,0.2990941822331587,-0.03232105208014001,0.213030051753203,0.0,0.8141300316674844,0.7849405458062568,11.067977255196439,11.196457909705138,0.0
1.324,0.29681964610427747,-0.02974930890199798,0.3047623758884982,0.0,0.8141602965397802,0.7895938359734432,11.032046270024601,11.196457909705138,0.0
1.325,0.29779602521230797,-0.030967644691052076,0.32437198487122254,0.0,0.8148125983101425,0.7948944102947154,11.246620088645646,11.196457909705138,0.0
1.326,0.3012000429131942,-0.031782950960462096,0.21658345377129523,0.0,0.8160072276673398,0.7873126446940601,11.067514232212096,11.196457909705138,0.0
1.327,0.29898016586748805,-0.029243303225025066,0.30742581876300057,0.0,0.81603670321516,0.7919572907013133,11.022358135094766,11.196457909705138,0.0
1.328,0.2999847621871384,-0.030457496628896293,0.3317448650677691,0.0,0.8166866535607037,0.7977743867406123,11.241038222647557,11.196457909705138,0.0
1.329,0.30361608306711135,-0.031469165041536,0.22195901816194955,0.0,0.8179524600669743,0.7903657352542472,11.081542683650351,11.196457909705138,0.0
1.33,0.3015931126502112,-0.02895256922500516,0.30285593992110027,0.0,0.8180638785500369,0.7940798893843695,11.000530973169667,11.196457909705138,0.0
1.331,0.3022120976242069,-0.02990120486215505,0.34532106452679706,0.0,0.8186650864760572,0.8012076463875122,11.230662216462418,11.196457909705138,0.0
1.332,0.30626922289227976,-0.0313074798602334,0.2299133998128486,0.0,0.8200641532032067,0.7941231601886034,11.110807364886751,11.196457909705138,0.0
1.333,0.3046062341696654,-0.02885792663019886,0.29069733104886597,0.0,0.8203313510324661,0.7959508383775703,10.976756469009487,11.196457909705138,0.0
1.334,0.30447012981061666,-0.029203405219249107,0.35991979339445457,0.0,0.820817095074792,0.80462744166849,11.209711121447205,11.196457909705138,0.0
1.335,0.30885998415423915,-0.03111039098470993,0.24330993505817516,0.0,0.8223282386902874,0.7984814049727148,11.15355146970735,11.196457909705138,0.0
1.336,0.3078643753578588,-0.02886441771114821,0.2718188253280801,0.0,0.8228075373569094,0.797556578332157,10.965055404939001,11.196457909705138,0.0
1.337,0.30671853774908525,-0.028305232962937184,0.36838088275991626,0.0,0.8231073729032455,0.8072249876861213,11.168489642569757,11.196457909705138,0.0
1.338,0.31100918130162464,-0.030621332738807665,0.2669434466158923,0.0,0.8246044286531728,0.8033493719422952,11.21585782180334,11.196457909705138,0.0
1.339,0.3111898902967542,-0.028933493177946922,0.24306535787811867,0.0,0.825355393904271,0.7984218363941903,10.990889000164508,11.196457909705138,0.0
1.34,0.30864422290020754,-0.02718582028576101,0.35760545779294106,0.0,0.8253631434529172,0.8071821733075852,11.100321971006398,11.196457909705138,0.0
1.341,0.31181595320134686,-0.029303635739607613,0.30385033175898324,0.0,0.8264965881668833,0.8076344396145312,11.261403293755164,11.196457909705138,0.0
1.342,0.31365620883973294,-0.0289487632569122,0.22266021654410012,0.0,0.8275017009125122,0.7995907515316705,11.066238293731788,11.196457909705138,0.0
1.343,0.3102244340140599,-0.026698488985597398,0.32154491271552177,0.0,0.8273579521302749,0.8045370590498715,11.06082143932656,11.196457909705138,0.0
1.344,0.3108438763870348,-0.02839100033191533,0.3256097046219214,0.0,0.8279318879688888,0.8083301846767348,11.28429906176681,11.196457909705138,0.0
1.345,0.3130777804545261,-0.029599892156328033,0.21299248188117997,0.0,0.8289437957735504,0.7991333138805332,11.154911392636064,11.196457909705138,0.0
1.346,0.30954091864668587,-0.02708113441326406,0.2781017816172432,0.0,0.8286456734481443,0.7996569099823299,11.037227276177733,11.196457909705138,0.0
1.347,0.30801643198858053,-0.027552181546771422,0.338536146181683,0.0,0.8285067257275753,0.8062273462604469,11.263167760484142,11.196457909705138,0.0
1.348,0.31073454046782284,-0.029613500329713566,0.22489880552068814,0.0,0.8292607510016633,0.7987081562210441,11.222537279343952,11.196457909705138,0.0
1.349,0.3084164075037859,-0.027610662016658027,0.24495325239439547,0.0,0.8289465293421362,0.7956408259865442,11.047237676676131,11.196457909705138,0.0
1.35,0.3057265659530447,-0.027122060518756035,0.33409525605859575,0.0,0.8283232790434738,0.802726583784808,11.233782323725764,11.196457909705138,0.0
1.351,0.3081419962576543,-0.02948536667762064,0.24044968839357295,0.0,0.8287357792469578,0.7975564125445701,11.275121623123194,11.196457909705138,0.0
1.352,0.30703463408844633,-0.02809977354207433,0.21899340156067731,0.0,0.8284139639995711,0.7916667367153953,11.068623991513702,11.196457909705138,0.0
1.353,0.3034844997022627,-0.02699340029157346,0.3235205565473379,0.0,0.8274275175678059,0.7984258380220486,11.208922940289524,11.196457909705138,0.0
1.354,0.3053969245620374,-0.029321792429212935,0.2532464318535831,0.0,0.8274828127775279,0.7953890912102436,11.30535102436194,11.196457909705138,0.0
1.355,0.30523512315112816,-0.028534300056715103,0.203943458670807,0.0,0.8271189957027458,0.7879778852012213,11.078808901261093,11.196457909705138,0.0
1.356,0.30137119286816716,-0.027139552987573375,0.318391010305671,0.0,0.8259048924806595,0.7947770928143023,11.195402629320013,11.196457909705138,0.0
1.357,0.3031832961409873,-0.02952259055361247,0.2601046990800624,0.0,0.8257682019450451,0.7929810289298612,11.314112055698757,11.196457909705138,0.0
1.358,0.30362291578291933,-0.029131721867352498,0.1995734444307538,0.0,0.8253987481433995,0.7852450903532507,11.082296286029715,11.196457909705138,0.0
1.359,0.2998705093516259,-0.027712542294821483,0.31662294550202924,0.0,0.8241404447981417,0.7921437188223316,11.195139015586003,11.196457909705138,0.0
1.36,0.30175595337945904,-0.030166688959527628,0.2602147696650766,0.0,0.8239819825631606,0.7906063368498266,11.314701472639515,11.196457909705138,0.0
1.361,0.30236364279554917,-0.029850183104699807,0.19925110550897707,0.0,0.8236262712437488,0.7830169341567808,11.080709118846572,11.196457909705138,0.0
1.362,0.29871937749322164,-0.028524962888079,0.3174047703140338,0.0,0.8224045816216937,0.7901643864486326,11.208175071826785,11.196457909705138,0.0
1.363,0.30077553802507984,-0.031036195779419705,0.2535546222027109,0.0,0.8223092940112429,0.7880072512972699,11.306226386035517,11.196457909705138,0.0
1.364,0.30115733258216426,-0.03051107337094404,0.2034312803350412,0.0,0.8219249458528551,0.7811597989797076,11.075917526187903,11.196457909705138,0.0
1.365,0.2977073666905229,-0.029459656549522737,0.3197911140940208,0.0,0.8207838826522784,0.7886427864038783,11.234531359887558,11.196457909705138,0.0
1.366,0.3000516215150579,-0.03201305728666786,0.24010346274236866,0.0,0.8207966127634767,0.7850417610896874,11.281750350493503,11.196457909705138,0.0
1.367,0.2998271161493751,-0.031070203584264287,0.2156410430315126,0.0,0.8203187194175,0.7799562598018284,11.073472594453806,11.196457909705138,0.0
1.368,0.29690465648970127,-0.030563348171391815,0.32100977420387455,0.0,0.8193337397189433,0.7874859294431334,11.273993132015661,11.196457909705138,0.0
1.369,0.2995647710065333,-0.03305575611463573,0.2199741531998416,0.0,0.8194794583822581,0.7816746913348361,11.24374181656218,11.196457909705138,0.0
1.37,0.2982872783176384,-0.03158819692436045,0.23462697185801207,0.0,0.8188431257780493,0.7792484405070864,11.080558979569982,11.196457909705138,0.0
1.371,0.29620690378681314,-0.03178884955332163,0.31737737965546226,0.0,0.8180645487325748,0.7861732644443303,11.320462300884069,11.196457909705138,0.0
1.372,0.2990385466942607,-0.033978500316993274,0.19618567508662976,0.0,0.8182951668430862,0.777836872237629,11.20426056155724,11.196457909705138,0.0
1.373,0.29643378979332696,-0.0319636706237654,0.2542085182315234,0.0,0.8174255561479848,0.7782664505424526,11.11235956034695,11.196457909705138,0.0
1.374,0.295218747076118,-0.03291435829056667,0.3010000023302497,0.0,0.8168105882931562,0.7832405518965783,11.358840737799856,11.196457909705138,0.0
1.375,0.2976804962195415,-0.03430793225409422,0.17613558532285,0.0,0.8168983136185431,0.7731698027850588,11.149703659308974,11.196457909705138,0.0
1.3760000000000001,0.2938692766995583,-0.032027588866892207,0.2811716670722524,0.0,0.8157054179880119,0.7773613659183705,11.180847398787295,11.196457909705138,0.0
1.377,0.294141833178721,-0.033887348383884464,0.2657559024422706,0.0,0.8152783452146061,0.7782002948405982,11.348234473928533,11.196457909705138,0.0
1.3780000000000001,0.2953873857364476,-0.033976961510736176,0.18054459922941724,0.0,0.8149691324595472,0.76955925266959,11.095765439303973,11.196457909705138,0.0
1.379,0.2914832686655667,-0.03243279109107338,0.3077860412457092,0.0,0.8136559818854623,0.7770419734974716,11.254575951043849,11.196457909705138,0.0
1.3800000000000001,0.2936301795965899,-0.03495855403514028,0.22779960496238405,0.0,0.8135156940796178,0.7732989834007065,11.266743647388427,11.196457909705138,0.0
1.381,0.29332036237262604,-0.03393576248523383,0.22101289941326202,0.0,0.8128773713447511,0.77002513928941,11.09040390970823,11.196457909705138,0.0
1.3820000000000001,0.29113185490310395,-0.034156749306498174,0.31024330825332935,0.0,0.8120100329380795,0.7771356969930624,11.338734633056529,11.196457909705138,0.0
1.383,0.2940837608108874,-0.03632703900169496,0.1846551793456665,0.0,0.8121770061406992,0.7683948720928875,11.180932623280496,11.196457909705138,0.0
1.3840000000000001,0.2912707517820951,-0.034310334113208225,0.26371143709792927,0.0,0.811209659098354,0.7708358466970628,11.166843451140732,11.196457909705138,0.0
1.385,0.2909244938526593,-0.03589643192463414,0.2710521677534553,0.0,0.8107777820288028,0.772962865213121,11.360508615575046,11.196457909705138,0.0
1.3860000000000001,0.2925693133052014,-0.036210703905061335,0.17257907847759907,0.0,0.8106205034575447,0.7637441543246448,11.102410843950834,11.196457909705138,0.0
1.387,0.28851365769006676,-0.034515206427058055,0.3025684349472485,0.0,0.8093674342121807,0.7711777170845009,11.274568689822173,11.196457909705138,0.0
1.3880000000000001,0.29056509438923395,-0.03695694381189249,0.21570840421040838,0.0,0.8092685742544502,0.766621905105026,11.246856209173743,11.196457909705138,0.0
1.389,0.28979264866391463,-0.03570254266117015,0.22906066153993765,0.0,0.8085616175941177,0.7649546203381196,11.114379042216429,11.196457909705138,0.0
1.3900000000000001,0.2881415881288709,-0.03642274630971528,0.29612003369348144,0.0,0.8078503945359747,0.7708002689470664,11.371477187272973,11.196457909705138,0.0
1.391,0.2908660595217926,-0.03800313891802163,0.16582076838953125,0.0,0.8079614997949693,0.7606705150257621,11.13868846371383,11.196457909705138,0.0
1.3920000000000001,0.28705954095331776,-0.035833507234625084,0.28279282462901567,0.0,0.8067940557246768,0.7661807276183326,11.2450432277721,11.196457909705138,0.0
1.393,0.2880328064019597,-0.03795092150691942,0.2291295894192108,0.0,0.8065489892074573,0.7638053737241075,11.29108683402382,11.196457909705138,0.0
1.3940000000000001,0.28804061462612796,-0.037026269460534444,0.20516149705016395,0.0,0.8059680080847121,0.759552064508914,11.10193749174518,11.196457909705138,0.0
1.395,0.2854277084103722,-0.037086230595690474,0.30068137236908427,0.0,0.805035636398053,0.7667003530777116,11.360779061078178,11.196457909705138,0.0
1.3960000000000001,0.2883300671972637,-0.03908057922924163,0.16961737618885442,0.0,0.8051301094752784,0.7573229487592336,11.153583015659375,11.196457909705138,0.0
1.397,0.2850811672494109,-0.03703726043433165,0.2736441478387134,0.0,0.8040326862591578,0.7620327196057456,11.242425874343176,11.196457909705138,0.0
1.3980000000000001,0.2857950090138335,-0.039075719261917996,0.22876303885043248,0.0,0.8037606461082843,0.7600735697472195,11.29554292439884,11.196457909705138,0.0
1.399,0.2859334120032549,-0.038196515790535686,0.20121366367566396,0.0,0.8032027980165175,0.7556934247689251,11.10558527785185,11.196457909705138,0.0
1.4000000000000001,0.2832859860908879,-0.038254961069909416,0.2971012132676918,0.0,0.8022779412515432,0.7628112345664086,11.368673485117874,11.196457909705138,0.0
1.401,0.2861969859041208,-0.040166956327945154,0.16383495388055216,0.0,0.8023670861684045,0.7531599294405615,11.143077373337675,11.196457909705138,0.0
1.4020000000000001,0.2827533609647222,-0.038127318529781934,0.27716681513432617,0.0,0.8012387059706165,0.7586897453922379,11.267308280947686,11.196457909705138,0.0
1.403,0.2838639480162232,-0.04027611525727317,0.2143428576168952,0.0,0.8010329094057809,0.7553531869644536,11.258804221052959,11.196457909705138,0.0
1.4040000000000001,0.2834317496352295,-0.03910465656247621,0.21797142445078085,0.0,0.8003636882309478,0.7534157343422901,11.135859288967119,11.196457909705138,0.0
1.405,0.2816843427916518,-0.03990223344801063,0.28004987670108106,0.0,0.7996670919557387,0.7585853417130378,11.38415266276582,11.196457909705138,0.0
1.4060000000000001,0.28418996486806,-0.04104806754170963,0.15402624227112385,0.0,0.7996751820265763,0.7483918519125506,11.11315477244946,11.196457909705138,0.0
1.407,0.28004316830791326,-0.039137722406016276,0.29035821880186,0.0,0.7984415178044185,0.7559564777042568,11.313890473436802,11.196457909705138,0.0
1.408,0.2821324127683017,-0.0414953672624781,0.18881604267087293,0.0,0.7983661269692149,0.7498370304986163,11.20056950253103,11.196457909705138,0.0
1.409,0.2804929418329435,-0.03995204520112633,0.24543541219549986,0.0,0.7974929886216543,0.7517667755865316,11.214390426603744,11.196457909705138,0.0
1.41,0.2802659796673808,-0.04160974196573548,0.23834562499015666,0.0,0.7970979184823614,0.7520787331719238,11.329411227384279,11.196457909705138,0.0
1.411,0.28119124396811607,-0.04119420033995992,0.1795056914230979,0.0,0.796711264569056,0.7458144444697876,11.10608764784688,11.196457909705138,0.0
1.412,0.2779266524906349,-0.04078232385175041,0.29207118381037955,0.0,0.795695696179422,0.7534768804503365,11.37555951302767,11.196457909705138,0.0
1.413,0.28086196642741057,-0.0427342107007996,0.15554423518675997,0.0,0.7957667545450842,0.7437723662735761,11.134589898811859,11.196457909705138,0.0
1.414,0.27735013919812856,-0.040770791867579675,0.276647722403598,0.0,0.7946247607163591,0.750147716565735,11.305583502106854,11.196457909705138,0.0
1.415,0.2789443915958889,-0.04299775895564516,0.1900596648320831,0.0,0.7944991018677418,0.744825125204724,11.206458396954337,11.196457909705138,0.0
1.416,0.2775707932644473,-0.04152653250083332,0.2395222125358495,0.0,0.7936696451869751,0.746496026258518,11.22278825364927,11.196457909705138,0.0
1.417,0.2772795342533637,-0.04317258081660714,0.23109398074894189,0.0,0.7932860018589478,0.7465134630731632,11.315558139924534,11.196457909705138,0.0
1.418,0.2780353269165181,-0.04265947191933131,0.18351803530911617,0.0,0.7928695640833296,0.741255670409972,11.117859562731436,11.196457909705138,0.0
1.419,0.2751468810305805,-0.04257733453239608,0.28315330737540206,0.0,0.7919650867953643,0.7482429395913119,11.388835339087832,11.196457909705138,0.0
1.42,0.2780095279850874,-0.04418535031589529,0.1457416449033771,0.0,0.7920274872643833,0.7379856229092809,11.119068838749504,11.196457909705138,0.0
1.421,0.2740140632740812,-0.04227384970382916,0.28139878578209737,0.0,0.7908315707931355,0.7455248076514902,11.339371764111371,11.196457909705138,0.0
1.422,0.27617407294655777,-0.044540955520050565,0.16981818455710138,0.0,0.7907776610891384,0.7382824890177342,11.171352782024435,11.196457909705138,0.0
1.423,0.2738838006386491,-0.04285587928600892,0.25407872687737654,0.0,0.7897968810482581,0.7424170069950293,11.287631604898445,11.196457909705138,0.0
1.424,0.27464352756771354,-0.04482761561925606,0.19502757848843838,0.0,0.7895613725681934,0.7385952907392448,11.22566698982874,11.196457909705138,0.0
1.425,0.27379977961886476,-0.04352108026935402,0.22571779522205493,0.0,0.7888038070587349,0.7391990401292831,11.217926755504571,11.196457909705138,0.0
1.426,0.27313623483447574,-0.04497640854287028,0.2293732239261451,0.0,0.788355524502812,0.7398264054662802,11.314172455439213,11.196457909705138,0.0
1.427,0.27404132699317857,-0.04459855721315857,0.1800732285014836,0.0,0.7879586898071775,0.7347804566449302,11.126860901546728,11.196457909705138,0.0
1.428,0.2712952310140597,-0.04462516404581414,0.2744249755293102,0.0,0.7871036489638608,0.7413822328427493,11.393585901960103,11.196457909705138,0.0
1.429,0.2741034515746708,-0.0459852962864451,0.13909119540007295,0.0,0.7871436383028003,0.7310717288305024,11.111190017017408,11.196457909705138,0.0
1.43,0.2699031850119121,-0.044247817498443615,0.2811418167982974,0.0,0.7859438543175352,0.7392652918359804,11.367034001470506,11.196457909705138,0.0
1.431,0.27247802849949565,-0.04644121857579184,0.15151406365409512,0.0,0.785942053937732,0.7305147256332778,11.141318636667378,11.196457909705138,0.0
1.432,0.2694039431938473,-0.04463871819293839,0.2649231387860364,0.0,0.7848451679227518,0.7367742096273183,11.335621838473125,11.196457909705138,0.0
1.433,0.27113531470319385,-0.04679340224689547,0.1663798985954831,0.0,0.7847389591584374,0.7301030177290916,11.16913327752143,11.196457909705138,0.0
1.434,0.268992405312893,-0.04518064188481648,0.2498974253931677,0.0,0.7837773016003635,0.7345137182419336,11.308788254648524,11.196457909705138,0.0
1.435,0.269977736230959,-0.04716448335610991,0.1789466333801868,0.0,0.7835872300148446,0.7296176050633889,11.19411384444176,11.196457909705138,0.0
1.436,0.26857315025006895,-0.045743143667576425,0.2363072791362024,0.0,0.7827503684895714,0.7323756327645167,11.28470424034832,11.196457909705138,0.0
1.437,0.2688823381612998,-0.04753408429966069,0.19012961787649071,0.0,0.7824842127533529,0.7290729658168318,11.220764608741984,11.196457909705138,0.0
1.438,0.26810796101782153,-0.04632438477178114,0.22185636668929054,0.0,0.7817634295416002,0.7301139423371937,11.257617597968965,11.196457909705138,0.0
1.439,0.267717005837379,-0.047833794350456045,0.20281827519316184,0.0,0.781396954351992,0.7286025466300557,11.253739222975215,11.196457909705138,0.0
1.44,0.26763630941186395,-0.04691422366790978,0.20418464955733612,0.0,0.7807997402397637,0.7275512921246934,11.219253185648977,11.196457909705138,0.0
1.441,0.26642356242526316,-0.047998913957298724,0.22119971546101647,0.0,0.7802856337268806,0.7285360303686786,11.302133348701146,11.196457909705138,0.0
1.442,0.26727346034340843,-0.04764455195668456,0.17870287954497216,0.0,0.7798715849667226,0.7244204652863132,11.165705548994758,11.196457909705138,0.0
1.443,0.2649364353564082,-0.047959515451234495,0.24722430300526976,0.0,0.7791255741787506,0.7289029485037133,11.361668368460595,11.196457909705138,0.0
1.444,0.26696933325297506,-0.048585688287134346,0.14759078868479664,0.0,0.7789681421683193,0.7209706924922288,11.117793004974653,11.196457909705138,0.0
1.445,0.2634046449908639,-0.04773178116272146,0.27031511947507286,0.0,0.7779330362457382,0.7287243750987826,11.395162240252237,11.196457909705138,0.0
1.446,0.26632800347775404,-0.04942682948928939,0.12964345853080975,0.0,0.7779718035632373,0.7185408365244722,11.114975688785256,11.196457909705138,0.0
1.447,0.2622630532210896,-0.047759640525063464,0.2705515564734991,0.0,0.776787999022225,0.7267625140355833,11.38423000807313,11.196457909705138,0.0
1.448,0.26500054402853823,-0.049783404248103444,0.13404667584588198,0.0,0.7767840285856016,0.7172772520016311,11.121447809485732,11.196457909705138,0.0
1.449,0.26140562059416533,-0.04809084590303192,0.2661878761417753,0.0,0.7756255099340568,0.7250635164520918,11.377216683744331,11.196457909705138,0.0
1.45,0.26398465220998496,-0.05018565464043054,0.13649585127208363,0.0,0.7756088241372774,0.716048125141643,11.124755337080062,11.196457909705138,0.0
1.451,0.2606283323311445,-0.04852647223059777,0.26344355033046896,0.0,0.7744888096366752,0.7235887570305112,11.375416807204589,11.196457909705138,0.0
1.452,0.263132696837613,-0.05061879060958086,0.136323226293211,0.0,0.7744816066208068,0.7147015683512503,11.125148185120585,11.196457909705138,0.0
1.453,0.2598175233868752,-0.04897199002882286,0.26217063458105855,0.0,0.7733843337909259,0.7222065091150099,11.376792589413018,11.196457909705138,0.0
1.454,0.26232101004111086,-0.05104058425338063,0.1345450856377632,0.0,0.7733912956909178,0.7132454087862916,11.123660468412726,11.196457909705138,0.0
1.455,0.2589434497354079,-0.04939955016803681,0.2618391205508331,0.0,0.7723002516764054,0.7208562805104844,11.379712764900267,11.196457909705138,0.0
1.456,0.2615051711444342,-0.05143943719491853,0.13198042375511146,0.0,0.772320197149574,0.7117239987060968,11.121320952416392,11.196457909705138,0.0
1.457,0.25802108986958305,-0.04981051121959429,0.2619276995699366,0.0,0.7712253391674325,0.7195085930913765,11.382995350297305,11.196457909705138,0.0
1.458,0.26067476099432324,-0.05181800257275472,0.12922512622355828,0.0,0.7712555397306341,0.7101817417771945,11.118918520312842,11.196457909705138,0.0
1.459,0.25707538512258016,-0.050212987658317325,0.2620389351097126,0.0,0.7701534085519773,0.7181496084188306,11.385899609785525,11.196457909705138,0.0
1.46,0.25983055507145625,-0.0521825368175483,0.12665397337256726,0.0,0.77019097771201,0.7086509289453962,11.116909426580696,11.196457909705138,0.0
1.461,0.2561268154694778,-0.05061392589887446,0.2619445498062265,0.0,0.7690826793160493,0.7167766504160887,11.388110600557333,11.196457909705138,0.0
1.462,0.2589771220973202,-0.052539035183784985,0.12442743590938596,0.0,0.7691252310372808,0.7071486104820446,11.115467541755976,11.196457909705138,0.0
1.463,0.25518742972431346,-0.051017215305247554,0.26155886898955616,0.0,0.7680140723134966,0.7153926277186244,11.388004872681698,11.196457909705138,0.0
1.464,0.25811806168591855,-0.05289319406489639,0.12337473389692943,0.0,0.7680600070480954,0.7057692917286703,11.115228432895087,11.196457909705138,0.0
1.465,0.2543069058167137,-0.0514449136020923,0.26057524855833547,0.0,0.766960944071734,0.7140353142400809,11.38691120544002,11.196457909705138,0.0
1.466,0.2572859925940145,-0.053262058388881046,0.12282932932852009,0.0,0.7670127583753249,0.7044749608366256,11.11595316244391,11.196457909705138,0.0
1.467,0.25347422993701635,-0.05189022778308686,0.2591133982991874,0.0,0.7659342830937055,0.7126936157429893,11.385487224675737,11.196457909705138,0.0
1.468,0.256469007134596,-0.05363762758062597,0.12245607403356792,0.0,0.7659914531146719,0.7032198681533263,11.11736159968791,11.196457909705138,0.0
1.469,0.25265961916543117,-0.052338597775503815,0.25730984962765335,0.0,0.7649351640980366,0.7113486813313155,11.383963801578878,11.196457909705138,0.0
1.47,0.25564747548597994,-0.05400794139416132,0.12213368976343256,0.0,0.7649940033969671,0.7019743108738851,11.11969009406341,11.196457909705138,0.0
1.471,0.25183957814238855,-0.05278231000116361,0.2550382216775837,0.0,0.7639580088308453,0.7099632687722902,11.382201181804682,11.196457909705138,0.0
1.472,0.2547988411681035,-0.05435618378794514,0.12192524508595232,0.0,0.764009891941652,0.7007146607737572,11.12248142607443,11.196457909705138,0.0
1.473,0.2509953191671957,-0.05321374327510145,0.25252488778738547,0.0,0.7629903187472442,0.7085411723995891,11.3796764210268,11.196457909705138,0.0
1.474,0.2539202744743865,-0.054684507363917854,0.12209520519798323,0.0,0.7630285624897588,0.6994700337277482,11.129316772622085,11.196457909705138,0.0
1.475,0.2501489598372219,-0.053632024721288266,0.24794644077117184,0.0,0.7620253872592603,0.7069018601994479,11.372361420361992,11.196457909705138,0.0
1.476,0.25292528458267527,-0.05496074697654051,0.12466508179464963,0.0,0.7620223964734854,0.6983276157894068,11.140188966527864,11.196457909705138,0.0
1.477,0.24932192364918573,-0.05404672324858393,0.2413139981434863,0.0,0.7610484504926565,0.7050988240800682,11.36184084848857,11.196457909705138,0.0
1.478,0.25185414964213765,-0.055200667483025684,0.12883422777529951,0.0,0.7609850940420445,0.6972416745710314,11.151936966350116,11.196457909705138,0.0
1.479,0.24850025166287038,-0.05446721298811452,0.23423137827807652,0.0,0.7600501388488056,0.7032766396644738,11.351312923211914,11.196457909705138,0.0
1.48,0.25078485753768764,-0.05542938789239369,0.1329948497121095,0.0,0.7599253494686546,0.6961397774559415,11.16225317090226,11.196457909705138,0.0
1.481,0.2476664884090073,-0.054897513990495986,0.22786677325496574,0.0,0.7590312249274137,0.7015182660685239,11.340604510579128,11.196457909705138,0.0
1.482,0.2497547609429143,-0.0556639993844102,0.13724963740779134,0.0,0.7588539938339052,0.69509199551709,11.17324828488587,11.196457909705138,0.0
1.483,0.24686769132111147,-0.055357262110254636,0.22115984650261286,0.0,0.7580104528405075,0.6997653836540876,11.327606894923509,11.196457909705138,0.0
1.484,0.24874625499237338,-0.05589600894213999,0.14266905163160998,0.0,0.7577809342843985,0.6941784766512306,11.187880785692967,11.196457909705138,0.0
1.485,0.24613579680789588,-0.05585960797205142,0.2126178774870029,0.0,0.7570062853085858,0.6979125233228568,11.30848640987208,11.196457909705138,0.0
1.486,0.24771346540027053,-0.056101629850095924,0.15119478039577688,0.0,0.7567094923138029,0.6935400233641444,11.211582187733015,11.196457909705138,0.0
1.487,0.24552283333830616,-0.056430775786622055,0.19949564868503053,0.0,0.7560389144568644,0.6957591667972949,11.2740171596247,11.196457909705138,0.0
1.488,0.2465656394559128,-0.05624616524000816,0.1675025702399924,0.0,0.7556337101094422,0.6935504757960335,11.259645569100094,11.196457909705138,0.0
1.489,0.24519647656901492,-0.05712753685624928,0.17405648890834574,0.0,0.7551469540798885,0.6927240312768597,11.206579837059785,11.196457909705138,0.0
1.49,0.2450067846399919,-0.056305226726172664,0.200488135654954,0.0,0.7545269613709021,0.6947806720454153,11.344278186453451,11.196457909705138,0.0
1.491,0.24547138681359548,-0.057847697013266475,0.13016075819063772,0.0,0.754352526842551,0.6885163183192891,11.153904145001624,11.196457909705138,0.0
1.492,0.2428544091425056,-0.056432191138943794,0.2257733165635864,0.0,0.7533979700453761,0.6943741252741635,11.357676211307977,11.196457909705138,0.0
1.493,0.2448896534671674,-0.05787704215760714,0.12227510039438144,0.0,0.753297738294202,0.6869597198390677,11.156448760969447,11.196457909705138,0.0
1.494,0.2417646609132863,-0.05701778153346744,0.2232889170510035,0.0,0.752357121995794,0.6927873353904578,11.340367945058658,11.196457909705138,0.0
1.495,0.2439838904186501,-0.057951973098414565,0.12989022465286285,0.0,0.7522046825607515,0.6863787682553777,11.181340967119452,11.196457909705138,0.0
1.496,0.2411532522201618,-0.05767974494559382,0.20955488304832268,0.0,0.7513873433432452,0.6906264757346707,11.306970568242617,11.196457909705138,0.0
1.497,0.2428750994525978,-0.058030781263422766,0.14563495590136516,0.0,0.7511178450719082,0.6863221303966107,11.221356899598502,11.196457909705138,0.0
1.498,0.24076527869416317,-0.05839748678711043,0.18819280032448887,0.0,0.7504816893383264,0.6879911306789886,11.24859552388961,11.196457909705138,0.0
1.499,0.24155800236793207,-0.05806469361629701,0.17405211203709003,0.0,0.7500357749023143,0.6873402633922266,11.303838483483608,11.196457909705138,0.0
1.5,0.24089955233301721,-0.05924230915014119,0.14535682650230686,0.0,0.749702230821658,0.6837751736051655,11.164611591613625,11.196457909705138,0.0
1.5010000000000001,0.2394175368261478,-0.05808126838130606,0.21528873561821354,0.0,0.7489060415304509,0.6886691384522493,11.360241421042534,11.196457909705138,0.0
1.502,0.24119553226257245,-0.05962288889247116,0.11583598579038465,0.0,0.7488600563169896,0.6811445666602082,11.158448225143424,11.196457909705138,0.0
1.5030000000000001,0.23798405388959848,-0.05861143706060046,0.2171126805855571,0.0,0.7479395365390527,0.6868738600271636,11.336294293283238,11.196457909705138,0.0
1.504,0.2401041622904297,-0.05947512850612422,0.1267912826798689,0.0,0.7477891186529315,0.6807247246542312,11.19346380097305,11.196457909705138,0.0
1.5050000000000001,0.23733078921366166,-0.05929276708301801,0.1982364699222843,0.0,0.7470101323471323,0.6842639177281555,11.284066958174252,11.196457909705138,0.0
1.506,0.23875962647685298,-0.059395822285061815,0.15205880083699172,0.0,0.7466761236657612,0.6813923915625822,11.259691256175476,11.196457909705138,0.0
1.5070000000000001,0.23721747578147223,-0.060125810190519456,0.16361431837167656,0.0,0.7461676313535499,0.6806914257142211,11.190431312546346,11.196457909705138,0.0
1.508,0.23698069560349805,-0.05935160914907966,0.1983045561578291,0.0,0.7455474296941107,0.6837207025132285,11.359922824446775,11.196457909705138,0.0
1.5090000000000001,0.23803639143543662,-0.06090960780257819,0.11192415106019848,0.0,0.7454712977428151,0.6764177901844971,11.15377919103011,11.196457909705138,0.0
1.51,0.23485498799276022,-0.059633690432054576,0.21542275495528165,0.0,0.7445165568564835,0.6824467177099587,11.340632851746385,11.196457909705138,0.0
1.5110000000000001,0.2370475662791954,-0.060646913286321824,0.12055417517673137,0.0,0.7443843964990058,0.6760337509337149,11.192173304031003,11.196457909705138,0.0
1.512,0.23419653194001697,-0.06038516953286491,0.1948267950911634,0.0,0.7435852314582285,0.6797030783478947,11.278442523627312,11.196457909705138,0.0
1.5130000000000001,0.23565788605109106,-0.060502450402315694,0.15087233915378725,0.0,0.7432484339961214,0.6771585808687133,11.271575985838176,11.196457909705138,0.0
1.514,0.23429257496604686,-0.061309067805115476,0.15355442728702506,0.0,0.7427784216379199,0.6757342254057348,11.166958607083613,11.196457909705138,0.0
1.5150000000000001,0.23370063434983604,-0.060458905907022194,0.2061581096905218,0.0,0.7421113909864228,0.6802163487932189,11.363380385067806,11.196457909705138,0.0
1.516,0.2354932502845921,-0.06211102233395042,0.10627799594479839,0.0,0.7421495101647668,0.6724676002817551,11.165501997754886,11.196457909705138,0.0
1.5170000000000001,0.2321523010254747,-0.06105532136813591,0.20552674872076124,0.0,0.7412762943036211,0.6777991330599359,11.320897591756937,11.196457909705138,0.0
1.518,0.2340715241845162,-0.061676884340779205,0.12658455489921752,0.0,0.7411024822430569,0.6725895380859684,11.22396359622431,11.196457909705138,0.0
1.5190000000000001,0.23160956873991467,-0.06178605475207414,0.17477649580033927,0.0,0.7404308850066683,0.6742640641711771,11.228840106759206,11.196457909705138,0.0
1.52,0.23224687891690202,-0.06140809811129706,0.1720144185623508,0.0,0.7399512331678412,0.6748235063451214,11.348064933079254,11.196457909705138,0.0
1.5210000000000001,0.23223141065471034,-0.06269155449170895,0.11088593516858566,0.0,0.7397204504985443,0.6685906013274653,11.150684680571148,11.196457909705138,0.0
1.522,0.22938554009559342,-0.061307102008950655,0.2100337937139785,0.0,0.7387243312575038,0.6747883488974566,11.338122202408938,11.196457909705138,0.0
1.5230000000000001,0.23171207924765103,-0.06246854510146555,0.11489838986804557,0.0,0.7385892019625706,0.6685259587655209,11.198232904148405,11.196457909705138,0.0
1.524,0.2289907377680336,-0.06227689842486395,0.18482528905387932,0.0,0.7378086510185862,0.671842220620465,11.255895283115612,11.196457909705138,0.0
1.5250000000000001,0.2303302659202238,-0.06229531140249039,0.15539972583617132,0.0,0.7374417232487994,0.670638158738173,11.307924621065077,11.196457909705138,0.0
1.526,0.22961524013314236,-0.06335429390836711,0.12827038974783944,0.0,0.7371073860136321,0.6669198870476927,11.153227375968285,11.196457909705138,0.0
1.5270000000000001,0.2279217189665443,-0.062286363068140546,0.20605131763360368,0.0,0.7363065931154499,0.6725463413015162,11.347380203047098,11.196457909705138,0.0
1.528,0.23019752780002636,-0.06363750383454428,0.10746568116077743,0.0,0.7363078297251751,0.6656405673659218,11.192445382249392,11.196457909705138,0.0
1.5290000000000001,0.22718348728814242,-0.06317958356592515,0.18497321683418796,0.0,0.7355544826431557,0.6692914823183044,11.265239180850665,11.196457909705138,0.0
1.53,0.22854437951476295,-0.06322798006241591,0.1478885048220962,0.0,0.7352514645818774,0.6674677388391357,11.30228403211909,11.196457909705138,0.0
1.5310000000000001,0.2275131003912739,-0.06412607074903867,0.12830781796374444,0.0,0.7348946799893734,0.6641400890933085,11.154356087720272,11.196457909705138,0.0
1.532,0.22591429971950527,-0.06307436854051598,0.20269280838300208,0.0,0.7341161407317331,0.669653236960175,11.34774268791389,11.196457909705138,0.0
1.5330000000000001,0.22815608605115756,-0.0644063763746388,0.10448666050410566,0.0,0.7341238080703825,0.6627281054405201,11.197969671290132,11.196457909705138,0.0
1.534,0.22510746833677114,-0.06394941291403007,0.1793580512001348,0.0,0.7333746094641931,0.6660719340739469,11.254964336266806,11.196457909705138,0.0
1.5350000000000001,0.22631022606781775,-0.06390013311877077,0.15027565444618102,0.0,0.7330338624390929,0.6648958929059577,11.31923388432631,11.196457909705138,0.0
1.536,0.2255736872909882,-0.06488668901635253,0.11691312067021692,0.0,0.7327185999463904,0.6605173732472028,11.153431365115168,11.196457909705138,0.0
1.537,0.22346595267124383,-0.06374498682994478,0.200244645721688,0.0,0.7318615589376023,0.6662697578188781,11.335926195460948,11.196457909705138,0.0
1.538,0.2257769760399197,-0.06489902150027937,0.10760254769124,0.0,0.7318038213224609,0.6600619638818912,11.215057059395088,11.196457909705138,0.0
1.539,0.2230334441506629,-0.06473139606753175,0.16785112422727044,0.0,0.7311010989308295,0.6623478387178616,11.223025064136959,11.196457909705138,0.0
1.54,0.223835370234443,-0.064466185820798,0.16360145031201678,0.0,0.7306697393891455,0.6631492567469258,11.353101626854894,11.196457909705138,0.0
1.541,0.2240527308965763,-0.06570538831952961,0.09699673178155166,0.0,0.7305006219818636,0.6565274843077193,11.156941623352111,11.196457909705138,0.0
1.542,0.2209375299573341,-0.06443836509032597,0.19547189639647333,0.0,0.7295344744911899,0.6623941383745894,11.304820000748537,11.196457909705138,0.0
1.543,0.2231819175010996,-0.06519098464423217,0.12044908678782654,0.0,0.729347065539492,0.6580622169433981,11.253714545659344,11.196457909705138,0.0
1.544,0.2212331013026064,-0.0656267200084536,0.14542924797288087,0.0,0.7287856100343701,0.6578796062438701,11.167839462685773,11.196457909705138,0.0
1.545,0.22102141600553754,-0.0650148241009435,0.18865297392985994,0.0,0.7281903731063394,0.662167716527893,11.355726910226979,11.196457909705138,0.0
1.546,0.22292706752642233,-0.06650271423377299,0.09311656015403866,0.0,0.7282532577732004,0.654814510795532,11.189238313115572,11.196457909705138,0.0
1.547,0.21964008126494888,-0.06576953338717248,0.1764330546756377,0.0,0.7274790046056848,0.6587037176421985,11.25403711391257,11.196457909705138,0.0
1.548,0.22099392311672905,-0.06581536979052684,0.1434578622350643,0.0,0.7271834712524223,0.657484349907457,11.323629559056606,11.196457909705138,0.0
1.549,0.2203040307583193,-0.06676081571510453,0.10738992316953186,0.0,0.7268990951486821,0.6528090708160037,11.153878894398483,11.196457909705138,0.0
1.55,0.21798956168002862,-0.06563485528020334,0.19269104565165984,0.0,0.7260423186390856,0.658564377562039,11.318221890362096,11.196457909705138,0.0
1.551,0.22034422584525415,-0.06656731520018222,0.10930190786328356,0.0,0.7259605806505989,0.6533505018520104,11.247331354628889,11.196457909705138,0.0
1.552,0.21800571663143992,-0.06675855462665761,0.1442384412806498,0.0,0.7253773406276707,0.6536075326231021,11.172818268975531,11.196457909705138,0.0
1.553,0.21786917259412095,-0.06617211074272947,0.18173138051462476,0.0,0.7248117064626474,0.6575470290483224,11.355222469862088,11.196457909705138,0.0
1.554,0.219622977785647,-0.06756616497222774,0.08894163446977665,0.0,0.7248557957607327,0.6502599269458041,11.194863795574891,11.196457909705138,0.0
1.555,0.21629971884115975,-0.06684284672871196,0.16913691275467774,0.0,0.7240732603696758,0.6538384185909425,11.23863576718295,11.196457909705138,0.0
1.556,0.2174950193895095,-0.0667950091673175,0.14682914837586994,0.0,0.7237287987329202,0.6535602850181803,11.341418637013222,11.196457909705138,0.0
1.557,0.21727820336113088,-0.06784897421906882,0.09398810618765346,0.0,0.7235073844338706,0.6477218844107083,11.15934733985484,11.196457909705138,0.0
1.558,0.21442238087742946,-0.06667297813704937,0.18539486046534742,0.0,0.7225843722844392,0.6533403081394301,11.288849922104907,11.196457909705138,0.0
1.559,0.21663918906327878,-0.06735239168034032,0.11971964921631612,0.0,0.7224019991734055,0.6498938403748861,11.280725982704954,11.196457909705138,0.0
1.56,0.21511559962502652,-0.06797152852760191,0.12293893818629437,0.0,0.7219545275147863,0.6479744188949472,11.150456842131476,11.196457909705138,0.0
1.561,0.2140346132449875,-0.06719890805531079,0.18853351914877017,0.0,0.7212686812536107,0.6534890760207345,11.331386527716152,11.196457909705138,0.0
1.562,0.21650546430390555,-0.06847630859826204,0.09671939017632203,0.0,0.7213511255955783,0.6473455793309499,11.236095025253949,11.196457909705138,0.0
1.563,0.2138091520491699,-0.06833556209160925,0.1439687702519354,0.0,0.72078271971321,0.6482615527009927,11.183501437479393,11.196457909705138,0.0
1.564,0.21385294395031704,-0.06779937887638185,0.1703951288614709,0.0,0.7203051790674742,0.651431713560414,11.356709700487876,11.196457909705138,0.0
1.565,0.2152436556277995,-0.0690372496251722,0.08218847944940189,0.0,0.7203339361867732,0.6441175688823846,11.198874743113718,11.196457909705138,0.0
1.566,0.21178207290947443,-0.06823310465470103,0.16108178980239507,0.0,0.7195275684720999,0.6474927262328287,11.223699468328252,11.196457909705138,0.0
1.567,0.21282322174382598,-0.06811302545898461,0.14839701160889673,0.0,0.7191341860021139,0.6481163301729844,11.35780197822136,11.196457909705138,0.0
1.568,0.2130959869516357,-0.0692080356354224,0.0797323159771807,0.0,0.7189641540845078,0.6411923740500566,11.16925263821598,11.196457909705138,0.0
1.569,0.20970972013212488,-0.06804277165294265,0.17427903869476247,0.0,0.717979600606532,0.6464058138051363,11.252638220710232,11.196457909705138,0.0
1.57,0.21163699204653913,-0.06845962382514068,0.13202444433758567,0.0,0.7176723528306286,0.6451601190516647,11.319070230897967,11.196457909705138,0.0
1.571,0.21118366277306647,-0.06945051932180697,0.09758231603178946,0.0,0.7173760903398795,0.6407113197651099,11.154820662911751,11.196457909705138,0.0
1.572,0.20899121155817718,-0.0685257397224581,0.18012347249283142,0.0,0.7165529394586547,0.6463383589928117,11.282190914523753,11.196457909705138,0.0
1.573,0.21140965787519364,-0.0693070887736757,0.11558101663864456,0.0,0.7164700037799501,0.6431073438940292,11.292829758750175,11.196457909705138,0.0
1.574,0.2100594079400192,-0.06995501557914349,0.10929787603498306,0.0,0.716135718617327,0.6403181277854326,11.150332426331937,11.196457909705138,0.0
1.575,0.20849219086413223,-0.06910408656320163,0.1810077970778338,0.0,0.7154558589002982,0.6458842188711797,11.308095195342762,11.196457909705138,0.0
1.576,0.21094302895578215,-0.07010606191074734,0.10101003971604519,0.0,0.7155193208419367,0.6410235979955835,11.270554621847905,11.196457909705138,0.0
1.577,0.2088037264408409,-0.07031585761138653,0.11903935934204593,0.0,0.7151034322754466,0.6396984197917486,11.154534593193937,11.196457909705138,0.0
1.578,0.20777764783499156,-0.06953057889500205,0.17746860683414234,0.0,0.7145081361294131,0.6448025702010131,11.325497597281808,11.196457909705138,0.0
1.579,0.210044931657062,-0.07066142585370573,0.09069670791443973,0.0,0.7146150305915306,0.638947912592173,11.255131650964714,11.196457909705138,0.0
1.58,0.2073960771908941,-0.07054590988903892,0.12529294366039134,0.0,0.714101754620852,0.6386767619411798,11.163291827536286,11.196457909705138,0.0
1.581,0.20677469234969542,-0.06983976155990912,0.17154451619629382,0.0,0.7135361700255847,0.6431649731675779,11.335462360337587,11.196457909705138,0.0
1.582,0.20878697302903526,-0.07100088061726338,0.08406920528931872,0.0,0.7136107495920837,0.6368354401635437,11.24404764073297,11.196457909705138,0.0
1.583,0.2058658246338189,-0.07069180850078288,0.1293006677813485,0.0,0.712999308778143,0.6373379815300231,11.171231356368395,11.196457909705138,0.0
1.584,0.20557002939401534,-0.0700928940788035,0.1659610754970039,0.0,0.7124364763169917,0.6413127808946886,11.339235015596696,11.196457909705138,0.0
1.585,0.2073985457469714,-0.071248153959729,0.08053147482393783,0.0,0.7124604747695434,0.6348658621743553,11.236697170321321,11.196457909705138,0.0
1.586,0.20439362393351684,-0.07086104620262686,0.13139800485546346,0.0,0.7117832470527165,0.6358644760445186,11.173691409291678,11.196457909705138,0.0
1.587,0.20433407423401934,-0.0703595577007958,0.1631285503744197,0.0,0.7112223108369577,0.6396537017115629,11.339044214447062,11.196457909705138,0.0
1.588,0.2061364633146428,-0.07153794986411274,0.0790262847493082,0.0,0.7112310288324628,0.6332404982205115,11.23405140522624,11.196457909705138,0.0
1.589,0.2031547830753465,-0.07114600406325894,0.13114675440450868,0.0,0.7105426567195848,0.6343897699135679,11.172810487298042,11.196457909705138,0.0
1.59,0.2031766819703131,-0.07068860491292678,0.16200368759267825,0.0,0.7099916545387726,0.6381961094993382,11.336300401121166,11.196457909705138,0.0
1.591,0.20502038436684764,-0.07187317332912016,0.07886030576695596,0.0,0.7100112630519031,0.6319097853010698,11.23656286058525,11.196457909705138,0.0
1.592,0.20210882010128464,-0.0715205717287859,0.12832802652611272,0.0,0.709349646433695,0.6328656465688832,11.169279518335893,11.196457909705138,0.0
1.593,0.20204037948049802,-0.07104617003774934,0.16224148156448392,0.0,0.7088011194340785,0.6368739757203545,11.331112058363427,11.196457909705138,0.0
1.594,0.20398139910517418,-0.07221588466014237,0.07997867006413392,0.0,0.7088416906749442,0.6308243788763725,11.244357761402636,11.196457909705138,0.0
1.595,0.20119671310601409,-0.07194917408046062,0.12287682002755448,0.0,0.7082322097973361,0.6312509491080096,11.163798355695322,11.196457909705138,0.0
1.596,0.2008751285970617,-0.07140530684997307,0.16348311842130966,0.0,0.707669175741096,0.6356191529883943,11.323166042787603,11.196457909705138,0.0
1.597,0.20295961294896406,-0.07254120694292673,0.08253219354434435,0.0,0.7077296531610481,0.6299510592309138,11.256986882139946,11.196457909705138,0.0
1.598,0.20038119076342137,-0.07240738184509997,0.11501648414382473,0.0,0.7071911937015665,0.629543075089818,11.15596509859599,11.196457909705138,0.0
1.599,0.19966108200907545,-0.07176461870646222,0.1659323040268943,0.0,0.7065964160796512,0.6344513684391487,11.31223834139368,11.196457909705138,0.0
1.6,0.201955691435922,-0.07285657318591926,0.08663787831116385,0.0,0.7066784881789876,0.6293182015392973,11.27462823280417,11.196457909705138,0.0
1.601,0.19968021500920774,-0.07289638840587827,0.10466122937492839,0.0,0.7062324965078057,0.627755319914743,11.15787017456561,11.196457909705138,0.0
1.602,0.1984168001366765,-0.07211453627278919,0.1634261358456035,0.0,0.7055884139544477,0.6327042543583743,11.296393840257295,11.196457909705138,0.0
1.603,0.2006432385103823,-0.07299252669267403,0.09316494369423986,0.0,0.7056080305683066,0.6285199645311165,11.292715275777283,11.196457909705138,0.0
1.604,0.19880052030621925,-0.07325206747013441,0.09404165227352435,0.0,0.7052270261193755,0.6257800785994004,11.16011355164373,11.196457909705138,0.0
1.605,0.19701568108731943,-0.07238717232755017,0.16070595792091463,0.0,0.7045123996487073,0.6307782924834204,11.271486083271009,11.196457909705138,0.0
1.606,0.19920460915733115,-0.07305473179600996,0.10426941037161672,0.0,0.704451137706464,0.6280719285651843,11.314602293482263,11.196457909705138,0.0
1.607,0.19809563178645084,-0.07363044158963897,0.08152986142821839,0.0,0.7041820180492364,0.6238369667277641,11.170884622245783,11.196457909705138,0.0
1.608,0.1956924901764077,-0.07269847468675072,0.1536444299210521,0.0,0.7034080407167353,0.6284118429354045,11.239679547133596,11.196457909705138,0.0
1.609,0.19754122615099504,-0.07309484432432607,0.11881475110286102,0.0,0.7032218690674105,0.6276720310607964,11.332830463427543,11.196457909705138,0.0
1.61,0.19739291165586867,-0.07394173725842448,0.07087556741866347,0.0,0.7030695279219326,0.6220973717458465,11.187886147394744,11.196457909705138,0.0
1.611,0.1944993936173825,-0.07302090969521872,0.1434334430581668,0.0,0.7022651949982139,0.6258425062443136,11.206055095191063,11.196457909705138,0.0
1.612,0.19581282506873968,-0.07312805597433403,0.1342529973051481,0.0,0.7019368031830484,0.6272238535713007,11.33694334972401,11.196457909705138,0.0
1.613,0.19669159409974707,-0.07417818814944152,0.06740401563848616,0.0,0.7018938283585687,0.6210891131793727,11.21168536981237,11.196457909705138,0.0
1.614,0.19368191240884441,-0.07351023893257859,0.12988073099323352,0.0,0.7011577012417383,0.6234443305261876,11.178581823273975,11.196457909705138,0.0
1.615,0.19426174663023504,-0.07331922985723524,0.14661126512674294,0.0,0.7007163770651534,0.6266121264465145,11.322342797888483,11.196457909705138,0.0
1.616,0.19596600463571281,-0.07439920720932877,0.07347192893765522,0.0,0.7007566724977432,0.6210247079966272,11.247961307030565,11.196457909705138,0.0
1.617,0.1933505384321446,-0.07415056659043612,0.11014764039336025,0.0,0.7001960463004864,0.6210705264194532,11.156669870418364,11.196457909705138,0.0
1.618,0.1928124472654017,-0.07363340896982798,0.1561912390923283,0.0,0.6996416636331597,0.6257867744889062,11.291068939486118,11.196457909705138,0.0
1.619,0.19510369668148164,-0.07463557222435777,0.08804559426064135,0.0,0.6997297535737155,0.6217620842187698,11.28939620789588,11.196457909705138,0.0
1.62,0.19339035169937346,-0.07487739722650236,0.08795257707385307,0.0,0.6994231446108925,0.6190312769696655,11.163707389606342,11.196457909705138,0.0
1.621,0.19158615089223827,-0.07407963308760229,0.15112449141960987,0.0,0.698783943514141,0.6236740589380544,11.247654416635019,11.196457909705138,0.0
1.622,0.1935936458968907,-0.07461776667406611,0.10863901283597288,0.0,0.6987401130598037,0.6222446543536884,11.32176105874882,11.196457909705138,0.0
1.623,0.1931295439822352,-0.07530045387631876,0.07033266028863566,0.0,0.6986274394488465,0.6172360893486132,11.192226854648146,11.196457909705138,0.0
1.624,0.19039917528916003,-0.07443058825362409,0.13514207288954244,0.0,0.6979226646079588,0.6205249119316147,11.199939191755488,11.196457909705138,0.0
1.625,0.19149652329180678,-0.07445870382667641,0.13125109151536762,0.0,0.6976290408787221,0.6221902607278367,11.32883372649643,11.196457909705138,0.0
1.6260000000000001,0.19249702030541532,-0.07540859994457852,0.06548006597698369,0.0,0.6976355218192707,0.6163647280845623,11.231813322401528,11.196457909705138,0.0
1.627,0.18961513767778354,-0.07486832820408512,0.11363671389747085,0.0,0.6969898725488033,0.6174043503854829,11.170283151490143,11.196457909705138,0.0
1.6280000000000001,0.18950875978907974,-0.07447387097060226,0.1446635469353137,0.0,0.6964747628571967,0.621189713425704,11.293183974312516,11.196457909705138,0.0
1.629,0.19143363902305033,-0.07536892319273322,0.08224587487805327,0.0,0.6964921007555419,0.6171560164414412,11.281239407890578,11.196457909705138,0.0
1.6300000000000001,0.18962641746272085,-0.07552520492946391,0.08737034310716807,0.0,0.6961125756344455,0.6149333343351903,11.164561717021913,11.196457909705138,0.0
1.631,0.18804939629958983,-0.0748464039541791,0.14602815046833265,0.0,0.6954725038901849,0.619451482167233,11.237608034914887,11.196457909705138,0.0
1.6320000000000001,0.19007185426532885,-0.07540220707249026,0.10909349026974821,0.0,0.695416180456322,0.618566176758327,11.317518128788526,11.196457909705138,0.0
1.633,0.18992616437762186,-0.07615015856711252,0.0679278411420946,0.0,0.69535367545818,0.6136411452121746,11.203370615702058,11.196457909705138,0.0
1.6340000000000001,0.18728793293779766,-0.07540745843443608,0.12493247062535962,0.0,0.6947157412756961,0.616173280614762,11.189867648967441,11.196457909705138,0.0
1.635,0.18800621829055889,-0.07531153180220601,0.13174985660004496,0.0,0.6943916891235011,0.6184628815180233,11.313835796223346,11.196457909705138,0.0
1.6360000000000001,0.18930398230968326,-0.07615437788983717,0.06859200410691041,0.0,0.6944226746128134,0.6133400082931711,11.256453507538549,11.196457909705138,0.0
1.637,0.18679856304537587,-0.07587517223289716,0.09668319247097504,0.0,0.6938991331475693,0.6127427039439791,11.166625045665581,11.196457909705138,0.0
1.6380000000000001,0.1858987503472265,-0.07529997881768927,0.14189575204785423,0.0,0.6933077361748273,0.6169191707571511,11.255747585868189,11.196457909705138,0.0
1.639,0.187888997597156,-0.07597328566714094,0.0967415851849199,0.0,0.6932729412682684,0.6149718419165666,11.30019890849875,11.196457909705138,0.0
1.6400000000000001,0.1871756124800991,-0.07653252825014706,0.07347851388170329,0.0,0.6931016765839428,0.6112067451300355,11.194145023155409,11.196457909705138,0.0
1.641,0.18499726419788118,-0.0759079571904501,0.12652858541887113,0.0,0.6924967334469999,0.6141016545957191,11.19601439879557,11.196457909705138,0.0
1.6420000000000001,0.18603762414392186,-0.0759692977153611,0.12559833270788592,0.0,0.6922547687386571,0.6158775272106736,11.313081256373,11.196457909705138,0.0
1.643,0.18714455075656722,-0.07678199128683105,0.06589867045249283,0.0,0.6923033706502568,0.610782597444384,11.2525936824291,11.196457909705138,0.0
1.6440000000000001,0.1846165887427646,-0.07642278409627774,0.09558109969720262,0.0,0.6917899796673915,0.6103532297730002,11.171610247855783,11.196457909705138,0.0
1.645,0.18378172719253633,-0.07586786948691615,0.13632129360235495,0.0,0.6912275424805504,0.6141666119579751,11.249937744432213,11.196457909705138,0.0
1.6460000000000001,0.185598911041947,-0.0764646458290797,0.09662274696686943,0.0,0.6911738817746226,0.6125599312978759,11.29567047040908,11.196457909705138,0.0
1.647,0.18502174923091472,-0.07703220966377251,0.07276425837139643,0.0,0.6910213833316721,0.6089627639917542,11.202895499429044,11.196457909705138,0.0
1.6480000000000001,0.1829429196175459,-0.07649802920849091,0.11908736796417552,0.0,0.6904599825139766,0.6112670901524704,11.193943079691731,11.196457909705138,0.0
1.649,0.18369122577996588,-0.07647743232688561,0.12358872613296575,0.0,0.6901882305416982,0.6132136599439848,11.298074506411544,11.196457909705138,0.0
1.6500000000000001,0.18487235478578465,-0.07714229255696042,0.07050684680599563,0.0,0.6902116513399239,0.6089319361224493,11.267549103225111,11.196457909705138,0.0
1.651,0.18274475923829359,-0.07699782102002975,0.0850586364640122,0.0,0.68978201720481,0.6074580892188237,11.17068067325089,11.196457909705138,0.0
1.6520000000000001,0.1814144898983051,-0.07642842489552087,0.13375062381566488,0.0,0.6891867729345185,0.6114243179760747,11.221128628507396,11.196457909705138,0.0
1.653,0.18320996440136392,-0.07692213033066272,0.10827993899938974,0.0,0.6891076775260916,0.6114348993385282,11.301669564579495,11.196457909705138,0.0
1.6540000000000001,0.18352365183631564,-0.07769274895038696,0.06695735441459667,0.0,0.6891173807885713,0.6071291846949152,11.229603816374535,11.196457909705138,0.0
1.655,0.18128131045340207,-0.0772007695731746,0.10265876945038252,0.0,0.6886337183427511,0.6078451877681661,11.191176031187164,11.196457909705138,0.0
1.6560000000000001,0.1811126320116831,-0.07687024293605182,0.12192548082924803,0.0,0.6882385843125266,0.6101996796055869,11.259263359490696,11.196457909705138,0.0
1.657,0.1823233868100142,-0.07730121706047936,0.0872537621796264,0.0,0.6881691252891247,0.6081377828787624,11.279328346926759,11.196457909705138,0.0
1.6580000000000001,0.1813474340649715,-0.0776072488916904,0.07639256408937858,0.0,0.6879297762555696,0.6055465776687874,11.205429498371188,11.196457909705138,0.0
1.659,0.17965943241508425,-0.0772082104173869,0.11325227248050333,0.0,0.6874082870538871,0.6075296586344177,11.199648224311673,11.196457909705138,0.0
1.6600000000000001,0.18033312848293628,-0.0772315213924669,0.11611100636419565,0.0,0.6871438094609377,0.609117159642649,11.278706965683108,11.196457909705138,0.0
1.661,0.1813657157222085,-0.07770902089757356,0.07575914511869834,0.0,0.6871168215639174,0.6059453230792793,11.271478604322594,11.196457909705138,0.0
1.6620000000000001,0.17976994292852855,-0.07773343898040513,0.07862311885278099,0.0,0.6867732597943224,0.6039923879854457,11.19706003852782,11.196457909705138,0.0
1.663,0.17832642545313993,-0.07717504074737055,0.1158263804619413,0.0,0.6862070927058412,0.606406938458059,11.176298148546435,11.196457909705138,0.0
1.6640000000000001,0.17925208770759452,-0.07736600776309327,0.12640892306422077,0.0,0.6859655877275296,0.609199206221978,11.28020104425237,11.196457909705138,0.0
1.665,0.1807884398199649,-0.07852094874976769,0.07362004386578055,0.0,0.6861525938618179,0.6056157524640068,11.274540885985346,11.196457909705138,0.0
1.666,0.17922972933536901,-0.0784549009400114,0.07566929323649099,0.0,0.6859437393379403,0.6033494725924531,11.2007909503245,11.196457909705138,0.0
1.667,0.1777034663615753,-0.07759223874355023,0.11250093066072037,0.0,0.6854349099157822,0.6054722247008966,11.199294930862928,11.196457909705138,0.0
1.668,0.17837167237714174,-0.07770638456491469,0.11322057017992818,0.0,0.6852104213089987,0.6069538973377004,11.27694183555054,11.196457909705138,0.0
1.669,0.17914157356257548,-0.07853231569627357,0.07359227857766837,0.0,0.6852462597928096,0.6038206383084623,11.254993995465075,11.196457909705138,0.0
1.67,0.1776379846447043,-0.07834787455487702,0.08398083776280156,0.0,0.6849366406884487,0.6027164072497369,11.197845252866065,11.196457909705138,0.0
1.671,0.17666322910714358,-0.07787337085461651,0.1125413356306971,0.0,0.6844972093930366,0.6048215937800179,11.216264856647745,11.196457909705138,0.0
1.672,0.17752834610056553,-0.07807513502707794,0.10313346427043082,0.0,0.6843391789761671,0.6052469372747695,11.274796123747496,11.196457909705138,0.0
1.673,0.17781788412838018,-0.07867775415880512,0.07308444858013192,0.0,0.6843037564132252,0.6023794323529034,11.240049055981808,11.196457909705138,0.0
1.674,0.17637521851897672,-0.07833172056799692,0.09002207100020902,0.0,0.6839410357280844,0.6021203528873535,11.212524953372968,11.196457909705138,0.0
1.675,0.1757929299840623,-0.07812701459922114,0.10362345186795083,0.0,0.683569621844246,0.6032273100538419,11.22309752822959,11.196457909705138,0.0
1.676,0.17622098154944005,-0.07828928733649304,0.09807076825439502,0.0,0.6833659421262275,0.6033867125515887,11.260479571405455,11.196457909705138,0.0
1.677,0.17630246148339102,-0.07868723605208208,0.07873953004945995,0.0,0.6832407222611274,0.6014342151842704,11.237579731789078,11.196457909705138,0.0
1.678,0.1752732614567842,-0.07848367564863601,0.0897782316368091,0.0,0.682906403514271,0.6011860419260984,11.214628816049515,11.196457909705138,0.0
1.679,0.1747910531504436,-0.07841676801703548,0.10107198044314644,0.0,0.6825753750808414,0.6021039303853127,11.214295450551454,11.196457909705138,0.0
1.68,0.17512563789738028,-0.07862038732254353,0.10106028778371404,0.0,0.6823923055365979,0.6027410770694354,11.250416223281618,11.196457909705138,0.0
1.681,0.17548999508879773,-0.07899361802860314,0.0824603182828669,0.0,0.6823302767998023,0.6012135889686356,11.247398877054817,11.196457909705138,0.0
1.682,0.17473389040464277,-0.07891862150150132,0.08345958172277096,0.0,0.6821097202015651,0.6002153805648057,11.230531216963833,11.196457909705138,0.0
1.683,0.17397026892671327,-0.07865673441591611,0.09155267869567604,0.0,0.6817833408086247,0.6002516226898864,11.230768857204392,11.196457909705138,0.0
1.684,0.17371052691868064,-0.07866039121071555,0.09109074910040377,0.0,0.6814962446857704,0.6001407948440602,11.237303059351708,11.196457909705138,0.0
1.685,0.17352768822893688,-0.07876344706553813,0.08741519653028004,0.0,0.6812380749667013,0.5996301635195616,11.232895159919329,11.196457909705138,0.0
1.686,0.17318649948169826,-0.07876469763718386,0.089254773744328,0.0,0.6809537660914222,0.5994195897501513,11.231752707343698,11.196457909705138,0.0
1.687,0.17294122527400696,-0.07880932864888988,0.08947305205575744,0.0,0.6806817276323011,0.5992308255876446,11.230862147073733,11.196457909705138,0.0
1.688,0.17272851600916075,-0.07889120556373058,0.08957428981705429,0.0,0.680426576753357,0.5990636326431612,11.227144376005452,11.196457909705138,0.0
1.689,0.17253698264080883,-0.07898365829418011,0.09112631068819176,0.0,0.6801895726990599,0.5990762954013137,11.226194396268005,11.196457909705138,0.0
1.69,0.1724656809655393,-0.07907118720172501,0.09130393569128661,0.0,0.6799862389785333,0.5990739378704472,11.2333825075278,11.196457909705138,0.0
1.691,0.17241254592127092,-0.07916435352853654,0.08734063408316232,0.0,0.6798123758838466,0.5986188751318061,11.278594318186485,11.196457909705138,0.0
1.692,0.1721145403302955,-0.07917652676015272,0.06391336466900627,0.0,0.6796108002169738,0.5956868150026494,11.222473322825728,11.196457909705138,0.0
1.693,0.1704617931248305,-0.07862837093710433,0.09171370821817905,0.0,0.6790757572310213,0.5964989359409631,11.204819569743718,11.196457909705138,0.0
1.694,0.17035901022538427,-0.07867070792503678,0.10045696815879837,0.0,0.6786855692643984,0.5978548742917109,11.211429967672359,11.196457909705138,0.0
1.695,0.17106226386493478,-0.07903280233595765,0.09700204861480548,0.0,0.6785094009448348,0.5984903405321315,11.25044882338178,11.196457909705138,0.0
1.696,0.1715243147672998,-0.07951833071064998,0.07695271162332895,0.0,0.6784641832583762,0.5968299723800663,11.247892830236696,11.196457909705138,0.0
1.697,0.17067498785015028,-0.07954785838149148,0.07771635899055518,0.0,0.6782558432854029,0.5957136603247813,11.205140116001997,11.196457909705138,0.0
1.698,0.16990015311854528,-0.07913767132486321,0.09900589404493568,0.0,0.6779112902512606,0.5970990964113427,11.181874980484094,11.196457909705138,0.0
1.699,0.17035057372100085,-0.07934490109857598,0.11078429109609762,0.0,0.6777666332748638,0.5993369672973311,11.252836729805043,11.196457909705138,0.0
1.7,0.1715479907125646,-0.08008674720203023,0.07473962823462411,0.0,0.6779397598583481,0.59712667684876,11.296205173930106,11.196457909705138,0.0
1.701,0.1706180680241433,-0.08007348295864605,0.052057933529842934,0.0,0.67786566721082,0.5931344539801251,11.205499219593428,11.196457909705138,0.0
1.702,0.1682822362847614,-0.0790378427526238,0.09732049759929945,0.0,0.6772859737609527,0.594987385392737,11.193469120433695,11.196457909705138,0.0
1.703,0.16852332641997075,-0.07904172328045767,0.10336543507187997,0.0,0.6769603260574553,0.596759493568123,11.23281355410193,11.196457909705138,0.0
1.704,0.16953689511959102,-0.07948710490055902,0.08332966179379435,0.0,0.6768934071147787,0.5959483600646996,11.259315605713072,11.196457909705138,0.0
1.705,0.16924660777387474,-0.0798371162602162,0.06945005902814455,0.0,0.6767861141493894,0.593927316740935,11.217943744775631,11.196457909705138,0.0
1.706,0.16804514003650342,-0.07958095265338384,0.08992113114615975,0.0,0.6764557680378136,0.5946175209913,11.193037568184899,11.196457909705138,0.0
1.707,0.16809375677893745,-0.0794845701779574,0.10240842285672855,0.0,0.6762194365262038,0.5963571990534118,11.225647075782941,11.196457909705138,0.0
1.708,0.16901908521731945,-0.07982863165672016,0.08581177739692922,0.0,0.6762195165593844,0.5958474722796703,11.268745261549071,11.196457909705138,0.0
1.709,0.16884375335007631,-0.08017465967171705,0.06353981099542483,0.0,0.6762032383787345,0.5931333161268338,11.235310145335921,11.196457909705138,0.0
1.71,0.1672272630962841,-0.07988821429853889,0.07986884674569204,0.0,0.6758822031296667,0.5928839219770053,11.177123277498758,11.196457909705138,0.0
1.711,0.16672274655259117,-0.07942645621249547,0.10915562698633739,0.0,0.6755204030547896,0.5957249511034896,11.20882949720224,11.196457909705138,0.0
1.712,0.16808727437382087,-0.0798142120205016,0.09317880125962544,0.0,0.6755261566197899,0.5960402354517205,11.28428930414518,11.196457909705138,0.0
1.713,0.16845693174712942,-0.08041941696580507,0.054570583843755266,0.0,0.6756255582490165,0.5922104140302983,11.24541383259327,11.196457909705138,0.0
1.714,0.16642162414520129,-0.07999629527493546,0.0735187603908287,0.0,0.6752794421377295,0.5914714769182228,11.167212913921894,11.196457909705138,0.0
1.715,0.16548080001524137,-0.07944860366922046,0.11291166968434922,0.0,0.6748380290666437,0.5949986977413189,11.195365021000587,11.196457909705138,0.0
1.716,0.167112329160219,-0.07986830276562965,0.09884654503204826,0.0,0.6748451232016384,0.5959990859230615,11.29024567325143,11.196457909705138,0.0
1.717,0.16797578862713192,-0.08055236983882505,0.05046834127116363,0.0,0.6750225971283952,0.5916405282830444,11.259448570488383,11.196457909705138,0.0
1.718,0.16577491980269418,-0.08012800101880796,0.06523698604485498,0.0,0.6746929466575406,0.5900946369277771,11.17122032020841,11.196457909705138,0.0
1.719,0.16432158549706352,-0.07946126396689435,0.10960348707980817,0.0,0.6741725747107347,0.5935408564124337,11.174778406815788,11.196457909705138,0.0
1.72,0.16578921927915005,-0.0797515136239518,0.10804123880501307,0.0,0.6740874567398701,0.5957989313742815,11.277920497005958,11.196457909705138,0.0
1.721,0.16729456372452878,-0.08061502659379972,0.05565556783691983,0.0,0.6743287419923899,0.5919249741679444,11.277585179431846,11.196457909705138,0.0
1.722,0.1655143871113672,-0.08043277296813944,0.055011953926709045,0.0,0.6741298199705026,0.5891264732589526,11.183577989700611,11.196457909705138,0.0
1.723,0.16351719772038975,-0.07960083335026094,0.10214434799237165,0.0,0.6735812492381948,0.5919808187918724,11.166472466552984,11.196457909705138,0.0
1.724,0.16450070964301036,-0.07968480940131419,0.1109969639977069,0.0,0.6733905268942044,0.5948691783128015,11.258664157197142,11.196457909705138,0.0
1.725,0.16626288112505547,-0.08047654864178244,0.06427905620070765,0.0,0.6735939642926472,0.5920381298857165,11.282526115322886,11.196457909705138,0.0
1.726,0.165083413064738,-0.08056603265670001,0.05148739508165805,0.0,0.6734958789577732,0.5887179895975142,11.199514096335013,11.196457909705138,0.0
1.727,0.16293761255823125,-0.07983740206356557,0.09296284270929565,0.0,0.6729945439221726,0.5906345140299879,11.164028024028266,11.196457909705138,0.0
1.728,0.16340467269655334,-0.07969271917480394,0.1110301777194383,0.0,0.6727263660215468,0.593809070270213,11.235218175278755,11.196457909705138,0.0
1.729,0.16522337498051567,-0.0803336626724916,0.07504749943845758,0.0,0.6728744121486394,0.5923051984854912,11.288502873169563,11.196457909705138,0.0
1.73,0.16472721558949388,-0.08071905004247028,0.04748470085840939,0.0,0.6728932496602715,0.5883672019868074,11.21710216043069,11.196457909705138,0.0
1.731,0.16242585096615098,-0.08005052547273472,0.08297861472059034,0.0,0.672439012194501,0.5892530359144529,11.156555006188553,11.196457909705138,0.0
1.732,0.16231188949054065,-0.07966722130608783,0.11365122087682468,0.0,0.6720833036554386,0.5930134323574046,11.214325690663685,11.196457909705138,0.0
1.733,0.16428656387800478,-0.08027838024028974,0.0845872008296731,0.0,0.6722102661390064,0.5926400962380287,11.29619734738235,11.196457909705138,0.0
1.734,0.16443519968307369,-0.0808943823826921,0.042653978093568565,0.0,0.6723488474086017,0.5879981724837642,11.232151977115645,11.196457909705138,0.0
1.735,0.16192625438427494,-0.08023053334643845,0.07431972255281577,0.0,0.6719301947603993,0.5880143336906825,11.149209760072491,11.196457909705138,0.0
1.736,0.16128779969795587,-0.07964273630229611,0.11626331257071934,0.0,0.6714970043132158,0.5923292915319728,11.19888480616075,11.196457909705138,0.0
1.737,0.16340689134056463,-0.08025229175754434,0.09140152056203367,0.0,0.6716115577653983,0.592775716895731,11.298251581499946,11.196457909705138,0.0
1.738,0.16405472409790753,-0.08100502313873464,0.04070019617448792,0.0,0.6718360033061171,0.5878103566189069,11.248030906899785,11.196457909705138,0.0
1.739,0.16149310612712253,-0.08039106966261991,0.0652948035026215,0.0,0.6714664060688971,0.586864653278167,11.147979090490427,11.196457909705138,0.0
1.74,0.16031355128299546,-0.07963376567317434,0.11580549989944784,0.0,0.6709620343172467,0.5913909259312946,11.18212923112118,11.196457909705138,0.0
1.741,0.16239713445489828,-0.08017313602667633,0.0988737163699106,0.0,0.6710276307848542,0.5928055412943769,11.293680458670671,11.196457909705138,0.0
1.742,0.16359625482761944,-0.081018256057798,0.042125877105509885,0.0,0.6713156986418976,0.5879012428748422,11.26253159302668,11.196457909705138,0.0
1.743,0.16120038408532167,-0.08053073166726805,0.057039573094290474,0.0,0.6710224509880135,0.5859997030197556,11.155334533044682,11.196457909705138,0.0
1.744,0.15951643093631324,-0.07969841610335658,0.11104933685189372,0.0,0.670481694645884,0.5902122055772057,11.163911155095006,11.196457909705138,0.0
1.745,0.16131536898730225,-0.08005639503801565,0.10708649337283313,0.0,0.6704639650321644,0.592758649107326,11.27917760522458,11.196457909705138,0.0
1.746,0.16307116324199417,-0.08098668611690335,0.04862607135285141,0.0,0.6708014049621598,0.5884825093481486,11.281032865186312,11.196457909705138,0.0
1.747,0.1611337294882068,-0.08075342263457572,0.046852691817174066,0.0,0.6706425250293928,0.5852879356846276,11.171651702755002,11.196457909705138,0.0
1.748,0.15887721000646088,-0.07978945630787088,0.1017913351023305,0.0,0.6700763720624364,0.58868675875636,11.146879863810732,11.196457909705138,0.0
1.749,0.1600875449058389,-0.07987100904064173,0.11467303503340953,0.0,0.6699253271632205,0.5924009827500416,11.255823064314242,11.196457909705138,0.0
1.75,0.16232376845443264,-0.08086080924592881,0.059607783235563136,0.0,0.6702688716485486,0.5893088039160084,11.29715912593571,11.196457909705138,0.0
1.7510000000000001,0.16113971524336534,-0.0809519113875487,0.03793274026252333,0.0,0.6702689670354656,0.5848792032935586,11.192190570911604,11.196457909705138,0.0
1.752,0.15843220350724896,-0.07990843983468662,0.09045969116251176,0.0,0.669710399929215,0.5871732730596365,11.134812963075726,11.196457909705138,0.0
1.7530000000000001,0.15891477692471218,-0.07971070562922158,0.11976494454674502,0.0,0.6694257804631244,0.5918002293084653,11.230905519618828,11.196457909705138,0.0
1.754,0.16145699487601534,-0.08069132389180658,0.07137419017605719,0.0,0.669742163919465,0.5900451742307158,11.306938006925463,11.196457909705138,0.0
1.7550000000000001,0.16107949884429307,-0.08106696591210164,0.03225314555053614,0.0,0.6698829179620032,0.584744802384277,11.212246629853107,11.196457909705138,0.0
1.756,0.15811175552245338,-0.08004630965361548,0.07944094688523473,0.0,0.6693635308070073,0.585893088524893,11.128024795157817,11.196457909705138,0.0
1.7570000000000001,0.15789874496279327,-0.07960839725829796,0.12223619537835298,0.0,0.6689729471806726,0.5911039603851882,11.206751411110247,11.196457909705138,0.0
1.758,0.16059152171473157,-0.08050417738356891,0.08276995238808689,0.0,0.6692454240407337,0.5906871119346501,11.311923436740921,11.196457909705138,0.0
1.7590000000000001,0.16097337602249595,-0.08113035006977411,0.029029284302392044,0.0,0.6695088895639647,0.5848073087493134,11.233532117636441,11.196457909705138,0.0
1.76,0.15787220141710445,-0.08020276843373074,0.06785420177531883,0.0,0.6690497325095124,0.584694927787383,11.127823037651188,11.196457909705138,0.0
1.7610000000000001,0.15695436236669913,-0.07950798669083942,0.12139509048848489,0.0,0.6685581028889545,0.5901190683494104,11.1842230513921,11.196457909705138,0.0
1.762,0.15957497100933668,-0.08028180738536005,0.09331743220115907,0.0,0.6687501183804812,0.5910302352532473,11.301573766620898,11.196457909705138,0.0
1.7630000000000001,0.16067805118583495,-0.08107999675463973,0.03359091601760289,0.0,0.6690941116369146,0.5854852140855471,11.253852122613635,11.196457909705138,0.0
1.764,0.15792075043468096,-0.0803988701706411,0.05687779589214931,0.0,0.6687662976330021,0.5840022501926877,11.139105138432376,11.196457909705138,0.0
1.7650000000000001,0.15634525529071647,-0.07956129808084442,0.11482481569550662,0.0,0.668237646976157,0.5889218361266713,11.159751723787126,11.196457909705138,0.0
1.766,0.15854651308120055,-0.08005560879421252,0.10486858487731145,0.0,0.6683165698777633,0.591364049505144,11.282624787904838,11.196457909705138,0.0
1.7670000000000001,0.16035776603017582,-0.08101297401062152,0.04257038403645831,0.0,0.6687321888937278,0.5866394688051362,11.279734783275664,11.196457909705138,0.0
1.768,0.1581945258893726,-0.08067184165803748,0.043182617615340174,0.0,0.6685866897271464,0.5833753047237887,11.160066035203231,11.196457909705138,0.0
1.7690000000000001,0.15584634180645862,-0.07960040175887678,0.10338091039657585,0.0,0.6680148770037067,0.5872753648517777,11.133912561591929,11.196457909705138,0.0
1.77,0.15729251546002376,-0.07972758357762863,0.11708310068335896,0.0,0.6679149559644642,0.5914509347556363,11.255320975668873,11.196457909705138,0.0
1.7710000000000001,0.15981025483062916,-0.08086492027659524,0.05579026298524961,0.0,0.6683664192382306,0.588057231921294,11.30497871837244,11.196457909705138,0.0
1.772,0.15855617859905874,-0.08090832688590344,0.029876183546792667,0.0,0.6684267672612204,0.5829735511156922,11.18473882572278,11.196457909705138,0.0
1.7730000000000001,0.15550822912948853,-0.07963751521781143,0.09011332071144657,0.0,0.667832489051768,0.585612232754783,11.114148885246525,11.196457909705138,0.0
1.774,0.15605096367180687,-0.07943540780553074,0.12623138119416025,0.0,0.6675519831284995,0.591208053396121,11.22689352958206,11.196457909705138,0.0
1.7750000000000001,0.15909176094458105,-0.08064579261599192,0.06955470282762337,0.0,0.6679942732649656,0.5892915658012697,11.319386683099177,11.196457909705138,0.0
1.776,0.15880691162687682,-0.08100216350547843,0.022078838335124723,0.0,0.6682277825780387,0.5830171190667164,11.20906989574162,11.196457909705138,0.0
1.7770000000000001,0.15536177990781994,-0.07973331797254259,0.07711111215353796,0.0,0.6676673595688309,0.5842978926977949,11.10661540668448,11.196457909705138,0.0
1.778,0.15504345250068066,-0.07925428461748493,0.12923678171231517,0.0,0.6672510510099254,0.5905786122757213,11.197638493278514,11.196457909705138,0.0
1.7790000000000001,0.15826354009981217,-0.0803415458903092,0.08371343257956398,0.0,0.6676288343382641,0.5903034110297981,11.320184480197444,11.196457909705138,0.0
1.78,0.15891954780075307,-0.08098374751910833,0.021203173415176246,0.0,0.6680010887756164,0.5836326532534336,11.235624044534184,11.196457909705138,0.0
1.7810000000000001,0.15547118335757368,-0.07990264794649121,0.06309172989851572,0.0,0.6675436990223211,0.5832849206690115,11.116001164421833,11.196457909705138,0.0
1.782,0.1542739529199454,-0.07915607788485735,0.12370773740752411,0.0,0.6670259632748593,0.5892723093325664,11.168240843303069,11.196457909705138,0.0
1.7830000000000001,0.1571336661544518,-0.07994919821926907,0.0978700686309269,0.0,0.6672534489059011,0.5908343411543324,11.29675596109267,11.196457909705138,0.0
1.784,0.15868419797891115,-0.0808201686564788,0.032609529222251354,0.0,0.6677022647007644,0.5852006743414918,11.2657552586982,11.196457909705138,0.0
1.7850000000000001,0.15597428347902648,-0.08020776457509801,0.047416906929555885,0.0,0.6674667580815331,0.582770268644544,11.139796166491351,11.196457909705138,0.0
1.786,0.15390495160775086,-0.07918349995024565,0.11096307046511791,0.0,0.6669052164866099,0.5876018844280478,11.135399128666974,11.196457909705138,0.0
1.7870000000000001,0.15593161591202348,-0.0795170056228123,0.11377217718768827,0.0,0.6669299188997608,0.5913240981856538,11.266010957054824,11.196457909705138,0.0
1.788,0.1583599142257005,-0.08067165671499832,0.04777073252026601,0.0,0.6674480490107718,0.5871414646567099,11.298748008712877,11.196457909705138,0.0
1.7890000000000001,0.15665704353201532,-0.08053141024930749,0.030379305701162124,0.0,0.6674691291356394,0.5823874637477764,11.167567575590963,11.196457909705138,0.0
1.79,0.15367920462283796,-0.07917853282698861,0.09625842560326087,0.0,0.6668652871053287,0.5858421219727178,11.105606459188454,11.196457909705138,0.0
1.7910000000000001,0.1546793857522738,-0.07910206551531443,0.12814749830968228,0.0,0.6666724124704824,0.5916001386574895,11.236043634596161,11.196457909705138,0.0
1.792,0.15788934131982135,-0.0804740273880588,0.0625330533569187,0.0,0.6672263074467165,0.5888834932372957,11.324089447460388,11.196457909705138,0.0
1.793,0.15723533477131096,-0.08068496155710973,0.017233831547252818,0.0,0.667462631523176,0.5822711721832202,11.193792136619255,11.196457909705138,0.0
1.794,0.15354908091059544,-0.07917748824596099,0.08240914469867813,0.0,0.6668461596806649,0.5843649401661453,11.094352740671257,11.196457909705138,0.0
1.795,0.15357780631965923,-0.07878692109426484,0.13314989436301605,0.0,0.6664728241671225,0.5910773911644858,11.203015027057214,11.196457909705138,0.0
1.796,0.1570990865957252,-0.08004859773152048,0.0787531799965166,0.0,0.6669507574063833,0.5902031638584029,11.326814268270926,11.196457909705138,0.0
1.797,0.15752078199753428,-0.08062811108888374,0.015549995804002667,0.0,0.6673446042940473,0.5830445957979047,11.22358117881823,11.196457909705138,0.0
1.798,0.1537712315680226,-0.07935164551042306,0.06689530783921945,0.0,0.6668370033396909,0.5833379528992859,11.094919090735782,11.196457909705138,0.0
1.799,0.15283246746265108,-0.07863354562495536,0.13224174007013714,0.0,0.666343271859291,0.5902916371674379,11.174348208444387,11.196457909705138,0.0
1.8,0.15624712706641214,-0.0796840858443877,0.09274827822844224,0.0,0.6667170223767389,0.5911178345383716,11.309160597777169,11.196457909705138,0.0
1.801,0.15758281358827977,-0.08047040137292413,0.024215056681331296,0.0,0.6672120068854799,0.5846422885508236,11.253241114613584,11.196457909705138,0.0
1.802,0.15437802408956608,-0.07959586386295617,0.05160696621403932,0.0,0.6669058760632103,0.582928121587051,11.11965735080214,11.196457909705138,0.0
1.803,0.15252864802180077,-0.07861597021809326,0.11916685370879136,0.0,0.666359898700955,0.5886838102389912,11.138531433300786,11.196457909705138,0.0
1.804,0.1551092525230958,-0.07915106356892376,0.11030907722351169,0.0,0.6665127471451591,0.5918570177453633,11.276639503912387,11.196457909705138,0.0
1.805,0.15740612791478367,-0.08027095236293504,0.040453225975638746,0.0,0.6670854683294136,0.586905773225033,11.289392261072857,11.196457909705138,0.0
1.806,0.1552510068541294,-0.0799398014390192,0.033147503881726464,0.0,0.667058167453638,0.5826618864278981,11.150254071274102,11.196457909705138,0.0
1.807,0.15242570706927028,-0.07856287093773293,0.1031786371654145,0.0,0.6664610571398245,0.586905371870772,11.103601882839111,11.196457909705138,0.0
1.808,0.15390154827044028,-0.0786141145258192,0.12743329165156986,0.0,0.6663674125013821,0.5924419028686401,11.246154284173723,11.196457909705138,0.0
1.809,0.15709337021451297,-0.08005519934671497,0.05566012723957803,0.0,0.6669947923209882,0.5889414796708601,11.320785028010722,11.196457909705138,0.0
1.81,0.15600834720638063,-0.08011922321484237,0.017101484138023107,0.0,0.667202023616141,0.5824813884281029,11.17545744013524,11.196457909705138,0.0
1.811,0.1523275788644161,-0.07846801733326664,0.0899752827714629,0.0,0.666560249771848,0.5854837680073655,11.086048604210818,11.196457909705138,0.0
1.812,0.15284488116609468,-0.07819837650229339,0.13578379378861702,0.0,0.6662697428373192,0.5923382195332205,11.217248006366686,11.196457909705138,0.0
1.813,0.15651415637971738,-0.07965730012688704,0.06997619174406741,0.0,0.666856909755844,0.5903828066274835,11.322590589598194,11.196457909705138,0.0
1.814,0.15641753683360465,-0.0800436265461811,0.016043573329382957,0.0,0.667217725361819,0.583454460601212,11.20031575012055,11.196457909705138,0.0
1.815,0.15269196786577188,-0.07860648274980038,0.07714241466405075,0.0,0.6666876757227745,0.5849240758601253,11.085420934113598,11.196457909705138,0.0
1.816,0.1523836378815942,-0.07806295889091999,0.13570019242344228,0.0,0.666312176387013,0.592020752378011,11.190264451080248,11.196457909705138,0.0
1.817,0.15601622712713822,-0.07927946565551429,0.08334036852636634,0.0,0.66682314561931,0.5916223847874079,11.323557159891047,11.196457909705138,0.0
1.818,0.15673466759513735,-0.07990032817560558,0.01542302161910758,0.0,0.6672993109788815,0.5843249383992426,11.225223778705132,11.196457909705138,0.0
1.819,0.1529814758419133,-0.07863798119853685,0.06430205352206517,0.0,0.6668530483710006,0.5842807556617831,11.089159458890085,11.196457909705138,0.0
1.82,0.15184434035114475,-0.07786155957352703,0.133407197937739,0.0,0.6663742108411812,0.5913966934904289,11.1618539105795,11.196457909705138,0.0
1.821,0.15531043214666546,-0.07884073247217416,0.09740601208428787,0.0,0.66677032408231,0.5927093304427765,11.30824165948862,11.196457909705138,0.0
1.822,0.15691862859955424,-0.07967988079199109,0.023094300131892898,0.0,0.6673406042807539,0.585973797875911,11.25716947558414,11.196457909705138,0.0
1.823,0.1536348942464857,-0.07880819158524952,0.04802327642534315,0.0,0.667076025906727,0.5838314438407464,11.11125039349557,11.196457909705138,0.0
1.824,0.1515547881667923,-0.07768973313204121,0.12183489263172376,0.0,0.6665093564288009,0.5899428297166982,11.125411883369972,11.196457909705138,0.0
1.825,0.15426505700445883,-0.07820563081739787,0.11546460795787442,0.0,0.6666784258161841,0.5936286319481348,11.274578937663334,11.196457909705138,0.0
1.826,0.15684627393813316,-0.07945714055147284,0.04009987053161186,0.0,0.6673316755818672,0.5884795114506882,11.290331705508537,11.196457909705138,0.0
1.827,0.1546725823748859,-0.07912384702392569,0.03128474865097618,0.0,0.6673555109358662,0.5839595301882412,11.139863348176535,11.196457909705138,0.0
1.828,0.15172546721058633,-0.0776202204498688,0.10708487293226333,0.0,0.6667628986403503,0.5886225412296273,11.094114945878774,11.196457909705138,0.0
1.829,0.15338797284994837,-0.07768347908926812,0.13098250371940748,0.0,0.6667178433945986,0.5944183813091234,11.249378212215593,11.196457909705138,0.0
1.83,0.15673418888101648,-0.079228335022222,0.052821667525893456,0.0,0.667426179247603,0.5904420048599127,11.319272619803764,11.196457909705138,0.0
1.831,0.1554425875699576,-0.07921596460838462,0.01664631663082175,0.0,0.667649234565534,0.583911957708928,11.160026679895743,11.196457909705138,0.0
1.832,0.1517068975632868,-0.07742635208914092,0.09663359888292578,0.0,0.667000245963595,0.5876155852491401,11.076124940084938,11.196457909705138,0.0
1.833,0.15258657284171684,-0.07722116324938515,0.13978779848453055,0.0,0.6667818443286906,0.5946969191280989,11.227077354933993,11.196457909705138,0.0
1.834,0.1564260203690258,-0.07883675978479548,0.06400539660771457,0.0,0.667473183752465,0.5918671307779856,11.323718007532232,11.196457909705138,0.0
1.835,0.1559112259152839,-0.07908931888060926,0.014412469330323988,0.0,0.6678240359340364,0.5847870790887012,11.177694966472828,11.196457909705138,0.0
1.836,0.15205244194278078,-0.07742042874438003,0.08761161929234927,0.0,0.6672456942225784,0.5874172718475366,11.073177378647266,11.196457909705138,0.0
1.837,0.15232423695918212,-0.07701208220872169,0.141103218515709,0.0,0.6669599767405897,0.5948102102827629,11.209009986296028,11.196457909705138,0.0
1.838,0.1562047879434743,-0.07848063654974136,0.07306139392541902,0.0,0.6676077492931913,0.5929916237709945,11.324071083885434,11.196457909705138,0.0
1.839,0.1562398826728512,-0.07889086089936803,0.014254713388913196,0.0,0.6680393250744049,0.5856663016421616,11.192071206660934,11.196457909705138,0.0
1.84,0.15235324191462613,-0.07735822441987719,0.08029851903160509,0.0,0.6675225188083732,0.587397436161093,11.070352384896658,11.196457909705138,0.0
1.841,0.15214414692866324,-0.07679081271727983,0.14241898516182774,0.0,0.6671834176983472,0.5950607238602992,11.192239533927781,11.196457909705138,0.0
1.842,0.15607910312107892,-0.07813236210485548,0.08151759440404,0.0,0.6677978000189038,0.594168478902898,11.328400547207455,11.196457909705138,0.0
1.843,0.1566143554404213,-0.07870207970763382,0.012117661389179954,0.0,0.6683107730540943,0.5863823897560327,11.207564684526265,11.196457909705138,0.0
1.844,0.15258386241757754,-0.0772389586236544,0.07242452498156372,0.0,0.6678271993758138,0.5872026679083897,11.06443019391672,11.196457909705138,0.0
1.845,0.15185058764346232,-0.07649459100414849,0.14531204744421988,0.0,0.6674067616532909,0.5953474750075756,11.177822453076177,11.196457909705138,0.0
1.846,0.1559158521916621,-0.07779269282776631,0.08880227243078159,0.0,0.6679930832897325,0.5952362953004426,11.323441271727896,11.196457909705138,0.0
1.847,0.15693338483092062,-0.07846991743521942,0.014723029484694228,0.0,0.6685711684803999,0.5875399708088954,11.221470165932729,11.196457909705138,0.0
1.848,0.15304283908616395,-0.07716833937760761,0.06545845982000188,0.0,0.6681718668704341,0.5874309124102306,11.069558592036072,11.196457909705138,0.0
1.849,0.15184152870483433,-0.07631112474431326,0.1426832399450208,0.0,0.6677203117525121,0.5953734398853329,11.158002453848601,11.196457909705138,0.0
1.85,0.15572122984961584,-0.07739115679864131,0.09884586359732184,0.0,0.6682355405662016,0.5964434196718965,11.32033019064872,11.196457909705138,0.0
1.851,0.15730974237783377,-0.07822242237718792,0.016443272387826502,0.0,0.6688868833702751,0.5886960737249491,11.24127533440611,11.196457909705138,0.0
1.852,0.15350358426249844,-0.07709201976248661,0.05552252626212195,0.0,0.6685657003558445,0.5873459030093408,11.074880915582495,11.196457909705138,0.0
1.853,0.15168387051863053,-0.07601393074407883,0.13993550561515558,0.0,0.6680343328054179,0.5951553731846125,11.135207044750555,11.196457909705138,0.0
1.854,0.15535843272963534,-0.07688152227752136,0.1103849496806718,0.0,0.6684432649864238,0.5976136696603418,11.304151277953077,11.196457909705138,0.0
1.855,0.15758838106880585,-0.0779827226833667,0.024835899396931455,0.0,0.6691695897262108,0.5905435910395335,11.2618517748736,11.196457909705138,0.0
1.856,0.15430001728138631,-0.07715847812215215,0.04533171228498514,0.0,0.6690145952241462,0.5877472021753157,11.093604804063546,11.196457909705138,0.0
1.857,0.1519221096409327,-0.07580098066666174,0.1304837287464283,0.0,0.6684543790113743,0.5946054026317673,11.115960625703257,11.196457909705138,0.0
1.858,0.1549380197521597,-0.07632776493818941,0.12011079076659115,0.0,0.6687075257099478,0.5983736888902608,11.28539283735267,11.196457909705138,0.0
1.859,0.15761520722451844,-0.07764454078727749,0.034505335665409254,0.0,0.6694517638651979,0.5922132589905827,11.276175824257951,11.196457909705138,0.0
1.86,0.15494042122745882,-0.0771089684526675,0.03831666306724091,0.0,0.6694334544996569,0.5883395947960115,11.10576746363638,11.196457909705138,0.0
1.861,0.15221978125818597,-0.07557688339671932,0.12442774783871442,0.0,0.6688664360184049,0.5945580946718363,11.102573654814035,11.196457909705138,0.0
1.862,0.1547918592527569,-0.07589389255107241,0.12696349479879734,0.0,0.6690281612303985,0.5992057290507522,11.274284432362725,11.196457909705138,0.0
1.863,0.15776769245526975,-0.07735533497695629,0.04032984079787674,0.0,0.6697960659343886,0.5935480922309433,11.285225612284368,11.196457909705138,0.0
1.864,0.15545437953570101,-0.07697481334454867,0.03397157381126306,0.0,0.6698649446821748,0.5889841594881735,11.11171950808494,11.196457909705138,0.0
1.865,0.1525026895307238,-0.0753209428434995,0.12157200992717877,0.0,0.6692924217421143,0.594884691308428,11.09423847649086,11.196457909705138,0.0
1.866,0.1548312781632007,-0.07552364438512071,0.1313347200563617,0.0,0.669406040152674,0.6000501497560801,11.268870043947588,11.196457909705138,0.0
1.867,0.1579885467593991,-0.07707155777444655,0.043294814985573,0.0,0.6701930860243526,0.594604393881687,11.28951758441668,11.196457909705138,0.0
1.868,0.15584699554771125,-0.07676264261408379,0.03204044800391158,0.0,0.6703073919198905,0.5896914801838736,11.112864068738512,11.196457909705138,0.0
1.869,0.15277753374014197,-0.0750401628833503,0.12120314425266211,0.0,0.6697325922373168,0.5955179539892906,11.09045862853463,11.196457909705138,0.0
1.87,0.1550285661787002,-0.07519825851911041,0.13346585716630788,0.0,0.6698325352207827,0.6008832637176048,11.26780888855362,11.196457909705138,0.0
1.871,0.15825762043605704,-0.07678340120758911,0.04407721736832804,0.0,0.6706317996181085,0.5954339736205962,11.289099064171438,11.196457909705138,0.0
1.872,0.15613790308672323,-0.07648620789765587,0.03250571801475621,0.0,0.6707576658750236,0.5904960198931084,11.109820695074681,11.196457909705138,0.0
1.873,0.15306957166011054,-0.07474839677622376,0.12301127470943915,0.0,0.67018896284324,0.5964520936774456,11.091433516297906,11.196457909705138,0.0
1.874,0.15539021689851712,-0.07492018431281065,0.13325510803189913,0.0,0.6703090122333077,0.6016915015882038,11.271015900707516,11.196457909705138,0.0
1.875,0.1585701446912512,-0.07648869201424414,0.04271833591707046,0.0,0.6711118154472361,0.5960309047762206,11.283661391049911,11.196457909705138,0.0
1.8760000000000001,0.1563226762264855,-0.07614350484894256,0.03552355593242515,0.0,0.6712146229933756,0.5914096106987172,11.102157701535205,11.196457909705138,0.0
1.877,0.1533826087802445,-0.07444939025593594,0.12721840277147747,0.0,0.6706621196435736,0.5977200404701594,11.097481925433977,11.196457909705138,0.0
1.8780000000000001,0.15593281793995317,-0.07470022447076591,0.1305460506648033,0.0,0.6708404425154568,0.6024833460473218,11.279473062306769,11.196457909705138,0.0
1.879,0.15893643865131601,-0.07619049563324204,0.038720330702390865,0.0,0.6716386851435923,0.5963491514925052,11.27305332236264,11.196457909705138,0.0
1.8800000000000001,0.15638271057201938,-0.07572096929731464,0.041164246547880035,0.0,0.6716771334448558,0.5924062348944479,11.088444642707993,11.196457909705138,0.0
1.881,0.15369594361640487,-0.07413457386559358,0.13454871904517549,0.0,0.671147637022057,0.5993793146868946,11.108626285788343,11.196457909705138,0.0
1.8820000000000001,0.15667562368005183,-0.07455444079681925,0.12533621374416806,0.0,0.6714304475375351,0.603300284073176,11.294948472770171,11.196457909705138,0.0
1.883,0.15938381805216562,-0.07590301833650778,0.031190214622603768,0.0,0.672221218800147,0.5963253981417189,11.25731455768313,11.196457909705138,0.0
1.8840000000000001,0.15629853234735197,-0.0752006064010298,0.04939860568634405,0.0,0.6721446732550521,0.5934379243091464,11.067065436066542,11.196457909705138,0.0
1.885,0.15398169944738233,-0.07378140584934922,0.14581709123102424,0.0,0.6716379469398798,0.6014794915665478,11.125058727386843,11.196457909705138,0.0
1.8860000000000001,0.1576293390435448,-0.07449713801857578,0.11753443739405672,0.0,0.6720789725260963,0.6041665440046007,11.31850660886772,11.196457909705138,0.0
1.887,0.1599210436014139,-0.07564962712657566,0.019590009661992577,0.0,0.6728642172776844,0.5959223221399088,11.235885139741546,11.196457909705138,0.0
1.8880000000000001,0.15606105683131824,-0.07456922508501096,0.06050647192471548,0.0,0.6726161462519922,0.5945088176533544,11.039104998910208,11.196457909705138,0.0
1.889,0.1542571572811195,-0.07335563407041579,0.16047007144833383,0.0,0.6721288408890241,0.6039585169206778,11.147550977967544,11.196457909705138,0.0
1.8900000000000001,0.1587623774865966,-0.07451587239713192,0.10673615123704167,0.0,0.6727749981151697,0.6049905352883892,11.345845725492353,11.196457909705138,0.0
1.891,0.16046504293266228,-0.07545533558411442,0.006094899316765073,0.0,0.6735514800227731,0.5953085280358141,11.206667338365587,11.196457909705138,0.0
1.8920000000000001,0.15573856418510307,-0.07386077929581292,0.07558199859354335,0.0,0.6730973171907754,0.5958593024555976,11.013831767332553,11.196457909705138,0.0
1.893,0.15470256611669125,-0.07286232621327883,0.17382604553378656,0.0,0.6726497638077598,0.6064882523209111,11.180987989740961,11.196457909705138,0.0
1.8940000000000001,0.15995030504092478,-0.07456401804455888,0.09040263352922412,0.0,0.6735070313818439,0.6052629248091382,11.355123960635524,11.196457909705138,0.0
1.895,0.16067201058873304,-0.07526755946364658,0.0017479875726389288,0.0,0.6742164120851291,0.5953011696497555,11.166080981756412,11.196457909705138,0.0
1.8960000000000001,0.15566217392554785,-0.07320208606620959,0.09657324629168204,0.0,0.6736244417142381,0.5982821520837286,11.015693756880035,11.196457909705138,0.0
1.897,0.15582724993022823,-0.0725207887742616,0.17357450025812177,0.0,0.6733354786556938,0.6083594678591864,11.221025633421768,11.196457909705138,0.0
1.8980000000000001,0.16097003638460539,-0.0745695104550304,0.07066288475008911,0.0,0.6743153158383537,0.6047458097557614,11.34900111392588,11.196457909705138,0.0
1.899,0.16040895198237554,-0.07486572963456892,0.0051497124558256,0.0,0.6748479003853467,0.5955273155324454,11.129517825710307,11.196457909705138,0.0
1.9000000000000001,0.15557020955317075,-0.07247839460722622,0.11556075740356021,0.0,0.6741398080105058,0.6006109266765438,11.025623293570257,11.196457909705138,0.0
1.901,0.15689664225399597,-0.07215293040868898,0.1692163696349339,0.0,0.6739989582759933,0.6097190793433394,11.248155362044121,11.196457909705138,0.0
1.9020000000000001,0.1617390461595205,-0.07442734281792135,0.05743336087461201,0.0,0.6750364487886124,0.6045502445814553,11.318672794452954,11.196457909705138,0.0
1.903,0.16027758771365477,-0.07443947911651916,0.02095249582271741,0.0,0.6754318976425344,0.597316161747017,11.1047830297632,11.196457909705138,0.0
1.9040000000000001,0.1563037939016583,-0.07214618421198771,0.12881412696701433,0.0,0.6748120095251362,0.6034971228926673,11.077961655441076,11.196457909705138,0.0
1.905,0.15845133328509564,-0.07212707934862017,0.1434097766707167,0.0,0.6748930377481176,0.6092489369976788,11.277602003906349,11.196457909705138,0.0
1.9060000000000001,0.16179128578585328,-0.07382374883141207,0.04277816149606803,0.0,0.6757279692510427,0.6028723189669899,11.252621502735712,11.196457909705138,0.0
1.907,0.1592346966208078,-0.07337653571580585,0.054706776151080674,0.0,0.6757755856630621,0.5998499439866234,11.043684858098644,11.196457909705138,0.0
1.9080000000000001,0.1570475922996053,-0.07195414123412189,0.16070282898567995,0.0,0.6753642116740135,0.6088898633944325,11.141699752639925,11.196457909705138,0.0
1.909,0.16123621657933646,-0.07285057906685541,0.11224296328569153,0.0,0.6760107991310682,0.6101114879932289,11.353497344510753,11.196457909705138,0.0
1.9100000000000001,0.16288164650236148,-0.07380058914171411,0.004773773002221093,0.0,0.6768104270322043,0.5997994855549339,11.18414876773484,11.196457909705138,0.0
1.911,0.15785160280127383,-0.07201296064417853,0.08957115280988084,0.0,0.6762927526639196,0.6015708089386089,10.994495041585576,11.196457909705138,0.0
1.9120000000000001,0.15743726444866837,-0.07106599071602314,0.18641764456570808,0.0,0.6759176876637094,0.6129136496239284,11.213068286638736,11.196457909705138,0.0
1.913,0.16310151998087957,-0.07318839628899641,0.07696491826979249,0.0,0.6769573475443604,0.6094492234385165,11.361519276526282,11.196457909705138,0.0
1.9140000000000001,0.16274995577556822,-0.07361019242647955,0.0010888096578077627,0.0,0.677571772337799,0.5992786757932581,11.11796541257787,11.196457909705138,0.0
1.915,0.15750423943819353,-0.07102919963081628,0.12365066660328636,0.0,0.6768195727184699,0.6050007038970501,11.023632589354197,11.196457909705138,0.0
1.9160000000000001,0.15907501614522862,-0.07068684862220004,0.17254533141863265,0.0,0.6767029471884618,0.6140028611876155,11.25542879237422,11.196457909705138,0.0
1.917,0.16387944859712278,-0.07304190906767341,0.05605752108193027,0.0,0.677760680099599,0.6082777546082948,11.28951990205346,11.196457909705138,0.0
1.9180000000000001,0.16211675664659875,-0.0729687526873127,0.03808134631882705,0.0,0.6781085312553963,0.6026603712965223,11.075774034297373,11.196457909705138,0.0
1.919,0.1589109278949571,-0.07093642147481025,0.14616111895094813,0.0,0.6776370340948649,0.6100430624118465,11.119147365107223,11.196457909705138,0.0
1.92,0.16191114946476928,-0.07124916568542368,0.12524755899200246,0.0,0.6780056809372117,0.6128969627175841,11.33908118316902,11.196457909705138,0.0
1.921,0.16404273393793845,-0.07235445392879544,0.01385441722646509,0.0,0.6787413073905624,0.6032537556060126,11.184237619002873,11.196457909705138,0.0
1.922,0.15947839612762113,-0.07090551866324854,0.0913984022165609,0.0,0.6782686147257765,0.6048155946213655,10.985544169795817,11.196457909705138,0.0
1.923,0.1591550979326311,-0.06997402568458555,0.19285426421918211,0.0,0.6779114003540071,0.6165486048624378,11.215105354971197,11.196457909705138,0.0
1.924,0.16503752358572846,-0.0721978822028507,0.07788719717883183,0.0,0.6790171475903182,0.6127613568439707,11.354533322053664,11.196457909705138,0.0
1.925,0.16455033698325208,-0.07263884306634963,0.006592459514113094,0.0,0.6796598624309534,0.6028830726610691,11.101444265500568,11.196457909705138,0.0
1.926,0.1594734739187006,-0.07000259512412656,0.13408712423270663,0.0,0.6789560804869553,0.6093478319472896,11.041689586712927,11.196457909705138,0.0
1.927,0.1614855019124142,-0.06976983313937744,0.16551214685644927,0.0,0.678969911327079,0.6170054512419599,11.268949712480937,11.196457909705138,0.0
1.928,0.16567037239483307,-0.0719631135663237,0.05115716594468603,0.0,0.6799917094794689,0.6105651780915153,11.241552694329801,11.196457909705138,0.0
1.929,0.1633696131773893,-0.07161914221682074,0.06440472717400753,0.0,0.6802075308488605,0.6077668258344402,11.01261255431965,11.196457909705138,0.0
1.93,0.16138535554394806,-0.07020120308859609,0.18071325073293779,0.0,0.6799694012649958,0.618126613666705,11.17677323896369,11.196457909705138,0.0
1.931,0.16625145024994292,-0.07138992683134948,0.09882975511833227,0.0,0.6809360024257294,0.6167012270101669,11.371097678111779,11.196457909705138,0.0
1.932,0.1665946196670599,-0.0720354153246695,-7.886213977839618e-05,0.0,0.6817225213015732,0.6054648385042869,11.125233593809691,11.196457909705138,0.0
1.933,0.16092798378533904,-0.0694448886669298,0.1235654231702201,0.0,0.6810153366219602,0.610647459934421,11.01448821901719,11.196457909705138,0.0
1.934,0.162149806930982,-0.06883211313608059,0.1807578074733499,0.0,0.6808556325115059,0.6201047532689865,11.261873039405588,11.196457909705138,0.0
1.935,0.1670536782938448,-0.07121964695134836,0.056411245982146696,0.0,0.6819263846205414,0.6138230936335279,11.270445151459393,11.196457909705138,0.0
1.936,0.1650338014437032,-0.07106197219598964,0.05138531753770145,0.0,0.6822206759938855,0.6092385138256861,11.041298690346204,11.196457909705138,0.0
1.937,0.16231379891259007,-0.06917509983706771,0.16751014028788508,0.0,0.6818211010371833,0.6182448124328483,11.159412321682757,11.196457909705138,0.0
1.938,0.16627431568794476,-0.06992071538222569,0.10882378049983288,0.0,0.6824629998704238,0.6182309190088366,11.366871225677139,11.196457909705138,0.0
1.939,0.1671060412880463,-0.07073773721849219,0.0033901953429216897,0.0,0.6831217357244771,0.6072198893929128,11.116414909191453,11.196457909705138,0.0
1.94,0.16171180189538803,-0.06838344963577248,0.12941878359090125,0.0,0.6823463531790706,0.6128950004720269,11.01154529170235,11.196457909705138,0.0
1.941,0.16332908284489772,-0.06793521473105732,0.18370271851548123,0.0,0.6821902570324248,0.6224041658495403,11.261201287110307,11.196457909705138,0.0
1.942,0.16836659916147811,-0.07045754152974243,0.05822728703745075,0.0,0.6832826253350976,0.61606371427748,11.249442912676477,11.196457909705138,0.0
1.943,0.16637348490266646,-0.07031592756267827,0.06357662422465242,0.0,0.6835909108459328,0.6125793438299004,11.011320918971334,11.196457909705138,0.0
1.944,0.16420767156609448,-0.06869010284421123,0.18448899098456178,0.0,0.6833425061815661,0.6229394142743152,11.18632211926929,11.196457909705138,0.0
1.945,0.168983529623438,-0.069853205798554,0.09708974873994229,0.0,0.6842991486002399,0.6208685943736711,11.364858065316216,11.196457909705138,0.0
1.946,0.16892342672262578,-0.07043624692423114,0.006137774160368384,0.0,0.6850055482812628,0.6100241658233145,11.096699180763778,11.196457909705138,0.0
1.947,0.16345192405035872,-0.06773034687255472,0.14121480372600104,0.0,0.6842533857222067,0.6167040773590529,11.045228333800575,11.196457909705138,0.0
1.948,0.1655343068577994,-0.06738319405750426,0.16846252296664854,0.0,0.6842333027634913,0.624003483170585,11.281084773085368,11.196457909705138,0.0
1.949,0.1695183791094938,-0.06955976047355,0.049688034690449495,0.0,0.6851880625157161,0.6168158450826922,11.195087443376929,11.196457909705138,0.0
1.95,0.16684429067315004,-0.06897548905181983,0.09270040420795113,0.0,0.6852425469633784,0.6166955427590134,10.979860491076678,11.196457909705138,0.0
1.951,0.16626147022609597,-0.06785900310408055,0.20247985454436102,0.0,0.6851625819938726,0.6282757043191108,11.247601907533898,11.196457909705138,0.0
1.952,0.17190632939434475,-0.06991950410698794,0.06809770633746351,0.0,0.6864864496471244,0.6221832597071476,11.321487003885725,11.196457909705138,0.0
1.953,0.17003769146582431,-0.06989429556632841,0.02990486721974428,0.0,0.6870453081243529,0.6142370542646451,11.070959981137548,11.196457909705138,0.0
1.954,0.1657199875873798,-0.06710088219446153,0.1564233578795085,0.0,0.6864466368241097,0.621896578625211,11.14274393564764,11.196457909705138,0.0
1.955,0.16847318155635574,-0.06725403648641586,0.12106852036503736,0.0,0.6867185661957811,0.6232300380111345,11.362335992450829,11.196457909705138,0.0
1.956,0.1696625470344064,-0.06818677221395797,0.009613711135986275,0.0,0.6871977179559874,0.612447565492686,11.090293483333122,11.196457909705138,0.0
1.957,0.16454241098859793,-0.06601128442481743,0.14669660995855993,0.0,0.6863020762742477,0.6195600309846964,11.027330694570871,11.196457909705138,0.0
1.958,0.16707570177866768,-0.06587999640899861,0.17986927649102802,0.0,0.6862145585060342,0.6278199867423114,11.268979951655453,11.196457909705138,0.0
1.959,0.17170008970907608,-0.06840872845853357,0.05831942752923394,0.0,0.6872412614960108,0.6210596353317775,11.180147952139446,11.196457909705138,0.0
1.96,0.16946458081112853,-0.06803062984688682,0.10289852686289423,0.0,0.6874223808781595,0.6214893386356937,10.98294326418892,11.196457909705138,0.0
1.961,0.16934138458804487,-0.0670027732255764,0.20363601729331943,0.0,0.6875190754102576,0.6325207129970027,11.25992875675143,11.196457909705138,0.0
1.962,0.17473173489945815,-0.06911210640847015,0.06450856254160166,0.0,0.6889515431416078,0.6255530539519111,11.286178194010596,11.196457909705138,0.0
1.963,0.17232224861292633,-0.06886213980831224,0.05048664106896422,0.0,0.6894954085374679,0.6195932177646236,11.0380685149643,11.196457909705138,0.0
1.964,0.1688663412975992,-0.06633979300892703,0.1761253745395206,0.0,0.6891139452930822,0.6286002865739589,11.18887420206277,11.196457909705138,0.0
1.965,0.1724697410779903,-0.06699738640196146,0.10079836806670897,0.0,0.6897688939952963,0.6266952110822113,11.347926260704893,11.196457909705138,0.0
1.966,0.1721260484241067,-0.0675273158709004,0.01975765523564986,0.0,0.6902195565857672,0.616958769852902,11.055461532275954,11.196457909705138,0.0
1.967,0.16732407798294696,-0.06486899853998673,0.1673999832244113,0.0,0.6893537945931703,0.6258168820346344,11.100212474343696,11.196457909705138,0.0
1.968,0.17071418062729146,-0.06516076063728207,0.1459869665441549,0.0,0.6895190970220179,0.6294498206889282,11.336557568845048,11.196457909705138,0.0
1.969,0.17321425454511175,-0.06685883094019074,0.026413422702079525,0.0,0.690215033185757,0.6195559289603352,11.08928644102874,11.196457909705138,0.0
1.97,0.16895369682732292,-0.06515185056096034,0.15112070129699762,0.0,0.6896472380155186,0.6261282181929722,11.036058643086195,11.196457909705138,0.0
1.971,0.171478725449303,-0.06496307991973034,0.1793385929344598,0.0,0.6897897563188247,0.633523035553897,11.281906708535717,11.196457909705138,0.0
1.972,0.1755705781107875,-0.06729630246130033,0.0555600722213931,0.0,0.6909160467138775,0.6258699533077049,11.146115773350148,11.196457909705138,0.0
1.973,0.1727589723638263,-0.06648284622425593,0.12395896117772709,0.0,0.6910515874333156,0.6282066664767451,10.99540951509741,11.196457909705138,0.0
1.974,0.17349303133263,-0.06556993336227931,0.2013225742501733,0.0,0.6913149595452667,0.6380404084051929,11.287131427901908,11.196457909705138,0.0
1.975,0.17829369474464293,-0.06786124034948365,0.05455488266595676,0.0,0.6927965415360798,0.6294782987613693,11.205635416103103,11.196457909705138,0.0
1.976,0.17503031075766368,-0.06703310101033552,0.09521111350137965,0.0,0.6931597459662506,0.628267399461436,10.991964480002315,11.196457909705138,0.0
1.977,0.1737958180683231,-0.06522340578837249,0.2040915158488021,0.0,0.6931747549423867,0.638887352840333,11.274768101365884,11.196457909705138,0.0
1.978,0.17857327756830002,-0.06700802933865516,0.06190660325040974,0.0,0.6944646639015496,0.6311798018977657,11.25051361712693,11.196457909705138,0.0
1.979,0.17561919101244555,-0.06649088137945039,0.07349328829566873,0.0,0.6947800943595243,0.6274411055424773,11.000106294956113,11.196457909705138,0.0
1.98,0.17322491757317574,-0.06427815951207902,0.20066046552856756,0.0,0.6944518842103535,0.638214173726443,11.246554256501796,11.196457909705138,0.0
1.981,0.17791561739953124,-0.06573120322684531,0.07693552128775998,0.0,0.6954157639217949,0.6324557787229853,11.276426122478126,11.196457909705138,0.0
1.982,0.17591232346326255,-0.065725470483285,0.061199906171864785,0.0,0.6956922551228067,0.6271432123019303,11.023099322271056,11.196457909705138,0.0
1.983,0.17306195022925325,-0.063407828966771,0.18959689214974054,0.0,0.6951549573222312,0.6369640843681856,11.214255141139201,11.196457909705138,0.0
1.984,0.17723986491835803,-0.06452599124094133,0.0938410104013274,0.0,0.6957996507736622,0.6334439482475117,11.290782357856502,11.196457909705138,0.0
1.985,0.17624004495746132,-0.06498313328418634,0.05463415756116349,0.0,0.6960669652698984,0.6271368594317043,11.031697756334742,11.196457909705138,0.0
1.986,0.1732259520665941,-0.0626814704560748,0.18582405985574746,0.0,0.6954190851034052,0.6366317207462937,11.189260390394553,11.196457909705138,0.0
1.987,0.17723761911980457,-0.06371039716787107,0.10711471801894767,0.0,0.6959216776515994,0.6346709569830192,11.29480506348544,11.196457909705138,0.0
1.988,0.17699979117681958,-0.06450495114820769,0.053358909935701554,0.0,0.6962550462393653,0.6278967611243627,11.026315436579708,11.196457909705138,0.0
1.989,0.17396935330365712,-0.06228895813109679,0.18930514811982163,0.0,0.6956259536108036,0.6376559358780521,11.176039755441735,11.196457909705138,0.0
1.99,0.17812644564007893,-0.06336695651792872,0.11464717023144194,0.0,0.6961764274731898,0.6363168594082156,11.293801033473711,11.196457909705138,0.0
1.991,0.17823132574284806,-0.06432669032481708,0.05479309997776827,0.0,0.6966327370372429,0.6293594041346406,11.020399733005977,11.196457909705138,0.0
1.992,0.17518727634665596,-0.06213513087824256,0.1932543319786269,0.0,0.696097001240341,0.6393084958020685,11.173033254543938,11.196457909705138,0.0
1.993,0.17941719027046446,-0.06323579770628868,0.11717181776125839,0.0,0.6967527371354231,0.6379596848135634,11.287412711756776,11.196457909705138,0.0
1.994,0.17950549869400984,-0.06420081771787908,0.0590725411343231,0.0,0.6973031638751409,0.6312138184392759,11.016672709368239,11.196457909705138,0.0
1.995,0.17655574837651417,-0.06201066732956513,0.19624039433196078,0.0,0.6968733945606278,0.6411923936135584,11.17846583445931,11.196457909705138,0.0
1.996,0.1807817814439174,-0.06314150979865332,0.11552375253888349,0.0,0.6976307538704772,0.6393852640691572,11.273418146197494,11.196457909705138,0.0
1.997,0.18061112221148842,-0.06399964020140991,0.06727799430486756,0.0,0.6982147502145135,0.6333957492686111,11.012140049835434,11.196457909705138,0.0
1.998,0.1779777256979811,-0.061865607315168984,0.19976022108459482,0.0,0.6978980705225779,0.6434070551347951,11.191153598131232,11.196457909705138,0.0
1.999,0.18225718656187595,-0.06308610596115644,0.11030649005243513,0.0,0.6987697845663751,0.6407237551036689,11.251472140914588,11.196457909705138,0.0
2.0,0.1816441349144322,-0.06375034663090634,0.07959707634866234,0.0,0.6993468586898928,0.6360226885727991,10.998181579666129,11.196457909705138,0.0
2.001,0.17954156038333952,-0.06175883751800077,0.20822512027328197,0.0,0.6991704103388542,0.6465307677580598,11.216258241414852,11.196457909705138,0.0
2.0020000000000002,0.18415804636236371,-0.06323278618735716,0.09898878608182317,0.0,0.7002444641862042,0.6421392777863805,11.22210800500382,11.196457909705138,0.0
2.003,0.18278566660913786,-0.06353006398777986,0.09580740333435256,0.0,0.700789924723004,0.6392338800689418,10.979492567679534,11.196457909705138,0.0
2.004,0.1813930890791178,-0.061676450092813036,0.21928477541675157,0.0,0.7007834291279293,0.6504273526642357,11.258795662204717,11.196457909705138,0.0
2.005,0.18642998982928904,-0.06355273420380589,0.07900985062916432,0.0,0.7021218577430506,0.6432678281352149,11.185708521225429,11.196457909705138,0.0
2.0060000000000002,0.18384462137815388,-0.06318584606664975,0.11566091500360538,0.0,0.7025513705075603,0.6427272247867996,11.002732227758331,11.196457909705138,0.0
2.007,0.18334019069011795,-0.061441141422433454,0.20908631855662232,0.0,0.7026956230312854,0.6522235504879363,11.287029613628953,11.196457909705138,0.0
2.008,0.18756561812481826,-0.06336381972225512,0.06603190858207356,0.0,0.7040040245321741,0.6436445884139044,11.139533987034559,11.196457909705138,0.0
2.009,0.18423979975448335,-0.0622743786333869,0.14034896110597606,0.0,0.7041846243727973,0.6460678768698229,11.052862936297945,11.196457909705138,0.0
2.0100000000000002,0.1849973061991485,-0.061000775028554284,0.18512043620835497,0.0,0.7044602910893069,0.6523320043076181,11.304007969188845,11.196457909705138,0.0
2.011,0.1878101071475471,-0.06272462604300733,0.058472419168067946,0.0,0.7055371635255834,0.6433164560079524,11.100328033135613,11.196457909705138,0.0
2.012,0.18409193876898472,-0.061041741204258586,0.16127368596037941,0.0,0.7054024380458586,0.6483218958305635,11.129374723133335,11.196457909705138,0.0
2.013,0.1859442643889869,-0.060416491189530935,0.14742117282723635,0.0,0.7057297804431348,0.6500205925083865,11.325867610847983,11.196457909705138,0.0
2.0140000000000002,0.186746502876915,-0.06154396336984623,0.04788063195848408,0.0,0.7063245327084477,0.6407014964164515,11.030554441189851,11.196457909705138,0.0
2.015,0.1825947691197591,-0.05912449387829024,0.1971962514727026,0.0,0.7056504837721617,0.6502586218136592,11.182943198634431,11.196457909705138,0.0
2.016,0.18643006127476242,-0.059813033299017826,0.12113701986111958,0.0,0.7060994863004205,0.6484695586304794,11.250236732785202,11.196457909705138,0.0
2.017,0.1861245133399993,-0.060725038257840765,0.08695246455493344,0.0,0.7064181174087987,0.6439765564452526,11.0023033893759,11.196457909705138,0.0
2.0180000000000002,0.1843622565930063,-0.05884877139634462,0.21286068146287707,0.0,0.7060400757834635,0.6543472597651437,11.230125141946466,11.196457909705138,0.0
2.019,0.18901313340929238,-0.060512842479402446,0.09861313285518063,0.0,0.7069387191404024,0.6492875570573247,11.155554461445522,11.196457909705138,0.0
2.02,0.1874731238816473,-0.06060259671783544,0.13630750758824883,0.0,0.7072347601462625,0.6503284554788998,11.01514841217965,11.196457909705138,0.0
2.021,0.18819145658054956,-0.0594001672394473,0.20832362719643965,0.0,0.7074721221086868,0.6587452808763177,11.285989682091369,11.196457909705138,0.0
2.0220000000000002,0.1921436983582095,-0.061536983367454154,0.07200767451671802,0.0,0.7087745044834757,0.650201680670832,11.095441319634883,11.196457909705138,0.0
2.023,0.1889627782348368,-0.0601745491348501,0.1682920216456635,0.0,0.7089210526733701,0.654986540065702,11.1395919643692,11.196457909705138,0.0
2.024,0.19084310821533595,-0.05954753923925077,0.14678535873186407,0.0,0.7094760852375724,0.6557403464491786,11.305602982873399,11.196457909705138,0.0
2.025,0.1910798582731696,-0.06049869665037784,0.06268839874808232,0.0,0.7101618925978822,0.6474314372750931,11.021727349389693,11.196457909705138,0.0
2.0260000000000002,0.18735995967271007,-0.05796989438797523,0.20637352109309004,0.0,0.7096605484817767,0.6570798891588647,11.211482916640511,11.196457909705138,0.0
2.027,0.19116414516302707,-0.058928475777321396,0.11134548739832698,0.0,0.7103049159411112,0.6533677671228353,11.17289965406201,11.196457909705138,0.0
2.028,0.18996088035304465,-0.05927090765470158,0.1308727012440093,0.0,0.7105417161435275,0.6533599688803158,11.004437498887658,11.196457909705138,0.0
2.029,0.19030276353507974,-0.05793281607444324,0.21702398293935984,0.0,0.7106034421088481,0.6626083595321983,11.28249386334157,11.196457909705138,0.0
2.0300000000000002,0.19463376724311715,-0.06015646108287999,0.07713544117603965,0.0,0.7118418164095555,0.654215839728442,11.08713755284338,11.196457909705138,0.0
2.031,0.19165989292700739,-0.058921366456666846,0.17590679999375186,0.0,0.7119590044408486,0.659420580434566,11.152370022633734,11.196457909705138,0.0
2.032,0.19382293488883723,-0.058467199358555544,0.14373144396928883,0.0,0.7125473403050945,0.6593218897633762,11.27974725697469,11.196457909705138,0.0
2.033,0.19369606974060194,-0.0593462442949861,0.07920993332611506,0.0,0.7131682101297858,0.6525518747211503,11.019301670133723,11.196457909705138,0.0
2.0340000000000003,0.19075657997981063,-0.056944581371791425,0.21120428914231304,0.0,0.7127770180968693,0.662007617634034,11.22844892344961,11.196457909705138,0.0
2.035,0.19457037179807585,-0.05814424638910483,0.10631075234692478,0.0,0.7135264993396694,0.6571715224490657,11.12337084972272,11.196457909705138,0.0
2.036,0.19294047149532584,-0.058046703918700746,0.15958065981019404,0.0,0.713694696617775,0.6600200370472731,11.06624422699511,11.196457909705138,0.0
2.037,0.1945830973522929,-0.05718752646255926,0.1894461080010994,0.0,0.7140373915324194,0.6651560322925434,11.292049170365125,11.196457909705138,0.0
2.0380000000000003,0.197040603349668,-0.058986710766394224,0.07558772370949196,0.0,0.7150659185281095,0.6567357213496235,11.044170854774428,11.196457909705138,0.0
2.039,0.19375530113220835,-0.05708150005965795,0.20104975205414743,0.0,0.7149219967091593,0.6645856594652871,11.20590573941693,11.196457909705138,0.0
2.04,0.19688872588230988,-0.05753916955375124,0.12008783143577831,0.0,0.7156468566350883,0.6610982502913365,11.169802155415478,11.196457909705138,0.0
2.041,0.19550888593554072,-0.057778020181185816,0.13840618097940105,0.0,0.7159721865251061,0.6610398223250018,11.022237562829691,11.196457909705138,0.0
2.0420000000000003,0.1957944244148565,-0.056290386347958396,0.21393068074104932,0.0,0.716093112401559,0.6690990739904547,11.278415245866919,11.196457909705138,0.0
2.043,0.1994140905889013,-0.058326786474602,0.08502226586081765,0.0,0.7172467512091752,0.6610340145482138,11.063965424408831,11.196457909705138,0.0
2.044,0.19652058525264882,-0.05686713716816004,0.19357210144282444,0.0,0.7172975947668307,0.66747487324251,11.197556956296692,11.196457909705138,0.0
2.045,0.19917338707260995,-0.0569229685968269,0.12676534503297845,0.0,0.7180081777883681,0.6645217456086812,11.190126713456879,11.196457909705138,0.0
2.0460000000000003,0.19783375558262561,-0.057230077758441134,0.13054377841536777,0.0,0.7183856134378597,0.6631925717586477,11.015931456714458,11.196457909705138,0.0
2.047,0.19748714874760148,-0.05547423155851369,0.2194466713164847,0.0,0.7183961739637905,0.6718003231808185,11.278176785354212,11.196457909705138,0.0
2.048,0.20124053251594448,-0.057457414998283815,0.08750681824011713,0.0,0.7195021622197192,0.6637296044630858,11.061907567623946,11.196457909705138,0.0
2.049,0.198376052016982,-0.05604077066305213,0.1969869305260622,0.0,0.7195148170670091,0.6702913940175064,11.201468084378984,11.196457909705138,0.0
2.05,0.2011077009320259,-0.05615620374415531,0.12715657040180464,0.0,0.7202092494672852,0.6670930031790414,11.172060819997686,11.196457909705138,0.0
2.051,0.19969939993176694,-0.056404536913315775,0.14210417348952822,0.0,0.7205405618614842,0.6668086642045218,11.033348105805427,11.196457909705138,0.0
2.052,0.19989346658663135,-0.0548228677483196,0.2130916286246549,0.0,0.7206338421789699,0.674209604058823,11.274535179549373,11.196457909705138,0.0
2.053,0.2031230263708723,-0.05675077925529376,0.0917173190542395,0.0,0.7216857754075542,0.6664654184456279,11.051999439423687,11.196457909705138,0.0
2.054,0.20037589708913492,-0.055182947599467624,0.20442977381989688,0.0,0.7216663561547502,0.6735474376553705,11.217577039842569,11.196457909705138,0.0
2.055,0.20328724015255828,-0.05558932548498813,0.12142978230908177,0.0,0.7224174606321662,0.6693144703752185,11.12686424816843,11.196457909705138,0.0
2.056,0.20155166372284739,-0.055477454018038816,0.1674821147615186,0.0,0.7226537882936057,0.6716956935936018,11.09008759572705,11.196457909705138,0.0
2.057,0.20295910447399068,-0.05442294121038288,0.18693414412198892,0.0,0.7229897278165673,0.6753694529144955,11.278528851434924,11.196457909705138,0.0
2.058,0.20453542727933544,-0.05595360366026231,0.09189280685075424,0.0,0.7238383673168852,0.6679010417610787,11.021516360007565,11.196457909705138,0.0
2.059,0.20169338790481472,-0.05381314052321397,0.2221484680614094,0.0,0.7236045441822553,0.6768712593381704,11.239906492738386,11.196457909705138,0.0
2.06,0.20528800591994745,-0.05494684587300637,0.11251891586566626,0.0,0.7244372373386455,0.6711354371150422,11.076503988500528,11.196457909705138,0.0
2.061,0.20327917922077382,-0.054344604483711145,0.19541970719664145,0.0,0.7245354953507631,0.6765287661152908,11.172078668764229,11.196457909705138,0.0
2.062,0.20590878070979163,-0.054179972911271815,0.14787615947420027,0.0,0.7251511734026186,0.6750244454231642,11.189567443001618,11.196457909705138,0.0
2.063,0.2052413709898028,-0.0548806480917573,0.13920067702254096,0.0,0.725633572165654,0.6733529680970669,11.022144056330003,11.196457909705138,0.0
2.064,0.20496476581396422,-0.053153236939845486,0.22465550889209984,0.0,0.7257035613412607,0.6814074171821932,11.270186781576214,11.196457909705138,0.0
2.065,0.208407039414165,-0.055104374385573765,0.09989685755028338,0.0,0.7268038957383685,0.6737040041622913,11.040674657009083,11.196457909705138,0.0
2.066,0.20577112026695277,-0.053514152513439855,0.21621075236080967,0.0,0.7268294196133835,0.6812474546688624,11.229767116573507,11.196457909705138,0.0
2.067,0.20886525627281544,-0.05414732360209354,0.1213314305099138,0.0,0.7276922871900274,0.676072534008457,11.086093090542905,11.196457909705138,0.0
2.068,0.20685218980185682,-0.05364054033976222,0.19427209171683735,0.0,0.7278892980732233,0.6807260367948906,11.164759259679716,11.196457909705138,0.0
2.069,0.20916136894863332,-0.053205440177194044,0.15525599364868592,0.0,0.7284891649614835,0.6796385726205799,11.190738044298863,11.196457909705138,0.0
2.07,0.20857047519280325,-0.053940856337363785,0.14232379999317527,0.0,0.7290055455227316,0.6777755513357107,11.02812902583334,11.196457909705138,0.0
2.071,0.20822648288143508,-0.05216804598001126,0.22531159806465434,0.0,0.7290816225984571,0.6854403801765633,11.267052560859995,11.196457909705138,0.0
2.072,0.211427448234841,-0.054055966427303495,0.10514388403977887,0.0,0.7301419742034707,0.6779424612054635,11.035120594502287,11.196457909705138,0.0
2.073,0.2088895718209635,-0.05238121599366358,0.22272324037066135,0.0,0.7301433969987001,0.6857469516876816,11.239114134826723,11.196457909705138,0.0
2.074,0.2120684122869126,-0.053200899740193666,0.12029990795722731,0.0,0.731032039279083,0.6799537240570213,11.065609899101966,11.196457909705138,0.0
2.075,0.20989906202449926,-0.05241363469962279,0.2083605059256373,0.0,0.7311576985764331,0.6858099994516492,11.20113423364984,11.196457909705138,0.0
2.076,0.21260756916613074,-0.052437146489846945,0.14055157541225324,0.0,0.7318668784308417,0.6824339956121896,11.119635960135758,11.196457909705138,0.0
2.077,0.21114781972569008,-0.052554605643004584,0.18206893166498822,0.0,0.7321802253048088,0.6848991661449164,11.11538831860129,11.196457909705138,0.0
2.078,0.2127129993559919,-0.05155201309698103,0.18500344834326055,0.0,0.7325972947730572,0.6868700103301122,11.232933468463962,11.196457909705138,0.0
2.079,0.21340796106526705,-0.0528398149329712,0.1258661178243366,0.0,0.7333214258404199,0.6820902315280318,11.022491452919793,11.196457909705138,0.0
2.08,0.21189464164007482,-0.05079880020432799,0.2328267901642746,0.0,0.7332577762823275,0.6903913057293419,11.2555114547288,11.196457909705138,0.0
2.081,0.21523183162530207,-0.05241901811178705,0.11572625380953405,0.0,0.7342292332172821,0.6835230177396638,11.031859252217485,11.196457909705138,0.0
2.082,0.21296440963902544,-0.05100840297633803,0.22919834164006841,0.0,0.7342453458157994,0.691374427585698,11.23830871096555,11.196457909705138,0.0
2.083,0.21628721662524641,-0.05190288553416095,0.12555510425343205,0.0,0.7351574873717835,0.6855186477277979,11.052043031731905,11.196457909705138,0.0
2.084,0.21418074119117725,-0.051055306771464054,0.22013209264998643,0.0,0.7352906582969044,0.692044501476384,11.217842110125815,11.196457909705138,0.0
2.085,0.2171484554003377,-0.05137598766651605,0.13701871144882474,0.0,0.7361068481904546,0.6874953318091815,11.076143881970596,11.196457909705138,0.0
2.086,0.21533970925209817,-0.051046184860406005,0.20907096580377968,0.0,0.7363470170103069,0.6924682191075089,11.18479344729819,11.196457909705138,0.0
2.087,0.2178692778550097,-0.05076411317082545,0.15486282776405202,0.0,0.7370327278202139,0.6899880768222667,11.124845679780192,11.196457909705138,0.0
2.088,0.2167236734593406,-0.05111017949977113,0.1855528338223008,0.0,0.7374427413336854,0.6918938140628964,11.116289818178803,11.196457909705138,0.0
2.089,0.21812576405283587,-0.050014467491507286,0.19063244553825856,0.0,0.737878338235675,0.6937361501497423,11.212685191772932,11.196457909705138,0.0
2.09,0.2186919264048607,-0.05124914233783248,0.14227248592051603,0.0,0.738601380409328,0.6900191636902033,11.030499972897847,11.196457909705138,0.0
2.091,0.21774041817131234,-0.04930834505527115,0.23502467472613175,0.0,0.7386545852701172,0.6975428479879894,11.252827049084722,11.196457909705138,0.0
2.092,0.22071594070017683,-0.051030128449881654,0.12329744523889821,0.0,0.7396636422208387,0.6907651446499135,11.023326451427874,11.196457909705138,0.0
2.093,0.2185671153434637,-0.049321246188234774,0.239779058650095,0.0,0.7396888282599533,0.6989624931253482,11.251855351340616,11.196457909705138,0.0
2.094,0.2218895145607199,-0.050552083910303,0.12496063427736903,0.0,0.7406837115147435,0.6921608303745737,11.02738813303541,11.196457909705138,0.0
2.095,0.2195425180027843,-0.04918884273523884,0.23888494119666914,0.0,0.7407366752624998,0.7001100738427516,11.24616745725659,11.196457909705138,0.0
2.096,0.22288207501017476,-0.05012084065420329,0.128998183610565,0.0,0.741695419165135,0.6936520816988307,11.032440350118222,11.196457909705138,0.0
2.097,0.22057472153807955,-0.04897961029573415,0.23750191277561816,0.0,0.7417776341444932,0.7012572453955863,11.241459833798439,11.196457909705138,0.0
2.098,0.2238525325882495,-0.04974126240241063,0.1325421516945765,0.0,0.7427073380309104,0.6950958704597976,11.034814619740807,11.196457909705138,0.0
2.099,0.22161074804534076,-0.048724094650097444,0.23748119162303583,0.0,0.7428084290612859,0.7025158698193921,11.239815605822383,11.196457909705138,0.0
2.1,0.22486279304335674,-0.049409581735017596,0.13454712162107557,0.0,0.7437269861814474,0.6964516974513536,11.03409048602935,11.196457909705138,0.0
2.101,0.22263644184739736,-0.048434727353312446,0.2390333557543502,0.0,0.7438331814999524,0.7038860435683507,11.241028188788151,11.196457909705138,0.0
2.102,0.2259135975464001,-0.04911804275354624,0.13511880158411893,0.0,0.7447571051361491,0.6977293606665904,11.03075809560502,11.196457909705138,0.0
2.103,0.22365421541938346,-0.04811367443996875,0.24191084631668605,0.0,0.7448556544500544,0.7053483124718724,11.244630468220711,11.196457909705138,0.0
2.104,0.22699572881014246,-0.0488613671352625,0.1344929344236846,0.0,0.7457985338927153,0.6989411729782071,11.025296985874466,11.196457909705138,0.0
2.105,0.2246658997638148,-0.04776276403742356,0.245871284835114,0.0,0.7458780881740285,0.7068845293713654,11.250249785222016,11.196457909705138,0.0
2.106,0.2281026502861429,-0.048631682296444975,0.13285696640617023,0.0,0.7468505897059968,0.7000948061741218,11.017778699309995,11.196457909705138,0.0
2.107,0.22566792027179583,-0.04738957164685419,0.25087930146613213,0.0,0.7469015474109988,0.708496093297486,11.258342972848835,11.196457909705138,0.0
2.108,0.2292408627005232,-0.04841963047403823,0.12997831406527494,0.0,0.7479132656353232,0.7011656445470166,11.007337521937172,11.196457909705138,0.0
2.109,0.22664356842345024,-0.046996415263532446,0.25737224339878595,0.0,0.7479239129007409,0.7102131863894867,11.270707192926302,11.196457909705138,0.0
2.11,0.23042691262371628,-0.048221595509294654,0.12494491507200933,0.0,0.7489872516030024,0.7020739525601711,10.989870696472527,11.196457909705138,0.0
2.111,0.22754915175266202,-0.04658009067274657,0.2674290354312229,0.0,0.7489375157176283,0.712206889644613,11.286318506747156,11.196457909705138,0.0
2.112,0.231737407138656,-0.0480679328189927,0.11830652432348848,0.0,0.7500861248136887,0.7030037563054605,10.979186746158591,11.196457909705138,0.0
2.113,0.22850340882996356,-0.046187007695077525,0.27404511625323624,0.0,0.7499777794811343,0.7138558898009949,11.287863255759904,11.196457909705138,0.0
2.114,0.23288774061685658,-0.047842805610353395,0.1187928079920324,0.0,0.7511664290533083,0.7044622191060455,10.979337638577054,11.196457909705138,0.0
2.115,0.2296742282445347,-0.04588461465708857,0.2752268192947383,0.0,0.7510648876147585,0.7152843744425423,11.2873713717532,11.196457909705138,0.0
2.116,0.23399613711206596,-0.04759558189167977,0.12030081808618492,0.0,0.7522635041590509,0.7059004147564151,10.980033531916137,11.196457909705138,0.0
2.117,0.230820042854961,-0.045562801573553344,0.2761339817826062,0.0,0.7521631475729611,0.7166582101689782,11.286035268348712,11.196457909705138,0.0
2.118,0.235070943376182,-0.0473218829436997,0.12223733997988268,0.0,0.7533624329406344,0.7073438681465072,10.981114284495968,11.196457909705138,0.0
2.119,0.23195785114948508,-0.04523327457699708,0.2768512681583465,0.0,0.7532630178352545,0.7180123365308577,11.2840964693142,11.196457909705138,0.0
2.12,0.23613678293700496,-0.04703848872520716,0.12448379015313993,0.0,0.7544598507188173,0.7088066412849837,10.982646137029082,11.196457909705138,0.0
2.121,0.2331053795302619,-0.044904833597469954,0.2773470740224593,0.0,0.7543636765839037,0.7193550785503475,11.28153388693777,11.196457909705138,0.0
2.122,0.23720378195858677,-0.046751993834103195,0.1270524392957887,0.0,0.7555564877663244,0.7102968737158731,10.984747331305156,11.196457909705138,0.0
2.123,0.2342704647891264,-0.04458123766129905,0.2775628228960958,0.0,0.7554669425656814,0.720686507939313,11.278275509842372,11.196457909705138,0.0
2.124,0.23827414785229642,-0.04646384971988517,0.1299805576261157,0.0,0.756654110195619,0.7118193328960002,10.987562687729781,11.196457909705138,0.0
2.125,0.235455959127842,-0.04426357289688976,0.27742592090216456,0.0,0.7565749869871161,0.7220024423233994,11.274189069206487,11.196457909705138,0.0
2.126,0.23934620628536812,-0.04617320649333491,0.13333541856879794,0.0,0.7577541495060425,0.7133788105232051,10.991292109857602,11.196457909705138,0.0
2.1270000000000002,0.23666337473583138,-0.043952170397188114,0.27683555624171613,0.0,0.7576896222865164,0.7232953922643018,11.269059148226939,11.196457909705138,0.0
2.128,0.24041627691638057,-0.04587818293840404,0.13722602467182965,0.0,0.7588572777035472,0.7149821657045637,10.996231292368478,11.196457909705138,0.0
2.129,0.2378947287980383,-0.04364758395784146,0.27564221877442674,0.0,0.7588122189096274,0.7245538033243104,11.26255622553447,11.196457909705138,0.0
2.13,0.241478966659664,-0.04557611821962822,0.14181876903313761,0.0,0.7599632745156764,0.7166395482441603,11.002779433990243,11.196457909705138,0.0
2.1310000000000002,0.2391533158832439,-0.04335095579736806,0.2736439495623997,0.0,0.759943745844039,0.7257624925522843,11.254246028216532,11.196457909705138,0.0
2.132,0.24252761075371446,-0.04526387976526036,0.14733277126414152,0.0,0.7610711377310686,0.7183642792008151,11.011387723260153,11.196457909705138,0.0
2.133,0.24044374002241609,-0.04306415185084529,0.27061262560678057,0.0,0.7610848697839837,0.7269054908630166,11.243695705297052,11.196457909705138,0.0
2.134,0.2435557159700521,-0.04493847331802117,0.1539862566324122,0.0,0.7621795224383608,0.7201690993721291,11.022040300085996,11.196457909705138,0.0
2.1350000000000002,0.24177093956435797,-0.04278824147992431,0.26655813533413164,0.0,0.7622358019613492,0.7279924278068037,11.23106893171469,11.196457909705138,0.0
2.136,0.24456855846678452,-0.0446046118039181,0.161697709299689,0.0,0.7632900894295261,0.7220530998561798,11.033746001039281,11.196457909705138,0.0
2.137,0.24313911878229466,-0.04251919375096164,0.2619862937240518,0.0,0.7633974556667582,0.729078696548779,11.217385379118978,11.196457909705138,0.0
2.138,0.2455905776390166,-0.04428080973884435,0.16995732999006505,0.0,0.7644112768887232,0.7240024434697745,11.047607580925202,11.196457909705138,0.0
2.1390000000000002,0.24455066892417998,-0.042254845730107474,0.25633473237475235,0.0,0.764575618479752,0.7300959062677218,11.2013668082516,11.196457909705138,0.0
2.14,0.24658387566280915,-0.04395482412775592,0.17940602972608932,0.0,0.765540129455301,0.7260364738013799,11.068261850290803,11.196457909705138,0.0
2.141,0.2459937063265099,-0.042009728351113065,0.24724046930063084,0.0,0.765771285767254,0.7307957617532926,11.176352581995388,11.196457909705138,0.0
2.142,0.24743906114598657,-0.043543143324946854,0.19339615672543553,0.0,0.7666433818480906,0.7283361270386868,11.09779955956841,11.196457909705138,0.0
2.1430000000000002,0.24752468286423013,-0.04180475067783869,0.23365925144029226,0.0,0.7669757475084631,0.7311820841071994,11.137585382441351,11.196457909705138,0.0
2.144,0.24818072257024304,-0.04305657620341209,0.21435506527645937,0.0,0.7677145570439337,0.731179282459249,11.15124498814169,11.196457909705138,0.0
2.145,0.2492564901663895,-0.04176996200557603,0.20797739164192464,0.0,0.7682251596440444,0.7306303656529641,11.06379785971323,11.196457909705138,0.0
2.146,0.24860915340885345,-0.0422593736770107,0.2530275563560737,0.0,0.7686965117293517,0.735288660361511,11.244204631714078,11.196457909705138,0.0
2.1470000000000002,0.25138887815476824,-0.04216667090863625,0.16234670313556,0.0,0.7695714666557478,0.7287906222167101,10.978746403668703,11.196457909705138,0.0
2.148,0.24875049862108015,-0.040920860579812326,0.29725293221861193,0.0,0.7695730101665369,0.7390943961065343,11.26959380747759,11.196457909705138,0.0
2.149,0.25306160127078037,-0.04270728352064271,0.1510978713364443,0.0,0.7708137413420092,0.7304412228837823,10.998550731249976,11.196457909705138,0.0
2.15,0.250511696962597,-0.04042420356613363,0.2885984812348026,0.0,0.770796079053255,0.739687658298891,11.230671109960811,11.196457909705138,0.0
2.1510000000000002,0.2538245826626769,-0.04244664739022441,0.1721961598768282,0.0,0.7719501261550817,0.7334385060251619,11.045930675979449,11.196457909705138,0.0
2.152,0.25244939310649167,-0.040282050292281074,0.26607164920476634,0.0,0.7721055232003387,0.7396044004368227,11.182826948370804,11.196457909705138,0.0
2.153,0.2544085273366409,-0.04195552822274792,0.1977598226224318,0.0,0.7730676985255664,0.7364869326336286,11.097568723517348,11.196457909705138,0.0
2.154,0.2543177131057743,-0.04013275545613114,0.24137782691103787,0.0,0.7734046697543195,0.7392881087885433,11.114768222980022,11.196457909705138,0.0
2.1550000000000002,0.2548854922125337,-0.041361690694542916,0.23359497404695223,0.0,0.7741414720795804,0.7404872067488544,11.193850741407099,11.196457909705138,0.0
2.156,0.25652231136366904,-0.040363958263491914,0.19407978651639418,0.0,0.7748024640485465,0.7371968607303826,10.99787139162476,11.196457909705138,0.0
2.157,0.25483451781111,-0.040050590588373666,0.2940553265883677,0.0,0.7750438290988161,0.74589613527617,11.271318606124106,11.196457909705138,0.0
2.158,0.25891578702506485,-0.04130619061609413,0.15658311237450442,0.0,0.7762722347784383,0.7371621023591005,10.994236540371817,11.196457909705138,0.0
2.1590000000000003,0.25611399541925284,-0.039036534244144244,0.2971463589439821,0.0,0.7762421783971994,0.7466100023352601,11.224291897953584,11.196457909705138,0.0
2.16,0.25946735769939117,-0.04108149900626673,0.18184034027061416,0.0,0.7774075603392534,0.7406239243890413,11.060966052249878,11.196457909705138,0.0
2.161,0.2582786759981932,-0.038916758077630606,0.26485818169702,0.0,0.777599225142709,0.7458023037852213,11.152606168101219,11.196457909705138,0.0
2.162,0.25974967526281556,-0.040466332751976294,0.2194766411873888,0.0,0.7784816620289012,0.7444861671156848,11.150595823144105,11.196457909705138,0.0
2.1630000000000003,0.26045738651208017,-0.03893530491894699,0.22094043453155604,0.0,0.778960332751144,0.743941582229903,11.0284360785708,11.196457909705138,0.0
2.164,0.25969178845562063,-0.039359719243829555,0.2837005251295516,0.0,0.7793986737666516,0.7504795878359647,11.263563715713913,11.196457909705138,0.0
2.165,0.2632210083799392,-0.039963144716919544,0.16546564849790785,0.0,0.7805091139000058,0.7423783194752707,10.986501600176581,11.196457909705138,0.0
2.166,0.2603989528752608,-0.037902253502977296,0.3060962693618592,0.0,0.7804656508956908,0.7521956573300903,11.223152748202404,11.196457909705138,0.0
2.1670000000000003,0.26399583341730426,-0.040020122429692065,0.18750374696397512,0.0,0.781661842471367,0.746151554011918,11.068199373187165,11.196457909705138,0.0
2.168,0.26286851411416123,-0.03785290345151421,0.2662630198367745,0.0,0.781874431780792,0.7508408993518838,11.130664969007372,11.196457909705138,0.0
2.169,0.2640977478018723,-0.03932431095756235,0.23568815133364868,0.0,0.7827182237087175,0.7507852519260438,11.18706239837517,11.196457909705138,0.0
2.17,0.26535020500180434,-0.03807676262662023,0.20758339176304902,0.0,0.7833201273098027,0.7479082956127302,10.990346754936978,11.196457909705138,0.0
2.1710000000000003,0.263765399508814,-0.037759476854176535,0.308002325029827,0.0,0.783551718967789,0.7568932087221366,11.261976442897712,11.196457909705138,0.0
2.172,0.2679226139430787,-0.03928650861957597,0.171532295717534,0.0,0.7848297891228351,0.7485137554866816,11.018423370571897,11.196457909705138,0.0
2.173,0.2655092666576465,-0.03686725397629638,0.2950891772717739,0.0,0.7848607186104166,0.7563630522001067,11.171916266613422,11.196457909705138,0.0
2.174,0.2680413970579792,-0.03876172591470378,0.2185881456819284,0.0,0.7859060692802401,0.7534771620836306,11.131302848020644,11.196457909705138,0.0
2.1750000000000003,0.2682801669918945,-0.03703196766900203,0.23954640559516266,0.0,0.7863490777450224,0.7540538715634117,11.034132036425808,11.196457909705138,0.0
2.176,0.2679053448023052,-0.037677887546515965,0.289755070125374,0.0,0.7868938050802878,0.7599741995810775,11.26272345254051,11.196457909705138,0.0
2.177,0.27124240432606833,-0.038218612198665944,0.1747967066396695,0.0,0.7880291129967553,0.7518386361322642,10.996785733963366,11.196457909705138,0.0
2.178,0.2684235156145469,-0.03596695290615659,0.30976228768565905,0.0,0.7879842440079965,0.7609694057233994,11.188156016860077,11.196457909705138,0.0
2.179,0.27157733606518203,-0.03805548135760958,0.21416016516575395,0.0,0.7891091935998124,0.756941613032211,11.116671034700975,11.196457909705138,0.0
2.18,0.2714257088163915,-0.03617088855849662,0.2507005249953468,0.0,0.7894906784709107,0.7584527725776505,11.04132341445487,11.196457909705138,0.0
2.181,0.27138770857418193,-0.03699944088534861,0.2899256800709015,0.0,0.7900951174933879,0.7638029918698261,11.260032545609228,11.196457909705138,0.0
2.182,0.27459094179765764,-0.037400552445016055,0.17993536813468203,0.0,0.7912099712911299,0.7558347116142877,10.998240215884774,11.196457909705138,0.0
2.183,0.27180109116948686,-0.03516161529400537,0.31281370993511254,0.0,0.7911662174813364,0.7648301813828206,11.177316622403923,11.196457909705138,0.0
2.184,0.27488891177122377,-0.037249887713087,0.22346691954855005,0.0,0.7922784853669843,0.761397239660522,11.135814138789588,11.196457909705138,0.0
2.185,0.27503232310544584,-0.035475993977044804,0.24482459906487336,0.0,0.792720221256682,0.7616767345089316,11.01500401238287,11.196457909705138,0.0
2.186,0.27453757705360604,-0.03594853787906506,0.3070442012414553,0.0,0.7932154518088335,0.7686588890847758,11.261106778952659,11.196457909705138,0.0
2.187,0.2782258979445732,-0.03694594581306089,0.18334632926408537,0.0,0.794464364197074,0.7603527265604496,11.023219086221665,11.196457909705138,0.0
2.188,0.27563177285391044,-0.03445220958680954,0.3040225638644167,0.0,0.79447348402983,0.7678356730220723,11.139799503454558,11.196457909705138,0.0
2.189,0.27791522345582764,-0.03628123871541987,0.24629893931047617,0.0,0.7954561170918825,0.7667377549567544,11.19311527781601,11.196457909705138,0.0
2.19,0.2789559937406572,-0.03499007000605879,0.21967447844864108,0.0,0.7960703761918818,0.7634047873295989,10.977037551870783,11.196457909705138,0.0
2.191,0.2771924067625185,-0.03435823246713342,0.3299075449995985,0.0,0.7962333221769775,0.7730628265748263,11.229840197353456,11.196457909705138,0.0
2.192,0.2814084064745337,-0.036366690943321636,0.20317239938177903,0.0,0.7975730262958568,0.7662467639724676,11.085487912843826,11.196457909705138,0.0
2.193,0.2800399277774393,-0.03404709878048909,0.276458241605207,0.0,0.7978219140199382,0.7697677647967887,11.058836133115543,11.196457909705138,0.0
2.194,0.28062735745067746,-0.03517094941688431,0.2911603492352445,0.0,0.7985448325456758,0.7737676256771282,11.25224707879011,11.196457909705138,0.0
2.195,0.2834321026736315,-0.035235668109570725,0.19389698470711159,0.0,0.7995913258567046,0.76629115346982,11.002551489657108,11.196457909705138,0.0
2.196,0.2807485440846772,-0.033027209624042514,0.3206838434740924,0.0,0.7995419449955653,0.7749094048210095,11.145536738486838,11.196457909705138,0.0
2.197,0.28366933978183106,-0.03510412953667927,0.24970043077141063,0.0,0.8006098731309038,0.7732367258534246,11.19154895413069,11.196457909705138,0.0
2.198,0.2846299957824652,-0.03377133491161624,0.22674341250522898,0.0,0.801236363948067,0.7699462055107807,10.973665306905906,11.196457909705138,0.0
2.199,0.28289569985027996,-0.0330736571741838,0.33791316214561357,0.0,0.8014077370443822,0.7797060080397682,11.213625089504772,11.196457909705138,0.0
2.2,0.28710684067152115,-0.03520709735842856,0.21776159904818404,0.0,0.8027796082816064,0.7736980297387093,11.113639937328097,11.196457909705138,0.0
2.201,0.2861927610418015,-0.033015064687990134,0.26858235486029197,0.0,0.8031510365694112,0.7753624953292663,11.011470869082356,11.196457909705138,0.0
2.202,0.2860692685810987,-0.033611517089055964,0.3215167593893905,0.0,0.8037392986783131,0.782216677504008,11.253954399751004,11.196457909705138,0.0
2.203,0.2897923999489586,-0.03465910811001717,0.19970002915460758,0.0,0.8050634232820937,0.774104303925977,11.053586239887563,11.196457909705138,0.0
2.204,0.28738955897872925,-0.03205136800349309,0.30131282578450375,0.0,0.8051465707457663,0.7796326989181673,11.078140674329099,11.196457909705138,0.0
2.205,0.2887081594743284,-0.033477104310091266,0.2902187809174965,0.0,0.8059571513570815,0.7822110217916179,11.2510201199939,11.196457909705138,0.0
2.206,0.29105151500989,-0.0333184769961771,0.20323343598220833,0.0,0.8069127998270137,0.7749105398406875,11.00545247824757,11.196457909705138,0.0
2.207,0.2883231783510487,-0.031071421268643817,0.3279273111699491,0.0,0.8067972453979705,0.7833454012396763,11.115691888901038,11.196457909705138,0.0
2.208,0.2911450378921694,-0.033145113424883715,0.27361526605125586,0.0,0.8077873092461916,0.7833662694248162,11.227183661894504,11.196457909705138,0.0
2.209,0.29283765061400036,-0.032395775564802956,0.21756212203262937,0.0,0.8085772894419334,0.777703362981412,10.979165106566075,11.196457909705138,0.0
2.21,0.29047406386779384,-0.030784318748678055,0.3437443277282343,0.0,0.8085522141025878,0.7874032399379262,11.145878401325277,11.196457909705138,0.0
2.211,0.2941759569897658,-0.03314141596743751,0.26089347543243213,0.0,0.8097750292550532,0.7853243617444815,11.202109591635088,11.196457909705138,0.0
2.212,0.295153111221206,-0.03184735025395585,0.23272136345822717,0.0,0.810501756872257,0.7812347610571843,10.971235708326363,11.196457909705138,0.0
2.213,0.29315660883581623,-0.030710474112636166,0.35041052712637727,0.0,0.8106347359406001,0.7910837091282832,11.167481280517382,11.196457909705138,0.0
2.214,0.2971519832214525,-0.03304088644389802,0.2525775073227452,0.0,0.8120070260270705,0.7875630802777513,11.184846531201035,11.196457909705138,0.0
2.215,0.2974811647838903,-0.03137041412499174,0.24401099576595964,0.0,0.8126829681414489,0.7845715010196983,10.97055687557488,11.196457909705138,0.0
2.216,0.29574177238147215,-0.030477332515656305,0.3534148339203398,0.0,0.8129106238647462,0.7942613861913278,11.178041316541885,11.196457909705138,0.0
2.217,0.299795964685546,-0.0327334261847476,0.2498567793684702,0.0,0.81434160365257,0.7900562689584028,11.181635108535936,11.196457909705138,0.0
2.218,0.29977802721080143,-0.030887147453143887,0.24820811138313664,0.0,0.8149833221411517,0.7873115035399468,10.971832132382037,11.196457909705138,0.0
2.219,0.29804636339815166,-0.029992080614636055,0.3553558572333171,0.0,0.8152063976741097,0.7968984288802122,11.175680361881511,11.196457909705138,0.0
2.22,0.30205481239419624,-0.03222927455481474,0.25363951796181616,0.0,0.8166209001896031,0.7928304484336886,11.191651945033607,11.196457909705138,0.0
2.221,0.3020885770349031,-0.030420567247746194,0.24570178603248352,0.0,0.8172658246657157,0.7894910995433377,10.974931481960976,11.196457909705138,0.0
2.222,0.3001347443284249,-0.02930714561915722,0.35627728184624086,0.0,0.8174079324991077,0.7990081190925593,11.159126351553724,11.196457909705138,0.0
2.223,0.30398876357185,-0.03157166632088522,0.26455316263138107,0.0,0.8187477629975587,0.7959487589545842,11.214191031169399,11.196457909705138,0.0
2.224,0.30447855211526614,-0.030042671618695796,0.23684349160890072,0.0,0.8194568398081089,0.7911831587125864,10.983497610848396,11.196457909705138,0.0
2.225,0.3020802750701035,-0.02849011128088899,0.35431980475796987,0.0,0.8194629572232675,0.8004332256928673,11.126768339723675,11.196457909705138,0.0
2.226,0.30557564073956867,-0.030730826050803572,0.2833813360201447,0.0,0.8206554738230072,0.7993724300298919,11.23853844268978,11.196457909705138,0.0
2.227,0.3068943940630211,-0.029820869009407017,0.22707547920724586,0.0,0.8215001567742223,0.7929425968222626,11.004409996123975,11.196457909705138,0.0
2.228,0.3041473593717927,-0.027718553352326883,0.3460601816259599,0.0,0.8213952329576881,0.8012069524139748,11.081149592872269,11.196457909705138,0.0
2.229,0.306942804162408,-0.029740660757943682,0.308843466420142,0.0,0.8223706920531675,0.8030157250941552,11.253156935453898,11.196457909705138,0.0
2.23,0.3093191128656152,-0.029767158877607558,0.2222728048718396,0.0,0.8234121762262233,0.7953571212881637,11.04441513381753,11.196457909705138,0.0
2.231,0.3065797957356994,-0.02719880296343863,0.3281641334488996,0.0,0.8233008674696196,0.8014073670103594,11.02181117149286,11.196457909705138,0.0
2.232,0.3081911835620089,-0.02868143020455992,0.3412125819933573,0.0,0.8239944867165607,0.8070132275066019,11.22985103204663,11.196457909705138,0.0
2.233,0.31188172870849246,-0.02983613418942274,0.23685872049305745,0.0,0.8252915212543558,0.8001286085395865,11.106730680999252,11.196457909705138,0.0
2.234,0.3101840569732861,-0.027408535152604566,0.29931616830380525,0.0,0.8254918075077712,0.8021996621395747,10.964599196692587,11.196457909705138,0.0
2.235,0.31022330782411095,-0.02776255250515551,0.37270049758726326,0.0,0.8259423883949925,0.8115100464370362,11.211085300787426,11.196457909705138,0.0
2.236,0.31472417632133576,-0.030329158391162306,0.2493111716290211,0.0,0.8275577360971733,0.8051330782190456,11.211416890105205,11.196457909705138,0.0
2.237,0.31343150998296504,-0.028592234625433685,0.2489957871661307,0.0,0.8281571245342462,0.8009417445439296,11.021337982475195,11.196457909705138,0.0
2.238,0.31042313475981526,-0.027594953301236805,0.34578644025343513,0.0,0.8281851090520964,0.8081976033754279,11.183812353394703,11.196457909705138,0.0
2.239,0.31253767265025806,-0.02986291113391154,0.2646757103567855,0.0,0.8291953291761478,0.8045779050358766,11.299624438523045,11.196457909705138,0.0
2.24,0.31191134648786834,-0.028754883946062765,0.20573800250443552,0.0,0.8295979948848484,0.7958391992346608,11.075415093171307,11.196457909705138,0.0
2.241,0.30715070053589266,-0.02656656762696645,0.3190531033456431,0.0,0.8288568889193353,0.8015860765485865,11.144015045402734,11.196457909705138,0.0
2.242,0.30791821048879525,-0.02843953725490926,0.28527755587295367,0.0,0.8289924911040307,0.8017036617498213,11.327132891679533,11.196457909705138,0.0
2.243,0.3087006587323368,-0.028551706743440722,0.19241188291481015,0.0,0.8291199005378392,0.7918671858914726,11.112483389615454,11.196457909705138,0.0
2.244,0.30423918957344787,-0.026152541454548636,0.30057637914774643,0.0,0.8279858915657684,0.7963524359674575,11.10725029365965,11.196457909705138,0.0
2.245,0.30449104065670063,-0.02789107483163228,0.3040850032861032,0.0,0.8276290388228713,0.79950774552078,11.321175139773967,11.196457909705138,0.0
2.246,0.30657260440001743,-0.029028075843262946,0.19587540792825653,0.0,0.8277310870871049,0.7901472436128011,11.14497963001337,11.196457909705138,0.0
2.247,0.3030127675994541,-0.026804983445008285,0.2844879456054723,0.0,0.8266309701601927,0.7929748695056111,11.08404303860485,11.196457909705138,0.0
2.248,0.3027387605925299,-0.02824526286471557,0.31608039002073535,0.0,0.8261042891754032,0.7979933070281119,11.315691837663698,11.196457909705138,0.0
2.249,0.3054863605000169,-0.02994008180200576,0.19906365121172603,0.0,0.8263041473302477,0.788964490926847,11.17015157642712,11.196457909705138,0.0
2.25,0.3024059318550529,-0.027811873679813554,0.2720968451627951,0.0,0.8253300869766669,0.7904286841239214,11.08032217998468,11.196457909705138,0.0
2.251,0.3016130760879964,-0.028907174995695617,0.3181729006812195,0.0,0.8247416172041209,0.7960434959813733,11.316366343475778,11.196457909705138,0.0
2.2520000000000002,0.30440726988952604,-0.03075705760601126,0.19895173459796428,0.0,0.8249660096685503,0.787147600975644,11.182937877969474,11.196457909705138,0.0
2.253,0.30144427661679557,-0.02863521462092343,0.26580116766847295,0.0,0.8240264718315011,0.7880632552135347,11.084300133694533,11.196457909705138,0.0
2.254,0.3004128203866108,-0.029592063190388027,0.31624161756604924,0.0,0.823398924974438,0.7937571756545527,11.323290446865244,11.196457909705138,0.0
2.255,0.30316232554266015,-0.03142524326317564,0.1954781356090931,0.0,0.8235956061694947,0.7847178017220545,11.182373888150623,11.196457909705138,0.0
2.2560000000000002,0.3001121255893846,-0.029271612195427427,0.26607725518194836,0.0,0.8226134506336162,0.7859385883213164,11.095673954776819,11.196457909705138,0.0
2.257,0.2991843937275903,-0.030342341386114705,0.31043506141813376,0.0,0.8219909058329044,0.7911839967025803,11.336087863808824,11.196457909705138,0.0
2.258,0.30181671181929,-0.031985031346749515,0.18883180736109417,0.0,0.8221251449541531,0.7817238414483056,11.16782013719402,11.196457909705138,0.0
2.259,0.2984692644432058,-0.029770042637495234,0.2732520483936074,0.0,0.8210398689802254,0.7841199270780165,11.117288760286868,11.196457909705138,0.0
2.2600000000000002,0.298000012442754,-0.031193478668692196,0.2993094283413661,0.0,0.8204814570171857,0.7882081291775807,11.349111761005398,11.196457909705138,0.0
2.261,0.3003587668860972,-0.032409930871481765,0.1818713894690987,0.0,0.8205072818424014,0.7783887562866854,11.141665068539213,11.196457909705138,0.0
2.262,0.2966155897996827,-0.030215811099146936,0.2861426641138504,0.0,0.8192950691990211,0.7826334607909853,11.157616738483984,11.196457909705138,0.0
2.263,0.29696265214255746,-0.03209698442542398,0.27855524085367644,0.0,0.8188574185340226,0.7843795356468704,11.349127532870831,11.196457909705138,0.0
2.2640000000000002,0.29860370131110653,-0.03257875933615663,0.18127314742859596,0.0,0.8186723239280305,0.775105037121398,11.106825919061322,11.196457909705138,0.0
2.265,0.29467204056444635,-0.030713929097431605,0.3033202742397888,0.0,0.8173683398547229,0.7815863770451741,11.206371984528001,11.196457909705138,0.0
2.266,0.2961950569965114,-0.033080385407809484,0.2534481007582205,0.0,0.8171218466776526,0.7803759258031635,11.316527113227446,11.196457909705138,0.0
2.267,0.2968996713327736,-0.032722053959481495,0.19716984437327512,0.0,0.8167158766716687,0.7735077064874505,11.079956081771373,11.196457909705138,0.0
2.2680000000000002,0.2935240686235262,-0.03178214377775872,0.3166203783806492,0.0,0.8155638749292058,0.7813664158487506,11.269011498579195,11.196457909705138,0.0
2.269,0.2961361102981813,-0.03437498310416513,0.22136713408799774,0.0,0.8156075557248408,0.7763306112761048,11.246433133021425,11.196457909705138,0.0
2.27,0.2952740582448483,-0.0330975378140385,0.23215656463371992,0.0,0.8149768406084698,0.7740630711858562,11.088657274191899,11.196457909705138,0.0
2.271,0.2933723624198292,-0.03348748881292492,0.31212250040361517,0.0,0.8142381120574899,0.7808481382424455,11.339663459140647,11.196457909705138,0.0
2.2720000000000002,0.29627379063275405,-0.035552850243256245,0.18518735243488604,0.0,0.8144750533146141,0.7717801260423465,11.180795162764307,11.196457909705138,0.0
2.273,0.29325631400364455,-0.03342475261226631,0.26477812809246454,0.0,0.8135267548723039,0.7740278827013221,11.154121164361158,11.196457909705138,0.0
2.274,0.2927450814477354,-0.03490301109471111,0.27853849474747894,0.0,0.8130819513495017,0.7766998272405039,11.363675495242855,11.196457909705138,0.0
2.275,0.29454275854508993,-0.03542596986364292,0.17208915345125286,0.0,0.8129915655126555,0.7670102089580841,11.110897532090751,11.196457909705138,0.0
2.2760000000000002,0.2904030862292686,-0.03349447398553512,0.29933373880344866,0.0,0.8117235622969705,0.7738152524476392,11.248051340883851,11.196457909705138,0.0
2.277,0.2920352942199317,-0.03584197833582334,0.23024090009511167,0.0,0.8115404041891227,0.7707193935531003,11.280807347744009,11.196457909705138,0.0
2.278,0.29188861536556227,-0.03487538107508156,0.2130194022846441,0.0,0.8109361752604212,0.7667438251190499,11.09323873951356,11.196457909705138,0.0
2.279,0.2894001691660913,-0.03493915781257596,0.30783589810178474,0.0,0.8100114937949167,0.7739796824469226,11.342228076142042,11.196457909705138,0.0
2.2800000000000002,0.29231293222997745,-0.03709929716413339,0.1818835281231741,0.0,0.810139843770046,0.7652512718406166,11.176722374524907,11.196457909705138,0.0
2.281,0.2894878250513514,-0.035104024250813215,0.2648337342835442,0.0,0.8091414362730512,0.7681324730901689,11.18501737902196,11.196457909705138,0.0
2.282,0.28936165921756163,-0.03681183903907469,0.2608006373418491,0.0,0.8087388020065531,0.7693381979098067,11.351288002023468,11.196457909705138,0.0
2.283,0.2906877246378128,-0.03681891665661492,0.1761170249179122,0.0,0.8084807040387152,0.7609610915690495,11.095001444761843,11.196457909705138,0.0
2.2840000000000003,0.2868208074774398,-0.035469499276894884,0.30527486819815747,0.0,0.8072621985456409,0.7688887064924939,11.302403700647586,11.196457909705138,0.0
2.285,0.2892902636906633,-0.03795324787677208,0.20051428234586155,0.0,0.8072450116140025,0.7627761571426732,11.216919113570125,11.196457909705138,0.0
2.286,0.2878064896247514,-0.03643552010331878,0.2430519638459424,0.0,0.8064265008994669,0.7631878045675851,11.147875764223167,11.196457909705138,0.0
2.287,0.28689470574051823,-0.037689616267463186,0.2780594599742408,0.0,0.8058841338546666,0.766987342424271,11.375479656756694,11.196457909705138,0.0
2.2880000000000003,0.28909000194731294,-0.03847416827029042,0.16246729623696204,0.0,0.8058497170586844,0.7570368763968347,11.10990350655545,11.196457909705138,0.0
2.289,0.28491828123717283,-0.03659710116609122,0.29612091536908125,0.0,0.8046093724380667,0.7644166772746332,11.289882147061334,11.196457909705138,0.0
2.29,0.2868810074010416,-0.03897895310683021,0.20519735274257678,0.0,0.804511816751813,0.7593387184372262,11.229340061925708,11.196457909705138,0.0
2.291,0.2857927058996722,-0.03759645655002265,0.2351395737881843,0.0,0.8037403276097893,0.759101020283006,11.148411369612631,11.196457909705138,0.0
2.2920000000000003,0.2846754484547057,-0.03875679062314612,0.27608438534564755,0.0,0.8031636792801568,0.7631264653948029,11.379110031146258,11.196457909705138,0.0
2.293,0.28690769419383605,-0.039576087707907395,0.15890853336442312,0.0,0.8031257596332596,0.7531361897231934,11.10870749456308,11.196457909705138,0.0
2.294,0.2827061291312679,-0.03773541407891193,0.29498730580743304,0.0,0.8018819373138539,0.7607660677568722,11.305784805417272,11.196457909705138,0.0
2.295,0.2848211038258523,-0.0401217741035039,0.19535538142321557,0.0,0.8018063913687523,0.7549136134815188,11.211511775882439,11.196457909705138,0.0
2.2960000000000003,0.28335195210908515,-0.03861833361221184,0.24234135752885885,0.0,0.8009639125363371,0.7559863830904436,11.182006170466694,11.196457909705138,0.0
2.297,0.2827462778654313,-0.04009430335439518,0.25723867762911556,0.0,0.800490349624609,0.7580884059548403,11.361449564277672,11.196457909705138,0.0
2.298,0.28434899862924745,-0.040240904091844984,0.1658670641779014,0.0,0.8002757116741914,0.7495506635345325,11.098355635971132,11.196457909705138,0.0
2.299,0.2804086606710932,-0.0390160684996968,0.2983950510685117,0.0,0.7990925653542736,0.7577864906367278,11.34467590269169,11.196457909705138,0.0
2.3000000000000003,0.28313513672069013,-0.04135615020586654,0.17375273777836656,0.0,0.7991209737201671,0.7497051703208524,11.171710019187211,11.196457909705138,0.0
2.301,0.2805974644064372,-0.0395415317307848,0.26048315843578573,0.0,0.7981154003685635,0.7535280009934356,11.25155050255435,11.196457909705138,0.0
2.302,0.2810671084911632,-0.0414958210925514,0.2200119908237241,0.0,0.7978257854339235,0.7514718210472364,11.28338706609039,11.196457909705138,0.0
2.303,0.28109870413451843,-0.04049566428043609,0.2032244174918519,0.0,0.797229953855177,0.7481515971318861,11.126534703987106,11.196457909705138,0.0
2.3040000000000003,0.27884354173104803,-0.0409477959465339,0.2823498306006738,0.0,0.7964214190941624,0.754223867446301,11.385610893447561,11.196457909705138,0.0
2.305,0.2815666491431484,-0.0423302312364342,0.1509202060330222,0.0,0.7964485114059188,0.744037450980277,11.115385896923247,11.196457909705138,0.0
2.306,0.2775315116363942,-0.04043455792809433,0.2868434244229983,0.0,0.7952319044230807,0.7516093318604689,11.32389538390517,11.196457909705138,0.0
2.307,0.2796719164637417,-0.04277281997637178,0.18131430619003672,0.0,0.795170311784939,0.7450591328587564,11.188036442035331,11.196457909705138,0.0
2.308,0.27779174777299476,-0.041176016016511316,0.24932799180165374,0.0,0.7942608274543738,0.7479228136972644,11.246643324311705,11.196457909705138,0.0
2.309,0.2779795903452968,-0.04299167858817299,0.21952269651740114,0.0,0.7939443505631969,0.74641099431162,11.283381909299287,11.196457909705138,0.0
2.31,0.278146670896605,-0.042133289435978535,0.20028416402766883,0.0,0.793395759990115,0.7431840231194738,11.135056929735402,11.196457909705138,0.0
2.311,0.27597991751855344,-0.04263560591758414,0.2750606636093086,0.0,0.7926431700596255,0.7488827039452104,11.388949390608712,11.196457909705138,0.0
2.312,0.278613864882047,-0.043786586163237246,0.146189518363618,0.0,0.792657291866964,0.7387012649787168,11.10891633880595,11.196457909705138,0.0
2.313,0.2744153037978288,-0.0420373476894607,0.28708145997399115,0.0,0.7914479315623474,0.7468143883121039,11.35045620366293,11.196457909705138,0.0
2.314,0.2768907862301656,-0.044328175104353565,0.1647715446059231,0.0,0.7914403030219077,0.7388179644967,11.160978957119516,11.196457909705138,0.0
2.315,0.2742757448636846,-0.042556966434560625,0.25986495740348603,0.0,0.7904160537261451,0.7436162041448415,11.29752110969037,11.196457909705138,0.0
2.316,0.2752860765020804,-0.04461737499616433,0.19058324911820665,0.0,0.790218410353247,0.7391229859653474,11.214669095442284,11.196457909705138,0.0
2.317,0.27418403341912667,-0.04318631917097583,0.2318271443848783,0.0,0.7894131892733028,0.7404202988842089,11.226946283543835,11.196457909705138,0.0
2.318,0.2737732945945574,-0.04479255415232586,0.22538366659571565,0.0,0.7890092179994392,0.7404202977335881,11.304068356558108,11.196457909705138,0.0
2.319,0.2744763517250974,-0.04425972166037351,0.18574652562004948,0.0,0.788570969813972,0.7360028051686063,11.132296958174303,11.196457909705138,0.0
2.32,0.27193377772873967,-0.044473718906582096,0.27227383432726066,0.0,0.7877636652125558,0.7421843261200312,11.392241389120025,11.196457909705138,0.0
2.321,0.2746545295126338,-0.045687360191470655,0.14034378406025047,0.0,0.787786603735299,0.7319646774635358,11.109239298532376,11.196457909705138,0.0
2.322,0.27042342741489667,-0.04400966764894257,0.28271701546580263,0.0,0.786588600947592,0.7402422722308357,11.368194724918988,11.196457909705138,0.0
2.323,0.2730549805031138,-0.04619882391455342,0.15152193412035836,0.0,0.7865957420300275,0.731385334119899,11.140372562427311,11.196457909705138,0.0
2.324,0.2699389785489024,-0.04438300032811304,0.265993868838975,0.0,0.7854948430359615,0.7376877433066473,11.334166336686387,11.196457909705138,0.0
2.325,0.2716762564565826,-0.046546951248758205,0.1677198974396246,0.0,0.7853904676971123,0.7310727048848127,11.17094466948009,11.196457909705138,0.0
2.326,0.2695713344143235,-0.04493860267566616,0.2495858634450238,0.0,0.7844364681977183,0.7353456429495894,11.304756032320855,11.196457909705138,0.0
2.327,0.2704879046724543,-0.04691176292250973,0.18159720079848407,0.0,0.784238293567625,0.7306766027579585,11.199346959936838,11.196457909705138,0.0
2.328,0.26919024549575743,-0.04551544388754772,0.2342728464881755,0.0,0.783419705685063,0.7330807649868307,11.276185068421594,11.196457909705138,0.0
2.329,0.26933957648458345,-0.04725940280849985,0.19505652065863305,0.0,0.7831291914852997,0.7302926969058754,11.23175261874372,11.196457909705138,0.0
2.33,0.2687913560204904,-0.04612505215334346,0.21691979840718428,0.0,0.7824467037361396,0.7306133055846136,11.239973935439549,11.196457909705138,0.0
2.331,0.2681038546833258,-0.04749989687014849,0.2123739798019255,0.0,0.7820271020551699,0.7301850747389451,11.277142300921284,11.196457909705138,0.0
2.332,0.2684582874276796,-0.04682396577263981,0.19298295314889657,0.0,0.7815185365898365,0.7276242894487158,11.188416324197078,11.196457909705138,0.0
2.333,0.266670575789019,-0.04754288824056728,0.23742635736608,0.0,0.7808905899244605,0.7305516034790923,11.340358638992129,11.196457909705138,0.0
2.334,0.26821026805846804,-0.047723510757742206,0.16001619267568484,0.0,0.7806308485808697,0.7239765960157525,11.12437029381618,11.196457909705138,0.0
2.335,0.26502764907712384,-0.047310294094795355,0.26873124142254917,0.0,0.7796923205672082,0.7311313571840887,11.396251918870533,11.196457909705138,0.0
2.336,0.2679071261342084,-0.04875882426333344,0.1307924888037184,0.0,0.7797265919569145,0.7208678074925924,11.112272949157049,11.196457909705138,0.0
2.337,0.2636985813128206,-0.04714675464699988,0.2736238232659413,0.0,0.7785392682790192,0.729216608927173,11.385250883654045,11.196457909705138,0.0
2.338,0.2664846275469749,-0.04915913561129225,0.13524692627795412,0.0,0.7785430397146067,0.7196134753032342,11.121740354858272,11.196457909705138,0.0
2.339,0.2628500941028499,-0.04743226513809052,0.26774936622430956,0.0,0.7773760410825467,0.7273577286904221,11.373940890051284,11.196457909705138,0.0
2.34,0.26537109308096707,-0.04955286264531658,0.13987426882434217,0.0,0.7773507020829381,0.7185059165401914,11.128365760724025,11.196457909705138,0.0
2.341,0.26212177210652865,-0.04787079668605292,0.2633427549777827,0.0,0.7762364825376757,0.7257796714528698,11.369136796769615,11.196457909705138,0.0
2.342,0.26447599444029096,-0.049989849553302594,0.14123044808434287,0.0,0.776210976913198,0.7172561326334839,11.131085698242757,11.196457909705138,0.0
2.343,0.2613603499134665,-0.048327746261056535,0.26090971946239583,0.0,0.7751316460784099,0.724334503175397,11.368859983400132,11.196457909705138,0.0
2.344,0.2636445837437494,-0.05042128150082782,0.1402985561467584,0.0,0.7751149952905891,0.7158506607345397,11.130690143567964,11.196457909705138,0.0
2.345,0.2605165185438628,-0.04876176530503248,0.2600411537242139,0.0,0.7740481432035293,0.7229582643359532,11.371387387569614,11.196457909705138,0.0
2.346,0.2628231247611289,-0.050831424199562325,0.13794323694474417,0.0,0.7740429943256731,0.7143352182111049,11.128242863493664,11.196457909705138,0.0
2.347,0.259602954859327,-0.04917353840223912,0.2601976494448338,0.0,0.7729729916964672,0.7216202111051315,11.375412161070487,11.196457909705138,0.0
2.348,0.26200041205405156,-0.051222255934620146,0.13482345814276875,0.0,0.7729804264061195,0.7127600772881689,11.124851150869377,11.196457909705138,0.0
2.349,0.2586476472146008,-0.04957276164260007,0.26082003083168154,0.0,0.7718991727156641,0.7202928439369556,11.379793929877886,11.196457909705138,0.0
2.35,0.2611714679628952,-0.051597909413005585,0.13151528112569955,0.0,0.7719185822567979,0.7111695724265641,11.121441671906855,11.196457909705138,0.0
2.351,0.25767624422236196,-0.04996775284617052,0.2614415724891982,0.0,0.7708241549927234,0.7189552213873114,11.383678821824672,11.196457909705138,0.0
2.352,0.2603328665279572,-0.051962295851996465,0.12845078840909407,0.0,0.77085343664744,0.7095974328721093,11.118595943237915,11.196457909705138,0.0
2.353,0.25670799929672933,-0.05036418117852488,0.2617708473671447,0.0,0.7697482732410248,0.7175987673185766,11.386657581357086,11.196457909705138,0.0
2.354,0.25948500530884727,-0.052319539484799275,0.12583803159103962,0.0,0.7697848301803225,0.7080619223211586,11.116509730378304,11.196457909705138,0.0
2.355,0.2557539709512966,-0.05076493786106566,0.2617114388736991,0.0,0.7686734871642753,0.7162260043157171,11.388166138118988,11.196457909705138,0.0
2.356,0.2586311714433209,-0.05267376804860507,0.12396615271921857,0.0,0.7687152039861554,0.7065980258616976,11.115376733490402,11.196457909705138,0.0
2.357,0.2548332916638077,-0.05117775880732993,0.26117166679565906,0.0,0.7676063019620298,0.7148536151258882,11.387610865821872,11.196457909705138,0.0
2.358,0.2577836465720103,-0.053033358385675675,0.12314307106875697,0.0,0.767652925112767,0.7052550367528261,11.115482068881681,11.196457909705138,0.0
2.359,0.25397387606099475,-0.051614696868512444,0.26001722794708687,0.0,0.7665604193484524,0.7135060000513227,11.386370786829767,11.196457909705138,0.0
2.36,0.2569612555593797,-0.053406576727998735,0.1226737402017975,0.0,0.7666135538901341,0.7039793817728406,11.11645994056785,11.196457909705138,0.0
2.361,0.2531517142075689,-0.0520633882817809,0.25842914302412884,0.0,0.7655430436221206,0.7121661913079673,11.384889644171563,11.196457909705138,0.0
2.362,0.25614572405198666,-0.05378191330693827,0.12232997387760791,0.0,0.7656007349716507,0.7027313697320354,11.118222135635927,11.196457909705138,0.0
2.363,0.25233801676134765,-0.05251164885563038,0.2564460858861184,0.0,0.7645522606887393,0.7108083513614656,11.383338141219953,11.196457909705138,0.0
2.364,0.25531632064853016,-0.05414483259753265,0.12201928077895699,0.0,0.764608684853184,0.701478987217292,11.120711054850009,11.196457909705138,0.0
2.365,0.25150872332391155,-0.05295080674102004,0.2540902925124804,0.0,0.7635788555051317,0.7094088999903196,11.381295360581165,11.196457909705138,0.0
2.366,0.25445626503275376,-0.054485327776101856,0.12194976513814232,0.0,0.7636257379416115,0.7002243648615079,11.12495728088241,11.196457909705138,0.0
2.367,0.2506630048575129,-0.053377430190294804,0.2508338112757465,0.0,0.7626122646767726,0.7079083558744699,11.376959759621231,11.196457909705138,0.0
2.368,0.2535353109246615,-0.05479474711700546,0.12302755340717547,0.0,0.76263552167751,0.6990211853635946,11.133589694502847,11.196457909705138,0.0
2.369,0.24982628014383318,-0.05379435111615602,0.2453412681183904,0.0,0.7616435191977255,0.7061943452473622,11.36806267295005,11.196457909705138,0.0
2.37,0.25250496638795816,-0.055055450946896005,0.12638873126234001,0.0,0.7616167578956862,0.697911326898835,11.145166528207888,11.196457909705138,0.0
2.371,0.24900562188032974,-0.054211664976685704,0.23834971744839345,0.0,0.7606589434339677,0.7043708828622633,11.357410107752772,11.196457909705138,0.0
2.372,0.2514289609816682,-0.055288763936278434,0.1306184056954751,0.0,0.7605697847600208,0.696817086882272,11.156224480232057,11.196457909705138,0.0
2.373,0.24817641257686693,-0.05463473317920445,0.23161355375056347,0.0,0.7596514479825955,0.7025785477520152,11.347116497433047,11.196457909705138,0.0
2.374,0.25037699050019707,-0.055520185822051184,0.13466095927278904,0.0,0.7595050310681714,0.6957227029283215,11.166389392897043,11.196457909705138,0.0
2.375,0.2473498335974274,-0.05507438080530233,0.22532519670887194,0.0,0.7586297782845488,0.7008353859968393,11.33587034334408,11.196457909705138,0.0
2.376,0.24936025064609005,-0.055756066837726784,0.13919059714896415,0.0,0.7584327625998748,0.6947164097098121,11.17839252088571,11.196457909705138,0.0
2.3770000000000002,0.24657352520440495,-0.05554904750520052,0.21811016226634342,0.0,0.7576139618680634,0.6990587716106027,11.321093672695145,11.196457909705138,0.0
2.378,0.248348966424142,-0.05598114177334593,0.14551322873172587,0.0,0.7573608779623335,0.6938869931195637,11.195659960153355,11.196457909705138,0.0
2.379,0.2458787890584237,-0.05607363889039094,0.20823806449813878,0.0,0.7566217783382659,0.6971222592791335,11.297577708029321,11.196457909705138,0.0
2.38,0.24728676167074984,-0.05616718668826076,0.15626799257691404,0.0,0.7562894805791576,0.6934365538303277,11.226159806365814,11.196457909705138,0.0
2.3810000000000002,0.24534635733242802,-0.05668629825989739,0.1916799244420607,0.0,0.7556780088459807,0.6947287265782085,11.251993808192193,11.196457909705138,0.0
2.382,0.2460333982094293,-0.056278615911371815,0.17820756454400077,0.0,0.7552068653868556,0.6938994774306924,11.291181868392098,11.196457909705138,0.0
2.383,0.24523397183496665,-0.0574357503247,0.15766629485717878,0.0,0.7548312729678422,0.6910760300954062,11.177132141819904,11.196457909705138,0.0
2.384,0.2441575257827237,-0.05633270124892989,0.21488441582212814,0.0,0.754077988314734,0.6951071890567622,11.358748927953574,11.196457909705138,0.0
2.3850000000000002,0.24549649648739136,-0.05795206823974335,0.12245311257280872,0.0,0.7539923088828191,0.6877622278515612,11.150434700566704,11.196457909705138,0.0
2.386,0.2424159196291218,-0.05668616601919026,0.227070458357628,0.0,0.753025258359407,0.6939276690539684,11.35482533194842,11.196457909705138,0.0
2.387,0.24462574501312198,-0.05792273941097815,0.1232914684443368,0.0,0.7529201391038787,0.6866441121746609,11.164906735945305,11.196457909705138,0.0
2.388,0.24149178285676368,-0.05727112617449724,0.21856627818349303,0.0,0.7520131328960418,0.6919632521192107,11.32883664917355,11.196457909705138,0.0
2.3890000000000002,0.2435442879502409,-0.05797133190842986,0.13527753417468663,0.0,0.7518122800665412,0.6862881523283157,11.194985495396187,11.196457909705138,0.0
2.39,0.24095498164932572,-0.05793753859892484,0.2022178352064573,0.0,0.7510532832195159,0.6896621465311783,11.28873904678847,11.196457909705138,0.0
2.391,0.24237821068183862,-0.058035638508451476,0.15441824813948277,0.0,0.7507187144006228,0.6865130357847815,11.246703994891039,11.196457909705138,0.0
2.392,0.24069710006101763,-0.05870233517300738,0.17493331323633907,0.0,0.7501750470229849,0.6865791867210747,11.213106492886759,11.196457909705138,0.0
2.3930000000000002,0.24083432997531573,-0.058050087428845674,0.191565578406663,0.0,0.7496139472582368,0.6881768479469603,11.345606345547523,11.196457909705138,0.0
2.394,0.2411767883451931,-0.059518639948804825,0.12382416771785698,0.0,0.7494367868471893,0.6819044571247677,11.152355246454137,11.196457909705138,0.0
2.395,0.23847783066724262,-0.05812150559801321,0.22089074389705998,0.0,0.7484817330912406,0.687896636758563,11.353201342339549,11.196457909705138,0.0
2.396,0.24062303694745024,-0.059463827108577075,0.1189002616280099,0.0,0.748383029383936,0.680741511974394,11.167785008668353,11.196457909705138,0.0
2.3970000000000002,0.23755791437048673,-0.05881542962483757,0.21189515747397553,0.0,0.7474939366306281,0.6858999882099266,11.318193612904675,11.196457909705138,0.0
2.398,0.23956691331775126,-0.059434821359233704,0.13547349832381916,0.0,0.7472842178418254,0.6808657349716294,11.212849718504748,11.196457909705138,0.0
2.399,0.23723331755789645,-0.059610564538513225,0.18798152743578703,0.0,0.74660518344045,0.6831308204951563,11.253731463399498,11.196457909705138,0.0
2.4,0.23822311818999373,-0.05940419303616412,0.16696791945146794,0.0,0.7461961027345134,0.6821327028296688,11.302341111586108,11.196457909705138,0.0
2.4010000000000002,0.23746361653199677,-0.06051141439007521,0.14160426333935366,0.0,0.7458519763965756,0.6787070659563477,11.161268050800512,11.196457909705138,0.0
2.402,0.2359929739720103,-0.05939321298672082,0.21249269232119777,0.0,0.7450656246371915,0.6837951195507077,11.359001248565376,11.196457909705138,0.0
2.403,0.23791922033051527,-0.06089843306031806,0.11200066005016363,0.0,0.7450434696353111,0.6763061312450255,11.165210248238823,11.196457909705138,0.0
2.404,0.2346914487404505,-0.06001739133331828,0.20920863682810287,0.0,0.7441626645123441,0.6816359413764992,11.320603029824115,11.196457909705138,0.0
2.4050000000000002,0.23668239991546863,-0.06065884464113823,0.13027079483426732,0.0,0.7439822911959515,0.676438165250275,11.217792004508645,11.196457909705138,0.0
2.406,0.23425737163206978,-0.06078126290702157,0.1814629665439671,0.0,0.7433072290747451,0.6784493093359634,11.242043956333529,11.196457909705138,0.0
2.407,0.23508198631681626,-0.0604903422006593,0.16888113016524153,0.0,0.7428675621138692,0.6781809511840493,11.32333787378118,11.196457909705138,0.0
2.408,0.234662809054746,-0.06169104719741066,0.1269653718006557,0.0,0.7425800127905956,0.673464902740597,11.15533157622612,11.196457909705138,0.0
2.4090000000000003,0.2325579680518555,-0.06045353761062543,0.2113797839129758,0.0,0.7417014804507908,0.679123787862861,11.350733278073788,11.196457909705138,0.0
2.41,0.2347122288156434,-0.06178700439893506,0.11213617930545511,0.0,0.7416357462997741,0.6721099735169223,11.180444954043221,11.196457909705138,0.0
2.411,0.2316632259065411,-0.061236289467815244,0.19744047087735778,0.0,0.7408012908189592,0.6765238082370992,11.291273779006943,11.196457909705138,0.0
2.412,0.23336699839520905,-0.06154798429789991,0.14107789970247878,0.0,0.7405314579388641,0.6731419831893766,11.258502082797015,11.196457909705138,0.0
2.4130000000000003,0.23168014883968271,-0.06215802302798006,0.15684330607652366,0.0,0.7400144131540141,0.6725717689473052,11.182104473800665,11.196457909705138,0.0
2.414,0.23142145364867028,-0.06142289587847952,0.19518564493374355,0.0,0.7394050870496961,0.6760784628369658,11.362904909551421,11.196457909705138,0.0
2.415,0.23278468582498502,-0.06295229467042615,0.10312095705990273,0.0,0.7393829480833852,0.6685104731812288,11.162952467085994,11.196457909705138,0.0
2.416,0.2294298506178468,-0.061829596263240694,0.20343223271880795,0.0,0.7384674332354219,0.6740346199902012,11.316062135758697,11.196457909705138,0.0
2.4170000000000003,0.2314412215322299,-0.06249234492168605,0.12568135612192055,0.0,0.7382800138896528,0.6691042922985795,11.230476349043816,11.196457909705138,0.0
2.418,0.22914470526442404,-0.06270183090614073,0.16813406508597464,0.0,0.7376347196810042,0.6703682926921606,11.212122909259298,11.196457909705138,0.0
2.419,0.22962193707868106,-0.06226540978525549,0.1771541349826918,0.0,0.7371302537494365,0.6719335835622706,11.35625655389835,11.196457909705138,0.0
2.42,0.23012989204461085,-0.06363920849839813,0.10348932622123391,0.0,0.7369882455676913,0.6650474663613757,11.15453176243253,11.196457909705138,0.0
2.4210000000000003,0.22699323083065348,-0.06234877869025911,0.20477098342686978,0.0,0.736016141218004,0.6710635027258247,11.323035266403533,11.196457909705138,0.0
2.422,0.22924341496912945,-0.06325886153250752,0.11925345787438432,0.0,0.7358558643504595,0.6656820937686585,11.221191401807003,11.196457909705138,0.0
2.423,0.2268437787242464,-0.06336380610679757,0.1699280552516307,0.0,0.735175917348702,0.6675386408157983,11.21754970115079,11.196457909705138,0.0
2.424,0.2275760366328121,-0.06305623361535681,0.17153798766528025,0.0,0.7347147373320327,0.6687073403173862,11.35253261360922,11.196457909705138,0.0
2.4250000000000003,0.22795302211771148,-0.06439561488563036,0.1024857843970246,0.0,0.734566952931834,0.6620670643592508,11.15402733021243,11.196457909705138,0.0
2.426,0.2249065104940095,-0.06312269703705446,0.20216273189034645,0.0,0.7336165045997954,0.668069909947313,11.318318421060093,11.196457909705138,0.0
2.427,0.22718050618733454,-0.06402182725748459,0.11879858135296575,0.0,0.7334730191624999,0.6629299954668171,11.228557191096227,11.196457909705138,0.0
2.428,0.22489088025374546,-0.06420098612612313,0.16335820352098784,0.0,0.7328406069942304,0.6642995226441257,11.202563301944902,11.196457909705138,0.0
2.4290000000000003,0.2253981994191869,-0.06380550312930386,0.17629409417425254,0.0,0.7323630940421817,0.6663675062695211,11.3596266656272,11.196457909705138,0.0
2.43,0.22622286192552402,-0.06519123920882243,0.09613072477388312,0.0,0.7322965165465933,0.659147971012556,11.160844841964394,11.196457909705138,0.0
2.431,0.22290315882080053,-0.06400501224310495,0.1958777672826935,0.0,0.7313703009478428,0.6647909538682842,11.299919652338605,11.196457909705138,0.0
2.432,0.22499375432987864,-0.0646514623380188,0.1253057446692532,0.0,0.731183976974638,0.6607534614289525,11.254693638270028,11.196457909705138,0.0
2.433,0.22314135458201353,-0.06511337102790603,0.1473363944178928,0.0,0.7306568816097588,0.6604548474620737,11.170263404637446,11.196457909705138,0.0
2.434,0.2229052244409843,-0.06446874501126176,0.18981345628486115,0.0,0.7300771064359501,0.6645930059813103,11.358084857340826,11.196457909705138,0.0
2.435,0.2246996417635409,-0.06595185886958746,0.09428646045681421,0.0,0.7301387134160281,0.6571268837645954,11.183758026632084,11.196457909705138,0.0
2.436,0.22134860901528927,-0.06513406673782578,0.18157687464191552,0.0,0.7293427592033498,0.6613573077617347,11.266144328171794,11.196457909705138,0.0
2.437,0.22283635769450227,-0.06527421110751198,0.1396868596873939,0.0,0.7290730366136362,0.659407125468848,11.307604671093424,11.196457909705138,0.0
2.438,0.22180195711350165,-0.0661149640858705,0.11784522061269623,0.0,0.7287263494375282,0.6557699705483095,11.152357550483552,11.196457909705138,0.0
2.439,0.2199771892134726,-0.06507200501741808,0.19590978450984786,0.0,0.7279274824596637,0.6614577612848407,11.333407818669768,11.196457909705138,0.0
2.44,0.2223382188172751,-0.06623984240971743,0.10401515132709388,0.0,0.7279161729570761,0.6553298700254394,11.225076996229335,11.196457909705138,0.0
2.441,0.2196267023991781,-0.06610578543097129,0.1578943716820682,0.0,0.727266780637222,0.6569811746146226,11.204312907991206,11.196457909705138,0.0
2.442,0.22009592099967776,-0.06570377551496565,0.16819786581827229,0.0,0.7268045774872987,0.6589182724540992,11.361704641067984,11.196457909705138,0.0
2.443,0.22087293920154302,-0.0669738808121681,0.08784953196625461,0.0,0.7267260361181674,0.6515933087133514,11.170154832620646,11.196457909705138,0.0
2.444,0.21741315446948872,-0.06583978136950551,0.1838874669607684,0.0,0.7257854005202099,0.6567489899002267,11.274562085549755,11.196457909705138,0.0
2.445,0.21927898445245467,-0.06625416023130389,0.13090279873776778,0.0,0.7255113192699598,0.6542665074086965,11.294135410095768,11.196457909705138,0.0
2.446,0.21812944336993054,-0.06703875110441274,0.12013936146085522,0.0,0.7250985591030059,0.6514958414419715,11.150197746893147,11.196457909705138,0.0
2.447,0.2167253745377135,-0.06616722038665272,0.19257079469028565,0.0,0.7243462940683901,0.6571790102439488,11.330798619037663,11.196457909705138,0.0
2.448,0.21921123580669685,-0.06740925113680231,0.10092695152470207,0.0,0.7243829111071278,0.6511260131538477,11.232089559002496,11.196457909705138,0.0
2.449,0.21656687841072247,-0.06731168453865803,0.14992516504931222,0.0,0.7237874140996843,0.6523039573222406,11.190624823968756,11.196457909705138,0.0
2.45,0.21678878645333907,-0.06682898477973268,0.17071586342354608,0.0,0.7233171399023239,0.6550506986003218,11.360472904566167,11.196457909705138,0.0
2.451,0.21797104821178193,-0.06809863161749352,0.0841516731762301,0.0,0.7233130554022504,0.6476179407069094,11.18492179231396,11.196457909705138,0.0
2.452,0.21445845906257213,-0.06715089684609223,0.17204259047624587,0.0,0.7224491562696116,0.651859900382303,11.246806370437174,11.196457909705138,0.0
2.453,0.21590307225718902,-0.0672537534962687,0.14059681680731842,0.0,0.7221166345970093,0.6510592965574113,11.331379445586094,11.196457909705138,0.0
2.454,0.21549950399060125,-0.06825525651979647,0.09696106387404851,0.0,0.7218464414752646,0.645878864503049,11.157375638193274,11.196457909705138,0.0
2.455,0.21294699651160573,-0.06717052924374728,0.1843537902855772,0.0,0.720955889429657,0.651515753916573,11.290766264676458,11.196457909705138,0.0
2.456,0.21525487559563886,-0.0679175566207434,0.11671539349427204,0.0,0.7208111018141931,0.6479063564989913,11.280806113855649,11.196457909705138,0.0
2.457,0.21368056167285157,-0.06849909365960469,0.12085198686317172,0.0,0.720376352019022,0.6459710826224605,11.150426841470097,11.196457909705138,0.0
2.458,0.21255907513164168,-0.06772230475819505,0.1865019337382981,0.0,0.7197002876661712,0.6514736097569455,11.328041341119711,11.196457909705138,0.0
2.459,0.2150244992847024,-0.06895693437026633,0.09637884959934523,0.0,0.719785659608396,0.6455058274964123,11.24265690130859,11.196457909705138,0.0
2.46,0.21239821607190856,-0.06886659096206274,0.13860907958887086,0.0,0.7192434320593218,0.64600346219133,11.175619418366326,11.196457909705138,0.0
2.461,0.2122332451374567,-0.06827241890922021,0.17233620597339142,0.0,0.7187407352429162,0.6496766762349123,11.351638793314976,11.196457909705138,0.0
2.462,0.21386350051688763,-0.06950670611385491,0.08277470966296802,0.0,0.7187973428255477,0.6425622855334221,11.211280537987106,11.196457909705138,0.0
2.463,0.21052160042632967,-0.06885265529098822,0.15280561104408336,0.0,0.7180525621172054,0.6451479203391266,11.207100419530377,11.196457909705138,0.0
2.464,0.21120394094142578,-0.0685667411319292,0.15478924517419532,0.0,0.7176159129109996,0.6468099278763619,11.35741122568751,11.196457909705138,0.0
2.465,0.21195180733665983,-0.069719107099914,0.078024308935805,0.0,0.7175187487772072,0.6397226485134038,11.183226033705973,11.196457909705138,0.0
2.466,0.20852519770610317,-0.06872701116743854,0.16524922368656556,0.0,0.7166019189082458,0.6440811763816436,11.233266176790046,11.196457909705138,0.0
2.467,0.2100478760059114,-0.06888373061478678,0.13986106947367968,0.0,0.7162397849115381,0.6440454616559538,11.341134157865337,11.196457909705138,0.0
2.468,0.2101204183823594,-0.06997943761911153,0.08448031645443224,0.0,0.7160292534179338,0.6381463508347625,11.166209330583962,11.196457909705138,0.0
2.469,0.20724836865816054,-0.06894859156534462,0.1722452158863314,0.0,0.7151255138556133,0.6433406953074576,11.254957855840583,11.196457909705138,0.0
2.47,0.20929915437434277,-0.06945401750180027,0.12728595379666638,0.0,0.7148974880103426,0.6418477566264469,11.318338139610344,11.196457909705138,0.0
2.471,0.20875687902784767,-0.07037953816348706,0.09437700961273426,0.0,0.7146397238949184,0.6373910761349509,11.15695825312216,11.196457909705138,0.0
2.472,0.20650142914822656,-0.06944616765499462,0.17546194942265622,0.0,0.7138501421793363,0.642845396835286,11.272078407005418,11.196457909705138,0.0
2.473,0.208822302198755,-0.07013251019969143,0.11714566750802385,0.0,0.7137697820903476,0.6401718363509664,11.306088324253516,11.196457909705138,0.0
2.474,0.2077239846880955,-0.070857051454796,0.09904440473849149,0.0,0.71350293807444,0.6364936434773555,11.154655645631935,11.196457909705138,0.0
2.475,0.2057155410871527,-0.0699303446911651,0.17517876669001353,0.0,0.7127857760162116,0.6419223235528746,11.285106205825427,11.196457909705138,0.0
2.476,0.20804664215233185,-0.07068653697806714,0.10906700363206501,0.0,0.7127756463905539,0.6384262763059503,11.297796374166719,11.196457909705138,0.0
2.477,0.2065299152344001,-0.07120806255698417,0.10170853481680314,0.0,0.7124667308935809,0.6353206578536778,11.15438616983901,11.196457909705138,0.0
2.478,0.204697949591431,-0.07029090234601018,0.17383435437931927,0.0,0.7117720422220818,0.6406884834885116,11.292583165801068,11.196457909705138,0.0
2.479,0.20702287053358812,-0.07109211044285914,0.10377460383733081,0.0,0.7117809094739792,0.6367481659774015,11.293768781293949,11.196457909705138,0.0
2.48,0.20528578950423867,-0.07149952160282666,0.10220868737500216,0.0,0.7114316613962037,0.6339454417598059,11.155122111425614,11.196457909705138,0.0
2.481,0.20354598270810767,-0.07059818337774773,0.1719453802919647,0.0,0.710733844388088,0.6392487684789625,11.294181610851146,11.196457909705138,0.0
2.482,0.20585984178995131,-0.07141159961590142,0.10143839356773882,0.0,0.7107346309211471,0.6352269227895928,11.294016903240657,11.196457909705138,0.0
2.483,0.2040866970105089,-0.07179020352553153,0.10054515743762821,0.0,0.7103666664996411,0.6324323387319535,11.156189272116379,11.196457909705138,0.0
2.484,0.20233439103348866,-0.07089581930434691,0.16986165937565473,0.0,0.7096538718110953,0.6376891864220895,11.290201999934997,11.196457909705138,0.0
2.485,0.20463314561397586,-0.07168414995252971,0.10191785456404712,0.0,0.7096337015739294,0.6339117002620761,11.298536499925246,11.196457909705138,0.0
2.486,0.20298539408547867,-0.07210800548591124,0.0967298186667212,0.0,0.709276540546669,0.6308229400076975,11.157961343935334,11.196457909705138,0.0
2.487,0.20110257107334814,-0.07120282080754128,0.16740236231937558,0.0,0.7085424107267423,0.6360238328528451,11.28076824613235,11.196457909705138,0.0
2.488,0.2033602757204462,-0.07192117040000563,0.10515580785659526,0.0,0.7084898534752776,0.6328102012627509,11.307107591477813,11.196457909705138,0.0
2.489,0.2019919434571526,-0.0724520672977168,0.09087963836613724,0.0,0.7081724039527739,0.6291378576026305,11.161559502657228,11.196457909705138,0.0
2.49,0.19986300396562093,-0.07151970887840355,0.16400266684690856,0.0,0.7074115966214067,0.6342077982054967,11.267367311025472,11.196457909705138,0.0
2.491,0.2020050559682084,-0.07213741669968315,0.11038966864958327,0.0,0.707311135527997,0.6318090888132261,11.317035854662667,11.196457909705138,0.0
2.492,0.2010393543275151,-0.07278977824659849,0.08434961738141081,0.0,0.707046432296649,0.6274395762938177,11.16713415580871,11.196457909705138,0.0
2.493,0.19863344985328787,-0.07183464080962146,0.159593704347353,0.0,0.7062596594029582,0.632272787257909,11.249454199702127,11.196457909705138,0.0
2.494,0.20060661038590988,-0.0723073281727374,0.11790371950067505,0.0,0.7060964318793581,0.6309645539300975,11.328434963230185,11.196457909705138,0.0
2.495,0.20017358955200912,-0.07311998270675168,0.07709356720139549,0.0,0.7059033689004471,0.6257659681753084,11.17674905169681,11.196457909705138,0.0
2.496,0.19744378592060507,-0.07216431652425086,0.15313361154816654,0.0,0.7050965038185333,0.6301363892903602,11.226328097461773,11.196457909705138,0.0
2.497,0.1991159429001347,-0.07244475976862752,0.12804538678811872,0.0,0.7048477727750228,0.6302577413145802,11.341380466741377,11.196457909705138,0.0
2.498,0.1993777766630477,-0.07342294705441135,0.06906997657795402,0.0,0.7047408462072773,0.6240935920123842,11.189020192393695,11.196457909705138,0.0
2.499,0.19627835803933763,-0.07249326207284751,0.14532449092490954,0.0,0.7039161501452571,0.6278564700501373,11.200905462378689,11.196457909705138,0.0
2.5,0.19755097868552737,-0.07257157261000663,0.1393373804056771,0.0,0.7035681225021175,0.6295684809200102,11.337827233113462,11.196457909705138,0.0
2.501,0.19859089848860983,-0.07368935574745536,0.06946280180420741,0.0,0.7035482717500268,0.6233464904257349,11.209516438817865,11.196457909705138,0.0
2.5020000000000002,0.1955786667044888,-0.07304665588128964,0.13348761366087875,0.0,0.7028263322070649,0.6258279336902112,11.179085753024477,11.196457909705138,0.0
2.503,0.19623217194307005,-0.07286978919295886,0.14887667812437905,0.0,0.7024117026077922,0.6289395797522767,11.327148077639475,11.196457909705138,0.0
2.504,0.1979007445834759,-0.07399162542386553,0.07353861413753696,0.0,0.7024748712269362,0.6230805126269616,11.240036670522455,11.196457909705138,0.0
2.505,0.19514620455841641,-0.0736635193401709,0.1166585300878735,0.0,0.7018985062401188,0.6236299255996589,11.160994512427775,11.196457909705138,0.0
2.5060000000000002,0.19484727248318912,-0.07318372578176169,0.15653424310798705,0.0,0.7013852228186649,0.6280272271771381,11.30316780367164,11.196457909705138,0.0
2.507,0.1969987141757519,-0.07422361558392361,0.0843804985463899,0.0,0.7014821837109263,0.6233581533158129,11.276275806291302,11.196457909705138,0.0
2.508,0.19491803448215142,-0.07430943651061697,0.097028318270697,0.0,0.7011015825317434,0.6215288697283579,11.158500826394418,11.196457909705138,0.0
2.509,0.1935182777128513,-0.07356380877994315,0.15629537905224636,0.0,0.7004932358520926,0.6263705193181442,11.269180576197494,11.196457909705138,0.0
2.5100000000000002,0.19570711532295937,-0.07427474909562588,0.10022827748578492,0.0,0.7005155485114173,0.6236523477960562,11.310818639973,11.196457909705138,0.0
2.511,0.1945982554037778,-0.07479057893910301,0.07826563829535305,0.0,0.7003134446322261,0.6194968683640372,11.175892254794217,11.196457909705138,0.0
2.512,0.1921826112264558,-0.07390084705559166,0.14593448743385384,0.0,0.6996129743921314,0.6236545585447543,11.224124210282232,11.196457909705138,0.0
2.513,0.19380805662366887,-0.07417393921286296,0.12154184668407528,0.0,0.6994372576502526,0.6237635982740626,11.335290536600054,11.196457909705138,0.0
2.5140000000000002,0.19407055957689368,-0.07504252787787519,0.06457035725621535,0.0,0.6993828303870713,0.6178086040558028,11.204845694966899,11.196457909705138,0.0
2.515,0.19101050230676123,-0.0741981085687683,0.12970890022017523,0.0,0.69863677441773,0.620517852482612,11.185224242497199,11.196457909705138,0.0
2.516,0.19172463841456594,-0.07407244096898516,0.13963196312710455,0.0,0.698230869645119,0.6232125664153689,11.32169721940111,11.196457909705138,0.0
2.517,0.19321614836730872,-0.07507817279403826,0.07014308157818977,0.0,0.6982469139197981,0.6176972861444153,11.247275548689009,11.196457909705138,0.0
2.5180000000000002,0.1905874847947674,-0.07477777067405303,0.10684574054440113,0.0,0.6976667241884653,0.6177713877223044,11.159513591734097,11.196457909705138,0.0
2.519,0.19004531560371363,-0.07427999930871965,0.15109616220156763,0.0,0.6971002127590681,0.6223139319371883,11.281675414973794,11.196457909705138,0.0
2.52,0.19227066239565063,-0.07520769057047043,0.08916307552903258,0.0,0.6971516306465443,0.6188402169980696,11.293728109382348,11.196457909705138,0.0
2.521,0.19083017272598665,-0.0755347563919473,0.08216402632798325,0.0,0.6968772355791064,0.6157491581278027,11.170231375336174,11.196457909705138,0.0
2.5220000000000002,0.18887785175203484,-0.07477898726955681,0.1441746586947601,0.0,0.6962347688697081,0.6200312761006133,11.227388005301476,11.196457909705138,0.0
2.523,0.19068607762122158,-0.07517698875035406,0.11528704275614562,0.0,0.6961360984826419,0.619804763472937,11.327091236550125,11.196457909705138,0.0
2.524,0.19082993201559212,-0.07598535981192445,0.06412909386337148,0.0,0.6961095846734794,0.6142547951258137,11.209381363979059,11.196457909705138,0.0
2.525,0.18793111858870615,-0.07518962798074208,0.12285479560616513,0.0,0.6954351111984755,0.6165488869340232,11.184404905084374,11.196457909705138,0.0
2.5260000000000002,0.1884487067680534,-0.07501556242564036,0.13546355509971506,0.0,0.6950463043590431,0.6192599059067764,11.309715324601612,11.196457909705138,0.0
2.527,0.18993363637188404,-0.0758845573451947,0.0716757711921315,0.0,0.6950648101975315,0.6143600320989138,11.261920351557317,11.196457909705138,0.0
2.528,0.18758468019386199,-0.07572135831668295,0.09491863329575745,0.0,0.6945648362290531,0.6134198234017818,11.164086396781073,11.196457909705138,0.0
2.529,0.18654942754705797,-0.07513070119672499,0.14415932581311985,0.0,0.6939574984947987,0.6177980739627567,11.251822544015607,11.196457909705138,0.0
2.5300000000000002,0.18862027557232935,-0.07580608290609657,0.09973760585274843,0.0,0.6939289181492979,0.6160608237641463,11.30466297856052,11.196457909705138,0.0
2.531,0.18803663379864738,-0.07642360689484426,0.0722353378917378,0.0,0.6937906446401546,0.6119983173500971,11.195890186782252,11.196457909705138,0.0
2.532,0.18573927753789116,-0.07576088616563234,0.12662741101010064,0.0,0.69318087332042,0.614833257720115,11.194944128118392,11.196457909705138,0.0
2.533,0.18671303438238376,-0.07578525016562518,0.12711557815789826,0.0,0.6929248804169519,0.61670341776073,11.314319723774974,11.196457909705138,0.0
2.5340000000000003,0.18784783106912847,-0.07660843383446901,0.06624916218890911,0.0,0.6929718093714652,0.6115456850117732,11.252419733217518,11.196457909705138,0.0
2.535,0.18529282632253757,-0.07625073105426014,0.09663953923251285,0.0,0.6924506930131197,0.6111524225566416,11.170503865779072,11.196457909705138,0.0
2.536,0.18447587574137875,-0.07569360004309592,0.13785701339099693,0.0,0.69188465466167,0.6150407076146478,11.253682924644613,11.196457909705138,0.0
2.537,0.18633342249971124,-0.07631822878541894,0.09569523380883158,0.0,0.6918383291229326,0.6132210901868569,11.296198383499206,11.196457909705138,0.0
2.5380000000000003,0.18565366078301454,-0.07686106158357991,0.07344009964359426,0.0,0.6916681397156647,0.609645704242037,11.198587326728944,11.196457909705138,0.0
2.539,0.18356723823898508,-0.07630083708586352,0.12222433385848716,0.0,0.6910903776319113,0.6122223639189391,11.194556128153435,11.196457909705138,0.0
2.54,0.18446144818107343,-0.07632588845251256,0.12425895096175885,0.0,0.6908364156195318,0.6141003196399167,11.304725224854069,11.196457909705138,0.0
2.541,0.18562004623370798,-0.07705638703471238,0.06809172945995248,0.0,0.6908757497108636,0.6094478393649583,11.261638294658274,11.196457909705138,0.0
2.5420000000000003,0.18331040869706833,-0.07681663439636593,0.08898339070831852,0.0,0.6904122245895262,0.608389941588524,11.1694120564651,11.196457909705138,0.0
2.543,0.18217193081966393,-0.07624437958398743,0.13536696833730577,0.0,0.6898287116997006,0.6123868941954522,11.232222992960027,11.196457909705138,0.0
2.544,0.18401852728709073,-0.07680084023250731,0.10360384925729352,0.0,0.6897701785790118,0.6117535109874231,11.299471335394008,11.196457909705138,0.0
2.545,0.18398896450083266,-0.07749908025927635,0.06894954378341435,0.0,0.6897254022460484,0.6077049882479638,11.219976562965453,11.196457909705138,0.0
2.5460000000000003,0.18179893990782914,-0.07698881007188152,0.10846174346508886,0.0,0.6892171391515541,0.6089903322462451,11.193265291453871,11.196457909705138,0.0
2.547,0.181958006769464,-0.07676341759707293,0.12184930540339244,0.0,0.6888685462959825,0.6111344277509356,11.272907889525936,11.196457909705138,0.0
2.548,0.18314776299524263,-0.07721925099683538,0.0812635065691522,0.0,0.6888216178751589,0.608301658412231,11.277882738240306,11.196457909705138,0.0
2.549,0.18174868154648466,-0.07738869828544745,0.07796183392661522,0.0,0.688510186230297,0.605955943684599,11.19300612419016,11.196457909705138,0.0
2.5500000000000003,0.1800945100075303,-0.07692609355105554,0.12043465880683768,0.0,0.6879427452834889,0.6086866527832915,11.1969493074409,11.196457909705138,0.0
2.551,0.181179651261071,-0.07709211778869376,0.11845815320411077,0.0,0.6877280080547146,0.6103094957590522,11.295196037256808,11.196457909705138,0.0
2.552,0.18226803842067757,-0.07780318682602717,0.06834740702063974,0.0,0.6877735861981246,0.6061472925151842,11.263372585861257,11.196457909705138,0.0
2.553,0.18021313240806633,-0.07760175661262632,0.08358998595685421,0.0,0.6873691181889591,0.6048205820878452,11.17835578730567,11.196457909705138,0.0
2.5540000000000003,0.17896318873234796,-0.07706268193786839,0.1262794064586426,0.0,0.6868151420258869,0.6082464511123611,11.214034123831787,11.196457909705138,0.0
2.555,0.18048382672636612,-0.07746616301632889,0.10826447605431715,0.0,0.6867089240469518,0.6086860294525253,11.30017143358975,11.196457909705138,0.0
2.556,0.1809897635105145,-0.07817726715571696,0.06415868593648988,0.0,0.6867314723444748,0.6043590938855459,11.23943780560529,11.196457909705138,0.0
2.557,0.17878898678188962,-0.07767936052661524,0.09409570096971834,0.0,0.6862571914849525,0.6044483810678398,11.193577429624563,11.196457909705138,0.0
2.5580000000000003,0.17823972307730243,-0.0773325847912022,0.11705469376088748,0.0,0.6858061011650073,0.6067458417428673,11.231258822550245,11.196457909705138,0.0
2.559,0.17932356460293813,-0.0776995903019451,0.09786598816959527,0.0,0.6856737043080952,0.6063033845705778,11.27773206500345,11.196457909705138,0.0
2.56,0.17921065619521004,-0.07822906973499918,0.07381662539000974,0.0,0.6855648741021739,0.6034616489200908,11.225379438837654,11.196457909705138,0.0
2.561,0.17766710687659915,-0.07785045864443757,0.09970372318158238,0.0,0.6851358113375037,0.6041499395398993,11.205752746105974,11.196457909705138,0.0
2.562,0.1776057322429407,-0.0777569037304322,0.10942412118341432,0.0,0.6848119789816466,0.605528183340062,11.24522744103904,11.196457909705138,0.0
2.563,0.1783095713948769,-0.07809057341693992,0.08919907840354233,0.0,0.6846959934560468,0.6043362247857686,11.262703297341094,11.196457909705138,0.0
2.564,0.17772984760662638,-0.07832896921173539,0.07979869637615562,0.0,0.6844952974681408,0.6024908799473582,11.219859500997044,11.196457909705138,0.0
2.565,0.17658432032193513,-0.07801229590214409,0.10098657863526146,0.0,0.6840929185731809,0.6033548816262071,11.207176231653243,11.196457909705138,0.0
2.566,0.1767060488802069,-0.07805629978440111,0.10722103008768115,0.0,0.6838251848957462,0.6045413106705932,11.252474608118424,11.196457909705138,0.0
2.567,0.17732291717028378,-0.07846074369022665,0.08401167487095752,0.0,0.6837469162813118,0.602900311628108,11.27835557788876,11.196457909705138,0.0
2.568,0.17649340682134385,-0.07857893773448398,0.07025221330395333,0.0,0.6835213315298824,0.6002315532295085,11.209493602329243,11.196457909705138,0.0
2.569,0.17492097647587906,-0.0778970899988536,0.10455284415747113,0.0,0.6829752442223741,0.601882448439695,11.205384650399475,11.196457909705138,0.0
2.57,0.17529470158880373,-0.0780575532405888,0.10651805271541148,0.0,0.6826733246005823,0.6031299779650738,11.246014056015108,11.196457909705138,0.0
2.571,0.1759826665758494,-0.07863227961856473,0.08570778844449548,0.0,0.6825879651626676,0.6018418425229096,11.254498856695333,11.196457909705138,0.0
2.572,0.17542733491421256,-0.07877337169682164,0.08088497863448083,0.0,0.6823921009891565,0.6004195443774284,11.217196682712018,11.196457909705138,0.0
2.573,0.17456190154822643,-0.07841018826311824,0.09932867789606965,0.0,0.6820322323199586,0.6012865689996613,11.206646815797404,11.196457909705138,0.0
2.574,0.17470750208608565,-0.07855045793360801,0.10450172229245401,0.0,0.6818141144779946,0.6023908317909132,11.24471535966206,11.196457909705138,0.0
2.575,0.17524946141150013,-0.0790105513975485,0.08498487586055703,0.0,0.6817774422836808,0.601106113446954,11.248639396421082,11.196457909705138,0.0
2.576,0.17466496974892964,-0.07903652584292935,0.08250104261388655,0.0,0.6816142217287547,0.5999378602012813,11.227325412211426,11.196457909705138,0.0
2.577,0.17386612318612304,-0.07875803279775047,0.09284935969365128,0.0,0.6813196039253306,0.600115291641207,11.228174165071106,11.196457909705138,0.0
2.578,0.17365808249111833,-0.0787795460265624,0.09210782071015167,0.0,0.6810773424318626,0.6000753617086378,11.235566044741626,11.196457909705138,0.0
2.579,0.1735190165634019,-0.0788964038890272,0.08802079952452696,0.0,0.6808679533270673,0.5995862585244937,11.231735287526613,11.196457909705138,0.0
2.58,0.17318489487143077,-0.0789117758154905,0.08958340435381879,0.0,0.6806311151476238,0.5993732462182024,11.230507956330015,11.196457909705138,0.0
2.581,0.1729319730856553,-0.07894654281642398,0.08985656948586869,0.0,0.6804003302063335,0.5991967536203443,11.230186517329669,11.196457909705138,0.0
2.582,0.17270665323247505,-0.07902944739128337,0.08968000290979676,0.0,0.6801837463326116,0.5990149337794465,11.225687414302346,11.196457909705138,0.0
2.583,0.17250710648631462,-0.07908687418942878,0.09163725937748604,0.0,0.6799761267642193,0.5990663983560185,11.208605849837943,11.196457909705138,0.0
2.584,0.1723945409126984,-0.07925427741509955,0.10005656220835966,0.0,0.6798122556971661,0.6000088920104496,11.237424453149474,11.196457909705138,0.0
2.585,0.17283558407321004,-0.07951255862382106,0.08523759511815049,0.0,0.6797857580029637,0.5990768293811082,11.257365324783141,11.196457909705138,0.0
2.586,0.17239017056675054,-0.07953803663835624,0.07465808515053715,0.0,0.679668923584759,0.5972731727370607,11.229517969686384,11.196457909705138,0.0
2.587,0.17125782414000904,-0.07919258216546207,0.08825116209910311,0.0,0.6793451521718067,0.597359335851493,11.217110765496003,11.196457909705138,0.0
2.588,0.17093787836167573,-0.07908153519292146,0.09424823563638524,0.0,0.6790536135893418,0.5979521234041515,11.197733401027795,11.196457909705138,0.0
2.589,0.17114916506402703,-0.0791947489871813,0.10392416295726226,0.0,0.6788640716074835,0.5994344186181794,11.256507205309472,11.196457909705138,0.0
2.59,0.17185888199692015,-0.07978998890207925,0.07393676786038074,0.0,0.6789060575979101,0.597278201383158,11.270179732425776,11.196457909705138,0.0
2.591,0.17083385515289604,-0.07971864426882996,0.06636328607502234,0.0,0.6787144229569855,0.5949284455474325,11.210037583976648,11.196457909705138,0.0
2.592,0.16935421792095956,-0.07900625407224371,0.09629856355687103,0.0,0.6782293267212886,0.5963156269991168,11.172940499753304,11.196457909705138,0.0
2.593,0.16959310747449635,-0.07910830274973858,0.11508227976806137,0.0,0.6779498075108201,0.5992413624672672,11.251611000209492,11.196457909705138,0.0
2.594,0.17111801781273484,-0.07995265683575542,0.07519549863492414,0.0,0.6780826722309008,0.5971058381391278,11.282048728061428,11.196457909705138,0.0
2.595,0.17035097484667724,-0.08001153916676895,0.0591207265253932,0.0,0.6779867315617104,0.5939274194247418,11.21530765822127,11.196457909705138,0.0
2.596,0.16846758885949176,-0.07923650022351121,0.09230276396031045,0.0,0.6774966999809321,0.5950675223827415,11.199062697704614,11.196457909705138,0.0
2.597,0.16848997741260063,-0.07915938692589708,0.10039919633864411,0.0,0.6771689497807264,0.5965821024734171,11.235163007494817,11.196457909705138,0.0
2.598,0.16929888385779734,-0.07950607106972421,0.08196199046564556,0.0,0.6770643389984062,0.5957146367417511,11.262973274475396,11.196457909705138,0.0
2.599,0.16893327824648488,-0.07977994947359837,0.06739170332765368,0.0,0.6769101025041395,0.5935534026602663,11.219158474345209,11.196457909705138,0.0
2.6,0.1676441255074344,-0.07947388325939553,0.0890720977463466,0.0,0.6765187601835496,0.5942615653401224,11.193189506796923,11.196457909705138,0.0
2.601,0.16768555017588538,-0.07937347971450309,0.10208926554957161,0.0,0.6762293846352082,0.5960574137931814,11.22601449223063,11.196457909705138,0.0
2.602,0.16865187054965286,-0.07973541226708566,0.08538120700746284,0.0,0.67618934810324,0.5955708007340065,11.269760215088088,11.196457909705138,0.0
2.603,0.16851207974128588,-0.08010303703706989,0.06277532252490489,0.0,0.6761414733177235,0.5928343188125499,11.234879349106098,11.196457909705138,0.0
2.604,0.16690546044725796,-0.07982509445044787,0.07983154112189002,0.0,0.6757904878863845,0.5926442707094406,11.176699223444707,11.196457909705138,0.0
2.605,0.1664446405328346,-0.07938119840744562,0.1091191908151897,0.0,0.6754095470490049,0.5955238321514477,11.209001717491628,11.196457909705138,0.0
2.606,0.16784788516775886,-0.07979064911084457,0.09284250571386465,0.0,0.6754041349773675,0.5958350663984513,11.283749234521748,11.196457909705138,0.0
2.607,0.168229360156921,-0.08041036754075083,0.054595833950638356,0.0,0.6754944620578502,0.5920423391681908,11.245018196814017,11.196457909705138,0.0
2.608,0.1662196873014674,-0.08000225625032398,0.07347574993341485,0.0,0.6751453942810123,0.5913220536087338,11.166486255561761,11.196457909705138,0.0
2.609,0.1653059846178898,-0.0794515323144543,0.11304143710097686,0.0,0.6747027062058712,0.5948827268227819,11.195826027064905,11.196457909705138,0.0
2.61,0.1669617857476853,-0.07988287350987065,0.09837787017580706,0.0,0.6747133090305036,0.5958431395233532,11.290904423047625,11.196457909705138,0.0
2.611,0.16780652811255864,-0.08057263503974314,0.049894207051022446,0.0,0.6748904531990615,0.591445640313018,11.258192499657758,11.196457909705138,0.0
2.612,0.16558353237650936,-0.08013370315250304,0.06563282284642961,0.0,0.674554952906835,0.5899746667639287,11.169511976452968,11.196457909705138,0.0
2.613,0.16416387002402982,-0.0794753944057871,0.11024254378134622,0.0,0.6740378806456558,0.593500856586825,11.175860635717818,11.196457909705138,0.0
2.614,0.16568396520130815,-0.07978526652280528,0.1072741868887945,0.0,0.6739658036132234,0.5956686966407585,11.279570256427975,11.196457909705138,0.0
2.615,0.16715607013465555,-0.08063892896527748,0.05458825306648746,0.0,0.6742085224369295,0.5917000452436317,11.276538692987815,11.196457909705138,0.0
2.616,0.16531526746817982,-0.08043126675326444,0.05530322695374085,0.0,0.6739987247708061,0.5889752466770547,11.181689278011335,11.196457909705138,0.0
2.617,0.1633394316364329,-0.07960238355489564,0.10287562075891879,0.0,0.6734483264849367,0.5919266956950476,11.166009696778003,11.196457909705138,0.0
2.618,0.16438306478359563,-0.07970498705003275,0.1110198935048562,0.0,0.6732676881459027,0.5948135480421503,11.260377622640329,11.196457909705138,0.0
2.619,0.16615631614186205,-0.08051457855034735,0.06319673344434151,0.0,0.6734818279055654,0.5918670396685858,11.282859835547068,11.196457909705138,0.0
2.62,0.16492037019992845,-0.08058113815937458,0.05109160773255249,0.0,0.673379128493895,0.5885369504478477,11.197634875363887,11.196457909705138,0.0
2.621,0.16275707449230553,-0.07983003801757241,0.09369231816755558,0.0,0.6728704034896293,0.5905623326814035,11.162948857577192,11.196457909705138,0.0
2.622,0.16327468530965983,-0.0797029744992402,0.11137041758218277,0.0,0.6726086232235474,0.5937743178754512,11.23719444396577,11.196457909705138,0.0
2.623,0.16512205653817477,-0.08037013145383354,0.07384025904528743,0.0,0.6727688774036673,0.5921357933633179,11.288654174989853,11.196457909705138,0.0
2.624,0.16456637609110814,-0.08072999025248322,0.04718843088039858,0.0,0.6727821666128672,0.5882003457691037,11.215228276038815,11.196457909705138,0.0
2.625,0.16225160799312205,-0.08004345168169154,0.08371367669258098,0.0,0.672321464310952,0.5891931348625277,11.155945989293519,11.196457909705138,0.0
2.626,0.16218916694552424,-0.07967767892672852,0.11375993926934495,0.0,0.6719727415312327,0.5929641320759956,11.215958002940761,11.196457909705138,0.0
2.6270000000000002,0.1641818326857586,-0.08030407917837729,0.08355893151336774,0.0,0.672108552506063,0.5924807661693181,11.296223850116078,11.196457909705138,0.0
2.628,0.1642783963693206,-0.08090012566026698,0.04242834852159971,0.0,0.6722417469032343,0.5878462685514674,11.230802199215177,11.196457909705138,0.0
2.629,0.1617590799028908,-0.08022517478209995,0.07479573107695023,0.0,0.671817967037486,0.5879383484942678,11.148213937792788,11.196457909705138,0.0
2.63,0.16115844241328883,-0.07964804991218022,0.11657230150726822,0.0,0.671389038925683,0.5922914683371866,11.200011184179527,11.196457909705138,0.0
2.6310000000000002,0.1633067746689702,-0.08027417484340271,0.09063814556915478,0.0,0.6715129606004855,0.5926535376041167,11.298713802284643,11.196457909705138,0.0
2.632,0.16391801502614167,-0.0810158275534347,0.040264277590801395,0.0,0.6717360175832926,0.5876642550768645,11.245832349736588,11.196457909705138,0.0
2.633,0.16133666377121353,-0.08038299843465282,0.06621125946451449,0.0,0.6713608128849273,0.5868441742281238,11.147342804509721,11.196457909705138,0.0
2.634,0.1602166244170852,-0.07964510616210965,0.11594718312990218,0.0,0.6708662807127325,0.5913774535952809,11.183601960925287,11.196457909705138,0.0
2.6350000000000002,0.16232000829370244,-0.08019657668738214,0.09794616440991764,0.0,0.6709425703749781,0.5926879078926818,11.294805645787505,11.196457909705138,0.0
2.636,0.1634649066237733,-0.08103089628922333,0.041360844617984865,0.0,0.6712285369516895,0.5877256657591126,11.260786949315248,11.196457909705138,0.0
2.637,0.16102602100691887,-0.08051662571516748,0.057726902458012416,0.0,0.6709247696982079,0.5859340904580481,11.153674013379357,11.196457909705138,0.0
2.638,0.15939029873076602,-0.07969129258843283,0.1117112093892159,0.0,0.670386577701768,0.5902214497399828,11.165171313669951,11.196457909705138,0.0
2.6390000000000002,0.16124111568038313,-0.08007347742883714,0.10627542520427052,0.0,0.670381234496877,0.5926685274772043,11.280987590861145,11.196457909705138,0.0
2.64,0.16295578516242953,-0.08099942503857896,0.047521989797113834,0.0,0.6707191657748652,0.588291737593748,11.27952033228776,11.196457909705138,0.0
2.641,0.16095563235090873,-0.0807355832174749,0.04742499485798002,0.0,0.6705473428602897,0.5852004482412907,11.169427246053575,11.196457909705138,0.0
2.642,0.15873778823969523,-0.07977537699681371,0.10274184461158822,0.0,0.6699805890358648,0.5887108902790282,11.147414387000515,11.196457909705138,0.0
2.6430000000000002,0.16001870008834088,-0.07988398863064948,0.11423870936516442,0.0,0.6698431041395844,0.5923620206114434,11.257892644300815,11.196457909705138,0.0
2.644,0.16223803964837896,-0.0808796797899964,0.05838523336905729,0.0,0.6701929206773634,0.589144120180764,11.29647699838247,11.196457909705138,0.0
2.645,0.16098298282369042,-0.08094251604827758,0.038092865441456555,0.0,0.6701829205951141,0.5847696153811711,11.190069780831312,11.196457909705138,0.0
2.646,0.1582873532916744,-0.07988987984028983,0.09136035550577398,0.0,0.6696200516956688,0.5871778773199389,11.134440217363224,11.196457909705138,0.0
2.6470000000000002,0.15883416914718987,-0.07971352963382125,0.11979531416323708,0.0,0.6693454237194132,0.591797090687136,11.232698007639083,11.196457909705138,0.0
2.648,0.16138594237887008,-0.0807113786530726,0.070304018045968,0.0,0.6696717067716852,0.589923300863584,11.307099692068187,11.196457909705138,0.0
2.649,0.1609491063972214,-0.0810649824298506,0.03199675800778573,0.0,0.669806900461628,0.5846242023748853,11.210441538254651,11.196457909705138,0.0
2.65,0.1579690617824761,-0.08002461972579171,0.08018599862905851,0.0,0.6692806889984921,0.5858758587205779,11.127308170180044,11.196457909705138,0.0
2.6510000000000002,0.1578059253695808,-0.0796033988739,0.12244418006161314,0.0,0.6688963336495719,0.5911043803960269,11.208106157324915,11.196457909705138,0.0
2.652,0.16051987398189435,-0.08051573159032081,0.08192870401297978,0.0,0.6691778348104136,0.5905921644778807,11.31260298113948,11.196457909705138,0.0
2.653,0.16085731507811202,-0.08112746429998133,0.028518841391353328,0.0,0.6694381315342552,0.5846794111052798,11.231914464020397,11.196457909705138,0.0
2.654,0.15772914656681103,-0.08017876773968786,0.06850853440774268,0.0,0.6689706492997233,0.5846644005475472,11.126509076609507,11.196457909705138,0.0
2.6550000000000002,0.1568544786098983,-0.07949677944821934,0.12191071644414411,0.0,0.6684828824864132,0.5901434177061226,11.185393841251983,11.196457909705138,0.0
2.656,0.1595143561770871,-0.08029260904303867,0.09257897480743746,0.0,0.6686861552086361,0.5909639098551478,11.302632390859252,11.196457909705138,0.0
2.657,0.16058077070767993,-0.08108023919207753,0.032897955192262046,0.0,0.6690298308939853,0.5853603784974969,11.252370125446118,11.196457909705138,0.0
2.658,0.15778435409823463,-0.08037540074514313,0.05746996574141888,0.0,0.6686933773443814,0.5839695691730502,11.137609545532262,11.196457909705138,0.0
2.6590000000000003,0.15624584161023222,-0.07954713560874155,0.11543873934007566,0.0,0.6681674274367584,0.5889563126240343,11.160746716683105,11.196457909705138,0.0
2.66,0.15849200216162848,-0.08006275937465072,0.10422726569487448,0.0,0.6682577481306102,0.5913163741166653,11.28385566811943,11.196457909705138,0.0
2.661,0.1602724796233734,-0.0810119825844829,0.0417988123925688,0.0,0.6686743012197623,0.5865210554873388,11.278460045361633,11.196457909705138,0.0
2.662,0.15806378480572192,-0.08064848706635651,0.04367660241490254,0.0,0.6685201903979745,0.5833385266698989,11.158509226987366,11.196457909705138,0.0
2.6630000000000003,0.15574560562476306,-0.07958334711081572,0.10403149842921387,0.0,0.6679497073366929,0.5873120130751045,11.134439835311946,11.196457909705138,0.0
2.664,0.1572399093115664,-0.07972850882309505,0.1166863750108558,0.0,0.6678602404099664,0.5914320348001404,11.256521142816936,11.196457909705138,0.0
2.665,0.15974048861874074,-0.08086482472201881,0.0550450889272428,0.0,0.6683152654801751,0.5879638967380655,11.304295433086661,11.196457909705138,0.0
2.666,0.15844128697633447,-0.08089083736526631,0.030079568558565,0.0,0.6683694724689229,0.5829261985832366,11.183321113500876,11.196457909705138,0.0
2.6670000000000003,0.15540658645832564,-0.07961661237879315,0.09069809631350051,0.0,0.6677740640683691,0.5856362092400523,11.113868701491327,11.196457909705138,0.0
2.668,0.15599180709471813,-0.07942730100347091,0.1262501944004128,0.0,0.6675011155721312,0.5912255022279587,11.227952848044042,11.196457909705138,0.0
2.669,0.15903763952454106,-0.08064851392622094,0.06889317174066628,0.0,0.6679506177595635,0.5892345882330927,11.319599243047499,11.196457909705138,0.0
2.67,0.15871489151702067,-0.08099114801695172,0.02183856090551442,0.0,0.6681815559495189,0.5829512394963129,11.207824643371247,11.196457909705138,0.0
2.6710000000000003,0.15525758527716027,-0.07970621557215864,0.07761219340697947,0.0,0.6676162965369663,0.5843020413420285,11.105884106938959,11.196457909705138,0.0
2.672,0.1549718205723188,-0.07923727326778275,0.1294881996507852,0.0,0.6672039089212071,0.5906067224788555,11.19842485991148,11.196457909705138,0.0
2.673,0.15821180251996064,-0.08033818793976845,0.08319815366246114,0.0,0.6675890182176684,0.590269775957981,11.320637394758888,11.196457909705138,0.0
2.674,0.15883662644135269,-0.08097939903737764,0.02085009138821947,0.0,0.6679614460064135,0.5835733178166801,11.233840248255758,11.196457909705138,0.0
2.6750000000000003,0.15537119555350534,-0.07987942504714263,0.06387484125427843,0.0,0.6674995759522521,0.5833273970132696,11.114200181546813,11.196457909705138,0.0
2.676,0.1542237214863408,-0.07914381062307965,0.12451745189033397,0.0,0.6669893829764214,0.5893918887945995,11.170227212056018,11.196457909705138,0.0
2.677,0.15713404556996627,-0.07996486921498748,0.09676624361222302,0.0,0.667234331065657,0.59080824269339,11.298941907693546,11.196457909705138,0.0
2.678,0.15862290941947932,-0.08081365117929282,0.031384055813574716,0.0,0.6676815751660025,0.5850582556535446,11.263605526651716,11.196457909705138,0.0
2.6790000000000003,0.15583625904712353,-0.08015984033256086,0.04838077016502401,0.0,0.6674286891395455,0.5827728723638184,11.137488635798187,11.196457909705138,0.0
2.68,0.15381923833230088,-0.07915158810845936,0.11202890833085816,0.0,0.6668681837505777,0.5877160726300537,11.137037940423252,11.196457909705138,0.0
2.681,0.15592053296814107,-0.0795170681455903,0.11284845571114466,0.0,0.6669083342534555,0.5913112585438507,11.267975082077518,11.196457909705138,0.0
2.682,0.1583044337656106,-0.08065818115511712,0.046664713160287655,0.0,0.6674258559281021,0.5870213176207957,11.296888706584383,11.196457909705138,0.0
2.6830000000000003,0.1565308862824656,-0.08048948831459286,0.03120359293806267,0.0,0.6674326640004254,0.5823921663896952,11.165430123807905,11.196457909705138,0.0
2.684,0.1535993662429896,-0.07914755420754341,0.09724316218527403,0.0,0.6668299503190365,0.5859503066378634,11.106449239057424,11.196457909705138,0.0
2.685,0.15467114133097964,-0.07909372169612273,0.12763369126699162,0.0,0.6666508197954171,0.5916277135395193,11.237867303552216,11.196457909705138,0.0
2.686,0.15785530400169565,-0.08046663846908224,0.06151056508112496,0.0,0.6672089021844649,0.5888024773844862,11.323365149354787,11.196457909705138,0.0
2.6870000000000003,0.1571337074644549,-0.08065648422742427,0.01749256978334285,0.0,0.6674358065847928,0.5822460421087673,11.19168011599997,11.196457909705138,0.0
2.688,0.1534633005552558,-0.07913854097103595,0.0833828643978029,0.0,0.6668155048017302,0.584452581955861,11.09388642063378,11.196457909705138,0.0
2.689,0.1535571906576538,-0.07876784730034708,0.13330542697161182,0.0,0.6664522903104709,0.5911619845965579,11.207230756840078,11.196457909705138,0.0
2.69,0.1570772147943053,-0.08007041055125871,0.07652553039711342,0.0,0.6669433264267148,0.5900328475211185,11.324584474936447,11.196457909705138,0.0
2.691,0.15739062788038904,-0.0805632476027405,0.016567405696615564,0.0,0.6673135316669438,0.5830388578154352,11.222907060943308,11.196457909705138,0.0
2.692,0.15368503927595173,-0.07930594024831929,0.06714162118080333,0.0,0.6668040852330809,0.5833547814319576,11.093943277276534,11.196457909705138,0.0
2.693,0.15277244601494247,-0.07860373765506339,0.13264865933847675,0.0,0.6663125065925423,0.5903515294586101,11.174218591420834,11.196457909705138,0.0
2.694,0.15621842069885697,-0.07966837780467106,0.09273339544916968,0.0,0.666693893061112,0.5911655122613021,11.309287782526898,11.196457909705138,0.0
2.695,0.1575570307212754,-0.08045639235065177,0.024070501167920103,0.0,0.6671945743616562,0.5846696823429112,11.253013294434153,11.196457909705138,0.0
2.696,0.15434207758100515,-0.07957625227717338,0.05164219136700249,0.0,0.6668909089867642,0.5829600493567791,11.119021199532357,11.196457909705138,0.0
2.697,0.15249128499941597,-0.07859391560667447,0.11941260591962824,0.0,0.6663473912177281,0.5887414794831408,11.138422211187718,11.196457909705138,0.0
2.698,0.15508462786742389,-0.07913180095509365,0.11029245707712176,0.0,0.6665053589932628,0.5919057186604643,11.276901585268083,11.196457909705138,0.0
2.699,0.157379721316211,-0.08025062968913006,0.04024833328130975,0.0,0.6670816462162363,0.5869291517178079,11.28919982738952,11.196457909705138,0.0
2.7,0.15521015102618782,-0.07991301754768329,0.0331717930437474,0.0,0.6670543223997475,0.5826914956699312,11.149681100442573,11.196457909705138,0.0
2.701,0.15238442079419687,-0.07853245646080519,0.10339892460984694,0.0,0.6664574797619777,0.5869597573424589,11.103422454450925,11.196457909705138,0.0
2.702,0.15387344330653585,-0.07858634367788417,0.1274586021582129,0.0,0.6663668807599852,0.5924937520199387,11.246426119889176,11.196457909705138,0.0
2.703,0.1570663448050048,-0.08002996175424516,0.055457087337247274,0.0,0.6669970002421685,0.5889681949839731,11.320621624293532,11.196457909705138,0.0
2.704,0.15596805182901755,-0.08008931802202753,0.01711769798918529,0.0,0.6672036450812295,0.5825136291620886,11.174770047704966,11.196457909705138,0.0
2.705,0.15228815629898287,-0.07843330950912905,0.09026036490346988,0.0,0.6665614143550992,0.5855480772388946,11.085709016960385,11.196457909705138,0.0
2.706,0.15282308789349183,-0.07816754332952787,0.135898369203208,0.0,0.6662741773146357,0.5924079698085392,11.21769419409998,11.196457909705138,0.0
2.707,0.1564981170295058,-0.07963280712675136,0.06969341778946174,0.0,0.6668654899146733,0.5904153208296467,11.322606786307828,11.196457909705138,0.0
2.708,0.15638325488373103,-0.08001322409816869,0.01597563291951097,0.0,0.6672255995857016,0.5834835463144855,11.19942863691144,11.196457909705138,0.0
2.709,0.15265319447499412,-0.07856717437113143,0.07753500034564192,0.0,0.6666936511984229,0.5849988265070207,11.085004352459393,11.196457909705138,0.0
2.71,0.1523677790930761,-0.07802936119772963,0.13586167814412303,0.0,0.6663217267173215,0.5921038198130696,11.190882811189624,11.196457909705138,0.0
2.711,0.1560094519638111,-0.0792534973699046,0.08297819976416254,0.0,0.6668375271256086,0.5916572337710229,11.323619678379558,11.196457909705138,0.0
2.712,0.15670190768410674,-0.07987187485883002,0.015338148482451547,0.0,0.6673128690509222,0.584355562116296,11.22363931739116,11.196457909705138,0.0
2.713,0.15294349998753315,-0.07859743323915132,0.06505651489978977,0.0,0.6668641372651779,0.5843973620421233,11.08822170842071,11.196457909705138,0.0
2.714,0.15185188534236643,-0.0778306493709064,0.1338476813978597,0.0,0.6663928568412808,0.5915424469814103,11.163636197288444,11.196457909705138,0.0
2.715,0.1553418576386076,-0.07882798976953292,0.09646865408815956,0.0,0.6668005882362332,0.5927314776162933,11.309298003917219,11.196457909705138,0.0
2.716,0.15688988851566804,-0.07965002452907682,0.0225093498316513,0.0,0.6673668999747424,0.5859452614585499,11.254853812795174,11.196457909705138,0.0
2.717,0.15356675828815156,-0.07874925247442104,0.04914748636177323,0.0,0.6670906536500187,0.5839451107851078,11.108569534411572,11.196457909705138,0.0
2.718,0.15154612449058377,-0.07765583686621956,0.12316850930650991,0.0,0.6665307488940675,0.5901823201206146,11.12760533216634,11.196457909705138,0.0
2.719,0.15434026128441758,-0.07820737917579752,0.11433913620451404,0.0,0.6667221593573979,0.5937008153910112,11.277169487508589,11.196457909705138,0.0
2.72,0.1568612229246234,-0.0794317450009769,0.038749942755354996,0.0,0.6673754431191087,0.5884107202198293,11.2880724398511,11.196457909705138,0.0
2.721,0.15459347896715855,-0.07905840225885968,0.03238232128264021,0.0,0.6673810776276454,0.5840450779661528,11.137478244114659,11.196457909705138,0.0
2.722,0.1516983060685456,-0.07757166240518258,0.10826921580676513,0.0,0.6667897765034778,0.5888235895803515,11.096076443295287,11.196457909705138,0.0
2.723,0.1534408494609662,-0.07766167138883262,0.12997393088054973,0.0,0.6667602250398847,0.5944731381314361,11.251264533016442,11.196457909705138,0.0
2.724,0.15673225279446903,-0.07919155232165603,0.05183181978685883,0.0,0.6674659703905339,0.5903974683772479,11.316969126825057,11.196457909705138,0.0
2.725,0.15536917345791884,-0.07915538849243373,0.017774410711352176,0.0,0.6676742974001565,0.5840178990065304,11.157716487362423,11.196457909705138,0.0
2.726,0.15169588333017336,-0.07737862430545422,0.0977881446660965,0.0,0.6670287523494695,0.5878296352203103,11.076202810108683,11.196457909705138,0.0
2.727,0.15265469527739675,-0.07719745968288064,0.13974753428893125,0.0,0.6668267749586156,0.5948688366111357,11.229660908023455,11.196457909705138,0.0
2.728,0.15648603647713413,-0.07882917525419682,0.06268645534836212,0.0,0.6675302158050006,0.5918757481316034,11.323997104494705,11.196457909705138,0.0
2.729,0.1558811438709291,-0.07905175659862027,0.014242965164841387,0.0,0.6678721705109671,0.5847989910525613,11.175067407423127,11.196457909705138,0.0
2.73,0.15200763286234162,-0.07735005575032142,0.08892171872345056,0.0,0.6672828411316758,0.5875832402301846,11.072795561791356,11.196457909705138,0.0
2.731,0.15235678243371042,-0.07696253010635273,0.1412942650184738,0.0,0.6670052587957223,0.5949671825460466,11.211477853440716,11.196457909705138,0.0
2.732,0.15624648287102105,-0.07845667693475203,0.07180291975643804,0.0,0.6676620603325139,0.5929928234025624,11.324146563509819,11.196457909705138,0.0
2.733,0.15620148848898305,-0.0788443020083732,0.014191678183839596,0.0,0.6680834430910922,0.5856831035931376,11.189043494536586,11.196457909705138,0.0
2.734,0.15231101502282252,-0.07728345301213546,0.08181735682214178,0.0,0.6675561459525479,0.5875889332439095,11.070043591947556,11.196457909705138,0.0
2.735,0.1521933052224046,-0.07674353084445655,0.14258145129423253,0.0,0.6672283785444532,0.5952332871646814,11.194992456475797,11.196457909705138,0.0
2.736,0.15613782622641,-0.0781084408189562,0.08012167356240553,0.0,0.6678533625881165,0.5941671380488996,11.32902725896275,11.196457909705138,0.0
2.737,0.15657961063868786,-0.0786571768946303,0.011778578826352859,0.0,0.6683559451844143,0.5863678085301044,11.203670470825585,11.196457909705138,0.0
2.738,0.15252670795743434,-0.07715864992773314,0.07438484728373061,0.0,0.6678580112420879,0.5874190278395514,11.062744099898199,11.196457909705138,0.0
2.739,0.15191286655328679,-0.07644302913508079,0.14618517084549348,0.0,0.6674512596074156,0.5956142982586848,11.180031736332543,11.196457909705138,0.0
2.74,0.15603370364980398,-0.07777775281963928,0.08770561436204719,0.0,0.6680586859913522,0.5953391815289824,11.327862890112922,11.196457909705138,0.0
2.741,0.15696783446258622,-0.07845466850952393,0.01247598766778002,0.0,0.6686389715529663,0.5874003097206684,11.216217993451629,11.196457909705138,0.0
2.742,0.15294497025713627,-0.07706277514235854,0.06810083516096153,0.0,0.6682074639503007,0.5876362395112671,11.066816328853102,11.196457909705138,0.0
2.743,0.1518875726734069,-0.07623820463194318,0.14409808326874518,0.0,0.6677659162644873,0.5956849594716194,11.164174282219566,11.196457909705138,0.0
2.744,0.1558478365352292,-0.0773916917773426,0.09574194286036905,0.0,0.668308524634389,0.5963593017407183,11.322061629788056,11.196457909705138,0.0
2.745,0.15725002531020288,-0.07817261622841495,0.015542231875294826,0.0,0.6689386732123741,0.5885674256889937,11.232938784180286,11.196457909705138,0.0
2.746,0.15338545802639436,-0.07697221481577776,0.059738845934428436,0.0,0.6685867659274874,0.5877205010455647,11.06764329690906,11.196457909705138,0.0
2.747,0.15180251200802047,-0.07599260335089975,0.14367473569800243,0.0,0.6680896036597365,0.5958495382605747,11.144043533419104,11.196457909705138,0.0
2.748,0.15570138920602433,-0.07698658058576571,0.10599876120584034,0.0,0.6685741949507454,0.5976875334835708,11.314726316673594,11.196457909705138,0.0
2.749,0.15768661411065113,-0.0779728281526551,0.019474685508910794,0.0,0.6692926740949623,0.5900699137640987,11.253061757475162,11.196457909705138,0.0
2.75,0.15404411387822964,-0.07696939530237801,0.049740926630426535,0.0,0.669057303263611,0.5879009584859438,11.083363490244615,11.196457909705138,0.0
2.751,0.15187185011889964,-0.07570371800789912,0.13572100444030546,0.0,0.6684993838136895,0.5952830318115433,11.12427257908164,11.196457909705138,0.0
2.7520000000000002,0.15522285207296535,-0.07638750436091224,0.11598831332802753,0.0,0.668823336913096,0.5984503762066007,11.29516737113447,11.196457909705138,0.0
2.753,0.1577042669832156,-0.07761077296435794,0.02955382268731961,0.0,0.6695593508249168,0.5917834687921512,11.26752004669813,11.196457909705138,0.0
2.754,0.15470412631350067,-0.07693027635777348,0.04266686353556015,0.0,0.669467985291352,0.5885184625328134,11.096291576222772,11.196457909705138,0.0
2.755,0.15218994403076536,-0.07549429763207975,0.12928276210806258,0.0,0.6689081029914492,0.5952139974249493,11.110517940085709,11.196457909705138,0.0
2.7560000000000002,0.15507942471894115,-0.07594677153265199,0.1230289798727884,0.0,0.66913789432707,0.5992869308677494,11.28290125153456,11.196457909705138,0.0
2.757,0.15786345730839474,-0.07731909320424597,0.035972890730068846,0.0,0.6698984305182785,0.593184569338527,11.276741801178257,11.196457909705138,0.0
2.758,0.15525364036662634,-0.0768148908825543,0.03824977699348857,0.0,0.6699034914653418,0.5892044361512404,11.103038201469941,11.196457909705138,0.0
2.759,0.1525066418737598,-0.07525323660760747,0.1260357739299988,0.0,0.6693432930519428,0.5955325848425683,11.10230611211128,11.196457909705138,0.0
2.7600000000000002,0.15512809291469154,-0.07557387510136272,0.12734333658526747,0.0,0.6695228161260793,0.6001220411467065,11.277066723270124,11.196457909705138,0.0
2.761,0.15808231294298833,-0.07703003006098952,0.03915694287019583,0.0,0.6703003031838372,0.5942581754999309,11.280733626116506,11.196457909705138,0.0
2.762,0.1556531703551122,-0.0766044797837086,0.036480734282891364,0.0,0.6703522828910448,0.5899426740011051,11.104239627401162,11.196457909705138,0.0
2.763,0.15279928128353656,-0.07497756044172227,0.12564991646360313,0.0,0.6697928088528031,0.5961889291206286,11.099032841429473,11.196457909705138,0.0
2.7640000000000002,0.1553431462042023,-0.07525124288328162,0.12922756013220424,0.0,0.6699602819923293,0.6009480962741256,11.276353471899741,11.196457909705138,0.0
2.765,0.15835316769596466,-0.0767374565606726,0.03976828927512424,0.0,0.6707476712133501,0.5950661340803736,11.27974099075603,11.196457909705138,0.0
2.766,0.15593311409322158,-0.07631851884724518,0.037241699036470566,0.0,0.6708071800076426,0.5907640809216369,11.100515101684172,11.196457909705138,0.0
2.767,0.15309552706161417,-0.07468462445146838,0.1278140716526095,0.0,0.6702549936002314,0.5971743448858144,11.100617621715985,11.196457909705138,0.0
2.7680000000000002,0.1557315034991174,-0.07498259821176156,0.1287212145165944,0.0,0.6704481682875685,0.6017640925232687,11.280613270995806,11.196457909705138,0.0
2.769,0.15867880839012805,-0.07644287299733182,0.03788183626377728,0.0,0.6712386507587275,0.5956149360556254,11.27375712944132,11.196457909705138,0.0
2.77,0.15609852257989745,-0.07595934850349977,0.04053691484365862,0.0,0.6712673788938288,0.5916735003962127,11.091492978071468,11.196457909705138,0.0
2.771,0.15339921765891212,-0.07437790528594582,0.13271863984492122,0.0,0.6707299671404864,0.5985136407637978,11.107141486765443,11.196457909705138,0.0
2.7720000000000002,0.15630551457009087,-0.07477738706891471,0.12578754972733086,0.0,0.6709900680275387,0.602585103046903,11.290715209247677,11.196457909705138,0.0
2.773,0.1590708266057377,-0.07615200348436224,0.03305811549078802,0.0,0.6717785180420659,0.5958693809707496,11.262742247564338,11.196457909705138,0.0
2.774,0.15613715134790146,-0.07551625596123042,0.04638175295386565,0.0,0.6717328724558259,0.5926473279656868,11.076040129198484,11.196457909705138,0.0
2.775,0.15369472731313125,-0.07404715131291933,0.14093698994185938,0.0,0.6712143420916208,0.6002500852878012,11.118733555118203,11.196457909705138,0.0
2.7760000000000002,0.15707838130458218,-0.07464846065416415,0.1203675205278693,0.0,0.6715887755700677,0.6034358936564574,11.307940083265962,11.196457909705138,0.0
2.777,0.15954348717674238,-0.07587872781043409,0.024649434718381644,0.0,0.6723736628313126,0.5957799446851658,11.246418118217814,11.196457909705138,0.0
2.778,0.15603285354108545,-0.07497375089334364,0.05491081515732843,0.0,0.6722026163368617,0.5936648328021509,11.05349414090155,11.196457909705138,0.0
2.779,0.1539737283841802,-0.07366936495283626,0.15280244150349626,0.0,0.6717027306192691,0.6024009899825843,11.135875428968777,11.196457909705138,0.0
2.7800000000000002,0.15805107750682615,-0.07460253343361864,0.11221762227724646,0.0,0.6722421415837703,0.6043011968398058,11.331807611969323,11.196457909705138,0.0
2.781,0.16007628922086503,-0.0756459433396933,0.012898033754331933,0.0,0.6730230755424039,0.5953640177651793,11.223899736187587,11.196457909705138,0.0
2.782,0.1557944603475918,-0.07433241967187586,0.06657755338037545,0.0,0.6726772764951907,0.5947878463311734,11.02712415414091,11.196457909705138,0.0
2.783,0.15429476919457338,-0.07321760146358874,0.1666586819593559,0.0,0.6721989454430651,0.6048289888213735,11.160150295968037,11.196457909705138,0.0
2.7840000000000003,0.15916685322672494,-0.07461213820065687,0.1005086871831634,0.0,0.6729371089683323,0.6049899470911029,11.353681469975594,11.196457909705138,0.0
2.785,0.16052156507458118,-0.07546119723619318,0.0021708645766803647,0.0,0.673697003094584,0.5949526678844924,11.191916850020167,11.196457909705138,0.0
2.786,0.1555562926172761,-0.07365092104521041,0.08309858515124369,0.0,0.6731695589161859,0.596440260589217,11.0132208668077,11.196457909705138,0.0
2.787,0.15495122541902853,-0.07274831415631589,0.1742789471864517,0.0,0.6727624344302319,0.6069638168909909,11.196811610883202,11.196457909705138,0.0
2.7880000000000003,0.16020308948185596,-0.07460702919958542,0.08248003813691995,0.0,0.6736618627466986,0.6048008657792976,11.351071491540896,11.196457909705138,0.0
2.789,0.1604391497092469,-0.07515957840916143,0.00380396198971536,0.0,0.6742972463829705,0.5952343253403385,11.152036826753683,11.196457909705138,0.0
2.79,0.15555104613954754,-0.0730030277245349,0.10376550521283642,0.0,0.6736696915443144,0.599010559819859,11.016934840775601,11.196457909705138,0.0
2.791,0.1561714611020386,-0.07247024706802861,0.17311172889117277,0.0,0.6734454752721067,0.6088577578583761,11.231908135062513,11.196457909705138,0.0
2.7920000000000003,0.16127398604385593,-0.07463627566477425,0.06527057949414312,0.0,0.6744719913831787,0.6045867522013894,11.34743894241498,11.196457909705138,0.0
2.793,0.1603573708403127,-0.07481729175148277,0.005995365490811089,0.0,0.6749670068010152,0.5955554895966204,11.120077807115193,11.196457909705138,0.0
2.794,0.15555696111748615,-0.07232761617806305,0.1204397341666043,0.0,0.6742337199426477,0.6011773664059579,11.037266235075933,11.196457909705138,0.0
2.795,0.15717126093045808,-0.07209526455598872,0.16343743693252633,0.0,0.674135287528357,0.6095234533893632,11.2535188375981,11.196457909705138,0.0
2.7960000000000003,0.1616820793376024,-0.0742988744192089,0.0547405263925127,0.0,0.6751260276550106,0.604158404219282,11.299579302897122,11.196457909705138,0.0
2.797,0.16002181775249502,-0.07423476901071838,0.030679079811082213,0.0,0.6754521011584248,0.5980968809187504,11.094699147373897,11.196457909705138,0.0
2.798,0.15658975066818978,-0.07217646737315583,0.13413674519600743,0.0,0.6749136428553971,0.604655999720192,11.096735036545528,11.196457909705138,0.0
2.799,0.15910379069906322,-0.07231511074383049,0.13411602934178768,0.0,0.6751207760499665,0.6091576403391338,11.298156563050357,11.196457909705138,0.0
2.8000000000000003,0.16193505938002195,-0.07373697145851262,0.03238827955592105,0.0,0.6759123782318814,0.6017536857431387,11.234136121726655,11.196457909705138,0.0
2.801,0.15868074705183285,-0.07297814002114592,0.064021718097557,0.0,0.675786734670748,0.6000525296052835,11.020893096148415,11.196457909705138,0.0
2.802,0.15696649950981986,-0.07173569212016745,0.17239887902224438,0.0,0.6753744588972084,0.6102701021477396,11.16018951532274,11.196457909705138,0.0
2.803,0.16187079352477163,-0.07304559904135624,0.10311335337890568,0.0,0.676181682195609,0.610162895611517,11.363426570312638,11.196457909705138,0.0
2.8040000000000003,0.16303135701495924,-0.07388537641035618,-0.00017486072211857218,0.0,0.6769767389519256,0.5993996647203061,11.164535365190492,11.196457909705138,0.0
2.805,0.15770007558883223,-0.07178587138215808,0.09958996728410116,0.0,0.6763766236166971,0.6023973224073186,10.99455848732851,11.196457909705138,0.0
2.806,0.15782396466619217,-0.07099454977009789,0.18659740043885864,0.0,0.6760702352566488,0.613541431546297,11.227328471039208,11.196457909705138,0.0
2.807,0.16347238554418214,-0.0732777320028482,0.06990370297016893,0.0,0.6771679599082256,0.6092140224764641,11.351596795292567,11.196457909705138,0.0
2.8080000000000003,0.16266339881594577,-0.07356047501945906,0.006218151987615092,0.0,0.6777314410971618,0.5997361258942641,11.108618406189816,11.196457909705138,0.0
2.809,0.1576990721439377,-0.07094496756077244,0.12858574157414374,0.0,0.6770002512583623,0.6058976435201598,11.042470762275594,11.196457909705138,0.0
2.81,0.15956798207679876,-0.07071851786294663,0.16319943500555034,0.0,0.6769595777738585,0.6136984974218407,11.264060186790259,11.196457909705138,0.0
2.811,0.16382182299832032,-0.07289594338255259,0.05172869997736665,0.0,0.6779448383321082,0.60765804739545,11.26369654178564,11.196457909705138,0.0
2.8120000000000003,0.1617411500036342,-0.07266168034448908,0.05123813615887099,0.0,0.6781799846425106,0.6036523261964013,11.049001878989841,11.196457909705138,0.0
2.813,0.15921793047537158,-0.07101769156557595,0.16006002786392318,0.0,0.6778125480666681,0.6123027528922006,11.142505554635854,11.196457909705138,0.0
2.814,0.16309210830067444,-0.07171317783721522,0.11384771359160994,0.0,0.6784398411956591,0.6134284280177646,11.359394971226834,11.196457909705138,0.0
2.815,0.164549695350539,-0.07262416725238222,0.003773634680902735,0.0,0.6792102264972596,0.602736646608985,11.163747335751095,11.196457909705138,0.0
2.816,0.15932124488479063,-0.07066361385555084,0.10192455815831258,0.0,0.6786096243600186,0.6056781296645959,10.989522152762115,11.196457909705138,0.0
2.817,0.15950603197760807,-0.06983248061026748,0.19110650722223296,0.0,0.6782914116190505,0.6170212982783119,11.232091881836741,11.196457909705138,0.0
2.818,0.1652559505046891,-0.07218886225539772,0.06946530296360391,0.0,0.6794068503269677,0.61229533363042,11.340447049125183,11.196457909705138,0.0
2.819,0.16424992236469826,-0.07246196706335747,0.013847827925182368,0.0,0.6799446264117281,0.6034201613871388,11.093143051538952,11.196457909705138,0.0
2.82,0.1596123326446591,-0.06984293303696404,0.13853297529995973,0.0,0.6792502828727017,0.610257899526076,11.070492259335046,11.196457909705138,0.0
2.821,0.16192450111259638,-0.0697753949569874,0.15111802790561393,0.0,0.6793279086529382,0.6161792193814175,11.288416054104488,11.196457909705138,0.0
2.822,0.16534847107314998,-0.07160207696225196,0.04123654907689936,0.0,0.6801915142420639,0.6089498416210518,11.2132797920985,11.196457909705138,0.0
2.823,0.16242029822944656,-0.07096711571423073,0.07863646125595936,0.0,0.6801577089389055,0.6080989060360321,10.99075790971663,11.196457909705138,0.0
2.824,0.16130540000521343,-0.06982989240529255,0.19195440244678,0.0,0.679923445656058,0.6195140149646263,11.204203198190402,11.196457909705138,0.0
2.825,0.16687879944836068,-0.07159285658100374,0.08515430532504087,0.0,0.6810594178867724,0.6162587736557887,11.364373514168156,11.196457909705138,0.0
2.826,0.16649952736018664,-0.0720428574769682,0.0033899912915340835,0.0,0.6817881392203305,0.6056140340525686,11.107223080297459,11.196457909705138,0.0
2.827,0.16101839025293388,-0.06929153160088365,0.13285755652095935,0.0,0.6810723686048817,0.6117648482195142,11.036979716007014,11.196457909705138,0.0
2.828,0.16277445881598357,-0.06887412884591113,0.16957402060316284,0.0,0.6810248554233865,0.6197251603919604,11.271357548820696,11.196457909705138,0.0
2.829,0.16702427477607734,-0.07109521397588801,0.05163610780516659,0.0,0.6820266181691326,0.613094435910431,11.234869843688884,11.196457909705138,0.0
2.83,0.16466390144054693,-0.07071713802143917,0.06949584103123502,0.0,0.6822013329858616,0.610673049160986,11.000256562685246,11.196457909705138,0.0
2.831,0.16289008836859287,-0.0693308263881332,0.18876449500325276,0.0,0.6819677241258543,0.6216237428773794,11.196531931546764,11.196457909705138,0.0
2.832,0.1680879901762874,-0.07073292625747711,0.09062607035407787,0.0,0.683020639625448,0.6188785857554372,11.367829450661024,11.196457909705138,0.0
2.833,0.16782278017188823,-0.07122611676650473,0.003263595387388976,0.0,0.6837339778201876,0.607965900014365,11.106164493388867,11.196457909705138,0.0
2.834,0.16224507247771405,-0.06845498312705349,0.13499900818662985,0.0,0.6829749570159164,0.6141912325707735,11.04022630830317,11.196457909705138,0.0
2.835,0.1640436552918878,-0.0680107554000225,0.16953041674349806,0.0,0.6828932178341338,0.6219456094178756,11.27625264215046,11.196457909705138,0.0
2.836,0.1681947043407726,-0.07021812344791253,0.05071930249539977,0.0,0.6838423430177781,0.6150632084419945,11.217588315167342,11.196457909705138,0.0
2.837,0.1657066735152598,-0.0697593438603913,0.07984016193233684,0.0,0.6839357761503636,0.6136705596439048,10.986910271171507,11.196457909705138,0.0
2.838,0.16447449029204425,-0.0685088171618902,0.19727466031559093,0.0,0.6837476309489219,0.6251637651129701,11.223219325280033,11.196457909705138,0.0
2.839,0.17002466442706166,-0.07025411489423716,0.07885251910557901,0.0,0.6849321088320738,0.6206652140109666,11.351196697941926,11.196457909705138,0.0
2.84,0.1689451572827297,-0.07051111830903602,0.013316444892264231,0.0,0.6855591012150146,0.610884466583341,11.087541095457762,11.196457909705138,0.0
2.841,0.163836187526219,-0.06763270510889388,0.14623341427681993,0.0,0.6848261241307352,0.6179719121129789,11.087231994387864,11.196457909705138,0.0
2.842,0.16616727936178663,-0.06744923698018467,0.14748022396494206,0.0,0.684883791945691,0.6227777849535957,11.321970619512744,11.196457909705138,0.0
2.843,0.16900798327534375,-0.06905549914834408,0.028855784304426035,0.0,0.6855948037829975,0.6137585143199726,11.155625036448363,11.196457909705138,0.0
2.844,0.1650976323648648,-0.06783719387799084,0.11243690456918405,0.0,0.6851827111717905,0.6165509851984595,10.983801911650115,11.196457909705138,0.0
2.845,0.16574015264460912,-0.06706741767568133,0.20047502694885827,0.0,0.6850185825800024,0.6277616012472169,11.258100415238832,11.196457909705138,0.0
2.846,0.1714481404404716,-0.06956479534518793,0.06270935009916269,0.0,0.6862743377579379,0.6211786836999088,11.282872277789592,11.196457909705138,0.0
2.847,0.1694313398395603,-0.06951154577234342,0.04945927514293859,0.0,0.6867153944336407,0.6155787098924963,11.039854487791093,11.196457909705138,0.0
2.848,0.16627989164043724,-0.06723237656401862,0.17253420436132838,0.0,0.6863021719438449,0.6245800733928751,11.174167650660419,11.196457909705138,0.0
2.849,0.17002766291286375,-0.06793516769636646,0.1056005255171127,0.0,0.6869305067697079,0.6236027550072306,11.3595582250531,11.196457909705138,0.0
2.85,0.17024741896860499,-0.06862429867366368,0.011274235167292646,0.0,0.6874670527705997,0.6130927513392914,11.073233967556888,11.196457909705138,0.0
2.851,0.16509303546423995,-0.06607423646683741,0.15566860333688087,0.0,0.6866115456520844,0.6210832257864258,11.05991277667007,11.196457909705138,0.0
2.852,0.16798913954684574,-0.06608289052148947,0.16369465011064094,0.0,0.686667089258214,0.6272579082562826,11.298056479686519,11.196457909705138,0.0
2.853,0.1716496496768869,-0.06819454706672934,0.043606812902602377,0.0,0.6875667424301461,0.6191570592056667,11.147532562502985,11.196457909705138,0.0
2.854,0.16848283775355735,-0.06728692371860953,0.11935802496639102,0.0,0.6874453902460781,0.6218747264892691,10.985071973183794,11.196457909705138,0.0
2.855,0.16930588709055158,-0.06653018591094054,0.20270217899119955,0.0,0.6875337750834145,0.6325966331018927,11.272633203386894,11.196457909705138,0.0
2.856,0.17470264795386037,-0.06898682969707162,0.05815981095283228,0.0,0.6889633102928308,0.6249366723109254,11.249088081333896,11.196457909705138,0.0
2.857,0.1720289756582425,-0.06857957346317425,0.0694060702630434,0.0,0.6894145312786187,0.6212162448856543,10.999038628825392,11.196457909705138,0.0
2.858,0.16962220343645226,-0.06651796368908297,0.19640498932609296,0.0,0.6892258829104896,0.6320084090267635,11.225315021564482,11.196457909705138,0.0
2.859,0.17437445424444134,-0.06784005410625824,0.08297822183795471,0.0,0.6903013618369147,0.6274087429915262,11.325027127310396,11.196457909705138,0.0
2.86,0.17294176085438123,-0.06801582101092996,0.03183647678894534,0.0,0.6908154397225154,0.6190903859529318,11.060361592838545,11.196457909705138,0.0
2.861,0.16861450556304938,-0.06522907355000274,0.16553020719353664,0.0,0.6901379742259481,0.6273346713498981,11.149860870036827,11.196457909705138,0.0
2.862,0.17167304963220723,-0.06554732130795796,0.12124653899107869,0.0,0.6904155585467183,0.628098928450674,11.346345682158029,11.196457909705138,0.0
2.863,0.1725967378802679,-0.06657305914688098,0.021505255205948703,0.0,0.6908514588301913,0.6182147934725144,11.059303051516794,11.196457909705138,0.0
2.864,0.16801869442098596,-0.06435822409207556,0.16639811910844954,0.0,0.6900014663530829,0.6268111115506466,11.074174741562738,11.196457909705138,0.0
2.865,0.17144234156548221,-0.06461108799060551,0.16018510576690187,0.0,0.6901460683108853,0.6319080568461715,11.31825715058732,11.196457909705138,0.0
2.866,0.17469056861103893,-0.06663250061729487,0.03692590884578911,0.0,0.6910057313524103,0.6226903177764512,11.1020631722608,11.196457909705138,0.0
2.867,0.1709367728004419,-0.06527317253608356,0.14596684538349197,0.0,0.6906879139676106,0.628152813715835,11.025848591387106,11.196457909705138,0.0
2.868,0.17304895215509,-0.0648809680178595,0.18578022900351943,0.0,0.6909185786990368,0.6360564634685092,11.279627380994793,11.196457909705138,0.0
2.869,0.17723272504859527,-0.06721656967000907,0.05805913948677968,0.0,0.6921773801595066,0.6283062678112782,11.152018843409492,11.196457909705138,0.0
2.87,0.17437067084804975,-0.06636038450408506,0.1223077989423867,0.0,0.6924177455234329,0.630158198992096,10.99774439467426,11.196457909705138,0.0
2.871,0.1748296157132895,-0.0652827459931292,0.2014321584603111,0.0,0.6927092890845026,0.639831062066459,11.29189097146421,11.196457909705138,0.0
2.872,0.17944530834150688,-0.06746645622061218,0.053404539447745134,0.0,0.6941899491070342,0.6309883747624792,11.199065552946163,11.196457909705138,0.0
2.873,0.17598829909613328,-0.06651502488071195,0.09979117227435896,0.0,0.6945117798472508,0.6301872559354772,10.998472847507639,11.196457909705138,0.0
2.874,0.17493158423063834,-0.06470824550210175,0.20206737561559593,0.0,0.6945320842124975,0.6403666166472178,11.281768554811883,11.196457909705138,0.0
2.875,0.17948790618761928,-0.06650373753057492,0.059566415512406296,0.0,0.6957838661293119,0.6323204415156226,11.229609046268495,11.196457909705138,0.0
2.876,0.1763413602589837,-0.0658454528783094,0.08531465841846692,0.0,0.6960154861092512,0.6298530616812867,10.997659497976729,11.196457909705138,0.0
2.8770000000000002,0.17458019594544166,-0.06380945372721614,0.203277416681634,0.0,0.6957598290476654,0.6405362654234696,11.265152343034828,11.196457909705138,0.0
2.878,0.1793247461971173,-0.0654862600133391,0.06884404981928766,0.0,0.696802866749441,0.633618772976966,11.245448860668807,11.196457909705138,0.0
2.879,0.17679281771849556,-0.06520423629856487,0.0782058814926613,0.0,0.6970020607649023,0.63019742633315,10.997560002164498,11.196457909705138,0.0
2.88,0.17476634253930345,-0.06314082059914614,0.20413928982022225,0.0,0.6966150452246473,0.6410947833394846,11.25233469837448,11.196457909705138,0.0
2.8810000000000002,0.1796210805727588,-0.06477388154177668,0.07619317382853809,0.0,0.6975567377997351,0.6349760103133275,11.249848516263606,11.196457909705138,0.0
2.882,0.177522481339155,-0.0647327306429552,0.07690235881839005,0.0,0.6977715266064016,0.6312001486521263,10.99891331147321,11.196457909705138,0.0
2.883,0.17546826390584486,-0.06268825961369749,0.2043454071959075,0.0,0.6973627700620514,0.6420399734346685,11.245393845909266,11.196457909705138,0.0
2.884,0.18030606383408226,-0.06429464250962702,0.08061578061583805,0.0,0.6982760184792351,0.6363175505104992,11.245667718349976,11.196457909705138,0.0
2.8850000000000002,0.1783990269710789,-0.06435373908974688,0.07998674630903474,0.0,0.6985161365571375,0.6326849492667306,10.995648599645213,11.196457909705138,0.0
2.886,0.1764890547782048,-0.06236167370241871,0.20700439876201565,0.0,0.6981492645444651,0.6436088786406106,11.247476678196842,11.196457909705138,0.0
2.887,0.18138926415996653,-0.06403581737360808,0.08058017180128417,0.0,0.6991155491281523,0.637668763631703,11.233184693730571,11.196457909705138,0.0
2.888,0.1793942132759905,-0.06404342640413255,0.08735889619416502,0.0,0.6993752893092262,0.634697648225934,10.990910164292417,11.196457909705138,0.0
2.8890000000000002,0.1778086339360771,-0.06212781864796473,0.21055163836736918,0.0,0.6991011509881317,0.6456874959925236,11.259218254360174,11.196457909705138,0.0
2.89,0.18277488989896482,-0.06393093590974791,0.0757699898869403,0.0,0.7001709102521634,0.6389308924464485,11.213770396118198,11.196457909705138,0.0
2.891,0.1804054258798653,-0.06372410925928194,0.09832079414379791,0.0,0.7004172511310154,0.6370956337361733,10.994568308484451,11.196457909705138,0.0
2.892,0.17930790882106748,-0.06189920099163423,0.20994073397287805,0.0,0.7002567604080182,0.647618252559717,11.274854547780828,11.196457909705138,0.0
2.8930000000000002,0.1840768969295486,-0.06379823226123417,0.0690136479439328,0.0,0.7013917231620075,0.6399188177046115,11.186200392329392,11.196457909705138,0.0
2.894,0.18123745091016244,-0.06325407464923911,0.11344330084340856,0.0,0.7015643985050719,0.639759384232864,11.006820326701169,11.196457909705138,0.0
2.895,0.1808717175126656,-0.061618962897059454,0.20502970948755972,0.0,0.7015294422500351,0.6492752062779905,11.290336450176122,11.196457909705138,0.0
2.896,0.18521033927918945,-0.06360995160248624,0.06233286234537316,0.0,0.7026849237001336,0.6407425274927266,11.151646773729995,11.196457909705138,0.0
2.8970000000000002,0.18196500207393357,-0.06262260463180502,0.13212581192818806,0.0,0.7027430710728665,0.6426832309667734,11.037644982919621,11.196457909705138,0.0
2.898,0.18252878654283,-0.0613220975438172,0.19071483660123006,0.0,0.7028562917457589,0.6500880723852641,11.299687078395824,11.196457909705138,0.0
2.899,0.1859367290541106,-0.06323170933381114,0.05866149717622214,0.0,0.7039217368609905,0.6412827583141619,11.120299052395609,11.196457909705138,0.0
2.9,0.1824577420226577,-0.06180735249828105,0.1491170987494248,0.0,0.7038243306877804,0.6451519377275681,11.095822416081651,11.196457909705138,0.0
2.9010000000000002,0.18387055703781813,-0.06092746338018721,0.1623617718426386,0.0,0.7040410388385971,0.6489866170848517,11.332424202027296,11.196457909705138,0.0
2.902,0.18568345356452254,-0.06233229216150234,0.04270121594659464,0.0,0.704782874167186,0.6389791009742061,11.06315020836482,11.196457909705138,0.0
2.903,0.1813091920999082,-0.0601766616491269,0.17867128979123537,0.0,0.7041986067076769,0.6466991314157293,11.145697634150395,11.196457909705138,0.0
2.904,0.18431539780084163,-0.060205993306488834,0.13790517965399587,0.0,0.7044695518257043,0.6473703339718577,11.30376679227417,11.196457909705138,0.0
2.9050000000000002,0.1849828038691244,-0.06145487107526141,0.05779751176641819,0.0,0.7049176059255338,0.6395539758074134,11.022623908650365,11.196457909705138,0.0
2.906,0.18168980822269518,-0.059247746522653126,0.2001072935888681,0.0,0.704283946320461,0.6493881151305313,11.191137981277954,11.196457909705138,0.0
2.907,0.18582163324858625,-0.060310701561023854,0.11590345655934528,0.0,0.7048360629079542,0.647002523960046,11.227135881641226,11.196457909705138,0.0
2.908,0.18535706844063438,-0.06110996651936928,0.0975977266583484,0.0,0.7051716983146835,0.6438315320256776,10.98452625958088,11.196457909705138,0.0
2.9090000000000003,0.18421931269904274,-0.05943849348911245,0.22102185418976408,0.0,0.7049648163043917,0.6548914216363806,11.248402661702942,11.196457909705138,0.0
2.91,0.18932363629809684,-0.06142180469439842,0.08856420560875523,0.0,0.7061194904190832,0.6484471983124468,11.149917560796112,11.196457909705138,0.0
2.911,0.1872245065237668,-0.061210360203864486,0.13827215955126035,0.0,0.7064711827839008,0.6498372636630281,11.026466109353285,11.196457909705138,0.0
2.912,0.18791709338483428,-0.05992843511434471,0.20169780327619255,0.0,0.7067878151323528,0.6575060571328901,11.287611721515624,11.196457909705138,0.0
2.9130000000000003,0.19143864748613595,-0.06189438293945498,0.07021345907691798,0.0,0.708068737104603,0.6489616551089086,11.096109698219621,11.196457909705138,0.0
2.914,0.1881295059705752,-0.06042952326602843,0.16696795283977472,0.0,0.7081863326349022,0.6537568443481823,11.140174005889014,11.196457909705138,0.0
2.915,0.1899639693712374,-0.059789806665657155,0.14549863804323962,0.0,0.708715967306792,0.6545202222620823,11.308949003000452,11.196457909705138,0.0
2.916,0.19020383203059862,-0.060727457388109835,0.05998622855456756,0.0,0.7093785150483568,0.64606051369747,11.022323469285205,11.196457909705138,0.0
2.9170000000000003,0.18639761462476545,-0.05819256924424246,0.20504033981639042,0.0,0.7088406229562537,0.6557451896383979,11.207858177769808,11.196457909705138,0.0
2.918,0.1902204805671498,-0.059124787578066884,0.11215898289344219,0.0,0.7094528805656131,0.6522815409741589,11.184629147938784,11.196457909705138,0.0
2.919,0.18913207357352324,-0.059558396294853024,0.12389178542661754,0.0,0.7096959223231206,0.6516028582138819,10.996879401071643,11.196457909705138,0.0
2.92,0.18915996961939727,-0.05813229195686435,0.21976244394652286,0.0,0.7096855840645033,0.6614308396822586,11.279857919161259,11.196457909705138,0.0
2.9210000000000003,0.1937515715829761,-0.06035405674978511,0.07743918480715385,0.0,0.7109177329491867,0.6531559268318716,11.095199256605781,11.196457909705138,0.0
2.922,0.1908550788718686,-0.05927441015496361,0.17078110261588633,0.0,0.7110581968870031,0.6578870939232032,11.131799625891624,11.196457909705138,0.0
2.923,0.19286244657355672,-0.058667633493210546,0.1531275008111001,0.0,0.7116017821733268,0.6590340999482728,11.300641531791547,11.196457909705138,0.0
2.924,0.19332495546524053,-0.05975597533682901,0.0676647116402747,0.0,0.7123314949029403,0.6508655908076564,11.0187158965582,11.196457909705138,0.0
2.9250000000000003,0.18976557323924095,-0.05727497235630311,0.21040494938841714,0.0,0.7118875916992371,0.6605391150318439,11.217914683096769,11.196457909705138,0.0
2.926,0.19359482737706474,-0.058302665372173115,0.1105909883852166,0.0,0.7125932874998737,0.6563371466479883,11.148671021533023,11.196457909705138,0.0
2.927,0.19219178068220127,-0.058468041594377934,0.14569068804881083,0.0,0.7128161313363449,0.6576776789334222,11.031976967320428,11.196457909705138,0.0
2.928,0.19316954511679607,-0.05732236327335318,0.20568252457895508,0.0,0.7130230656401778,0.6650329628408858,11.280102987569204,11.196457909705138,0.0
2.9290000000000003,0.19662356003632725,-0.05937879063940385,0.08078306367592639,0.0,0.7141824986978496,0.6569643887265493,11.067737300382477,11.196457909705138,0.0
2.93,0.1936784142531461,-0.05789676782831964,0.1882531133625166,0.0,0.7142355442554406,0.6632478215893142,11.188220606060607,11.196457909705138,0.0
2.931,0.19625198746259417,-0.05786998605613079,0.1280938335598969,0.0,0.7149235027767191,0.6609034499355363,11.220662425393572,11.196457909705138,0.0
2.932,0.19516476593447563,-0.05832777752055659,0.1116308787365303,0.0,0.7153588531593008,0.6577983091669077,11.000522494389672,11.196457909705138,0.0
2.9330000000000003,0.19392911343535654,-0.05634203598078735,0.22366019839163465,0.0,0.7152171449427425,0.6676601217833172,11.270851163247434,11.196457909705138,0.0
2.934,0.19821150593142542,-0.058231073701268114,0.08775193142733104,0.0,0.7163034403741313,0.6599679600542463,11.083041057637555,11.196457909705138,0.0
2.935,0.1955202476884748,-0.05721871259878891,0.1827911527529463,0.0,0.7163816399909971,0.6653059033883676,11.159098186349416,11.196457909705138,0.0
2.936,0.19787838545494857,-0.056871357183889415,0.1451361856305729,0.0,0.7169577284949742,0.6647391260173047,11.249447788350555,11.196457909705138,0.0
2.9370000000000003,0.19757426926371113,-0.0577284100779607,0.0994314858435495,0.0,0.717517279783944,0.6596927020870975,11.01263108938106,11.196457909705138,0.0
2.938,0.1955401872115392,-0.055573490146353946,0.21967810353153772,0.0,0.7172706218295786,0.6691117584861833,11.248167906187343,11.196457909705138,0.0
2.939,0.19947893896245425,-0.057089043917987234,0.10139259516357427,0.0,0.718178795424754,0.6628967678394462,11.086065480922045,11.196457909705138,0.0
2.94,0.19736714930442673,-0.05644169303534287,0.183547732084054,0.0,0.7182882884609312,0.6678856981417247,11.149998568837175,11.196457909705138,0.0
2.9410000000000003,0.1997835666904719,-0.05610361745052391,0.15204578153516873,0.0,0.7188550104182145,0.6678129949787658,11.246218696605446,11.196457909705138,0.0
2.942,0.19974256397870993,-0.0570946201402549,0.10343810978203,0.0,0.7194701809151927,0.6628010844126289,11.012459280274484,11.196457909705138,0.0
2.943,0.19781348502367174,-0.05498122671175959,0.22215780424181744,0.0,0.7192802600018272,0.6721089137188481,11.249488671317813,11.196457909705138,0.0
2.944,0.20169914591155258,-0.0565161838538798,0.10311280110402621,0.0,0.7202300933303385,0.6657381072261366,11.075980097790536,11.196457909705138,0.0
2.945,0.19953143789045275,-0.055750804842506635,0.19107186598681083,0.0,0.7203483214140549,0.6712426163752314,11.170297329856481,11.196457909705138,0.0
2.946,0.20211932879832523,-0.05559289920426452,0.14417485575232475,0.0,0.7209954617742169,0.6698638905630903,11.210800356257245,11.196457909705138,0.0
2.947,0.20148967866530246,-0.05631018526683669,0.12377991808642191,0.0,0.7215204960404136,0.6670084187509858,11.00725548013984,11.196457909705138,0.0
2.948,0.20056143416106215,-0.054409839772172536,0.22744438044077753,0.0,0.7214912688337415,0.6761938481764861,11.272300558522188,11.196457909705138,0.0
2.949,0.20450105707805338,-0.05631836699706428,0.09416341476143283,0.0,0.7226124487399713,0.6683176201245864,11.055043653980983,11.196457909705138,0.0
2.95,0.20175844146407534,-0.054988304323517166,0.2042060095892771,0.0,0.722668495684049,0.6751197119030631,11.206812810686353,11.196457909705138,0.0
2.951,0.20462954070834352,-0.05521233831511051,0.12821788222677982,0.0,0.7234370914773776,0.6714448321669377,11.1421254293752,11.196457909705138,0.0
2.952,0.20306441195385908,-0.05530522313316926,0.1611048976856555,0.0,0.723769316707831,0.672792628113295,11.07043210062096,11.196457909705138,0.0
2.953,0.2040308028389814,-0.05401531156203634,0.19821182015361707,0.0,0.7240602798888696,0.6776698040200405,11.27390004422647,11.196457909705138,0.0
2.954,0.20611137098716287,-0.05565286751726519,0.09570342700564877,0.0,0.7250028946132654,0.6702221675958104,11.028947873926038,11.196457909705138,0.0
2.955,0.20334795134335032,-0.053693631902264005,0.21985461251365623,0.0,0.7248745927455964,0.6786200524661047,11.236610749844646,11.196457909705138,0.0
2.956,0.20672089488573314,-0.054643218052258066,0.11562164615295722,0.0,0.7257229563843728,0.6730595225217455,11.078123472773074,11.196457909705138,0.0
2.957,0.20469492310947934,-0.05404364892149615,0.19604862905806386,0.0,0.7258549821989524,0.6782857660496803,11.172841561776321,11.196457909705138,0.0
2.958,0.20723828462435412,-0.05381809544244805,0.14892574803572814,0.0,0.7264776145934793,0.676714771580373,11.184375581247702,11.196457909705138,0.0
2.959,0.20650592836012727,-0.0544798858138796,0.1432795615846124,0.0,0.7269559367772709,0.675319280902263,11.028531637791522,11.196457909705138,0.0
2.96,0.20636055497358383,-0.052776802062352045,0.22288079603183847,0.0,0.7270529205584901,0.6829324366739271,11.267613325048405,11.196457909705138,0.0
2.961,0.2095868316473726,-0.05469669294214107,0.10262839824996428,0.0,0.7281297403730458,0.6754138549780859,11.037939895177301,11.196457909705138,0.0
2.962,0.20702646262647179,-0.053050244205767066,0.21905029333079468,0.0,0.7281467117667625,0.6830776492290314,11.234761222288514,11.196457909705138,0.0
2.963,0.21015600256714773,-0.053785415291647806,0.12025659664935456,0.0,0.729025698753013,0.6775753825248039,11.0754757562281,11.196457909705138,0.0
2.964,0.20805614142426243,-0.05312982863392833,0.20110915121433193,0.0,0.7291870941270076,0.6828552392837106,11.184343653526764,11.196457909705138,0.0
2.965,0.2105754784786021,-0.052923617856356665,0.14679634512678374,0.0,0.7298442083205381,0.6805421900014397,11.155811748158705,11.196457909705138,0.0
2.966,0.2094940318787634,-0.05336137708066875,0.1614687594262775,0.0,0.7302545217889382,0.6808274031970941,11.06511261984691,11.196457909705138,0.0
2.967,0.2101184833998873,-0.051906029935387246,0.20813177648075676,0.0,0.7304878594518398,0.686031830019699,11.25879005874571,11.196457909705138,0.0
2.968,0.21225468505250125,-0.05357996666709747,0.11066973554095144,0.0,0.7314169925426524,0.6793229555858338,11.027106407241629,11.196457909705138,0.0
2.969,0.20995823824558224,-0.05169345334029306,0.22820507631762715,0.0,0.7313580690477319,0.6875553609645559,11.246412132852933,11.196457909705138,0.0
2.97,0.21327510925953513,-0.052845850379216054,0.11805267128049685,0.0,0.7322739072477251,0.681278695214459,11.0493351266145,11.196457909705138,0.0
2.971,0.21105967448717033,-0.051818448780112124,0.2180624022306202,0.0,0.7323459569064187,0.6881007408493557,11.219781391337627,11.196457909705138,0.0
2.972,0.2140890160980532,-0.05224772934823282,0.1326060350527318,0.0,0.7331505010412168,0.6834921072626421,11.081221057552414,11.196457909705138,0.0
2.973,0.21229026748744517,-0.05191694971842549,0.20303857046686546,0.0,0.7333730488389036,0.6882550897786888,11.174616542554709,11.196457909705138,0.0
2.974,0.21473693637347105,-0.05156134327463505,0.15655924163722207,0.0,0.7340138311959077,0.6864598562339286,11.151707346636826,11.196457909705138,0.0
2.975,0.2138676546440256,-0.05211412052233251,0.16846134522684675,0.0,0.7344753735244202,0.6868023366415995,11.076100247301401,11.196457909705138,0.0
2.976,0.21459509979857588,-0.05069636155064498,0.20746847151859663,0.0,0.7347635284014857,0.6912397743132557,11.247478696973285,11.196457909705138,0.0
2.977,0.2163336980020079,-0.05227538564122139,0.12126903880997292,0.0,0.7356544817976906,0.6852063034937546,11.024535859877043,11.196457909705138,0.0
2.978,0.21436471430715717,-0.05031208583881479,0.23445967785637525,0.0,0.7356212395531545,0.6934122139064827,11.251255741227077,11.196457909705138,0.0
2.979,0.21762882079875173,-0.05169083178862799,0.12055175886613889,0.0,0.7365832076268484,0.68675369002307,11.031789705179209,11.196457909705138,0.0
2.98,0.21537133979184375,-0.050361785237337156,0.23193145893533196,0.0,0.7366231439246911,0.6945290255085576,11.239460171473514,11.196457909705138,0.0
2.981,0.21868139016357568,-0.05122432257738803,0.12766620317049582,0.0,0.737544789714217,0.6885611655894973,11.046445589842625,11.196457909705138,0.0
2.982,0.21652958350894602,-0.05031324310500877,0.22567361718456547,0.0,0.7376686408175223,0.6953755235762182,11.225507919984736,11.196457909705138,0.0
2.983,0.21958404240009233,-0.050754716787761056,0.13585195201071398,0.0,0.7385192155089955,0.6903028650207611,11.060093346195886,11.196457909705138,0.0
2.984,0.21762602586781565,-0.05020177407702406,0.21992288454023123,0.0,0.738712228440767,0.6962144754274437,11.20944702016314,11.196457909705138,0.0
2.985,0.22045924432389796,-0.05026746400363934,0.14511615645202464,0.0,0.7394898564390648,0.692153542476146,11.080215561953484,11.196457909705138,0.0
2.986,0.21877189238750075,-0.05010702496595172,0.21089430903436912,0.0,0.739765323148991,0.6967740705823118,11.182415730833473,11.196457909705138,0.0
2.987,0.22121018171132076,-0.04972675327161254,0.1599346463830913,0.0,0.7404350705025409,0.6944116627864059,11.115771986687589,11.196457909705138,0.0
2.988,0.2200972663466577,-0.05006922931359202,0.1940633776862086,0.0,0.7408430774227066,0.6967630311586525,11.134409085688244,11.196457909705138,0.0
2.989,0.2217201807071272,-0.04910376199248147,0.18536531642605014,0.0,0.7413357943223382,0.6974323396007436,11.177665638561232,11.196457909705138,0.0
2.99,0.22177097196274387,-0.050112856027305294,0.1639249627009953,0.0,0.7419668253932576,0.6958231726969217,11.056893587777145,11.196457909705138,0.0
2.991,0.22180463059946728,-0.04842588289859849,0.22570663131231863,0.0,0.7421781786821966,0.7014452181375863,11.236463275647285,11.196457909705138,0.0
2.992,0.22395518183370539,-0.0501168464823582,0.13552173371782703,0.0,0.7431334769118092,0.6957518148921723,11.029165191287586,11.196457909705138,0.0
2.993,0.2223065022100959,-0.04824590794810647,0.24084370308185227,0.0,0.7432011921193133,0.7034134076711879,11.251453183141399,11.196457909705138,0.0
2.994,0.22530315691100322,-0.049681118592922485,0.12914975442058316,0.0,0.7442048776402412,0.6966299398333364,11.020257552248916,11.196457909705138,0.0
2.995,0.22307398485178523,-0.04801844846755676,0.24650957344138674,0.0,0.7442326020050528,0.7049268823837875,11.25596311034539,11.196457909705138,0.0
2.996,0.22642785790465564,-0.04928074662003559,0.12806174238674756,0.0,0.7452427276864548,0.6978028257530481,11.016052471476714,11.196457909705138,0.0
2.997,0.22399678091774583,-0.04774665241586226,0.2498211162033695,0.0,0.7452580617926585,0.7063711539829864,11.259123124744866,11.196457909705138,0.0
2.998,0.22751960105945862,-0.0489492773066854,0.12765913741889623,0.0,0.7462763249912681,0.6990169504106354,11.011096869224023,11.196457909705138,0.0
2.999,0.22497505853891253,-0.04743889462860419,0.2535258755841289,0.0,0.7462791731692845,0.7078820823800781,11.264694986963445,11.196457909705138,0.0
3.0,0.2286392457597204,-0.04867006147731562,0.12604444594183487,0.0,0.7473187819065824,0.7001508553085792,11.002445960271125,11.196457909705138,0.0
3.001,0.22594479425043346,-0.047096086204199764,0.259109078782335,0.0,0.7472958581144709,0.7095416672650676,11.275865896968448,11.196457909705138,0.0
3.0020000000000002,0.22982260462185133,-0.04843143103471008,0.12160503056104052,0.0,0.7483769355813067,0.7010815103579999,10.98487162694352,11.196457909705138,0.0
3.003,0.22683713281869655,-0.046716029016745084,0.2692180284011208,0.0,0.7483018419404708,0.7115551271350051,11.287974593947657,11.196457909705138,0.0
3.004,0.23115526873056563,-0.04826897878501443,0.11675137805662655,0.0,0.7494695978361083,0.7022215616855942,10.97958798539958,11.196457909705138,0.0
3.005,0.2278903786405907,-0.046391904885832225,0.2731133815737212,0.0,0.7493652139706484,0.7130649345300293,11.288562672746046,11.196457909705138,0.0
3.0060000000000002,0.23227495040609875,-0.04801615610816165,0.11770499027007872,0.0,0.750553044149626,0.7036400368297975,10.979536482445692,11.196457909705138,0.0
3.007,0.2290216066640265,-0.0460792701748898,0.27438729969285036,0.0,0.7504503015757994,0.7144672633963114,11.288201744199839,11.196457909705138,0.0
3.008,0.23335851785858408,-0.047752935239105024,0.11913723047082997,0.0,0.7516440279324034,0.7050475686713191,10.97985447729141,11.196457909705138,0.0
3.009,0.23014163416185582,-0.04574783271910059,0.27547689824918176,0.0,0.7515391142530047,0.7158363065209106,11.28701908603407,11.196457909705138,0.0
3.0100000000000002,0.23442248623643575,-0.04747593431385509,0.12098898211456247,0.0,0.7527337079271285,0.7064755491998408,10.980586023911327,11.196457909705138,0.0
3.011,0.2312680392215848,-0.04541604616229947,0.27636423203387195,0.0,0.752628897789114,0.71719628132314,11.285323265238683,11.196457909705138,0.0
3.012,0.23548790487258042,-0.04719507036693399,0.12310695781485864,0.0,0.7538229334212563,0.707926676865265,10.981754663819604,11.196457909705138,0.0
3.013,0.23240956439572572,-0.04508824733023331,0.27703829098325317,0.0,0.7537210642683135,0.7185492719160694,11.28309436207387,11.196457909705138,0.0
3.0140000000000002,0.2365581542051234,-0.04691299824892611,0.1255020773324331,0.0,0.7549134323671685,0.7094039954294225,10.983456323995798,11.196457909705138,0.0
3.015,0.23356885117733162,-0.04476523447751006,0.27745111222856256,0.0,0.7548175344834307,0.7198925486075596,11.28025202669351,11.196457909705138,0.0
3.016,0.2376321758010487,-0.04662930473329874,0.12821531970982242,0.0,0.7560066070717315,0.7109103704145995,10.985805889170695,11.196457909705138,0.0
3.017,0.23474669622178523,-0.044447046635566395,0.27754490867657444,0.0,0.7559198654885978,0.7212219660112517,11.27667992506784,11.196457909705138,0.0
3.0180000000000002,0.23870775083555268,-0.04634283171182012,0.13130567057437473,0.0,0.7571033165628076,0.7124495450057089,10.988955955793221,11.196457909705138,0.0
3.019,0.2359440076782302,-0.04413382742513204,0.2772426747508036,0.0,0.757029232106744,0.7225317963420135,11.272205680899907,11.196457909705138,0.0
3.02,0.23978203295220019,-0.04605214077690312,0.1348603344855132,0.0,0.7582038857414789,0.7140271664164254,10.99313379810542,11.196457909705138,0.0
3.021,0.23716256420162635,-0.043826139354390864,0.2764295169987536,0.0,0.7581465677301875,0.7238134201412812,11.266566729681294,11.196457909705138,0.0
3.0220000000000002,0.24085111653850194,-0.0457553369623839,0.1390119630110551,0.0,0.7593080786436153,0.7156517584841817,10.998673869101157,11.196457909705138,0.0
3.023,0.2384053659486152,-0.043525096484794246,0.27493623370716325,0.0,0.7592726538713755,0.7250541774888397,11.259389816171794,11.196457909705138,0.0
3.024,0.24190954894481048,-0.04544987067258137,0.14394894110717854,0.0,0.7604150410422579,0.7173350495873683,11.006019973440187,11.196457909705138,0.0
3.025,0.23967661871059087,-0.04323240351014397,0.2725382418356313,0.0,0.7604081075761588,0.7262374333549877,11.250198566502851,11.196457909705138,0.0
3.0260000000000002,0.24295041463569617,-0.04513247697976548,0.14991153873632235,0.0,0.7615232885867147,0.7190916081969236,11.015523701172956,11.196457909705138,0.0
3.027,0.24098165340055214,-0.04295014130211823,0.2690583134865916,0.0,0.7615533113211709,0.7273535976043608,11.238713107882505,11.196457909705138,0.0
3.028,0.24397042951727171,-0.04480227563877169,0.1570410581500433,0.0,0.7626320888567335,0.7209305715247863,11.02675325788579,11.196457909705138,0.0
3.029,0.24232535076625128,-0.042678013380408164,0.2647180296665943,0.0,0.762708495838996,0.7284332116506912,11.225571941303569,11.196457909705138,0.0
3.0300000000000002,0.24498415847758265,-0.04447011071286096,0.16501754764172075,0.0,0.7637458994647761,0.7228404860885733,11.038733024668604,11.196457909705138,0.0
3.031,0.24371068255151526,-0.04240904274847504,0.26001425480956863,0.0,0.7638756517223593,0.7295240864829379,11.211319770946325,11.196457909705138,0.0
3.032,0.2460107068796334,-0.04415284462176326,0.17357226305829612,0.0,0.7648732176793265,0.7248279784639526,11.055692270228622,11.196457909705138,0.0
3.033,0.24514030803829717,-0.042158450907136893,0.2527936698119127,0.0,0.7650645949113564,0.730398756618801,11.193456570527815,11.196457909705138,0.0
3.0340000000000003,0.24693608327608288,-0.043800495243768695,0.18394153305408975,0.0,0.7659944810498441,0.7268594063059008,11.07846534813628,11.196457909705138,0.0
3.035,0.24656755845858988,-0.041892403841170336,0.24261706986554551,0.0,0.7662511330455408,0.7309683055372805,11.16201837223506,11.196457909705138,0.0
3.036,0.2477304392263673,-0.04334251875610498,0.20118495319085627,0.0,0.7670716033194749,0.7294160897101307,11.116411161470724,11.196457909705138,0.0
3.037,0.24820012209408687,-0.04175497778497278,0.2247890260553685,0.0,0.7674656743273263,0.7310718753671611,11.110570467083802,11.196457909705138,0.0
3.0380000000000003,0.24838915647733503,-0.042777186848410156,0.22856824767504297,0.0,0.768114235206785,0.7327650662553127,11.186291360177039,11.196457909705138,0.0
3.039,0.2501148935183628,-0.04189230206908115,0.1908094666237054,0.0,0.7687596996707526,0.7299745952800705,11.018970638733082,11.196457909705138,0.0
3.04,0.24868068511984798,-0.041778406038705446,0.2762447000554046,0.0,0.7690578908752513,0.7374782016309965,11.26992703928542,11.196457909705138,0.0
3.041,0.25237954057230527,-0.04257843747827203,0.15003180848343256,0.0,0.7701657660130486,0.7291022798762904,10.980043547722047,11.196457909705138,0.0
3.0420000000000003,0.24941958878115503,-0.04062046741410545,0.29713769788494987,0.0,0.7701018844401417,0.7394810978122723,11.255897405618839,11.196457909705138,0.0
3.043,0.2533869424010251,-0.042645501038006225,0.15861637397741712,0.0,0.7713246062173945,0.7316412328574247,11.018811126382204,11.196457909705138,0.0
3.044,0.25130041064728137,-0.040339591084978976,0.2789359814289641,0.0,0.7713671688903649,0.7395971886636425,11.20926070189321,11.196457909705138,0.0
3.045,0.25402196309271935,-0.04221982992850065,0.1835831657515799,0.0,0.772430956248978,0.7347495632709725,11.064601200200487,11.196457909705138,0.0
3.0460000000000003,0.2532342599642674,-0.04020372801269591,0.25723148369298826,0.0,0.772663028733289,0.7396617851523439,11.160222689154523,11.196457909705138,0.0
3.047,0.254672194687295,-0.04178588830821767,0.2097830914214765,0.0,0.7735573148089716,0.737984135913911,11.134040902363118,11.196457909705138,0.0
3.048,0.2551926666306236,-0.04016056572801764,0.22349815489059904,0.0,0.773999800266465,0.7385039485446727,11.064988719855188,11.196457909705138,0.0
3.049,0.2548412414315406,-0.04088420402979569,0.2593389380430634,0.0,0.7745458718802833,0.7428652254615197,11.245964635113534,11.196457909705138,0.0
3.0500000000000003,0.25759603790236985,-0.04075087258564142,0.16835591315980666,0.0,0.7754515611825294,0.7361718994155989,10.976499714249526,11.196457909705138,0.0
3.051,0.254916492272346,-0.03932651321340501,0.30528795554636695,0.0,0.7754420027334544,0.7465331277998599,11.257173992910563,11.196457909705138,0.0
3.052,0.2591189386416497,-0.041291196350864395,0.1643436553837943,0.0,0.776699881706556,0.738495019502115,11.021447026090867,11.196457909705138,0.0
3.053,0.2569922780182017,-0.038947939402752804,0.283957247629785,0.0,0.776750756856906,0.7462294052124117,11.191864419492088,11.196457909705138,0.0
3.0540000000000003,0.2595624851365415,-0.04082032176496524,0.19879448583130482,0.0,0.7777993776925753,0.7423274107571692,11.091557234283117,11.196457909705138,0.0
3.055,0.2592635301027116,-0.03891223460614901,0.2499970851900104,0.0,0.7781243235880614,0.745462978503365,11.106425892410943,11.196457909705138,0.0
3.056,0.2599117819913963,-0.04022515911687574,0.2434630762990394,0.0,0.7788938342363867,0.7470124198348023,11.211579945781969,11.196457909705138,0.0
3.057,0.26174730706202387,-0.039335706371376095,0.1907348292527583,0.0,0.7796303689059109,0.7425536757728651,10.983385334793436,11.196457909705138,0.0
3.0580000000000003,0.25965991020995444,-0.038571319570452484,0.30696286049614174,0.0,0.7797721876816424,0.752174794395743,11.262885153714908,11.196457909705138,0.0
3.059,0.26386519798127595,-0.04026742837878938,0.16654867859530792,0.0,0.7810561522790146,0.7437566870890144,11.018150060506754,11.196457909705138,0.0
3.06,0.2614772809970675,-0.03784833707195408,0.290699303691369,0.0,0.7810868485541417,0.7516742212982473,11.18441547948469,11.196457909705138,0.0
3.061,0.2640579243997468,-0.03973673647616564,0.20768701850460547,0.0,0.7821381434702108,0.7481224641484283,11.1091474128875,11.196457909705138,0.0
3.0620000000000003,0.26396385762827446,-0.037874246386969485,0.2461941567713766,0.0,0.7825053752758375,0.750133074045299,11.06957498105033,11.196457909705138,0.0
3.063,0.2641318767366221,-0.03892258543885034,0.26724920197650975,0.0,0.7831708870871876,0.7538909069533097,11.246461269265131,11.196457909705138,0.0
3.064,0.26677331282037986,-0.03871827714129143,0.17830602427350933,0.0,0.7841126737049533,0.7470563299741426,10.978495947262443,11.196457909705138,0.0
3.065,0.26408272641135166,-0.037056434317027834,0.3144683048992802,0.0,0.7840960643353327,0.757189050866365,11.231198634646773,11.196457909705138,0.0
3.0660000000000003,0.26800788557644206,-0.03918277715141598,0.1877695539576988,0.0,0.7853449041319212,0.7505496799503202,11.066606409630598,11.196457909705138,0.0
3.067,0.2666588681908749,-0.03692885601688643,0.27136418146653185,0.0,0.7855357281041043,0.7553491701449899,11.122828489759607,11.196457909705138,0.0
3.068,0.26788408975766137,-0.038381205098980395,0.24398943560148256,0.0,0.7863697163089121,0.7556923608509656,11.200773630808607,11.196457909705138,0.0
3.069,0.2693070895845176,-0.03727583922304617,0.20497370786594798,0.0,0.7870185110266623,0.7519223709492793,10.979548797085648,11.196457909705138,0.0
3.0700000000000003,0.26744336966209403,-0.036608303073702136,0.3177552158536222,0.0,0.7871630519648009,0.761609621855271,11.24952549159173,11.196457909705138,0.0
3.071,0.27170495046639925,-0.038476954420880144,0.18223619278171582,0.0,0.7884740909094079,0.7538202830589937,11.04519473110795,11.196457909705138,0.0
3.072,0.2697642208001654,-0.036066099092886064,0.2859142048095775,0.0,0.7885912114803751,0.7599568496619173,11.135411858482406,11.196457909705138,0.0
3.073,0.2715153500361039,-0.03769666325797093,0.2414161016345765,0.0,0.7895137472659771,0.7593478686795009,11.189811034352164,11.196457909705138,0.0
3.074,0.2726320948566608,-0.03642777301988327,0.21428298245322724,0.0,0.790127247806937,0.7562470466577861,10.981909374593704,11.196457909705138,0.0
3.075,0.27095541860484984,-0.035941517406368195,0.32037929768357204,0.0,0.7903285168765235,0.7656551845953952,11.247532065968025,11.196457909705138,0.0
3.076,0.2751693903962058,-0.03774818927362433,0.18705721043378226,0.0,0.7916540692944456,0.7579359392368542,11.051759390071156,11.196457909705138,0.0
3.077,0.2732518751506977,-0.03531461858668439,0.28639053357855654,0.0,0.7917893824404854,0.7636341264693018,11.118942932768231,11.196457909705138,0.0
3.078,0.274777949171896,-0.03686016176406906,0.2535739119993882,0.0,0.792675328451548,0.7639858213931657,11.212547504689253,11.196457909705138,0.0
3.079,0.2762611814129411,-0.03586072666302541,0.20661073008903624,0.0,0.7933824560610021,0.7594052628250998,10.973339689402964,11.196457909705138,0.0
3.08,0.27413164147405966,-0.03482404215368419,0.3284458199352023,0.0,0.7934567741076867,0.7694740462926546,11.224037735549514,11.196457909705138,0.0
3.081,0.2783315309528173,-0.036971902605412055,0.20282099860348377,0.0,0.794777170191242,0.7630230187311197,11.08739910373058,11.196457909705138,0.0
3.082,0.2771755491243356,-0.03473642662458998,0.27223090257269666,0.0,0.7950530429478806,0.7664096280799451,11.06352974990115,11.196457909705138,0.0
3.083,0.27775009244127574,-0.03587502378643291,0.2854948610854511,0.0,0.7957875898113487,0.7701753405831141,11.250030326708067,11.196457909705138,0.0
3.084,0.28046462935200484,-0.03582439156692441,0.19170884851196307,0.0,0.7968082977230226,0.7628959819270911,10.99413403049547,11.196457909705138,0.0
3.085,0.277782886669854,-0.033739718398582766,0.3216802354103585,0.0,0.7967701912516043,0.77200347967654,11.165187495606206,11.196457909705138,0.0
3.086,0.28098748368799,-0.035892127109464336,0.23646620699597967,0.0,0.797904256892153,0.7691438369105204,11.161355099625556,11.196457909705138,0.0
3.087,0.2814581609340705,-0.03427019038701069,0.23873343308710054,0.0,0.7984390145654663,0.7677653716124371,10.98638391518709,11.196457909705138,0.0
3.088,0.2803658216242985,-0.03418565869157304,0.32831976525151385,0.0,0.7987893708223663,0.7765349169852034,11.241994270199836,11.196457909705138,0.0
3.089,0.28449362172053494,-0.03589532770869634,0.2000592241401942,0.0,0.8001705548996907,0.7689930391988099,11.074377489487878,11.196457909705138,0.0
3.09,0.28265428960629596,-0.03340270167367419,0.2850884186983458,0.0,0.8003681472366199,0.7732228889448268,11.067785660197343,11.196457909705138,0.0
3.091,0.28345520207383723,-0.0346116993294311,0.28967105583869135,0.0,0.8011268813169412,0.7765968173972195,11.251283119239305,11.196457909705138,0.0
3.092,0.2860251837472264,-0.03454690782047179,0.1973740742223683,0.0,0.8021279177919266,0.7692360432038088,11.00251734199307,11.196457909705138,0.0
3.093,0.2833204093350695,-0.03233677176550005,0.32369636852260697,0.0,0.8020503061491151,0.7778530972684984,11.136528289933018,11.196457909705138,0.0
3.094,0.28624009257781485,-0.0344275995535971,0.2572901907503538,0.0,0.8030942534942939,0.7766845693636637,11.204297541279184,11.196457909705138,0.0
3.095,0.28743284298860194,-0.03326809940682317,0.22332716876153064,0.0,0.8037685000204455,0.7725634126300237,10.97142153931908,11.196457909705138,0.0
3.096,0.28546114235349845,-0.03225995645393312,0.34201553344544333,0.0,0.8038639054972676,0.7825459611314505,11.193525110948903,11.196457909705138,0.0
3.097,0.2896041447067112,-0.0345446864799233,0.23099307561809407,0.0,0.8052094270089383,0.777664994057365,11.139825875867436,11.196457909705138,0.0
3.098,0.2892914280275712,-0.0325801942671205,0.2584090134972047,0.0,0.8056933582183649,0.777608482445068,10.98534635458471,11.196457909705138,0.0
3.099,0.2885972496178338,-0.03268204345226758,0.33775988968977183,0.0,0.8061540934781134,0.7861336845756147,11.23671665036677,11.196457909705138,0.0
3.1,0.2927416975123639,-0.034370410698897944,0.2116721543921256,0.0,0.8076059773302198,0.7787264493219189,11.09757048558038,11.196457909705138,0.0
3.101,0.29098579672307257,-0.031844895759445574,0.2822341110265678,0.0,0.8078772589559394,0.7814624121273359,11.019651122588074,11.196457909705138,0.0
3.102,0.2911106217223943,-0.032605437363659506,0.32296186039389146,0.0,0.8085039234254874,0.787695049921026,11.252460271521,11.196457909705138,0.0
3.103,0.2946541307111435,-0.03349011495687962,0.20599726230926982,0.0,0.8097808943466611,0.779705169360551,11.060373126937348,11.196457909705138,0.0
3.104,0.29225176530101027,-0.030875215839547276,0.30340168242877397,0.0,0.8098346944408317,0.7848258014272348,11.056812839301262,11.196457909705138,0.0
3.105,0.29338884984298136,-0.032200646410984454,0.30657827695085565,0.0,0.8105671240862848,0.788666028539183,11.253416950007605,11.196457909705138,0.0
3.106,0.29621283471666554,-0.03249927512989838,0.20770663119465976,0.0,0.8116299283317535,0.7809885614353935,11.034095784938405,11.196457909705138,0.0
3.107,0.29362008910275483,-0.030018370075092407,0.31899083497692704,0.0,0.8115428195990789,0.7877285422064088,11.071742067003393,11.196457909705138,0.0
3.108,0.29557682314851247,-0.0317279102502437,0.30141485237145016,0.0,0.8123512782865876,0.7904984457014571,11.250128268209295,11.196457909705138,0.0
3.109,0.29819022600961326,-0.03183671797111105,0.21168504818345787,0.0,0.8133507549023943,0.7831097791068637,11.022106258350348,11.196457909705138,0.0
3.11,0.2956154405237998,-0.029478695662621596,0.32743956962647913,0.0,0.8132509466660186,0.790499582665973,11.072164815150147,11.196457909705138,0.0
3.111,0.297933733021362,-0.031348163917993,0.3036532221721295,0.0,0.8141293213403669,0.7930856215815354,11.248374405150642,11.196457909705138,0.0
3.112,0.3005672946636395,-0.031468916332339544,0.21502926221742708,0.0,0.8151730505218611,0.7857236130968273,11.02348032205236,11.196457909705138,0.0
3.113,0.29801229263947754,-0.029096879160566802,0.3292060796430963,0.0,0.8151140743236966,0.7929552537341911,11.061762133444722,11.196457909705138,0.0
3.114,0.30025012371474585,-0.03092083191121643,0.31141213170951915,0.0,0.8160085149833742,0.7960870188025302,11.247622099174752,11.196457909705138,0.0
3.115,0.30307615340670274,-0.031232976880584185,0.21797050694980805,0.0,0.8171427845030419,0.7886059272304085,11.037038944382935,11.196457909705138,0.0
3.116,0.30058529775009024,-0.02875728768167697,0.3248562739989383,0.0,0.8171400706519572,0.794980476809614,11.040283966870218,11.196457909705138,0.0
3.117,0.3023885591281382,-0.030366352162622373,0.32479550218364606,0.0,0.8179768371287947,0.7994184901674657,11.242320278799822,11.196457909705138,0.0
3.118,0.30563668342333405,-0.031066971505453123,0.22331872252789745,0.0,0.8192347057766352,0.7919952797345452,11.063880522178778,11.196457909705138,0.0
3.119,0.30341437364720353,-0.028526186553957417,0.31386437471368306,0.0,0.8193379739783069,0.7966919020650214,11.00570918840685,11.196457909705138,0.0
3.12,0.3044487117340565,-0.029709997603190888,0.34485752881262954,0.0,0.8200562046577897,0.8032969791243281,11.228761016356918,11.196457909705138,0.0
3.121,0.30840066450713055,-0.031006221611306048,0.23300858377107803,0.0,0.8214938665056553,0.7962756846259229,11.10666813232447,11.196457909705138,0.0
3.122,0.30670627828824326,-0.02854922287837787,0.29495292356110847,0.0,0.821802400618191,0.7982585546012719,10.971851454160122,11.196457909705138,0.0
3.123,0.3066364648031644,-0.028906589018545467,0.3646073271987329,0.0,0.8223422485797547,0.8071072676137474,11.2026592289128,11.196457909705138,0.0
3.124,0.31110776923813277,-0.03087980422757433,0.24914142663031702,0.0,0.8239264630580021,0.8012347593995328,11.162606996224126,11.196457909705138,0.0
3.125,0.31027094544335815,-0.02869071468464285,0.26950605210946454,0.0,0.8245044732651899,0.7996394549247293,10.965262248516247,11.196457909705138,0.0
3.126,0.3088803196534277,-0.02788202527321923,0.37049038257529293,0.0,0.8247980870643516,0.8093107126135197,11.150311896161838,11.196457909705138,0.0
3.1270000000000002,0.31301665254010014,-0.03023102977131445,0.2784270188879301,0.0,0.8262959426413808,0.8064384897276455,11.234538604319518,11.196457909705138,0.0
3.128,0.31361834815833234,-0.028832738234729788,0.23593285786294665,0.0,0.8271794882581145,0.8002247274230482,11.021426633518702,11.196457909705138,0.0
3.129,0.31050606813982273,-0.026945083891847965,0.3442391560252187,0.0,0.8271596440203638,0.8074076980769024,11.110261362589565,11.196457909705138,0.0
3.13,0.3124005491920077,-0.02914853925798047,0.30068375696094307,0.0,0.828121337905477,0.8077567146469774,11.303224601468063,11.196457909705138,0.0
3.1310000000000002,0.3134815185434581,-0.029320079950855615,0.20313447060406475,0.0,0.8290185989816412,0.7977721696218047,11.104711644208125,11.196457909705138,0.0
3.132,0.30894171413661453,-0.026627986411877358,0.3033084118890039,0.0,0.8285298337514555,0.801380619789945,11.067821075450786,11.196457909705138,0.0
3.133,0.30856019256639655,-0.02793249006695525,0.3230400646102172,0.0,0.8286212063985509,0.8057446601333925,11.295226650705057,11.196457909705138,0.0
3.134,0.3107913553740646,-0.029298388003503928,0.20834958957308208,0.0,0.8292770495517507,0.796618921801362,11.171967499872762,11.196457909705138,0.0
3.1350000000000002,0.30739416848049794,-0.02689269599223304,0.2702240690875534,0.0,0.8286764494558223,0.7968204413011866,11.049068286561251,11.196457909705138,0.0
3.136,0.30584338872139044,-0.02737590805723855,0.33314757197474776,0.0,0.8282332715667329,0.8033812032684491,11.272368969331735,11.196457909705138,0.0
3.137,0.3086139449753827,-0.029515485744396885,0.22073811999323995,0.0,0.8287210090882156,0.7959270275177083,11.223430325141711,11.196457909705138,0.0
3.138,0.306407942718251,-0.02761527215081533,0.24493771793388602,0.0,0.8281841360103106,0.7933234591983004,11.05346801868849,11.196457909705138,0.0
3.1390000000000002,0.3040117655062196,-0.027376065500709312,0.33134877007066343,0.0,0.8274332828126794,0.8004312996294338,11.250364049631123,11.196457909705138,0.0
3.14,0.3066218373463344,-0.02978531747634175,0.23236169320008665,0.0,0.8277357087617452,0.7946895120460267,11.2617532750239,11.196457909705138,0.0
3.141,0.30532051444209696,-0.028311057784741023,0.2260141268505111,0.0,0.8272474522717315,0.7900130305239863,11.066954767566575,11.196457909705138,0.0
3.142,0.30227694585696985,-0.027608609597377598,0.32470841200055905,0.0,0.8262778465748211,0.7969969978504716,11.236006584002475,11.196457909705138,0.0
3.1430000000000002,0.30454960797406755,-0.030020145080332655,0.23978701703963579,0.0,0.8263758915652493,0.7925768830586832,11.282515155997908,11.196457909705138,0.0
3.144,0.303848291932546,-0.028870569196459528,0.21567215857899136,0.0,0.8258715518753995,0.786905035149793,11.07330595725339,11.196457909705138,0.0
3.145,0.30055736129350863,-0.02800726166810083,0.3215082774757675,0.0,0.8247669932943658,0.7939880489359379,11.23346746325336,11.196457909705138,0.0
3.146,0.3027936507376113,-0.030457928784970167,0.24105742894030052,0.0,0.8247593984081883,0.7900654498122537,11.285856221922767,11.196457909705138,0.0
3.1470000000000002,0.30235767254406115,-0.02944805401487574,0.21396906648342073,0.0,0.8242247102023816,0.7844294602231497,11.074142744306853,11.196457909705138,0.0
3.148,0.2991703541441709,-0.02867954656380764,0.32104895694536084,0.0,0.8231054547863285,0.7916995175898103,11.2440723782244,11.196457909705138,0.0
3.149,0.3015596242129568,-0.031179659346757843,0.23560799530139442,0.0,0.8231078281291819,0.7873666461011782,11.274562104989611,11.196457909705138,0.0
3.15,0.3009769479205094,-0.030074169043292326,0.21958208996594425,0.0,0.8225300719276762,0.7826468462180922,11.073609726594672,11.196457909705138,0.0
3.1510000000000002,0.2981391779689926,-0.029604208244635097,0.32128676099451864,0.0,0.8214974705731946,0.789995351501404,11.267726421298477,11.196457909705138,0.0
3.152,0.3007444531108618,-0.032091988112909,0.22351572852668278,0.0,0.8215813352759892,0.7844189278740682,11.252068289335703,11.196457909705138,0.0
3.153,0.2995839073637199,-0.03069139327682799,0.23078869071176378,0.0,0.8209202279151192,0.781339982028387,11.076430366567884,11.196457909705138,0.0
3.154,0.29727977963837077,-0.030678499535609624,0.3198079275270461,0.0,0.8200299243425946,0.788464055051334,11.301098118032087,11.196457909705138,0.0
3.1550000000000002,0.30006830477906343,-0.033016091601973274,0.2064276497116751,0.0,0.8201983224943298,0.7810948884441604,11.22344155668072,11.196457909705138,0.0
3.156,0.2979973372934748,-0.03121746030631098,0.2449860939176025,0.0,0.8193917388069872,0.7801104016285054,11.09092581565474,11.196457909705138,0.0
3.157,0.29633190319183256,-0.03177086619447335,0.3122992853710964,0.0,0.8186462257674676,0.786325059819831,11.338729522778419,11.196457909705138,0.0
3.158,0.29908530417188217,-0.03368435165651487,0.18697471567852458,0.0,0.818801679192976,0.7770653378585328,11.183623752841468,11.196457909705138,0.0
3.1590000000000003,0.2959336798865153,-0.031496509702064454,0.26465594221563654,0.0,0.8177558176101937,0.7789195267331142,11.130374878908158,11.196457909705138,0.0
3.16,0.2952341312767638,-0.03282598630365216,0.2919412094902612,0.0,0.8171680819188666,0.7827537118010155,11.361317557860621,11.196457909705138,0.0
3.161,0.29744222228872613,-0.03385002896609071,0.1748212735324749,0.0,0.817121888230315,0.772739773667478,11.13223735559206,11.196457909705138,0.0
3.162,0.29347554234631756,-0.031691774752152735,0.2900035802078861,0.0,0.815831271707107,0.7780222787760966,11.198520780633219,11.196457909705138,0.0
3.1630000000000003,0.294309661268237,-0.03378929398307637,0.2568412389780262,0.0,0.815450277004623,0.7777163712386588,11.332786164171578,11.196457909705138,0.0
3.164,0.2952277255030831,-0.03359885019075627,0.1883452646641821,0.0,0.815034867009179,0.7701073753458784,11.087013911321945,11.196457909705138,0.0
3.165,0.2916201140642646,-0.03243881257425242,0.31232583107283074,0.0,0.8137743987241091,0.7779465779915394,11.271346543287015,11.196457909705138,0.0
3.166,0.2941287019279816,-0.03502716469329137,0.21941062875447692,0.0,0.8137202166413715,0.7731033148456253,11.246010073804348,11.196457909705138,0.0
3.1670000000000003,0.29335319675953153,-0.033797522115227865,0.2315833418548185,0.0,0.8130259822475393,0.7711175017174168,11.096434347325754,11.196457909705138,0.0
3.168,0.29160625698213594,-0.0343393064702255,0.30737144071790895,0.0,0.8122744826850995,0.7776602185304111,11.351458318257922,11.196457909705138,0.0
3.169,0.29451253784765985,-0.036286155846396426,0.17830945116629715,0.0,0.8124611403480321,0.7681816535735724,11.165756682665597,11.196457909705138,0.0
3.17,0.29124172479920163,-0.03412683647910744,0.2714672812328552,0.0,0.8114242821248238,0.7715964443255336,11.186372699462057,11.196457909705138,0.0
3.1710000000000003,0.29124623410158723,-0.0358797917100489,0.26126012493705614,0.0,0.8110470070682091,0.7724785005330279,11.349465026061806,11.196457909705138,0.0
3.172,0.29244243802793257,-0.0358460958573444,0.17818389047361505,0.0,0.8107744290418983,0.7640667720472164,11.094208106395078,11.196457909705138,0.0
3.173,0.2885395029971823,-0.03443964284582947,0.30683484834007957,0.0,0.8095335630968978,0.7718926112099462,11.288292061684645,11.196457909705138,0.0
3.174,0.29091800238931076,-0.03694233311467332,0.20887452917550076,0.0,0.8094887281223586,0.7664489708916935,11.231021603157432,11.196457909705138,0.0
3.1750000000000003,0.28977449698046376,-0.03554902192529706,0.23716412150458455,0.0,0.8087257214799279,0.7657862400445512,11.124030312684928,11.196457909705138,0.0
3.176,0.288479888429542,-0.03651008842212326,0.2913840427110385,0.0,0.8080923928435708,0.7709257489138124,11.374986127258282,11.196457909705138,0.0
3.177,0.2910593010653237,-0.037826125437412705,0.16412085324883013,0.0,0.808171501364489,0.7606501425041589,11.128433579741172,11.196457909705138,0.0
3.178,0.28704510565056196,-0.03568903466485762,0.28807737030702485,0.0,0.8069668980372163,0.7667852119805678,11.254913979639063,11.196457909705138,0.0
3.1790000000000003,0.2883083410448525,-0.037896261680503474,0.22425260965873983,0.0,0.8067604278697583,0.7637469274871955,11.275712773217435,11.196457909705138,0.0
3.18,0.28807682365657994,-0.03684839678972225,0.21306066423443082,0.0,0.8061334388615663,0.7604370573028765,11.108085783255994,11.196457909705138,0.0
3.181,0.28581004288397116,-0.037184483353397205,0.2977578804796428,0.0,0.8052856099066739,0.767071119188491,11.367611430825315,11.196457909705138,0.0
3.182,0.2886431536658434,-0.03899748555316834,0.16628352148378067,0.0,0.8053820394121702,0.7573135303443258,11.144627254014857,11.196457909705138,0.0
3.1830000000000003,0.28511902222556723,-0.03690151833150519,0.27829391644591256,0.0,0.8042443806663194,0.7625932159371687,11.251232312680916,11.196457909705138,0.0
3.184,0.2860583578941608,-0.03900876078993344,0.22444364308312537,0.0,0.8040012126969822,0.7600489648386664,11.282593472137364,11.196457909705138,0.0
3.185,0.2859758398668562,-0.03801746849713712,0.20790170773057887,0.0,0.8033978218379364,0.7564721822376178,11.111398704468453,11.196457909705138,0.0
3.186,0.28361688207689806,-0.038312895522179244,0.29434968361740144,0.0,0.8025395017003727,0.7631260956884676,11.373635131315252,11.196457909705138,0.0
3.1870000000000003,0.2864570114442792,-0.040062098708157926,0.16145969797790066,0.0,0.8026218630018579,0.7532104037929516,11.136367591788192,11.196457909705138,0.0
3.188,0.28280260148901804,-0.037997307646790865,0.28069437092060034,0.0,0.8014597999350329,0.7591696174859803,11.273429073275345,11.196457909705138,0.0
3.189,0.2840882543394307,-0.04019419316391118,0.2113939185413216,0.0,0.8012721698616899,0.7554233410987776,11.249547787232535,11.196457909705138,0.0
3.19,0.2834948274895057,-0.038968434026355886,0.2228036627874527,0.0,0.8005718727966585,0.7540591392158241,11.142771447311002,11.196457909705138,0.0
3.1910000000000003,0.2819696868612727,-0.039912568241295326,0.27672869737216044,0.0,0.799921297604854,0.7587408153771258,11.38325777107473,11.196457909705138,0.0
3.192,0.28435301888087394,-0.04089595739055005,0.1546175368766007,0.0,0.7999026790126287,0.7486403704743195,11.109624998347373,11.196457909705138,0.0
3.193,0.2801604980533556,-0.03904964512433495,0.2923022523538568,0.0,0.7986629495485691,0.7563995491212482,11.318381226604272,11.196457909705138,0.0
3.194,0.2823625711270843,-0.04142429875406553,0.18670490505641602,0.0,0.7986027859175409,0.7499821283532018,11.196743990731154,11.196457909705138,0.0
3.1950000000000003,0.28059600180117417,-0.0398417643801761,0.24752066218271496,0.0,0.7977090712553856,0.7521624834123117,11.219272852444753,11.196457909705138,0.0
3.196,0.28046005737378155,-0.041536443931733766,0.23602808189851907,0.0,0.7973250036597672,0.7521603782905248,11.323150838503443,11.196457909705138,0.0
3.197,0.28126807569365947,-0.04104164575554253,0.18282215958119125,0.0,0.7969077577166355,0.7462921098098304,11.107599940769568,11.196457909705138,0.0
3.198,0.27814101859168644,-0.04074654273654703,0.2914861881374845,0.0,0.7959178961694197,0.7538061024116731,11.377287262434303,11.196457909705138,0.0
3.1990000000000003,0.28107640272848655,-0.042647790696539914,0.15483423377782532,0.0,0.7959905083428988,0.743997191507417,11.132470681245564,11.196457909705138,0.0
3.2,0.2774917453217016,-0.04067719143181084,0.27788239665679015,0.0,0.7948391898098844,0.7505019165273317,11.306910819117807,11.196457909705138,0.0
3.201,0.2791365597927904,-0.04291630567744861,0.18955779862654237,0.0,0.7947194841918304,0.7450780736139487,11.205158452010561,11.196457909705138,0.0
3.202,0.27772339914338345,-0.041435672750145064,0.2403469767571108,0.0,0.7938841040797835,0.746826595820909,11.22389010143836,11.196457909705138,0.0
3.203,0.27746146847241515,-0.04309202585653425,0.2307068301258789,0.0,0.7935041193706135,0.7467631006525405,11.314299465827029,11.196457909705138,0.0
3.204,0.2781882381848135,-0.04256046239841081,0.18432373237032607,0.0,0.793080748104066,0.7415796532682195,11.118017554486586,11.196457909705138,0.0
3.205,0.2753242394274451,-0.04249803563773458,0.2832490915927327,0.0,0.7921798179166482,0.7485401415481306,11.38871699977561,11.196457909705138,0.0
3.206,0.27818470565226666,-0.04410111348895075,0.145976778047516,0.0,0.7922419924072038,0.738281988626807,11.119080804646888,11.196457909705138,0.0
3.207,0.27418860312321947,-0.04218751584490041,0.2815686466624596,0.0,0.7910456076372135,0.7458118730702106,11.338515009261737,11.196457909705138,0.0
3.208,0.2763411687919466,-0.04445677583955636,0.17043097335946905,0.0,0.7909906043644153,0.7386113245939459,11.172310917669034,11.196457909705138,0.0
3.209,0.2740736707229687,-0.04277583263283459,0.25377448907618194,0.0,0.7900134502185847,0.7426754445441711,11.285643675233192,11.196457909705138,0.0
3.21,0.27480126809025185,-0.04473962613122738,0.19621625263882203,0.0,0.78977325019925,0.7389678852284229,11.228341298480961,11.196457909705138,0.0
3.211,0.27400803973374593,-0.0434520625295777,0.2245486071271794,0.0,0.7890250443191087,0.7393937342932977,11.213679980229891,11.196457909705138,0.0
3.212,0.2732716297565515,-0.044870392160751046,0.23170704554746693,0.0,0.7885631358289145,0.740279355358945,11.319738064094356,11.196457909705138,0.0
3.213,0.27427475645497285,-0.04455818023946791,0.17744520207134243,0.0,0.7881874536866513,0.7348721282658335,11.123247797759182,11.196457909705138,0.0
3.214,0.27140430848234126,-0.04447282762322849,0.27642243635838865,0.0,0.7873023503807299,0.7417239504181168,11.39342731187866,11.196457909705138,0.0
3.215,0.27425652065901324,-0.04593458109981162,0.1393629852769143,0.0,0.7873525860292157,0.7313933202435865,11.113023763513105,11.196457909705138,0.0
3.216,0.27010259261063735,-0.044152177024231756,0.28039910092161235,0.0,0.7861540531123201,0.7394707980901778,11.363718773574526,11.196457909705138,0.0
3.217,0.2726055541530465,-0.046355678410054835,0.1533789872522082,0.0,0.7861433304649695,0.73092123615019,11.144452655009685,11.196457909705138,0.0
3.218,0.26963043534323544,-0.044567420111824504,0.26353209908158315,0.0,0.7850599804616917,0.7369648942618946,11.332075814292926,11.196457909705138,0.0
3.219,0.2712674038776359,-0.046707879499138905,0.16836434039408468,0.0,0.7849426643854991,0.7305160492613003,11.172650041506992,11.196457909705138,0.0
3.22,0.26922408350243304,-0.04511005707512332,0.24831530546903297,0.0,0.7839950303563514,0.7346877758248818,11.303889543699139,11.196457909705138,0.0
3.221,0.27010394400672183,-0.04707353776339129,0.18162123803301972,0.0,0.7837912934864261,0.7300944914012555,11.199928005920656,11.196457909705138,0.0
3.222,0.2688313292142136,-0.04569271934196727,0.23356730596010608,0.0,0.7829770770278915,0.7324699561115575,11.277629750003198,11.196457909705138,0.0
3.223,0.26897826502011246,-0.04742699779128719,0.19390471551585425,0.0,0.78268640749988,0.7296152179902636,11.229247122043029,11.196457909705138,0.0
3.224,0.26839021866342233,-0.04628157111034624,0.21776813737256,0.0,0.7819959913931436,0.730104643494273,11.245005524141149,11.196457909705138,0.0
3.225,0.2677768917660609,-0.047689452912383606,0.20940346017913986,0.0,0.781589880712515,0.7293789216225075,11.26997498765533,11.196457909705138,0.0
3.226,0.268009309076947,-0.046944730167439774,0.19618355764254775,0.0,0.781055810592809,0.7272829191895938,11.198649060481861,11.196457909705138,0.0
3.227,0.26640073273130693,-0.047780992722383245,0.2318246097215148,0.0,0.7804649833502749,0.7295750923131818,11.328118054059276,11.196457909705138,0.0
3.228,0.26771604059251725,-0.047777424551565265,0.16577351148926583,0.0,0.7801537010200141,0.7237961644456316,11.136695836021879,11.196457909705138,0.0
3.229,0.2647979701543636,-0.04761186103271384,0.26208224124479707,0.0,0.7792774778306589,0.7301526132140501,11.391339147301847,11.196457909705138,0.0
3.23,0.2674458245549328,-0.04879202046776508,0.1328117732288456,0.0,0.779255995010125,0.7202825113189368,11.11148266064369,11.196457909705138,0.0
3.231,0.26327083069255425,-0.04734992445105547,0.27358976904853904,0.0,0.7780792181259447,0.7286612834204748,11.388456058887737,11.196457909705138,0.0
3.232,0.2661576568693205,-0.04929313729417707,0.13318308843468935,0.0,0.7780861705132465,0.7188726849796525,11.118389105986981,11.196457909705138,0.0
3.233,0.26240747905565726,-0.04759978147641182,0.2689972529222487,0.0,0.7769078665493505,0.7268486543426832,11.377619037010852,11.196457909705138,0.0
3.234,0.26505076371998826,-0.04970751665252074,0.13757067613725615,0.0,0.7768937743456972,0.7177658681905837,11.12486829195546,11.196457909705138,0.0
3.235,0.261687789228738,-0.048033426487707614,0.2646619448424491,0.0,0.7757675854773083,0.7252806167994303,11.372697771568973,11.196457909705138,0.0
3.236,0.26415968147676594,-0.05015076518320101,0.13898480641705435,0.0,0.7757551385147954,0.7165303358545128,11.127679471340445,11.196457909705138,0.0
3.237,0.2609356605468478,-0.04849193346632752,0.2621817409149654,0.0,0.7746652632782314,0.7238416337116311,11.372300852318112,11.196457909705138,0.0
3.238,0.2633325964190969,-0.05058430622500164,0.13811262100000188,0.0,0.7746622546716582,0.7151373385685096,11.127505663523419,11.196457909705138,0.0
3.239,0.2600984366880179,-0.048927711436349136,0.26119973785916584,0.0,0.7735859682570917,0.7224631730618416,11.374590571992025,11.196457909705138,0.0
3.24,0.2625104602481999,-0.050993188885476354,0.1358759570019939,0.0,0.7735936624006056,0.7136346442125724,11.125462784414257,11.196457909705138,0.0
3.241,0.25918965714191033,-0.049340096442365367,0.2611498020437867,0.0,0.7725152393016076,0.7211125070030444,11.378167398726003,11.196457909705138,0.0
3.242,0.26168092885679417,-0.05138018292644532,0.13298039999770508,0.0,0.7725333852292366,0.7120761206093821,11.12261015032477,11.196457909705138,0.0
3.243,0.25823949752291236,-0.049739407009685224,0.2614975017921255,0.0,0.7714451917090521,0.7197672328295717,11.381949424863247,11.196457909705138,0.0
3.244,0.26084237835664137,-0.0517514361168975,0.1299729493713054,0.0,0.7714726597238659,0.7105068114864407,11.11978745742564,11.196457909705138,0.0
3.245,0.25727518765876045,-0.05013492482552509,0.26182063761290447,0.0,0.7703734022697621,0.7184120900949925,11.385217745229482,11.196457909705138,0.0
3.246,0.2599949092126934,-0.05211233912344766,0.12721789535573938,0.0,0.770408279107609,0.7089572952886631,11.117462910859071,11.196457909705138,0.0
3.247,0.2563152694416639,-0.05053235832711052,0.2618852625294056,0.0,0.7693006167504624,0.717042863048779,11.387680292880464,11.196457909705138,0.0
3.248,0.25914101103057596,-0.052467517672837194,0.12486434768695587,0.0,0.7693409447410348,0.7074425055202713,11.115794118459231,11.196457909705138,0.0
3.249,0.255369437105791,-0.05093426990626038,0.2616140728100316,0.0,0.7682291953319187,0.7156620260032505,11.38809746692933,11.196457909705138,0.0
3.25,0.25828313825944427,-0.05282126575698022,0.12354600300274066,0.0,0.768273474933257,0.7060352117008375,11.115257376866163,11.196457909705138,0.0
3.251,0.25447554643195025,-0.05135716222221462,0.26077805336271354,0.0,0.767170723796889,0.7142996851390304,11.387159934600033,11.196457909705138,0.0
3.2520000000000002,0.2574461041649786,-0.053187156558135024,0.1229197542468293,0.0,0.7672206355302756,0.7047258654445119,11.115782900606675,11.196457909705138,0.0
3.253,0.2536347536216931,-0.05180013421616643,0.25941502133449323,0.0,0.7661373017198961,0.7129564354006779,11.385782770532456,11.196457909705138,0.0
3.254,0.25662788595319475,-0.05356228721917779,0.12252183776332928,0.0,0.7661930653399223,0.7034650540545867,11.117032798495663,11.196457909705138,0.0
3.255,0.2528185460906634,-0.05224888189775974,0.257691074893821,0.0,0.7651320183479505,0.7116148938333661,11.384265289163254,11.196457909705138,0.0
3.2560000000000002,0.25580936058557047,-0.05393511969452845,0.12219675576544392,0.0,0.7651906802439126,0.7022204944665792,11.119200780206627,11.196457909705138,0.0
3.257,0.2520019024447307,-0.052694706745805064,0.2555015815387424,0.0,0.7641507282112726,0.7102386037928548,11.382599353311315,11.196457909705138,0.0
3.258,0.25496753112570164,-0.05428824690525612,0.12194088055033678,0.0,0.7642042758615509,0.7009618878804665,11.121884607093737,11.196457909705138,0.0
3.259,0.2511619160670941,-0.053128431343747534,0.2530439866852401,0.0,0.7631812820422021,0.7088234209523245,11.380235127085475,11.196457909705138,0.0
3.2600000000000002,0.2540945641670038,-0.05462022595545364,0.12203095451556739,0.0,0.763222436474877,0.6997133892934733,11.127878418947867,11.196457909705138,0.0
3.261,0.25031523167965886,-0.05354927224095195,0.24889510349194405,0.0,0.7622157494436868,0.7072287160074794,11.373852992577422,11.196457909705138,0.0
3.262,0.2531231968996609,-0.05490710452931517,0.1241338658484438,0.0,0.762221334875881,0.6985527942173431,11.138100491100788,11.196457909705138,0.0
3.263,0.2494858567147956,-0.05396475935407387,0.2425936907728044,0.0,0.7612415332936822,0.7054514033400899,11.363768874489098,11.196457909705138,0.0
3.2640000000000002,0.25206377009648845,-0.055153418674870724,0.1280863894308097,0.0,0.7611897487590179,0.6974618261216444,11.14986629828014,11.196457909705138,0.0
3.265,0.24866560570701432,-0.05438442695749189,0.23550359364953907,0.0,0.760247709273856,0.7036265708657163,11.353211006972366,11.196457909705138,0.0
3.266,0.2509915344476255,-0.055383231888668366,0.13226370833075368,0.0,0.7601339066712208,0.6963602439542492,11.160334249776923,11.196457909705138,0.0
3.267,0.2478319062161845,-0.05481194365672663,0.22906332352775705,0.0,0.7592320218828769,0.7018603443913881,11.34273910218709,11.196457909705138,0.0
3.2680000000000002,0.24995563926555814,-0.055617296980138245,0.13639808539785386,0.0,0.7590646373649759,0.6952938670419737,11.170946056120806,11.196457909705138,0.0
3.269,0.24702275688074482,-0.05526467843535114,0.22254972696683925,0.0,0.7582105019907629,0.7001144863224213,11.330435135387713,11.196457909705138,0.0
3.27,0.2489460494946955,-0.05585135335249264,0.14146541507656024,0.0,0.7579919025083494,0.6943459484023996,11.184570188731826,11.196457909705138,0.0
3.271,0.24627489513649542,-0.055757226045620334,0.2145167656142371,0.0,0.7572020884292476,0.6982919559097274,11.312975061676825,11.196457909705138,0.0
3.2720000000000002,0.24792258914385992,-0.05606441251763461,0.14914915762202047,0.0,0.7569205882937792,0.6936354729894997,11.205787570487585,11.196457909705138,0.0
3.273,0.24563111020684833,-0.056311288742035975,0.20264960660881604,0.0,0.7562256743997989,0.6962237534393625,11.282736940463256,11.196457909705138,0.0
3.274,0.24680957205577037,-0.05622374108060692,0.16331213131339964,0.0,0.7558469809352016,0.6934690420897255,11.247031906514783,11.196457909705138,0.0
3.275,0.24522408567797738,-0.05697900560489361,0.1806589083195395,0.0,0.7553146402563864,0.6934396408722688,11.2226292843643,11.196457909705138,0.0
3.2760000000000002,0.24537153699216113,-0.05630137427558998,0.19259850564818912,0.0,0.7547505014322404,0.6944677591364282,11.330492884676074,11.196457909705138,0.0
3.277,0.24537426575865934,-0.057740491293577265,0.13732635574259294,0.0,0.754510667502197,0.6891384935776816,11.159429212576294,11.196457909705138,0.0
3.278,0.24317075399822474,-0.0563480190568334,0.2232284787637716,0.0,0.7535943272930612,0.6945625397945041,11.358218116516472,11.196457909705138,0.0
3.279,0.24503339168733312,-0.05786642784156998,0.12221642472556918,0.0,0.7534929754152099,0.6871552749309102,11.153725084698522,11.196457909705138,0.0
3.2800000000000002,0.24192795033894285,-0.05689367344613949,0.2248902688846105,0.0,0.7525388451674395,0.6931430696889813,11.345116610805887,11.196457909705138,0.0
3.281,0.24417985057433614,-0.05793284435793615,0.12770791881992044,0.0,0.7524029437645052,0.6864411115583846,11.175315809835812,11.196457909705138,0.0
3.282,0.24125318581031774,-0.057547824437884615,0.21281974030365103,0.0,0.7515576927884813,0.6910743350908076,11.31437262399586,11.196457909705138,0.0
3.283,0.24310501323205197,-0.05801926849012819,0.14211218608071988,0.0,0.7513159983082491,0.686297794328995,11.21154492174305,11.196457909705138,0.0
3.2840000000000003,0.24083091918786537,-0.058254432170521384,0.19337516708674582,0.0,0.7506419727641798,0.6885894102673107,11.263345289070656,11.196457909705138,0.0
3.285,0.2418642468083338,-0.058068379287973496,0.16680610962928732,0.0,0.7502416939144646,0.6870128289483135,11.28311320319762,11.196457909705138,0.0
3.286,0.24081288528667233,-0.059078941283144074,0.1560555996308804,0.0,0.7498368071661157,0.684762995394582,11.17505284415538,11.196457909705138,0.0
3.287,0.2399278935901567,-0.05807174588953151,0.21029982980749862,0.0,0.7491265286239794,0.688858862412201,11.361101861985095,11.196457909705138,0.0
3.2880000000000003,0.24138599335526584,-0.05967499726313816,0.11562888136984151,0.0,0.7490832942428516,0.6813486273528087,11.154696509742902,11.196457909705138,0.0
3.289,0.23817757893366995,-0.05848311045498339,0.21924917149056034,0.0,0.7481462197312639,0.6872975403429251,11.344144176763125,11.196457909705138,0.0
3.29,0.2403312289626902,-0.05948485258606036,0.12304847530986873,0.0,0.7480198544723466,0.6806705894543796,11.18445992543716,11.196457909705138,0.0
3.291,0.2373821120874053,-0.059129880046553826,0.20301058081553097,0.0,0.7471943662498105,0.6847974750527986,11.296701393428819,11.196457909705138,0.0
3.2920000000000003,0.23901083849766497,-0.0593959814537153,0.1458874119824648,0.0,0.7468969362895522,0.6811373025685462,11.241844212519727,11.196457909705138,0.0
3.293,0.23716622109442764,-0.05993735823833153,0.17286213940886508,0.0,0.7463201225091309,0.681571051220387,11.212318787617443,11.196457909705138,0.0
3.294,0.23741707498023318,-0.059357866125561445,0.18746624308088383,0.0,0.7457752070716852,0.6831944076571888,11.35014537097244,11.196457909705138,0.0
3.295,0.23783367886194778,-0.06080556089322116,0.11701607679071241,0.0,0.745612160167234,0.6766620596897956,11.151442474403428,11.196457909705138,0.0
3.2960000000000003,0.23496720309190228,-0.05943498950324021,0.21681767942823546,0.0,0.7446469433559143,0.6827687981552486,11.346904534007646,11.196457909705138,0.0
3.297,0.2371967702354279,-0.06065256417263799,0.11758218338310159,0.0,0.7445365609998056,0.675980503358196,11.180940500384803,11.196457909705138,0.0
3.298,0.23424857965673906,-0.06022190241814385,0.20071937428772596,0.0,0.7436988388599138,0.6803440424002887,11.293388575136127,11.196457909705138,0.0
3.299,0.23597961310329477,-0.0605470821514478,0.14352603025775412,0.0,0.7434213192264294,0.676844919986932,11.249732293384698,11.196457909705138,0.0
3.3000000000000003,0.2342469668437821,-0.06114015706008388,0.16482142729667335,0.0,0.7428836257575744,0.6767902863891553,11.195774713659613,11.196457909705138,0.0
3.301,0.23426150645489305,-0.06048702420725002,0.1918070491196708,0.0,0.7423164629129291,0.6794238854145939,11.3599324050207,11.196457909705138,0.0
3.302,0.23519296363299302,-0.06198624445604277,0.10809345848597171,0.0,0.742240821811188,0.6721567421716073,11.154396351116727,11.196457909705138,0.0
3.303,0.23197087169699532,-0.060711947439202635,0.21128210102384243,0.0,0.7412908656209816,0.6781603804129885,11.332802783170969,11.196457909705138,0.0
3.3040000000000003,0.23416792711014747,-0.06165113879401603,0.1207154362620631,0.0,0.7411523228931322,0.6722005426472302,11.204447193949413,11.196457909705138,0.0
3.305,0.23149822971709272,-0.06155402008683379,0.18481333803039837,0.0,0.7404115756901534,0.6750949074947648,11.253667608969216,11.196457909705138,0.0
3.306,0.2326582398623529,-0.061462408799900406,0.15963103352785585,0.0,0.7400252336377353,0.674060430534376,11.309546756271333,11.196457909705138,0.0
3.307,0.23196008111430608,-0.0625439182753899,0.13056057141113578,0.0,0.7396939602496935,0.670233236840708,11.15486180822213,11.196457909705138,0.0
3.3080000000000003,0.2302336431910793,-0.06143428370098941,0.20831900645056745,0.0,0.7388802199331498,0.675782694237182,11.350895356407777,11.196457909705138,0.0
3.309,0.23243225021356256,-0.06281338782262329,0.1087578578907171,0.0,0.7388655971870317,0.668707410018671,11.184688346686416,11.196457909705138,0.0
3.31,0.22935117280615297,-0.06225704325384317,0.19197905838158508,0.0,0.7380699193498921,0.6728490400720328,11.281537238406004,11.196457909705138,0.0
3.311,0.23091310775784518,-0.06245777573708507,0.14270381923478218,0.0,0.7377956163206468,0.6700418274065275,11.276807888378567,11.196457909705138,0.0
3.3120000000000003,0.22945331357649928,-0.06317846025842472,0.14426499446176663,0.0,0.737345290300291,0.6683285840805494,11.164469313257747,11.196457909705138,0.0
3.313,0.22862931655108132,-0.062295211815596524,0.2007541679866504,0.0,0.7366643083754479,0.6730158715515836,11.35977631059236,11.196457909705138,0.0
3.314,0.2305384612030657,-0.06380190524998526,0.1014674853104714,0.0,0.7366947221524041,0.6654616593714288,11.17769344185819,11.196457909705138,0.0
3.315,0.2272097043598679,-0.06296299273928514,0.192696564356026,0.0,0.7358593260231279,0.6700792300080298,11.290670163456161,11.196457909705138,0.0
3.3160000000000003,0.2288782043865344,-0.06326857192051234,0.13526608101953053,0.0,0.7356112294054817,0.6667050374392075,11.269608476929927,11.196457909705138,0.0
3.317,0.227183192754796,-0.06385059525264805,0.1450654186103999,0.0,0.7351114899674402,0.6654988227136213,11.162923835565369,11.196457909705138,0.0
3.318,0.22654110580855075,-0.06303895730179318,0.1987430800340763,0.0,0.7344460025927293,0.670223484345255,11.360886225888217,11.196457909705138,0.0
3.319,0.22852470968298322,-0.0645862683239616,0.09811760171082143,0.0,0.7344978507105999,0.6625789345508096,11.182677248166193,11.196457909705138,0.0
3.3200000000000003,0.22515917367872912,-0.06375539140911335,0.18735989718722285,0.0,0.7336731894663835,0.6669169768324443,11.281759657233602,11.196457909705138,0.0
3.321,0.22669038068309288,-0.06395421821515329,0.136965675178234,0.0,0.7333949782925653,0.6641008732552188,11.286265570605417,11.196457909705138,0.0
3.322,0.22522710282334643,-0.06464140014315438,0.13381464188332343,0.0,0.732936579622426,0.6618721601105995,11.15835949433367,11.196457909705138,0.0
3.323,0.22408728588542348,-0.06371642591730983,0.19814866417291185,0.0,0.7321925305207158,0.6670394782828061,11.35255479910126,11.196457909705138,0.0
3.3240000000000003,0.2262493094555315,-0.06512088374825786,0.0994900428951559,0.0,0.7322033582500601,0.6598706504020808,11.196960298910566,11.196457909705138,0.0
3.325,0.22308558511591525,-0.06455861014320649,0.1772822690984482,0.0,0.7314203257435326,0.6633331490905613,11.25488189210264,11.196457909705138,0.0
3.326,0.22430153714110948,-0.06452294528485397,0.14773723267843636,0.0,0.7310635459581369,0.6621778264251388,11.322540191391038,11.196457909705138,0.0
3.327,0.22359425563011687,-0.06549944858630294,0.11264726021737823,0.0,0.730734683896482,0.657627871927664,11.154023334478172,11.196457909705138,0.0
3.3280000000000003,0.22138650285313943,-0.06436119268417252,0.19733003442608107,0.0,0.7298487394089962,0.6634018115516968,11.329928202085439,11.196457909705138,0.0
3.329,0.22372108967230964,-0.06544545836332463,0.10804289769864456,0.0,0.72975943511639,0.657562467904594,11.225527470594011,11.196457909705138,0.0
3.33,0.22113970732741645,-0.06541319086505379,0.15995256783546957,0.0,0.7290807348067331,0.6592083612013961,11.204440330713833,11.196457909705138,0.0
3.331,0.22167061935233195,-0.06504049537936975,0.17041631356547174,0.0,0.7285938200292795,0.6611694963202948,11.360846484767716,11.196457909705138,0.0
3.332,0.22247402918411163,-0.06636254015465462,0.09056935078790443,0.0,0.7285008621215996,0.6539149571254791,11.166501953589464,11.196457909705138,0.0
3.333,0.21909008491144186,-0.06522223985578014,0.18804117593818748,0.0,0.727553092604577,0.6592772144219954,11.283248806440442,11.196457909705138,0.0
3.334,0.2210666691326559,-0.06573078379244743,0.12879984054534527,0.0,0.72730366860493,0.6562659401853818,11.28056617684903,11.196457909705138,0.0
3.335,0.21968552710235822,-0.06642373086395396,0.12930007266961233,0.0,0.7268491983200857,0.6543499813256075,11.15246785990918,11.196457909705138,0.0
3.336,0.21869407729264115,-0.06563059970123625,0.1937891316374969,0.0,0.7261544052791343,0.659764213547317,11.341868560551,11.196457909705138,0.0
3.337,0.22108505399704875,-0.06700682670814223,0.09763467480812865,0.0,0.7262298310468358,0.6530727404662691,11.216034280346078,11.196457909705138,0.0
3.338,0.21814850828926033,-0.06666975378910354,0.16035605120418014,0.0,0.7255777266384993,0.6552657830368559,11.215119598302433,11.196457909705138,0.0
3.339,0.2187964087420991,-0.06634024317030413,0.16062677534002948,0.0,0.7251772614891774,0.6564762422936434,11.359449064599982,11.196457909705138,0.0
3.34,0.21922142288885135,-0.06751451256034414,0.08683213064230655,0.0,0.7250703535195587,0.6493652184000979,11.167534285643343,11.196457909705138,0.0
3.341,0.21579635152136506,-0.0663079958927498,0.1830787563612437,0.0,0.7241185744302115,0.6546606893668958,11.27542991581591,11.196457909705138,0.0
3.342,0.21772294361657163,-0.06677271300960043,0.12834122121385313,0.0,0.7238547043960087,0.6521016643605296,11.293675813632692,11.196457909705138,0.0
3.343,0.2165609522830998,-0.06754045421971733,0.1182460932661861,0.0,0.7234411232265338,0.6493561510962443,11.149746060923167,11.196457909705138,0.0
3.344,0.21515296368079556,-0.06668727391433928,0.19067808810876824,0.0,0.7226928216018847,0.6550555605865193,11.326832627132589,11.196457909705138,0.0
3.345,0.21766400191755775,-0.06790004997753486,0.10083105782978291,0.0,0.7227312282587336,0.6492124115941209,11.238850169139033,11.196457909705138,0.0
3.346,0.21511599014100405,-0.06787044289213624,0.14439836423222208,0.0,0.722166094810632,0.6499536838514939,11.180952214749508,11.196457909705138,0.0
3.347,0.21513024613803197,-0.06732779647100672,0.17350239837654058,0.0,0.7216722068976076,0.6533030379527315,11.356644837540472,11.196457909705138,0.0
3.348,0.2166069490550984,-0.06860789940171652,0.08405421770270555,0.0,0.7217088809725988,0.6459754328760707,11.197172410625448,11.196457909705138,0.0
3.349,0.21316990252445006,-0.06781480728097222,0.16378328615101412,0.0,0.7209090859698357,0.6494417771981696,11.228793535467846,11.196457909705138,0.0
3.35,0.214266175271284,-0.0677192635032609,0.14764936747218846,0.0,0.7205333260052181,0.6497545253811701,11.35276994487446,11.196457909705138,0.0
3.351,0.21436587054721384,-0.06880817859545081,0.0840980424171881,0.0,0.7203471529532801,0.6431691124272627,11.16518678085919,11.196457909705138,0.0
3.352,0.21114768387083613,-0.06762360556524352,0.178202335713283,0.0,0.7193798637269007,0.6485656064638339,11.265732336666181,11.196457909705138,0.0
3.353,0.2131888878476772,-0.06814179651317427,0.12723681354017663,0.0,0.719117799561391,0.6465217574978912,11.305502820159235,11.196457909705138,0.0
3.354,0.21234636017780137,-0.06900745611457644,0.10626112268910848,0.0,0.7187675975625124,0.6429715063235598,11.150608442033127,11.196457909705138,0.0
3.355,0.21055020360310694,-0.06813021144800244,0.18416680642888297,0.0,0.7179922371367518,0.6487097941331775,11.302648462038645,11.196457909705138,0.0
3.356,0.21308285175584696,-0.06908711114559377,0.10708489090278864,0.0,0.7179822729479294,0.6442420967114406,11.272863090558575,11.196457909705138,0.0
3.357,0.21115151396286352,-0.06946278682495304,0.12121352483428938,0.0,0.7175582907635697,0.6427829151394772,11.15221853660759,11.196457909705138,0.0
3.358,0.21014471436326376,-0.0686989899154723,0.18197819554075736,0.0,0.7169430142236127,0.6480615155226964,11.327746849147843,11.196457909705138,0.0
3.359,0.21250690744538175,-0.06989853307000105,0.09290114987620374,0.0,0.7170567130920664,0.6420746972484034,11.247689023288375,11.196457909705138,0.0
3.36,0.2098308352758394,-0.06977034477425412,0.1324177516701054,0.0,0.716534264102168,0.6422535172118307,11.169932484776204,11.196457909705138,0.0
3.361,0.2094577689366071,-0.06912049128768581,0.17156127517548014,0.0,0.7160117400070373,0.6462871084231979,11.344639363704047,11.196457909705138,0.0
3.362,0.2112558417610414,-0.07031183981662548,0.08272602117156955,0.0,0.7160823743156054,0.6395002562543511,11.226780291397029,11.196457909705138,0.0
3.363,0.20808004022247606,-0.06981460691500044,0.14135233350815982,0.0,0.7154006508719636,0.6411037185277966,11.187219261310116,11.196457909705138,0.0
3.364,0.20829794181292405,-0.06936251275076472,0.16122523503556674,0.0,0.714902687970981,0.6440226910838469,11.352358281747378,11.196457909705138,0.0
3.365,0.20964390612857076,-0.07053880211977093,0.07709672109651311,0.0,0.7148803313879347,0.6370012274868075,11.208123030833118,11.196457909705138,0.0
3.366,0.2062977909459574,-0.0698303089605814,0.14909769534236336,0.0,0.7140683669622883,0.6398225992108455,11.200312907129483,11.196457909705138,0.0
3.367,0.2070914343069672,-0.06962499470456283,0.15296420721993742,0.0,0.7136042365150399,0.6418651819624523,11.35246183409502,11.196457909705138,0.0
3.368,0.2081226335913101,-0.07081360564990893,0.07532970449326981,0.0,0.7135235777342258,0.6349731374877972,11.193657195923908,11.196457909705138,0.0
3.369,0.20482518143408568,-0.06999556667140482,0.15476003071663827,0.0,0.7126599099869385,0.6386489442245012,11.20999661126531,11.196457909705138,0.0
3.37,0.2060563923346674,-0.07000260137920047,0.14645493603033533,0.0,0.7122591438956926,0.6399945321144429,11.348955416248932,11.196457909705138,0.0
3.371,0.20683096117629549,-0.07118102848476095,0.07545055847308654,0.0,0.7121625698370992,0.6333651635582582,11.184996922934983,320.8159908817218,0.0
3.372,0.203642767682227,-0.07030040169650734,10.0,0.0,0.7113040631109833,1.7201580037681294,17.69100653073553,320.8159908817218,0.0
3.373,0.7426477253950488,-0.3415236355875586,10.0,0.0,0.849054053074364,2.539617787585781,24.40151028315139,320.8159908817218,0.0
3.374,1.306190765874501,-0.6335737329979607,10.0,0.0,1.0843883007994053,3.234306907142395,31.083240765150368,320.8159908817218,0.0
3.375,1.7933250110081753,-0.8815325324898429,10.0,0.0,1.3900130026776076,3.835111202955942,38.01894209149458,320.8159908817218,0.0
3.376,2.1871182892535836,-1.0775989961287882,10.0,0.0,1.7442433869547092,4.367951621220297,45.12200512580199,320.8159908817218,0.0
3.3770000000000002,2.499337044492064,-1.2298129687326675,10.0,0.0,2.131117646980573,4.852524905792144,52.324808767457405,320.8159908817218,0.0
3.378,2.7481497154698626,-1.3487899745448686,10.0,0.0,2.5393271403743394,5.303081081654223,59.570647864177225,320.8159908817218,0.0
3.379,2.9500285406687983,-1.4441905289137993,10.0,0.0,2.9610755929373966,5.7296840452073665,66.89653644037158,320.8159908817218,0.0
3.38,3.1179967561041573,-1.52336894418533,10.0,0.0,3.391065116735642,6.139343842215601,74.29169744945033,320.8159908817218,0.0
3.3810000000000002,3.26144316481615,-1.5919800729175226,10.0,0.0,3.825777107862711,6.536937189098866,81.74467579855636,320.8159908817218,0.0
3.382,3.3870335603099027,-1.6539504607407156,10.0,0.0,4.262907865938631,6.925861920989323,89.25373902160756,320.8159908817218,0.0
3.383,3.499374949722737,-1.7119782599175246,10.0,0.0,4.70098137542722,7.308505606617854,96.81911652431035,320.8159908817218,0.0
3.384,3.6016043819064256,-1.7678801153095023,10.0,0.0,5.139080828631152,7.686570450986308,104.44064099067894,320.8159908817218,0.0
3.3850000000000002,3.6958434826810143,-1.8228345433846007,10.0,0.0,5.57666278948588,8.061294749474946,112.06484977867463,320.8159908817218,0.0
3.386,3.783320054514101,-1.8779246995903034,10.0,0.0,6.013469357005875,8.4336247823063,119.70277564391058,320.8159908817218,0.0
3.387,3.865241748391975,-1.9331195808385457,10.0,0.0,6.449348806432253,8.80426584799828,127.40297739452048,320.8159908817218,0.0
3.388,3.9423626728764547,-1.9884088378448315,10.0,0.0,6.884234286943403,9.173766667309188,135.15753073802756,320.8159908817218,0.0
3.3890000000000002,4.015138028746547,-2.0437917159651158,10.0,0.0,7.318120525357696,9.542571872839254,142.9428876823439,320.8159908817218,0.0
3.39,4.084008793300944,-2.0989552446454294,10.0,0.0,7.751012819857195,9.911037151115458,150.7372730876756,320.8159908817218,0.0
3.391,4.1494113358820375,-2.153384453638104,10.0,0.0,8.182897990436755,10.279439558975618,158.5181227939305,320.8159908817218,0.0
3.392,4.21181172583259,-2.2063988832318167,10.0,0.0,8.613722179909765,10.647980225638968,166.26111608948523,320.8159908817218,0.0
3.3930000000000002,4.271733587262922,-2.257179172086513,10.0,0.0,9.043373704579885,11.01678184372545,173.93897104140189,320.8159908817218,0.0
3.394,4.329776573786711,-2.304796289242862,10.0,0.0,9.471670318590292,11.385882942566987,181.47099830592765,320.8159908817218,0.0
3.395,4.386177571923881,-2.349022669786657,10.0,0.0,9.898436111772064,11.755279912995556,188.76756206649125,320.8159908817218,0.0
3.396,4.442216805443692,-2.38795876396225,10.0,0.0,10.323305729232393,12.12481345999364,195.85955232855838,320.8159908817218,0.0
3.3970000000000002,4.499097714001988,-2.419980500835527,10.0,0.0,10.745774769760802,12.494184106431732,202.73196876688365,320.8159908817218,0.0
3.398,4.557800870737384,-2.4440362971474614,10.0,0.0,11.16525989110576,12.862976054123546,209.31669032677723,320.8159908817218,0.0
3.399,4.619523474821033,-2.4589262946383403,10.0,0.0,11.58107303684628,13.230634864298825,215.55741683024686,320.8159908817218,0.0
3.4,4.685617124321922,-2.463409595124814,10.0,0.0,11.992415012108877,13.596456032626367,221.4165986000989,320.8159908817218,0.0
3.4010000000000002,4.757484499529221,-2.4563741656377367,10.0,0.0,12.398386176429533,13.959584806869621,226.8881782789161,320.8159908817218,0.0
3.402,4.836636392329532,-2.43672395480645,10.0,0.0,12.797981932845868,14.31900978566466,232.11463428975998,320.8159908817218,0.0
3.403,4.9252307797235275,-2.4024388641066503,10.0,0.0,13.189985753631419,14.673497978536483,236.82099229022845,320.8159908817218,0.0
3.404,5.020250677293077,-2.360190801461361,10.0,0.0,13.57393357564161,15.02217148934098,240.63154470119895,320.8159908817218,0.0
3.4050000000000002,5.128121289917442,-2.301204097886488,10.0,0.0,13.948287909764439,15.363456862853049,245.0869409699029,320.8159908817218,0.0
3.406,5.2483173468685775,-2.2278500892519046,10.0,0.0,14.311856273912149,15.695906272287822,247.98074366478852,320.8159908817218,0.0
3.407,5.368533985667457,-2.16202239380912,10.0,0.0,14.665805236176197,16.019445707495517,241.47389370501458,320.8159908817218,0.0
3.408,5.516116694109957,-2.0606977965464557,10.0,0.0,15.006225816990153,16.330994163868166,249.32485666402735,320.8159908817218,0.0
3.4090000000000003,5.674402597375157,-1.951519364244914,10.0,0.0,15.33276280377943,16.6294942104102,252.33888868307753,320.8159908817218,0.0
3.41,5.8349029511028245,-1.8495052864018482,10.0,0.0,15.64636633230426,16.914725771099565,244.91163513807535,320.8159908817218,0.0
3.411,6.015710520954789,-1.7261741496361678,10.0,0.0,15.944586379779752,17.184510699426035,250.9926927047461,320.8159908817218,0.0
3.412,6.20375212740779,-1.602569564413915,10.0,0.0,16.227599722333547,17.438262638656095,244.1371951839511,320.8159908817218,0.0
3.4130000000000003,6.403584694449091,-1.471131238270181,10.0,0.0,16.494464754531375,17.674839551908523,248.0576092484012,320.8159908817218,0.0
3.414,6.6042209460475645,-1.3498693103425827,10.0,0.0,16.74627654602408,17.894373615050068,243.19251400695336,320.8159908817218,0.0
3.415,6.834355824193722,-1.189924331775071,10.0,0.0,16.978479236318506,18.093826976946634,239.7632479727238,320.8159908817218,0.0
3.416,7.035878306082475,-1.0871877254866926,10.0,0.0,17.1977054168671,18.27668914745669,246.47853984346415,320.8159908817218,0.0
3.4170000000000003,7.233089264910459,-1.0022031153627402,10.0,0.0,17.4049742553611,18.4435097383184,253.31254522451067,320.8159908817218,0.0
3.418,7.334406661667736,-1.069813087711595,10.0,0.0,17.61648521215148,18.605202349888327,257.4088633673204,320.8159908817218,0.0
3.419,7.365679199986753,-1.2379859875423103,10.0,0.0,17.840837253677698,18.76944999073277,271.71050677733,320.8159908817218,0.0
3.42,7.394904067093716,-1.3897090904849838,10.0,0.0,18.074186667461127,18.936806061646823,274.8600069215884,320.8159908817218,0.0
3.4210000000000003,7.396570075150118,-1.5671082262453506,10.0,0.0,18.31893342086184,19.110870454632682,288.8086416157499,320.8159908817218,0.0
3.422,7.382006444573973,-1.752204514659494,10.0,0.0,18.57519853858901,19.29362174310396,293.2140993477672,320.8159908817218,0.0
3.423,7.349037319027504,-1.9485737957341323,10.0,0.0,18.843861931424666,19.487205382005175,307.9316973626775,320.8159908817218,0.0
3.424,7.31334461178605,-2.1279176698237823,10.0,0.0,19.122781482205994,19.69189350284094,318.15229674441105,320.8159908817218,0.0
3.4250000000000003,7.241871804391866,-2.347565932008044,7.19064526424501,0.0,19.416645760092134,19.602480827479148,322.12739175324185,320.8159908817218,0.0
3.426,7.026086651858975,-2.458395177589867,5.189983751114406,0.0,19.68217707704564,19.382438267060017,332.22991236757684,320.8159908817218,0.0
3.427,6.690224862185273,-2.4984690584567795,0.024584229088359777,0.0,19.902450840701423,18.69755270742536,335.87158071182176,320.8159908817218,0.0
3.428,6.071263755616721,-2.4314982885839873,-1.9468058413350988,0.0,20.024441148533487,18.00271127141924,334.9244679906294,320.8159908817218,0.0
3.4290000000000003,5.396176016786033,-2.2785006196866213,-1.614334251827998,0.0,20.04858824610175,17.513908825552637,335.47907477942306,320.8159908817218,0.0
3.43,4.827775928546007,-2.1450579947144623,-2.0382684852018347,0.0,20.008291677268573,17.082216984781425,335.2543403997263,320.8159908817218,0.0
3.431,4.348378153623662,-2.0254172815727296,-2.0702847905334947,0.0,19.917029529045706,16.737431974310333,333.37291591535956,320.8159908817218,0.0
3.432,3.9648927049024496,-1.9220543712649987,-1.2551417986865054,0.0,19.790241581595588,16.545374563830663,330.6956843371135,320.8159908817218,0.0
3.4330000000000003,3.710526025915768,-1.847410255224508,-0.015322944117396986,0.0,19.64974946418114,16.51221822393939,328.01670465056196,320.8159908817218,0.0
3.434,3.5942212920219143,-1.806829277824095,1.2521597614699722,0.0,19.516273458165376,16.605603069303186,324.99119490613356,320.8159908817218,0.0
3.435,3.598589591879108,-1.7922645174986627,2.7231625934400574,0.0,19.404287223425776,16.82379375366663,322.1859605539633,320.8159908817218,0.0
3.436,3.7161771157302996,-1.7936353726586063,4.112080072802772,0.0,19.325615122267315,17.134146695904903,322.04402669657844,320.8159908817218,0.0
3.4370000000000003,3.924416739365201,-1.8008750984180044,4.170766643346634,0.0,19.286628186730468,17.376432998408372,323.5336923313056,320.8159908817218,0.0
3.438,4.122643859340039,-1.7965843725739956,3.398756811487223,0.0,19.275224197897217,17.48536144293696,316.11632938921315,320.8159908817218,0.0
3.439,4.2648889543642365,-1.7342234722263887,7.154434897458529,0.0,19.26903666062036,17.989436642651892,312.20014225555394,320.8159908817218,0.0
3.44,4.608947323240917,-1.701831420322122,9.198686950549812,0.0,19.310935880336675,18.593372544021765,316.9057143127452,320.8159908817218,0.0
3.4410000000000003,5.04524021269601,-1.7365897554807839,6.885003687643946,0.0,19.413186105604858,18.821605463624447,309.81035040559857,320.8159908817218,0.0
3.442,5.339208390607214,-1.6825537585369832,10.0,0.0,19.521743057291076,19.375052970106214,309.08243631026284,320.8159908817218,0.0
3.443,5.7798383685352315,-1.6184039734590767,10.0,0.0,19.668272948067713,19.80733184219189,308.99449011755814,320.8159908817218,0.0
3.444,6.173437540974433,-1.5874278106004094,10.0,0.0,19.840611856911583,20.17214620695764,300.553410863308,320.8159908817218,0.0
3.4450000000000003,6.576783928570711,-1.463589574252946,10.0,0.0,20.01888586697801,20.477280915220007,301.0687779091004,320.8159908817218,0.0
3.446,6.919277367994021,-1.367829129215448,10.0,0.0,20.200550680273384,20.736088739202167,295.22221858821496,320.8159908817218,0.0
3.447,7.277872225203229,-1.193858988689874,10.0,0.0,20.371750683629998,20.95116176221688,288.2988225984666,320.8159908817218,0.0
3.448,7.58490814873072,-1.068776549275137,10.0,0.0,20.535318622022043,21.131659480249837,289.48101987073693,320.8159908817218,0.0
3.4490000000000003,7.908873903696085,-0.8943105584816542,10.0,0.0,20.682639103785053,21.2778983465078,292.4991062328622,320.8159908817218,0.0
3.45,8.101809206463674,-0.9194388511894132,10.0,0.0,20.834360196103347,21.406262148561474,302.5366202934704,320.8159908817218,0.0
3.451,8.155386005421873,-1.1332514137348175,10.0,0.0,21.007013658348104,21.532997584783892,315.5825973237731,320.8159908817218,0.0
3.452,8.19085201951349,-1.3321722483309855,8.48725038406301,0.0,21.19481848417074,21.494556872294986,319.44275959186336,320.8159908817218,0.0
3.4530000000000003,8.081144080128283,-1.5567798999010576,6.570901562916457,0.0,21.382716389488976,21.295492372943762,331.9745186341857,320.8159908817218,0.0
3.454,7.861228197227849,-1.694498867487089,0.19343676423065048,0.0,21.544821064259025,20.475860142140704,333.0431689058616,320.8159908817218,0.0
3.455,7.258153231640115,-1.7128021659349801,-0.46316015184869297,0.0,21.609388221625167,19.81008967649874,336.8348992034767,320.8159908817218,0.0
3.456,6.635424191078682,-1.6822670082718318,-2.519214383873801,0.0,21.59737971636308,19.0602224216015,339.7959872633732,320.8159908817218,0.0
3.457,5.960308579607651,-1.6435953191824562,-4.189558377638563,0.0,21.50763680191427,18.2889991715301,340.1328025358156,320.8159908817218,0.0
3.458,5.281391421320268,-1.578058439522727,-4.5511341304006905,0.0,21.342923514031533,17.630783793451673,340.0325865720278,320.8159908817218,0.0
3.459,4.673949038368836,-1.5251484401289352,-4.693192105409863,0.0,21.123695285992504,17.069937495211214,339.0352996438815,320.8159908817218,0.0
3.46,4.157422761676121,-1.4866935944730657,-4.376741728958306,0.0,20.866604317905118,16.630226591757342,337.24924758970127,320.8159908817218,0.0
3.461,3.747106043208047,-1.4677805012499663,-3.648048268947985,0.0,20.589555464483105,16.3257390349413,335.03452260163266,320.8159908817218,0.0
3.462,3.452915549762982,-1.470088098580883,-2.682871092112787,0.0,20.31020570736032,16.151135690410705,332.79440776113347,320.8159908817218,0.0
3.463,3.272609566100892,-1.49055718055145,-1.6825978406573094,0.0,20.043559114540212,16.083327743781023,330.2189693971313,320.8159908817218,0.0
3.464,3.188657247163107,-1.5255488942841002,-0.48890844381030707,0.0,19.800440784030027,16.124370728917448,327.41950091044765,320.8159908817218,0.0
3.465,3.1955695694943875,-1.5704018327836131,0.8447906992442462,0.0,19.59032249118213,16.270167715610924,324.6207865709703,320.8159908817218,0.0
3.466,3.286509515116188,-1.6237244575808092,2.2060999120904246,0.0,19.421212685631065,16.50684592553771,321.3084878904658,320.8159908817218,0.0
3.467,3.453924181044979,-1.6761332867478034,3.8573242822552407,0.0,19.29791342658817,16.853460708710433,319.8736336671971,320.8159908817218,0.0
3.468,3.706819451801866,-1.7232485831258844,4.584174966034838,0.0,19.22626416607677,17.190381086051726,321.98224316541655,320.8159908817218,0.0
3.469,3.978113253929981,-1.7550336173229635,3.518207694088172,0.0,19.198497070148534,17.33460622732931,318.681430906619,320.8159908817218,0.0
3.47,4.150098756219004,-1.7423402623301945,5.18995942323796,0.0,19.186215078549708,17.639979040581736,309.71822993049386,320.8159908817218,0.0
3.471,4.398656908069461,-1.6983781864035112,9.782537520812822,0.0,19.20098967263399,18.376430905110112,314.77998688538156,320.8159908817218,0.0
3.472,4.886717091761836,-1.7332965947101004,7.312019083332375,0.0,19.29221263943568,18.671831194807822,314.4519499385083,320.8159908817218,0.0
3.473,5.213300365862276,-1.7231419861218809,7.539677966201152,0.0,19.4023871474992,18.965517855392182,303.7794443483955,320.8159908817218,0.0
3.474,5.5289281274244,-1.6253299460467419,10.0,0.0,19.520255092492416,19.477758914582807,309.2938050131553,320.8159908817218,0.0
3.475,5.941964925056286,-1.566258526818422,10.0,0.0,19.672040613191015,19.88368167189182,300.970564925387,320.8159908817218,0.0
3.476,6.332497787305627,-1.5085673282370609,10.0,0.0,19.843484539898988,20.225362458668684,302.22194413113186,320.8159908817218,0.0
3.477,6.721484868252689,-1.3855428260631983,10.0,0.0,20.018996369360543,20.511136309156974,292.82613868430246,320.8159908817218,0.0
3.478,7.065521803642865,-1.2729721744758251,10.0,0.0,20.194381874271887,20.751929765459145,295.17996140025133,320.8159908817218,0.0
3.479,7.40473617313574,-1.1225991392641075,10.0,0.0,20.360892846964905,20.952309215331915,285.33650851457907,320.8159908817218,0.0
3.48,7.736304278425736,-0.9519412563169944,10.0,0.0,20.513522030603838,21.11622146959974,285.9499844101668,320.8159908817218,0.0
3.481,7.990340878993324,-0.8918144911912327,10.0,0.0,20.66237215597129,21.254377071795133,300.9603306055431,320.8159908817218,0.0
3.482,8.108884821617188,-1.0223974822832869,10.0,0.0,20.825118225692922,21.3831026586248,304.77463866723866,320.8159908817218,0.0
3.483,8.155503495198689,-1.225469427096308,10.0,0.0,21.005494331143872,21.511287679075927,318.7334565550325,320.8159908817218,0.0
3.484,8.145291130849358,-1.4808249915473541,6.4100816319851095,0.0,21.206709720736324,21.25139033435964,322.8016510962961,320.8159908817218,0.0
3.485,7.934912407237979,-1.612168487453753,4.3561277592075625,0.0,21.373708065803093,20.8706080567026,332.367831265506,320.8159908817218,0.0
3.486,7.555370458023184,-1.7313308970903805,-0.542480729235244,0.0,21.49772277869845,20.065942273494535,332.9280303790558,320.8159908817218,0.0
3.487,6.936275576950697,-1.6966645221944732,-0.9437006809834836,0.0,21.523864516648548,19.423301447514753,337.9109743305346,320.8159908817218,0.0
3.488,6.307900126518566,-1.6819802559318986,-3.606122491210998,0.0,21.481859392665733,18.62161502905722,338.6673295756384,320.8159908817218,0.0
3.489,5.620128981508487,-1.6181528871112603,-4.162813500702066,0.0,21.357011971327793,17.93065601855219,339.29646762246983,320.8159908817218,0.0
3.49,4.9829507863774225,-1.5611605557137493,-4.662187291525261,0.0,21.169922508307636,17.310155850082573,338.6416349819403,320.8159908817218,0.0
3.491,4.415863220756837,-1.513671735445448,-4.513027412262672,0.0,20.934838127826985,16.810405927051956,337.2694382343681,320.8159908817218,0.0
3.492,3.9508523540367086,-1.4822965086599407,-3.9914635120030546,0.0,20.67031080634762,16.438483308195284,335.33372117321176,320.8159908817218,0.0
3.493,3.5972330347415493,-1.4728229322985011,-3.1687822843397697,0.0,20.39431561399862,16.196827531571966,333.0751476842372,320.8159908817218,0.0
3.494,3.3578552821916046,-1.4829210606617131,-2.1620871078776496,0.0,20.12295989310576,16.07704283009783,330.7817368428904,320.8159908817218,0.0
3.495,3.225686688082535,-1.5094337382830916,-1.115039146815922,0.0,19.8695766874095,16.059354118460487,328.047643097313,320.8159908817218,0.0
3.496,3.1834470419980887,-1.549767436813062,0.17969120381684256,0.0,19.643934511181193,16.153370491504425,325.25266463703076,320.8159908817218,0.0
3.497,3.2319475472042205,-1.597550664453301,1.5328136964048857,0.0,19.45511100793525,16.345559728265993,322.30457974179944,320.8159908817218,0.0
3.498,3.3603709449042314,-1.6514432372316001,2.9919702554197682,0.0,19.309839129419267,16.632982118897626,319.58772074561034,320.8159908817218,0.0
3.499,3.5673950385153597,-1.7013105734717289,4.362682454875435,0.0,19.21278315907668,16.991833442644236,319.85820241263184,320.8159908817218,0.0
3.5,3.837356265211848,-1.7430900884755791,4.237019506055585,0.0,19.165414991431028,17.249938496616693,321.288765752036,320.8159908817218,0.0
3.501,4.066997420881564,-1.761026981694733,3.5170100876503625,0.0,19.150149409051263,17.376990907034255,313.5758379185909,320.8159908817218,0.0
3.5020000000000002,4.233094584351361,-1.7096625961361553,7.445875534004232,0.0,19.143286174607592,17.913212535030084,310.7694506064773,320.8159908817218,0.0
3.503,4.601074178319127,-1.6912253279495644,8.949534592813478,0.0,19.189216970762928,18.482422735085684,314.7882038377327,320.8159908817218,0.0
3.504,5.027001014327325,-1.725751403282004,7.000435847625667,0.0,19.291457948276726,18.726695386171276,307.5137127653543,320.8159908817218,0.0
3.505,5.326455707607995,-1.6738633427493654,10.0,0.0,19.401849145735792,19.27752716621196,307.4456839473668,320.8159908817218,0.0
3.5060000000000002,5.765675119837111,-1.6128052755174054,10.0,0.0,19.550086894662826,19.708999658058342,307.02484234036535,320.8159908817218,0.0
3.507,6.157179580541373,-1.5839347407967228,10.0,0.0,19.72408293973485,20.073475379057612,299.09828806533557,320.8159908817218,0.0
3.508,6.559072758164263,-1.4604543025154415,10.0,0.0,19.903832809535853,20.37860992753268,299.25359930628366,320.8159908817218,0.0
3.509,6.898456462072642,-1.3675597707742004,10.0,0.0,20.087137553095545,20.63789273248665,293.94925113729624,320.8159908817218,0.0
3.5100000000000002,7.255010914696064,-1.1947233787433698,10.0,0.0,20.259957044988685,20.8537505785517,286.61876437099437,320.8159908817218,0.0
3.511,7.56021808273541,-1.070358186108911,10.0,0.0,20.42512856502954,21.035297345241464,288.04196992895646,320.8159908817218,0.0
3.512,7.8806479858793,-0.8994849477584015,10.0,0.0,20.57438520544306,21.1830113696009,290.9825875633819,320.8159908817218,0.0
3.513,8.074588883886767,-0.9209134959044437,10.0,0.0,20.727553456930742,21.312750455816367,300.93322031503266,320.8159908817218,0.0
3.5140000000000002,8.128788518228026,-1.13227176800512,10.0,0.0,20.901413916340832,21.440809907761587,313.97587355427856,320.8159908817218,0.0
3.515,8.16518253126,-1.3288680682830836,8.532881062272956,0.0,21.090206285313997,21.408605032213224,317.73059084934215,320.8159908817218,0.0
3.516,8.059438075857098,-1.5519363257811054,6.686376415064961,0.0,21.27947047515701,21.222051389526033,330.48007275871095,320.8159908817218,0.0
3.517,7.84704314564519,-1.6911135948829732,0.21499464161067028,0.0,21.44423169877323,20.401998579253252,331.24292760003584,320.8159908817218,0.0
3.5180000000000002,7.247365892312882,-1.7068421731078818,-0.2707021462349175,0.0,21.510849889914265,19.75555489200534,335.2396808083686,320.8159908817218,0.0
3.519,6.635367688601083,-1.6790914062259856,-2.4133156496677524,0.0,21.502952023077153,19.01090990497214,338.220322637393,320.8159908817218,0.0
3.52,5.966416140799465,-1.6414426251607812,-4.077679881736675,0.0,21.417515585972073,18.24575038768635,338.59083692427845,320.8159908817218,0.0
3.521,5.292370285896397,-1.5766271411746244,-4.440685485604967,0.0,21.25735362542111,17.592731732875137,338.58238905290244,320.8159908817218,0.0
3.5220000000000002,4.6886131436002385,-1.5246108252960122,-4.61412553162877,0.0,21.042832355537318,17.033223225569557,337.660058814542,320.8159908817218,0.0
3.523,4.173163768369039,-1.4866620130385004,-4.321401091776764,0.0,20.790158155721823,16.592809390702584,335.9465402034774,320.8159908817218,0.0
3.524,3.761998394177638,-1.4677611855130128,-3.615947279462013,0.0,20.517010389495944,16.285915891705606,333.8010825550276,320.8159908817218,0.0
3.525,3.4653241183712544,-1.4699231001764284,-2.673069371970175,0.0,20.240914868881184,16.107581514283478,331.60795137149324,320.8159908817218,0.0
3.5260000000000002,3.281289344800364,-1.4901696939720017,-1.6844233851007013,0.0,19.97680096875657,16.036070384357544,329.11128994147083,320.8159908817218,0.0
3.527,3.193056102477577,-1.5254030097452405,-0.5190456606869844,0.0,19.735620544448928,16.071469376148354,326.3443026066628,320.8159908817218,0.0
3.528,3.195047018622856,-1.5695170828355987,0.8091648894676302,0.0,19.526598276633322,16.21255847640298,323.65403755252436,320.8159908817218,0.0
3.529,3.280863662549687,-1.6229674056985584,2.1259169498288157,0.0,19.358025540408782,16.440777139318268,320.38613342954426,320.8159908817218,0.0
3.5300000000000002,3.4411733467991312,-1.6752218698067507,3.7641675858406405,0.0,19.234345431921483,16.779580812849098,318.85294298668674,320.8159908817218,0.0
3.531,3.6868299636847564,-1.7220995843963867,4.55039328621975,0.0,19.161547705599784,17.11681929784477,320.87035853499475,320.8159908817218,0.0
3.532,3.95518271485213,-1.7549890250730307,3.5411418355330158,0.0,19.132902661738353,17.267112008669823,318.16793428101647,320.8159908817218,0.0
3.533,4.127850594452404,-1.7457963583505196,4.918834528529208,0.0,19.12081130559933,17.544839715518314,309.30454238830976,320.8159908817218,0.0
3.5340000000000003,4.360822894672939,-1.6996350812524827,9.465644959816688,0.0,19.132716041945493,18.25605746235146,313.4544562558021,320.8159908817218,0.0
3.535,4.831738317921237,-1.7273718872019888,7.464303372329719,0.0,19.21806474076578,18.582257255644357,314.22310347002247,320.8159908817218,0.0
3.536,5.167523130459836,-1.7226850284867057,7.145908639336523,0.0,19.326705626515157,18.83713475958885,303.7769344610215,320.8159908817218,0.0
3.537,5.462807171535436,-1.6250400972747756,10.0,0.0,19.43927610023789,19.365399202323818,307.6736092345574,320.8159908817218,0.0
3.5380000000000003,5.878239841987512,-1.5675278554537853,10.0,0.0,19.588066073573653,19.78080858121196,301.2227557375879,320.8159908817218,0.0
3.539,6.269904604928693,-1.5188713775928457,10.0,0.0,19.758740897318155,20.130627222325842,300.8627456712549,320.8159908817218,0.0
3.54,6.666791341241232,-1.3927821000685277,10.0,0.0,19.933946847050535,20.422790588337826,293.21925164402035,320.8159908817218,0.0
3.541,7.0050716141728975,-1.2967915909099461,10.0,0.0,20.111550475178678,20.670016250062485,294.52988303375406,320.8159908817218,0.0
3.5420000000000003,7.355426097420776,-1.132782895521324,10.0,0.0,20.2790352552653,20.875123517999544,283.1340827983038,320.8159908817218,0.0
3.543,7.678821940388854,-0.9780008270101956,10.0,0.0,20.434896343554634,21.044398539257557,288.8188995563893,320.8159908817218,0.0
3.544,7.9577274366401305,-0.8774450195938144,10.0,0.0,20.58258550701014,21.184886521060733,296.6708779420295,320.8159908817218,0.0
3.545,8.091774130766213,-0.9867363035183141,10.0,0.0,20.742582151606282,21.3141385396378,301.988867641067,320.8159908817218,0.0
3.5460000000000003,8.127408966760726,-1.2145198147719856,10.0,0.0,20.923467606999168,21.443885655798624,318.37104354348025,320.8159908817218,0.0
3.547,8.141910179669035,-1.4330343986900063,6.177898565495462,0.0,21.120997997587295,21.157076663027198,319.2946527770761,320.8159908817218,0.0
3.548,7.90854803989414,-1.5812738074168402,5.731307329743984,0.0,21.284215638960234,20.933612434508422,333.32206384021055,320.8159908817218,0.0
3.549,7.625172460242608,-1.7014075671125746,-1.4074589314081152,0.0,21.420497412823266,19.996855708973527,331.33267690534655,320.8159908817218,0.0
3.5500000000000003,6.948813783545099,-1.6794559607953403,-0.5179323242123619,0.0,21.44585932245466,19.40820412142169,335.20967532404484,320.8159908817218,0.0
3.551,6.345296416110328,-1.6534875365078165,-2.600368377984738,0.0,21.40718287175926,18.702613975252103,337.87293006238247,320.8159908817218,0.0
3.552,5.705317660801735,-1.6241465955407244,-4.102565138960159,0.0,21.298847232252946,17.983660404869962,338.03136941167037,320.8159908817218,0.0
3.553,5.070036288137372,-1.5696752110587047,-4.353938598903596,0.0,21.123751356775706,17.376620678031372,337.7351755951127,320.8159908817218,0.0
3.5540000000000003,4.507449708266029,-1.526595534061486,-4.375033537758675,0.0,20.901267045537445,16.8685003377135,336.5148366961612,320.8159908817218,0.0
3.555,4.0348704754000115,-1.498364380610234,-3.9218525464273064,0.0,20.64754450128156,16.485362308555132,334.69061214890434,320.8159908817218,0.0
3.556,3.6696884683748836,-1.4883988942564594,-3.148486485470708,0.0,20.38006651657103,16.231148513123028,332.60537646711475,320.8159908817218,0.0
3.557,3.4165968401849076,-1.4972185480955673,-2.2237625004298454,0.0,20.114984767574178,16.09378253553867,330.60273402964447,320.8159908817218,0.0
3.5580000000000003,3.268806434492124,-1.5195238983809687,-1.3203087131739295,0.0,19.86503998771158,16.0475036859051,327.9954153791463,320.8159908817218,0.0
3.559,3.204131284156682,-1.5545817388652483,-0.08844363289910273,0.0,19.639095109822296,16.11296522668627,325.1673517360136,320.8159908817218,0.0
3.56,3.2295069390294193,-1.5957293144851965,1.2820745801243478,0.0,19.44646652871341,16.28428640469087,322.31869338930886,320.8159908817218,0.0
3.561,3.338302616025006,-1.6461300039900313,2.691376728400839,0.0,19.295365523605206,16.548816893043522,319.32055163034136,320.8159908817218,0.0
3.5620000000000003,3.5254608278378696,-1.6950693854896102,4.205402000398397,0.0,19.190706992912993,16.904734543957584,318.86797149876674,320.8159908817218,0.0
3.563,3.788251538175598,-1.7370346268711248,4.451172260015258,0.0,19.136232863118384,17.19945365652988,321.1714154670759,320.8159908817218,0.0
3.564,4.036494491703131,-1.760257840371965,3.295896030007126,0.0,19.11881295863174,17.305036539183778,314.59855411221315,320.8159908817218,0.0
3.565,4.189719973927521,-1.7199370446376008,6.644501075133595,0.0,19.109025813193355,17.763846086878196,308.61504719799245,320.8159908817218,0.0
3.5660000000000003,4.514433928261466,-1.689263651728826,9.758263969081238,0.0,19.143127471805634,18.450637552987825,314.6665825083529,320.8159908817218,0.0
3.567,4.987444822795639,-1.7407618687454718,6.793990397634695,0.0,19.248469648968566,18.666168257693705,309.1381496717439,320.8159908817218,0.0
3.568,5.279138881255312,-1.7006384639616763,9.674985228038974,0.0,19.359902122189418,19.18987603921901,305.97798909340804,320.8159908817218,0.0
3.569,5.70403844073651,-1.6307732800146864,10.0,0.0,19.50527819005437,19.635475955567195,307.76501484176435,320.8159908817218,0.0
3.5700000000000003,6.097477708863351,-1.5988124728968054,10.0,0.0,19.677859605824153,20.008774015448303,297.5669333195544,320.8159908817218,0.0
3.571,6.493113971423451,-1.4910649040000026,10.0,0.0,19.858980061497604,20.322414814717945,301.12798376726516,320.8159908817218,0.0
3.572,6.840360438553783,-1.3911438887841423,10.0,0.0,20.04343871554589,20.588562830869222,292.7558279353465,320.8159908817218,0.0
3.573,7.193088741446933,-1.2284679791526854,10.0,0.0,20.219171165897176,20.811214262163265,289.375816133305,320.8159908817218,0.0
3.5740000000000003,7.499084764655166,-1.1055481592845413,10.0,0.0,20.387701093253558,20.99904151583906,288.51118199097834,320.8159908817218,0.0
3.575,7.8280797013898535,-0.9214928531087563,10.0,0.0,20.539143867761226,21.151809554074177,290.29436052734775,320.8159908817218,0.0
3.576,8.051293784449184,-0.8975173282513764,10.0,0.0,20.689922413969086,21.28318146616737,298.06439201977787,320.8159908817218,0.0
3.577,8.119583053127194,-1.092925937289026,10.0,0.0,20.86049499900819,21.411214362948044,313.0248375761955,320.8159908817218,0.0
3.5780000000000003,8.161024854771673,-1.2889678361021972,8.794019602321013,0.0,21.046424138000525,21.406967679315752,315.4742267637299,320.8159908817218,0.0
3.579,8.080314671801146,-1.5073787537264027,7.622742649733735,0.0,21.23540047668093,21.314250455281318,330.5563275399416,320.8159908817218,0.0
3.58,7.917144755520322,-1.6816586074661397,-0.015711104954307942,0.0,21.413194133824984,20.43832703298975,329.05415677243565,320.8159908817218,0.0
3.581,7.314562710752986,-1.6824533212675639,0.652992619891533,0.0,21.48396070300623,19.882369591683265,334.26752944215065,320.8159908817218,0.0
3.5820000000000003,6.742912761332303,-1.6777489586619128,-2.088209100570255,0.0,21.49152944411406,19.137720998914883,337.5933304253877,320.8159908817218,0.0
3.583,6.086424425089612,-1.647582343930298,-3.9188829876254436,0.0,21.420605167839856,18.360829246655175,338.1090733415682,320.8159908817218,0.0
3.584,5.407890575478028,-1.5837022970964585,-4.349685270314158,0.0,21.272359004962702,17.693526569863657,338.32194792989407,320.8159908817218,0.0
3.585,4.792453038919032,-1.5303536564198286,-4.63118213495881,0.0,21.06697764068801,17.11238570270492,337.415188683326,320.8159908817218,0.0
3.586,4.258491214460516,-1.4907842112653193,-4.343794489690817,0.0,20.820201173564687,16.655829820785357,335.9101761606436,320.8159908817218,0.0
3.587,3.8314191910843514,-1.4686718567857695,-3.7422300811388234,0.0,20.550410100420535,16.325188393160253,333.9270382948644,320.8159908817218,0.0
3.588,3.5149202480526665,-1.4681420711535043,-2.8817716223806715,0.0,20.27469683895353,16.119810950860845,331.6871980630328,320.8159908817218,0.0
3.589,3.3088514171383823,-1.4850244999836355,-1.870563578277963,0.0,20.007879524430923,16.029530808878647,329.36168689893117,320.8159908817218,0.0
3.59,3.203736067811956,-1.5166567260321369,-0.7932649563992507,0.0,19.762026647739397,16.039489717724805,326.5914906500823,320.8159908817218,0.0
3.591,3.185499603079423,-1.5596016122131537,0.5340781703415893,0.0,19.546162564821064,16.160057063367216,323.8573370518487,320.8159908817218,0.0
3.592,3.2547558045341374,-1.6106676354522582,1.8707415077571228,0.0,19.369129438453292,16.372940255194514,320.7367126787741,320.8159908817218,0.0
3.593,3.400954367130455,-1.664193610335489,3.4318464763238885,0.0,19.236465140909793,16.689797448499437,318.62895269808934,320.8159908817218,0.0
3.594,3.629868356885667,-1.7126137296794042,4.507596848502594,0.0,19.153543945830148,17.040705430726405,319.7810813362023,320.8159908817218,0.0
3.595,3.901636725751633,-1.7491495789663336,3.941881624901304,0.0,19.117540410709278,17.24763893622707,320.0519385083468,320.8159908817218,0.0
3.596,4.1023629783304685,-1.757289065656304,3.814093562562817,0.0,19.106360564693578,17.402516998949352,311.3641258953723,320.8159908817218,0.0
3.597,4.28058585792774,-1.6948366985805607,8.252518518913554,0.0,19.104835354306452,18.01269664238989,311.3435900597881,320.8159908817218,0.0
3.598,4.686604723434118,-1.6928568728075737,8.357510444924998,0.0,19.16488737213783,18.485990816335693,314.7381069282712,320.8159908817218,0.0
3.599,5.077916130753195,-1.7101892115058375,6.721030850217955,0.0,19.268189961095175,18.697914033842117,304.7288382258422,320.8159908817218,0.0
3.6,5.358258181868483,-1.6335650423586217,10.0,0.0,19.37375263091426,19.249102079367237,306.7382154273999,320.8159908817218,0.0
3.601,5.788443526664842,-1.5746982143472847,10.0,0.0,19.518168728914176,19.678420928407487,304.11075671380456,320.8159908817218,0.0
3.602,6.18069588032393,-1.5452018473308162,10.0,0.0,19.688419169926423,20.040403596889178,298.6966735485501,320.8159908817218,0.0
3.603,6.587595800042902,-1.4180380327471935,10.0,0.0,19.864149777751578,20.342376574991423,296.20551905990703,320.8159908817218,0.0
3.604,6.92610543612813,-1.3316109549129371,10.0,0.0,20.044269282188516,20.598558255293778,293.5100467238767,320.8159908817218,0.0
3.605,7.285084291077857,-1.1594232153238204,10.0,0.0,20.213918623635536,20.811031140325973,283.56059439295575,320.8159908817218,0.0
3.606,7.595977114923569,-1.0289244774147022,10.0,0.0,20.375217335666957,20.988613248926114,285.04904447593105,320.8159908817218,0.0
3.607,7.907747709831335,-0.8748743259166096,10.0,0.0,20.52250385806955,21.13338118066798,295.8822638980894,320.8159908817218,0.0
3.608,8.066154272985333,-0.9521728267342128,10.0,0.0,20.67958185801099,21.264093955478067,299.0520180375087,320.8159908817218,0.0
3.609,8.121018611058895,-1.1560233690929802,10.0,0.0,20.855673910090577,21.392992241244738,314.996731567122,320.8159908817218,0.0
3.61,8.131747548308228,-1.390227733291816,7.761122456666606,0.0,21.050770560177167,21.279701834159333,318.37483897812854,320.8159908817218,0.0
3.611,8.001231346957741,-1.5581347169214763,6.096480270199284,0.0,21.23115622910382,21.050992339234092,331.06722325240963,320.8159908817218,0.0
3.612,7.728950093989886,-1.7202723497942458,-0.35222419064814225,0.0,21.386788451425005,20.199127067678464,329.7011686965057,320.8159908817218,0.0
3.613,7.1206748465760015,-1.6883095925291405,0.24195130915598373,0.0,21.436533644730613,19.6420453597833,335.4638533707528,320.8159908817218,0.0
3.614,6.535792027856295,-1.6932926328237594,-2.7858696528578824,0.0,21.42646390992121,18.864898638773678,336.90806780006767,320.8159908817218,0.0
3.615,5.869718363958532,-1.6419436379054384,-3.668897636698768,0.0,21.33398825664781,18.165024022623264,338.24206187729254,320.8159908817218,0.0
3.616,5.227550691810154,-1.589988362972449,-4.510155385266912,0.0,21.17557111679327,17.506158937553813,338.0179100466816,320.8159908817218,0.0
3.617,4.6321750334592116,-1.5376684931713414,-4.570098661611041,0.0,20.961873549488452,16.958227109790805,336.8172746016193,320.8159908817218,0.0
3.618,4.125419201014854,-1.4992541720185435,-4.129793776278872,0.0,20.711050179509016,16.542541063208954,335.1685516460713,320.8159908817218,0.0
3.619,3.7309061883329973,-1.480383852911576,-3.4489579061483617,0.0,20.442048949979092,16.25215905421895,333.11686527764886,320.8159908817218,0.0
3.62,3.4479707736325063,-1.4829829208725154,-2.5461234658964065,0.0,20.171384243169943,16.0835963183916,330.9281610047968,320.8159908817218,0.0
3.621,3.2735184171233103,-1.5016685411511599,-1.5528930307011168,0.0,19.912959161010008,16.02141079400404,328.3834020073428,320.8159908817218,0.0
3.622,3.1932119141712176,-1.5347326964833403,-0.35618764323033547,0.0,19.67760823551107,16.06839579386871,325.61859813309275,320.8159908817218,0.0
3.623,3.203412304218744,-1.5777496382122798,0.9781882213809796,0.0,19.47489212458535,16.220036384494804,322.82466739538773,320.8159908817218,0.0
3.624,3.2974561699670093,-1.629671381938718,2.355066825096826,0.0,19.312892906207438,16.46411137139652,319.64273056161267,320.8159908817218,0.0
3.625,3.469099301946839,-1.6807335960544934,3.9577678451854514,0.0,19.19659873447295,16.81216695808256,318.5558137607872,320.8159908817218,0.0
3.626,3.722846942218977,-1.726772266229423,4.5238280168075296,0.0,19.1312931701586,17.133831368493954,320.7892028709594,320.8159908817218,0.0
3.6270000000000002,3.985238889769762,-1.7549482052295056,3.4074013418290545,0.0,19.107323569905084,17.26200560764105,316.5093417967094,320.8159908817218,0.0
3.628,4.14689914429146,-1.7351117805755443,5.590398369804175,0.0,19.096104587489698,17.611100694153265,307.96645262641795,320.8159908817218,0.0
3.629,4.4146957102514905,-1.6959899870688955,9.990338337502944,0.0,19.11681197892787,18.358486780229434,314.1104595026913,320.8159908817218,0.0
3.63,4.910091415093827,-1.7405124890307457,6.985390213156573,0.0,19.215475932980727,18.60684574161367,312.28033139963617,320.8159908817218,0.0
3.6310000000000002,5.214970411625657,-1.7222057153916628,7.985810859504994,0.0,19.326650417646793,18.951748222036475,302.5034405077139,320.8159908817218,0.0
3.632,5.552204300749116,-1.6253693482586795,10.0,0.0,19.450728769240303,19.45078756403631,308.6580498764987,320.8159908817218,0.0
3.633,5.957212226274034,-1.5756188659643153,10.0,0.0,19.607799030493396,19.851010382674062,299.353480328786,320.8159908817218,0.0
3.634,6.34664883408645,-1.5099138050942238,10.0,0.0,19.782454495612182,20.188129997969227,301.61342664475774,320.8159908817218,0.0
3.6350000000000002,6.726571851302256,-1.391498980416503,10.0,0.0,19.960987795642758,20.471106032431138,291.99749372803495,320.8159908817218,0.0
3.636,7.07237097818708,-1.2676430859207501,10.0,0.0,20.137525368968713,20.709399119664738,292.9812741890884,320.8159908817218,0.0
3.637,7.400832574639101,-1.1283256125427714,10.0,0.0,20.306152130558818,20.908843871166713,285.8011086645086,320.8159908817218,0.0
3.638,7.733937254203832,-0.950429061111949,10.0,0.0,20.459685245216495,21.07184992488989,284.3397183046303,320.8159908817218,0.0
3.6390000000000002,7.985932400263014,-0.889504696319976,10.0,0.0,20.609242939167906,21.20952026543565,300.32861798774314,320.8159908817218,0.0
3.64,8.09431711881073,-1.0337541812393543,10.0,0.0,20.77408858476781,21.338976973742326,305.1462978227254,320.8159908817218,0.0
3.641,8.145306154610113,-1.226937602035044,10.0,0.0,20.955203018076716,21.46744762902587,317.2276276172456,320.8159908817218,0.0
3.642,8.130704586729959,-1.4877841263524896,6.653855959183438,0.0,21.157814357050068,21.23522288044694,322.8509020686498,320.8159908817218,0.0
3.6430000000000002,7.937412939347772,-1.6172905368881245,3.8218696216120573,0.0,21.328579327183917,20.789540749431787,330.80962950729577,320.8159908817218,0.0
3.644,7.528350513447437,-1.724220244687537,-0.25743048396665724,0.0,21.448166790955455,20.02816413066881,332.2489667068511,320.8159908817218,0.0
3.645,6.921844596440471,-1.6940346630606644,-1.0914288419956133,0.0,21.475268135416577,19.366562128443647,337.16366155455717,320.8159908817218,0.0
3.646,6.288107168965117,-1.676895391579042,-3.7122529725770033,0.0,21.431915681162376,18.55752584795566,337.7098798846203,320.8159908817218,0.0
3.6470000000000002,5.596118208130347,-1.608963965753936,-4.154301027637559,0.0,21.304693780158857,17.872422316757287,338.3356607902071,320.8159908817218,0.0
3.648,4.961308568872287,-1.5517310799885884,-4.642388179515809,0.0,21.1160674129599,17.256747013132433,337.6738079432778,320.8159908817218,0.0
3.649,4.3982545034417955,-1.5052409267138431,-4.480039926666708,0.0,20.880194564115794,16.762103633287126,336.30788107606355,320.8159908817218,0.0
3.65,3.9378359014697915,-1.4753614952676688,-3.9519953950030122,0.0,20.615622826245232,16.39481422805907,334.39564527289946,320.8159908817218,0.0
3.6510000000000002,3.5884733427922195,-1.4675863092525356,-3.1316740373327416,0.0,20.340222845491713,16.156577189028667,332.16801128542255,320.8159908817218,0.0
3.652,3.3523747264980606,-1.4792415022311816,-2.131377247631296,0.0,20.06989898199832,16.038930511321986,329.9196983476603,320.8159908817218,0.0
3.653,3.2223644201268606,-1.5069007519450541,-1.0982578534095557,0.0,19.81776880262233,16.02159642804191,327.22480027020197,320.8159908817218,0.0
3.654,3.18071384104325,-1.5481196266937907,0.1851030914348093,0.0,19.59337571658115,16.11490270577839,324.4574505612125,320.8159908817218,0.0
3.6550000000000002,3.2287298339390724,-1.5963476521850766,1.5323633491346307,0.0,19.4056454609743,16.30610580102626,321.54803423157153,320.8159908817218,0.0
3.656,3.356030990839034,-1.6506490213859806,2.979751080456621,0.0,19.261299410810103,16.59163264172704,318.8604257441915,320.8159908817218,0.0
3.657,3.5611887953270838,-1.7008105965777827,4.343110975521941,0.0,19.16491540931149,16.948373557560608,319.12901796919505,320.8159908817218,0.0
3.658,3.8289047145065638,-1.7428271452673783,4.225684592145436,0.0,19.117964104150037,17.205854307474024,320.58975784975576,320.8159908817218,0.0
3.6590000000000003,4.057035872507934,-1.7610591424501627,3.497576982184742,0.0,19.103041358699276,17.331557010429684,312.9841618164123,320.8159908817218,0.0
3.66,4.220988073629432,-1.7105994878602058,7.3786932895095525,0.0,19.096448276112437,17.861647607906683,310.053469713147,320.8159908817218,0.0
3.661,4.5845142551294025,-1.6917347181407707,8.95166455282795,0.0,19.14195303340875,18.4339371553153,314.17080008366986,320.8159908817218,0.0
3.662,5.009914659968574,-1.7271956002570605,6.9594512755470515,0.0,19.24422561444627,18.675516267861283,307.06634513094036,320.8159908817218,0.0
3.6630000000000003,5.306670966916382,-1.6762331501050047,10.0,0.0,19.35446837029675,19.229158030003198,306.8674728554056,320.8159908817218,0.0
3.664,5.745511381580669,-1.6165869881707078,10.0,0.0,19.50299957346513,19.66274952172784,306.6939296431677,320.8159908817218,0.0
3.665,6.136982545260901,-1.588945027676718,10.0,0.0,19.677592651454127,20.02916156073867,298.51966665380223,320.8159908817218,0.0
3.666,6.537984498836557,-1.467708312648424,10.0,0.0,19.85830800649714,20.33619620039081,299.0601893729887,320.8159908817218,0.0
3.6670000000000003,6.877452757123947,-1.3749575342422893,10.0,0.0,20.042665071526674,20.59726742270617,293.37997024480285,320.8159908817218,0.0
3.668,7.233010471724057,-1.2035636478765017,10.0,0.0,20.216767732568613,20.814950563269814,286.64182621198455,320.8159908817218,0.0
3.669,7.53678987304286,-1.0811110610319732,10.0,0.0,20.383472595873485,20.998415498882217,287.866344607393,320.8159908817218,0.0
3.67,7.858166908944815,-0.9079793770519782,10.0,0.0,20.534033507039762,21.147890747327846,288.8140345634522,320.8159908817218,0.0
3.6710000000000003,8.058047331395805,-0.9199947359999228,10.0,0.0,20.687538858258037,21.278701485934945,301.5048331361665,320.8159908817218,0.0
3.672,8.12013643252938,-1.1195907637346392,10.0,0.0,20.86061015767654,21.406950688902977,311.3147596383181,320.8159908817218,0.0
3.673,8.159189625982593,-1.3131349060625257,9.603516830628212,0.0,21.04849314282871,21.49239399261665,318.92499602999277,320.8159908817218,0.0
3.674,8.107968719592522,-1.571368061642683,5.817308583308165,0.0,21.25260236552757,21.181588020600113,326.8477023807142,320.8159908817218,0.0
3.6750000000000003,7.857881373901004,-1.6804193066405766,1.7956382929575136,0.0,21.414633374148863,20.544749317551922,332.4502726252787,320.8159908817218,0.0
3.676,7.331108068903406,-1.7365328089432777,-1.1219896467603077,0.0,21.501859384406526,19.762519405298043,334.16827804976026,320.8159908817218,0.0
3.677,6.676515724704117,-1.6844843636352178,-2.114515230681458,0.0,21.495853338406114,19.053970975273117,338.1150703509788,320.8159908817218,0.0
3.678,6.009570130036599,-1.6467067198472165,-4.260902175983289,0.0,21.415957997639655,18.256317567478078,338.2819632897571,320.8159908817218,0.0
3.6790000000000003,5.318668271821941,-1.5748336959803007,-4.519008369452786,0.0,21.256758593982855,17.592841903014218,338.22722270575804,320.8159908817218,0.0
3.68,4.703920247297687,-1.517933954917652,-4.665750395693632,0.0,21.04159132296713,17.026946567794784,337.32641035020083,320.8159908817218,0.0
3.681,4.18152223374373,-1.4779533757547743,-4.380448412599819,0.0,20.787522379233742,16.580290978644136,335.61125855072345,320.8159908817218,0.0
3.682,3.76508307909571,-1.458255975396829,-3.6708251895511435,0.0,20.51242786271089,16.268683915615387,333.46756626095356,320.8159908817218,0.0
3.6830000000000003,3.464535288583077,-1.46057313845665,-2.7254947984585174,0.0,20.234133953477595,16.086514083436825,331.2559150419753,320.8159908817218,0.0
3.684,3.2774486033686263,-1.4817285666133315,-1.724068430571922,0.0,19.96775637741642,16.013009497577855,328.8562485471573,320.8159908817218,0.0
3.685,3.187617585077713,-1.5179829905146058,-0.6046377598172734,0.0,19.724442532723042,16.04135126796267,326.0632885369679,320.8159908817218,0.0
3.686,3.1854021071302836,-1.5628392736774241,0.739369268724968,0.0,19.51286589644637,16.178519335663072,323.3900901121838,320.8159908817218,0.0
3.6870000000000003,3.2680386401997925,-1.6169911612832726,2.050227488812378,0.0,19.341671875372427,16.402455093472845,320.1483732113203,320.8159908817218,0.0
3.688,3.4247428476634987,-1.6707383434724317,3.6777621159481617,0.0,19.215361503351602,16.73638700268798,318.4575104014061,320.8159908817218,0.0
3.689,3.666592590016464,-1.7186751457627842,4.546778325708401,0.0,19.139810935884423,17.07857469099761,320.3742099598293,320.8159908817218,0.0
3.69,3.93615011661732,-1.754023748285238,3.5928463557157526,0.0,19.109443172249488,17.238133044430207,318.2947202738547,320.8159908817218,0.0
3.6910000000000003,4.113139299141044,-1.7491137896043445,4.657803904781714,0.0,19.097174438841186,17.488610201441617,309.593962408475,320.8159908817218,0.0
3.692,4.332894667844748,-1.700030358829287,9.120403122204017,0.0,19.105830216676413,18.170645909104685,312.6861580027628,320.8159908817218,0.0
3.693,4.785638562895474,-1.7198003731861093,7.65560365384972,0.0,19.184489523381416,18.53198541532324,314.40033482225886,320.8159908817218,0.0
3.694,5.13344521457216,-1.720399608277145,6.862671804696319,0.0,19.291285065754217,18.758751100133168,303.9173095148008,320.8159908817218,0.0
3.6950000000000003,5.415560605457384,-1.6243544443854767,10.0,0.0,19.399506661991747,19.29900056419372,307.0270057108021,320.8159908817218,0.0
3.696,5.83412716600201,-1.5678943521866382,10.0,0.0,19.54568088650861,19.721452791767874,301.92940469977907,320.8159908817218,0.0
3.697,6.227059471092582,-1.526315280029786,10.0,0.0,19.715473814315953,20.077240331081786,299.80004981316296,320.8159908817218,0.0
3.698,6.62935487979623,-1.3993973648437947,10.0,0.0,19.890321023325058,20.374105237338547,294.1652597389847,320.8159908817218,0.0
3.6990000000000003,6.967032404802064,-1.3101384328221266,10.0,0.0,20.0688206986884,20.62564680020693,293.98267763767836,320.8159908817218,0.0
3.7,7.3221554188875935,-1.1420797092749029,10.0,0.0,20.237030692532276,20.834197418025465,282.52177625238,320.8159908817218,0.0
3.701,7.64008282460667,-0.9986916640310103,10.0,0.0,20.395182651032254,21.007293188958283,286.70821309573995,320.8159908817218,0.0
3.702,7.939654820414186,-0.8644998397101326,10.0,0.0,20.541501770552664,21.149120933166188,293.681748118464,320.8159908817218,0.0
3.7030000000000003,8.07757666311941,-0.9710961735179469,10.0,0.0,20.70043926750389,21.279222132165845,302.2455122750766,320.8159908817218,0.0
3.704,8.115309641254395,-1.1997276891853854,10.0,0.0,20.880576638045294,21.409435551792857,316.1960573473161,320.8159908817218,0.0
3.705,8.141182736147616,-1.402494768458467,7.126984528798066,0.0,21.07573967705863,21.226140954022195,318.90296752893147,320.8159908817218,0.0
3.706,7.9533782331962986,-1.5884999531664932,5.792659671518298,0.0,21.251489851918713,20.983563766614758,330.30061039063094,320.8159908817218,0.0
3.7070000000000003,7.6833022987608315,-1.7019669306379361,-0.001007954420526147,0.0,21.396028606226825,20.18668943291198,332.11992331661565,320.8159908817218,0.0
3.708,7.074766572794319,-1.7170933862083324,-1.0237037417618238,0.0,21.446955292071877,19.49363471817411,334.92680044189945,320.8159908817218,0.0
3.709,6.439609030428264,-1.6751662661501157,-2.5682504000054953,0.0,21.41872059009653,18.779086941361737,337.8727931263923,320.8159908817218,0.0
3.71,5.781860943528565,-1.6363592742641995,-4.211814764698633,0.0,21.318005082730615,18.033824572634554,338.01904989763847,320.8159908817218,0.0
3.7110000000000003,5.124807145393785,-1.573385441624303,-4.456973740480878,0.0,21.146295837557034,17.40818348328022,337.7025768325913,320.8159908817218,0.0
3.712,4.544455632553632,-1.5236077894476798,-4.4676030674659994,0.0,20.92434760455236,16.886486070564487,336.62912116387724,320.8159908817218,0.0
3.713,4.059216534106568,-1.4900350424688567,-4.089006535930515,0.0,20.669229227930664,16.484088273259392,334.83582088774375,320.8159908817218,0.0
3.714,3.679820693003485,-1.4760015706077394,-3.332554697923989,0.0,20.3981749548057,16.212723306424873,332.6654920913365,320.8159908817218,0.0
3.715,3.4136036852311147,-1.4818883589450818,-2.365885311816505,0.0,20.1278774937455,16.065648435496986,330.52451669256357,320.8159908817218,0.0
3.716,3.2566888054973218,-1.5043383428790555,-1.392482870538461,0.0,19.872312922047897,16.018257346928383,327.9612401284495,320.8159908817218,0.0
3.717,3.1893730550939496,-1.5412619915501626,-0.182297080948707,0.0,19.641402800177666,16.079270906235998,325.0909419464441,320.8159908817218,0.0
3.718,3.212019251722488,-1.5847955378746543,1.2101024994067693,0.0,19.44410450003421,16.248989954235864,322.312619454209,320.8159908817218,0.0
3.719,3.3190928568401468,-1.6385461915464632,2.5842974597994357,0.0,19.288985171145743,16.507693082664378,319.31480867865633,320.8159908817218,0.0
3.72,3.5027730153514276,-1.6896330411513276,4.0982146696064365,0.0,19.180330134908793,16.85866882745097,318.64321121372564,320.8159908817218,0.0
3.721,3.7613189871014217,-1.7341164766120853,4.455741198751748,0.0,19.122020486178826,17.161266984935736,320.91237155530604,320.8159908817218,0.0
3.722,4.013587062686968,-1.7586383158449421,3.3201972212257043,0.0,19.10205418603134,17.274125230382808,315.176210040578,320.8159908817218,0.0
3.723,4.168309750086186,-1.7264288159671746,6.244675787001169,0.0,19.091582077064423,17.69225228842291,307.9968976765431,320.8159908817218,0.0
3.724,4.471436791365965,-1.6925208822650786,9.962522901070406,0.0,19.120562107089757,18.415441078985403,314.5695419077411,320.8159908817218,0.0
3.725,4.959268409086885,-1.7444126451319921,6.738665275211206,0.0,19.225010186421187,18.62677597597247,310.4996829700628,320.8159908817218,0.0
3.726,5.24752518565409,-1.712926908915915,8.87675782316695,0.0,19.336164598905757,19.06802101848252,304.14503239013555,320.8159908817218,0.0
3.727,5.631595512521813,-1.6252913343240991,10.0,0.0,19.471003018549915,19.539067543772305,307.67209587731344,320.8159908817218,0.0
3.728,6.028287750512279,-1.5874716491103462,10.0,0.0,19.636178439131054,19.92546539381894,297.7292121693468,320.8159908817218,0.0
3.729,6.42113057883558,-1.499612098590859,10.0,0.0,19.814189748953737,20.250495212183356,302.0249944033622,320.8159908817218,0.0
3.73,6.784405422129937,-1.390396305440313,10.0,0.0,19.995767767889223,20.524791375214463,291.8062785859824,320.8159908817218,0.0
3.731,7.134560599969898,-1.2452304917044312,10.0,0.0,20.171741519654834,20.75493140270654,290.9577341924452,320.8159908817218,0.0
3.732,7.450367256211034,-1.1161576981632164,10.0,0.0,20.34038554984091,20.948417622217857,287.7984459645224,320.8159908817218,0.0
3.733,7.784640818635981,-0.9295327999342278,10.0,0.0,20.492275788089742,21.105807597492312,286.62374779671836,320.8159908817218,0.0
3.734,8.024280650945151,-0.8833741549659058,10.0,0.0,20.641504798076898,21.23962995313445,298.35286703576264,320.8159908817218,0.0
3.735,8.103530047752944,-1.0680996076810634,10.0,0.0,20.809974528877916,21.36867193888532,309.7769540214649,320.8159908817218,0.0
3.736,8.153521312675881,-1.2561076646122173,10.0,0.0,20.993335116909194,21.496950153967767,315.53246077429117,320.8159908817218,0.0
3.737,8.134580524702187,-1.5172732533398054,7.51974247300692,0.0,21.198035601836303,21.360491677702186,327.89649332396635,320.8159908817218,0.0
3.738,7.982122346684817,-1.6729420770647205,1.2669211737468808,0.0,21.383132105366613,20.611722321609378,329.60901101889783,320.8159908817218,0.0
3.739,7.435157177688709,-1.7131696025373349,0.32273212490938175,0.0,21.477710362499344,19.97364855590876,333.99334305193116,320.8159908817218,0.0
3.74,6.843132450064968,-1.6922956341742295,-2.001207413309378,0.0,21.496325005574086,19.222301602124432,337.40256856563025,320.8159908817218,0.0
3.741,6.171968565885358,-1.6571597562945597,-3.8716859469980047,0.0,21.434287282079776,18.43334534468597,337.9072995349002,320.8159908817218,0.0
3.742,5.480798757674125,-1.5880429158210394,-4.294964518164752,0.0,21.29230621151776,17.75854212321191,338.2886386106861,320.8159908817218,0.0
3.743,4.855311868863098,-1.53250359134931,-4.660360533347369,0.0,21.09162476857739,17.162952200557733,337.4606181876453,320.8159908817218,0.0
3.744,4.309096223298844,-1.4904628196012142,-4.412796594886197,0.0,20.847383386018073,16.69156797138145,336.00592245289755,320.8159908817218,0.0
3.745,3.86918255676627,-1.4659977228303762,-3.8373480432240763,0.0,20.578156965869734,16.346650075028023,334.0532633806015,320.8159908817218,0.0
3.746,3.5402487851917157,-1.463557915554323,-2.993391232064844,0.0,20.30133767026823,16.128165668213875,331.8089604647956,320.8159908817218,0.0
3.747,3.322673590068653,-1.4793033968796816,-1.981169469992623,0.0,20.032108264564023,16.02739653198513,329.5370595830695,320.8159908817218,0.0
3.748,3.208289162749434,-1.5100954677727316,-0.9324297161430586,0.0,19.782954558792337,16.025427059165462,326.7959972769355,320.8159908817218,0.0
3.749,3.180273657015073,-1.5532598483070954,0.37830137297179567,0.0,19.562959437465693,16.134370046672316,324.0340337360477,320.8159908817218,0.0
3.75,3.2408299086359142,-1.6033407956243013,1.7271027148724323,0.0,19.380935387421967,16.338738717278094,321.03484732833186,320.8159908817218,0.0
3.751,3.3793630568069526,-1.6578632516440948,3.2245073542642584,0.0,19.243047270132184,16.641061528950424,318.6440548583276,320.8159908817218,0.0
3.7520000000000002,3.5975869443240205,-1.707334214140718,4.441622949500337,0.0,19.154076827053046,16.99565262066342,319.35209489154266,320.8159908817218,0.0
3.753,3.868011802663298,-1.7467075895456428,4.102241892794593,0.0,19.113298899122697,17.22881999116506,320.831934052656,320.8159908817218,0.0
3.754,4.082907561372797,-1.7601939501827917,3.362162880528592,0.0,19.10100526695159,17.335643666166654,311.91533694200064,320.8159908817218,0.0
3.755,4.238242119924572,-1.6954272702566362,7.9094679752534764,0.0,19.093364167099494,17.923222117139765,310.49204849852276,320.8159908817218,0.0
3.7560000000000002,4.627269941323112,-1.6859016328919967,8.724351620824404,0.0,19.144844869019074,18.454203048327592,314.1521856771027,320.8159908817218,0.0
3.757,5.041081717870961,-1.7155733370181916,6.960921083580629,0.0,19.24763473769301,18.69347874382979,305.76272370198996,320.8159908817218,0.0
3.758,5.336559375927812,-1.6578262876257348,10.0,0.0,19.35742429657534,19.242674418206956,306.68953190667463,320.8159908817218,0.0
3.759,5.773258848941072,-1.5970154158234788,10.0,0.0,19.50504274160282,19.67245652641955,305.428488285846,320.8159908817218,0.0
3.7600000000000002,6.163794137515563,-1.568933909751745,10.0,0.0,19.67839669599895,20.03543038130058,298.5263644536266,320.8159908817218,0.0
3.761,6.566975346525486,-1.4436568072359526,10.0,0.0,19.857212974227558,20.338997666027772,297.6795999773573,320.8159908817218,0.0
3.762,6.904359438173242,-1.3545989349670449,10.0,0.0,20.039960758181586,20.597009412113934,293.53907701414545,320.8159908817218,0.0
3.763,7.261797415785356,-1.1808970862733257,10.0,0.0,20.21201831371522,20.81155042536605,284.9152949772118,320.8159908817218,0.0
3.7640000000000002,7.568280342498326,-1.0545854115835098,10.0,0.0,20.376166949291754,20.991704350684007,286.65779859100815,320.8159908817218,0.0
3.765,7.883848705743867,-0.8918295057634475,10.0,0.0,20.525276080949123,21.138610056337942,292.86450141251646,320.8159908817218,0.0
3.766,8.066855144447173,-0.9295574836645373,10.0,0.0,20.679942506633466,21.26876107996731,299.1645506755162,320.8159908817218,0.0
3.767,8.118380808717891,-1.1422775871893887,10.0,0.0,20.85517932372104,21.397525885119425,314.7311331307388,320.8159908817218,0.0
3.7680000000000002,8.144991806466109,-1.3529359710814504,7.85384490612531,0.0,21.04681416080794,21.292448878029273,316.74960093688065,320.8159908817218,0.0
3.769,8.01131157109917,-1.5409354185849882,6.885274902502786,0.0,21.227351168863606,21.14693284176495,331.63873859960694,320.8159908817218,0.0
3.77,7.7970312020405945,-1.7008911450762971,-0.6675214060392074,0.0,21.390998007926285,20.235134254271994,329.4945153869579,320.8159908817218,0.0
3.771,7.162588574216491,-1.682886036895935,0.31780495523294316,0.0,21.44352018516865,19.682439957630034,334.44971203169166,320.8159908817218,0.0
3.7720000000000002,6.582544915839465,-1.6742764282158782,-2.296130578633628,0.0,21.43475370914958,18.95034151218169,337.4249942466614,320.8159908817218,0.0
3.773,5.933118984568781,-1.6429889871339234,-3.9498617197679007,0.0,21.350298513755355,18.20044160934617,337.89433107165837,320.8159908817218,0.0
3.774,5.273113849305764,-1.5833214984303525,-4.355313534165745,0.0,21.19304829827044,17.555130094648593,337.88481817918256,320.8159908817218,0.0
3.775,4.67778544176766,-1.5330796809990819,-4.521245360902447,0.0,20.98206202783385,17.003312800551782,336.8525287125991,320.8159908817218,0.0
3.7760000000000002,4.167763670729976,-1.4971460393021443,-4.1654660059194955,0.0,20.733542372618885,16.576522766875247,335.26731013925234,320.8159908817218,0.0
3.777,3.765488859890857,-1.4786462623622563,-3.517369911821418,0.0,20.465520040511347,16.274442559327756,333.2515327174743,320.8159908817218,0.0
3.778,3.4730157412278206,-1.480863927211995,-2.6338366192899083,0.0,20.194520861762683,16.094625135506288,331.0939036276991,320.8159908817218,0.0
3.779,3.2888742794776906,-1.4989602707771614,-1.657801201862089,0.0,19.934608279650416,16.02154892878973,328.58051026823847,320.8159908817218,0.0
3.7800000000000002,3.1993342770532815,-1.5312407032509654,-0.4787497159969445,0.0,19.696749219214183,16.05773237945367,325.84175516061856,320.8159908817218,0.0
3.781,3.2004578341379704,-1.5738316702934496,0.8403701950240419,0.0,19.490656611937904,16.198805263057693,323.10705020428986,320.8159908817218,0.0
3.782,3.2857414780940397,-1.6255301489397187,2.1848120799627107,0.0,19.324541476730317,16.430489040542408,319.8581755375991,320.8159908817218,0.0
3.783,3.447490252153742,-1.6768587070423178,3.8188275667493214,0.0,19.203335389396777,16.771750682748024,318.45298821883443,320.8159908817218,0.0
3.7840000000000003,3.694537171809672,-1.7233908468855805,4.545051252760525,0.0,19.132981324818893,17.104752329171536,320.5410300802869,320.8159908817218,0.0
3.785,3.960821242087945,-1.7550049808328352,3.5037799300486547,0.0,19.105975064676915,17.24879554360244,317.47643005201223,320.8159908817218,0.0
3.786,4.1297619471715565,-1.7433770733041456,5.069475552483071,0.0,19.094478540824593,17.54245240541455,308.6004394958673,320.8159908817218,0.0
3.787,4.36966220221488,-1.6991991531396713,9.62962634441408,0.0,19.108754063395917,18.26685393854435,313.3372536317392,320.8159908817218,0.0
3.7880000000000003,4.848269546943628,-1.731644658223085,7.336006648977957,0.0,19.198052971783895,18.572095390831286,313.54213159688834,320.8159908817218,0.0
3.789,5.175500798566604,-1.7239391381667173,7.306306259251723,0.0,19.307774072304746,18.84420237858157,303.02211084451966,320.8159908817218,0.0
3.79,5.477521741793087,-1.626434467314834,10.0,0.0,19.42308530295539,19.366724101749792,307.7689728884145,320.8159908817218,0.0
3.791,5.89105507669203,-1.5688791633575443,10.0,0.0,19.57376154613101,19.779119380852165,300.47729534757735,320.8159908817218,0.0
3.7920000000000003,6.2811154093726005,-1.5178711840007284,10.0,0.0,19.74557436820963,20.12657145311598,300.9918800045403,320.8159908817218,0.0
3.793,6.6740955590203335,-1.393634592140601,10.0,0.0,19.92179516999572,20.41713238722683,292.45771778269665,320.8159908817218,0.0
3.794,7.013099984749013,-1.2929136287509173,10.0,0.0,20.099613044960034,20.662898622771536,294.50788142283716,320.8159908817218,0.0
3.795,7.3592267548171275,-1.1332011490818004,10.0,0.0,20.267664592852665,20.867186121807997,283.4570251047605,320.8159908817218,0.0
3.7960000000000003,7.6846367925995205,-0.9732252675650324,10.0,0.0,20.423339513689534,21.03551618927469,287.9805650079556,320.8159908817218,0.0
3.797,7.956026559095403,-0.8839107653476329,10.0,0.0,20.572055112760637,21.175981968141663,297.6916717337865,320.8159908817218,0.0
3.798,8.089859943666633,-0.9919691070264616,10.0,0.0,20.732725292418177,21.305264954391188,301.61885988907557,320.8159908817218,0.0
3.799,8.127711042553564,-1.2142193604373466,10.0,0.0,20.913623697193316,21.434861372949666,318.15883044455785,320.8159908817218,0.0
3.8000000000000003,8.135297091473838,-1.4434088873498632,6.138649892238461,0.0,21.112380248773068,21.144383523883672,319.35559045784044,320.8159908817218,0.0
3.801,7.904557618406838,-1.5815759925012702,5.5548738898359815,0.0,21.275119846585767,20.902684458222172,334.43820247320855,320.8159908817218,0.0
3.802,7.60459332546571,-1.708439302650354,-2.122654233762942,0.0,21.40998887111594,19.89342760282909,330.1968276970925,320.8159908817218,0.0
3.803,6.895838059701374,-1.6563831985755348,-0.09577521385861854,0.0,21.423450503104057,19.373278745158466,334.86358183023617,320.8159908817218,0.0
3.8040000000000003,6.313634195104042,-1.6432262602845207,-2.569628189915604,0.0,21.38262438395504,18.67105319133646,337.48920622609114,320.8159908817218,0.0
3.805,5.684248575463291,-1.6185621333385483,-4.049172541286783,0.0,21.273076836757575,17.96036661160601,337.6778656940865,320.8159908817218,0.0
3.806,5.057350020357643,-1.5675341049782572,-4.312121023408112,0.0,21.098048944456647,17.358330030474434,337.39466361597437,320.8159908817218,0.0
3.807,4.500368731020731,-1.5265617226527146,-4.336306711694568,0.0,20.87632350150044,16.853962333611626,336.18688474545814,320.8159908817218,0.0
3.8080000000000003,4.03162662038593,-1.4995155971174288,-3.8861262150738205,0.0,20.62376848316795,16.473612392927087,334.37893296104875,320.8159908817218,0.0
3.809,3.669035228979399,-1.490183127255658,-3.1177797436623913,0.0,20.357677862170814,16.22125588331518,332.31188394047075,320.8159908817218,0.0
3.81,3.4175599798200924,-1.4992293921656372,-2.199214163960882,0.0,20.094049066150916,16.084921075111257,330.3181034911439,320.8159908817218,0.0
3.811,3.2705534302413586,-1.521540320025512,-1.2973450653916863,0.0,19.84551340832809,16.03953278113339,327.8077814988994,320.8159908817218,0.0
3.8120000000000003,3.2060698035252875,-1.556926370140073,-0.11210197544119094,0.0,19.62096184312378,16.10081093312288,324.8520797968269,320.8159908817218,0.0
3.813,3.2296945867514,-1.5961107475274896,1.325387986443995,0.0,19.42894967065031,16.27653401587882,322.0320747322327,320.8159908817218,0.0
3.814,3.339769126199539,-1.6469351070812193,2.723229680236,0.0,19.27890985947682,16.542999308303052,319.1275797158192,320.8159908817218,0.0
3.815,3.5285092280847308,-1.6956491322678113,4.192361300101765,0.0,19.17537085783809,16.89577948580194,318.5654957896627,320.8159908817218,0.0
3.8160000000000003,3.7896105097700916,-1.7374700652263317,4.4959082141006075,0.0,19.121576936486697,17.194792849761743,321.0010558526084,320.8159908817218,0.0
3.817,4.039726824707438,-1.7606459952588074,3.276277532918901,0.0,19.105194886640408,17.296428859294192,314.5242853153774,320.8159908817218,0.0
3.818,4.190557824914911,-1.7207570856903753,6.577579857197819,0.0,19.095995103379135,17.747512378497813,308.23098275115706,320.8159908817218,0.0
3.819,4.510492209517775,-1.6885368330729955,9.85008122061365,0.0,19.129678311672127,18.44584522188366,314.4710788209675,320.8159908817218,0.0
3.8200000000000003,4.988426504979926,-1.7406765217673732,6.793482306315983,0.0,19.235884051756965,18.65938877889852,309.1965973460456,320.8159908817218,0.0
3.821,5.279359271349579,-1.7023735298325438,9.546916979133673,0.0,19.34808884753503,19.168419096027254,305.4259050366365,320.8159908817218,0.0
3.822,5.697349261475949,-1.6286530047297496,10.0,0.0,19.492249967606195,19.61700207533783,307.46743372711126,320.8159908817218,0.0
3.823,6.090703377239526,-1.5950574915287077,10.0,0.0,19.663894972400225,19.991522985683087,297.0666949713915,320.8159908817218,0.0
3.8240000000000003,6.485114418126462,-1.490404191719414,10.0,0.0,19.844651659902354,20.306304632133276,301.1249984469065,320.8159908817218,0.0
3.825,6.834320312369834,-1.3890270262097593,10.0,0.0,20.028705888091327,20.57321524473077,292.46433596413726,320.8159908817218,0.0
3.826,7.186303366444195,-1.229019203533381,10.0,0.0,20.204458665881848,20.796614141881662,289.4365248506291,320.8159908817218,0.0
3.827,7.493343919033726,-1.105504555295017,10.0,0.0,20.372989522528943,20.98499379685241,288.2616976753829,320.8159908817218,0.0
3.8280000000000003,7.822971386726601,-0.9210430584363616,10.0,0.0,20.524449640836337,21.138199956070473,290.22548954073125,320.8159908817218,0.0
3.829,8.04663343057317,-0.8967637704807307,10.0,0.0,20.675258256528274,21.269924961051277,297.63814217960214,320.8159908817218,0.0
3.83,8.11574622392289,-1.091226547747187,10.0,0.0,20.845792209527957,21.39819254027319,312.89865824651275,320.8159908817218,0.0
3.831,8.156676900198963,-1.2885537488138499,8.775535966602881,0.0,21.031860889494528,21.39218446674233,315.1714479913284,320.8159908817218,0.0
3.8320000000000003,8.076566803901496,-1.5040912647210818,7.69558652309898,0.0,21.2204577488505,21.30805568746523,330.3506394712998,320.8159908817218,0.0
3.833,7.915641412483684,-1.683433818685679,0.010644297217503151,0.0,21.399354350120184,20.4335560137325,328.7887365352855,320.8159908817218,0.0
3.834,7.31707424523624,-1.6815237816980635,0.7118683086890121,0.0,21.470907794281338,19.882613165503734,334.0613022517302,320.8159908817218,0.0
3.835,6.747544784177499,-1.679732237611057,-2.056867663233402,0.0,21.48003363972382,19.13900931853177,337.36083632604766,320.8159908817218,0.0
3.8360000000000003,6.093067404135146,-1.6488338998572967,-3.8720831548353996,0.0,21.410505614212806,18.364989313638322,337.9820680073444,320.8159908817218,0.0
3.837,5.415928006170729,-1.5859375236058182,-4.354359766740008,0.0,21.263918772753428,17.694460794265296,338.1816103485214,320.8159908817218,0.0
3.838,4.799095364048836,-1.5318983196973073,-4.6277871319965005,0.0,21.059622414835253,17.112152395278223,337.2841162641875,320.8159908817218,0.0
3.839,4.263827837332187,-1.491687066432923,-4.343721343654201,0.0,20.813642006990197,16.654337812285878,335.7897474127601,320.8159908817218,0.0
3.84,3.835434088531493,-1.4691102892456798,-3.746274483250886,0.0,20.544396848672463,16.322355780670115,333.81161671059755,320.8159908817218,0.0
3.841,3.5176416478091173,-1.4681793955947127,-2.887165390458364,0.0,20.26900137249519,16.115848198978753,331.57388806034817,320.8159908817218,0.0
3.842,3.310419641143138,-1.4848101989469067,-1.8758800371199373,0.0,20.00233338307176,16.02471862210413,329.2603729519429,320.8159908817218,0.0
3.843,3.204406742896217,-1.516275306029791,-0.8035663036195064,0.0,19.75651408864881,16.03346605986679,326.4955480713982,320.8159908817218,0.0
3.844,3.185116011696831,-1.5591677614189163,0.522050564756062,0.0,19.540554986466383,16.152913394046667,323.763235108107,320.8159908817218,0.0
3.845,3.253423063979041,-1.6100966001668184,1.8587346041378279,0.0,19.363309775628572,16.364892477175513,320.6582188746032,320.8159908817218,0.0
3.846,3.3987337107781004,-1.6636801257324774,3.4128204409608944,0.0,19.230371893612173,16.68023063193933,318.53005491435744,320.8159908817218,0.0
3.847,3.62643944166239,-1.71216779641657,4.4997617807574315,0.0,19.147059423793387,17.031169348105244,319.64704718411616,320.8159908817218,0.0
3.848,3.897750625739695,-1.748975426983513,3.9529550828541247,0.0,19.11073603522859,17.24009762256569,320.02515477452056,320.8159908817218,0.0
3.849,4.099362512104734,-1.7576042897936115,3.7718096487239383,0.0,19.099518911569763,17.390578604288958,311.32675471777924,320.8159908817218,0.0
3.85,4.275352651191256,-1.6948689477696868,8.215902038734024,0.0,19.097484422198413,17.998208596280552,311.1916285214054,320.8159908817218,0.0
3.851,4.679393601860271,-1.692228558596029,8.37970876052411,0.0,19.15675329157449,18.47576535244993,314.6247085845008,320.8159908817218,0.0
3.852,5.07209815631544,-1.7104557605891066,6.7250815519486125,0.0,19.259882345740877,18.688689168295394,304.7253150424157,320.8159908817218,0.0
3.853,5.352818913433007,-1.6351987611866876,10.0,0.0,19.365530334120972,19.24046857160598,306.66308289670775,320.8159908817218,0.0
3.854,5.783480417734031,-1.5765089881205812,10.0,0.0,19.51008815895087,19.67032009104107,304.17551865783236,320.8159908817218,0.0
3.855,6.1756718112354445,-1.5475312675635524,10.0,0.0,19.680574701710675,20.03280780277349,298.6012424345177,320.8159908817218,0.0
3.856,6.582406521691815,-1.4207712861752397,10.0,0.0,19.856607540620594,20.33527649339346,296.2988942447161,320.8159908817218,0.0
3.857,6.920865288196101,-1.3343919290743491,10.0,0.0,20.037049835234306,20.59193848163152,293.453131051597,320.8159908817218,0.0
3.858,7.279822508916732,-1.1620988703657158,10.0,0.0,20.207025656323513,20.804877793892924,283.6474242757816,320.8159908817218,0.0
3.859,7.590138413235551,-1.0323852314537127,10.0,0.0,20.3687522568367,20.98297557976923,285.20676242459274,320.8159908817218,0.0
3.86,7.9022918451463955,-0.877517582250118,10.0,0.0,20.516377670862934,21.12820252864224,295.36687585788275,320.8159908817218,0.0
3.861,8.064288904896097,-0.9491933108338806,10.0,0.0,20.673196245010082,21.258971181777202,298.7977600566269,320.8159908817218,0.0
3.862,8.118887166438189,-1.153996205268022,10.0,0.0,20.84922138815794,21.38795898884125,314.9667882333571,320.8159908817218,0.0
3.863,8.131728444708832,-1.3851569453233803,7.733258041871825,0.0,21.043922450159165,21.271442356125224,318.01620041057186,320.8159908817218,0.0
3.864,7.999143619319355,-1.5538870929279702,6.236549857975937,0.0,21.223750451524616,21.05878975580921,331.3717070952678,320.8159908817218,0.0
3.865,7.7356434348917045,-1.7179814673938236,-0.5467606465075079,0.0,21.380693472437112,20.181847314040272,329.3854531843674,320.8159908817218,0.0
3.866,7.117023495924206,-1.682613182019462,0.36067168591624466,0.0,21.42871649194564,19.64135727159308,335.08561281414353,320.8159908817218,0.0
3.867,6.538292545700505,-1.6887250308533885,-2.6321043482960347,0.0,21.418914191484053,18.878913053388796,336.80052399447237,320.8159908817218,0.0
3.868,5.8809687383476525,-1.6427810771488076,-3.6494052695879606,0.0,21.328732745852363,18.176275995265367,338.1340195912339,320.8159908817218,0.0
3.869,5.240281977931858,-1.59179132561505,-4.4893333550638355,0.0,21.172156305839827,17.516567723773896,337.9436686704335,320.8159908817218,0.0
3.87,4.644565067697698,-1.5396526617113042,-4.565434672550769,0.0,20.960041327165328,16.96632276388311,336.7664861085783,320.8159908817218,0.0
3.871,4.136077396041169,-1.5008989300171274,-4.136348343891731,0.0,20.71037182652187,16.5478277862212,335.1310527570196,320.8159908817218,0.0
3.872,3.739159453624296,-1.4814625318766006,-3.461782286865343,0.0,20.44206931169806,16.254702856196737,333.08618817136386,320.8159908817218,0.0
3.873,3.4537125471945136,-1.4834751698869457,-2.5620519669339057,0.0,20.171700309516723,16.08371482259764,330.9158267125184,320.8159908817218,0.0
3.874,3.276996308461583,-1.5016121839349152,-1.5778695958191546,0.0,19.913244349358788,16.018635766959946,328.36858149018747,320.8159908817218,0.0
3.875,3.1943423948986904,-1.534090767241947,-0.379772890738332,0.0,19.677517353676176,16.06349260282257,325.609100025483,320.8159908817218,0.0
3.876,3.202506615283188,-1.5769125123478926,0.9520367501763025,0.0,19.47423434727666,16.213084545602538,322.8206174186618,320.8159908817218,0.0
3.8770000000000002,3.2947725854241505,-1.6286961219312432,2.3262317882174837,0.0,19.311506815398204,16.45516473672829,319.6260854663925,320.8159908817218,0.0
3.878,3.4646788213435147,-1.6798417216350343,3.9353968185054273,0.0,19.19436823569176,16.802263332255162,318.4868980791884,320.8159908817218,0.0
3.879,3.717341125681981,-1.726082162063021,4.528281440132821,0.0,19.12822836595868,17.12597007721679,320.6977056663032,320.8159908817218,0.0
3.88,3.98050071333362,-1.7548483901079435,3.424060498729606,0.0,19.103775038375744,17.256878079340034,316.63187816155954,320.8159908817218,0.0
3.8810000000000002,4.143308319343458,-1.7366262566444381,5.498815378303055,0.0,19.09256574680197,17.596237953875203,307.9862807726162,320.8159908817218,0.0
3.882,4.406026847692695,-1.6968532570231485,9.949911173865768,0.0,19.112220563215395,18.342142938457318,313.9506684953347,320.8159908817218,0.0
3.883,4.8996930358392,-1.7397781595551267,7.036370536370404,0.0,19.209619865720427,18.598746382729825,312.485165365939,320.8159908817218,0.0
3.884,5.207854491187458,-1.7232385346837293,7.8524303562260815,0.0,19.320690974641025,18.929370301177823,302.31363395160093,320.8159908817218,0.0
3.8850000000000002,5.537857170499746,-1.6259180835166682,10.0,0.0,19.443177511134703,19.432892321118786,308.64690358798555,320.8159908817218,0.0
3.886,5.944769391082671,-1.5737195148498722,10.0,0.0,19.59899895793142,19.83537477880628,299.58519258186357,320.8159908817218,0.0
3.887,6.3344029948840905,-1.5103797229658007,10.0,0.0,19.773041114396648,20.17440056119237,301.3862928052526,320.8159908817218,0.0
3.888,6.715119664881427,-1.3935055719007332,10.0,0.0,19.951358874755634,20.458945483324676,292.1107813145877,320.8159908817218,0.0
3.8890000000000002,7.061361325390924,-1.2711792215471147,10.0,0.0,20.128012194263718,20.698588273323587,293.1437978246682,320.8159908817218,0.0
3.89,7.39135347783368,-1.1308885016730437,10.0,0.0,20.296755745138277,20.8990953961098,285.6357080993171,320.8159908817218,0.0
3.891,7.724009912231851,-0.9547270285154268,10.0,0.0,20.450700798355392,21.063133875445487,284.5832345717517,320.8159908817218,0.0
3.892,7.97809380482489,-0.8911015725816136,10.0,0.0,20.60041800876322,21.201540348328056,300.11668462863724,320.8159908817218,0.0
3.8930000000000002,8.093122386239674,-1.0255027973818291,10.0,0.0,20.764424534705896,21.33096558993346,304.307355728579,320.8159908817218,0.0
3.894,8.14247302349592,-1.2226295904991935,10.0,0.0,20.945312867209744,21.459570675688546,317.41001615708416,320.8159908817218,0.0
3.895,8.130650463257311,-1.4799544667598519,6.535361571380272,0.0,21.147307343496216,21.214087846969154,322.15825396910867,320.8159908817218,0.0
3.896,7.929759399145129,-1.6095929685810062,4.1478200344941465,0.0,21.316241075719816,20.80734935542902,330.8868401796668,320.8159908817218,0.0
3.8970000000000002,7.539517701760397,-1.7232475161776002,-0.317181563764378,0.0,21.438813200784466,20.031821001896887,331.95807259030244,320.8159908817218,0.0
3.898,6.932149874281411,-1.6922906990190383,-0.9642185861679922,0.0,21.467033482626025,19.382486683791456,336.95877994515047,320.8159908817218,0.0
3.899,6.304175253582886,-1.6776050234527935,-3.6260001542262943,0.0,21.426192448332188,18.577585753420408,337.5891286144599,320.8159908817218,0.0
3.9,5.6156942032510475,-1.6116737163329298,-4.108905866208404,0.0,21.301839837403104,17.89204216934913,338.26959552168466,320.8159908817218,0.0
3.9010000000000002,4.981176907072335,-1.55517091009287,-4.623675366220403,0.0,21.11581213354459,17.273734186786925,337.6459785426003,320.8159908817218,0.0
3.902,4.416220854778218,-1.508417371921126,-4.480166753287,0.0,20.88197854067922,16.775387867308442,336.30695620276947,320.8159908817218,0.0
3.903,3.9526148077054932,-1.4778508067849732,-3.9655652365820675,0.0,20.618798888369277,16.40401100585454,334.41004466668886,320.8159908817218,0.0
3.904,3.5995784552419394,-1.4691684895218833,-3.153050006391434,0.0,20.34415012589736,16.161882463769214,332.19124832024767,320.8159908817218,0.0
3.9050000000000002,3.359837105203974,-1.480007620508169,-2.1574044075560947,0.0,20.074032513045225,16.040738948194765,329.94992648521225,320.8159908817218,0.0
3.906,3.2263582887435884,-1.507297112403126,-1.1280828460732888,0.0,19.82170576271944,16.02025219497756,327.2464023585734,320.8159908817218,0.0
3.907,3.1819800547652886,-1.547697412562341,0.1593751024776222,0.0,19.59673415020308,16.111455418348267,324.50434629122486,320.8159908817218,0.0
3.908,3.227810405034023,-1.5957469303453005,1.4935195820568556,0.0,19.408261465229963,16.29943735052914,321.6169145029978,320.8159908817218,0.0
3.9090000000000003,3.3525909790728825,-1.6498717854450096,2.929226239957619,0.0,19.262907480855375,16.581092548926303,318.8872812450712,320.8159908817218,0.0
3.91,3.5547395188948636,-1.6999087979394774,4.313329965287422,0.0,19.16521723758136,16.936952638613555,319.0402776383415,320.8159908817218,0.0
3.911,3.821124561965439,-1.7419626712524496,4.254588901086096,0.0,19.117007583542954,17.19987427134968,320.6139415671672,320.8159908817218,0.0
3.912,4.051954991345463,-1.7610130995455964,3.4697774298187736,0.0,19.10158606656112,17.32321342740987,313.17231933003603,320.8159908817218,0.0
3.9130000000000003,4.214440153054463,-1.712346043157992,7.267025263901223,0.0,19.094496736397915,17.842656829133404,309.80515240919397,320.8159908817218,0.0
3.914,4.572330589582016,-1.6915414316419723,9.060717109047534,0.0,19.138258842720496,18.431037485892592,314.22157520293155,320.8159908817218,0.0
3.915,5.003993861612254,-1.7296810592662755,6.918449868966647,0.0,19.24088620924058,18.667465917189716,307.31008839765934,320.8159908817218,0.0
3.916,5.2992702173309905,-1.6797755496782918,10.0,0.0,19.35102267990744,19.222743662414842,306.8255108233937,320.8159908817218,0.0
3.9170000000000003,5.738404170269371,-1.6203033016596033,10.0,0.0,19.499630385843954,19.65733980760778,306.8985075457566,320.8159908817218,0.0
3.918,6.130158402955149,-1.5927544093602717,10.0,0.0,19.674401280033376,20.024635482809025,298.44450840969984,320.8159908817218,0.0
3.919,6.530615631047834,-1.4727449845132083,10.0,0.0,19.855499104513786,20.332545927145745,299.32131754829646,320.8159908817218,0.0
3.92,6.870609263390424,-1.3792921918917713,10.0,0.0,20.040198478039944,20.59438038222008,293.2778039403401,320.8159908817218,0.0
3.9210000000000003,7.2258276756638855,-1.2084369007472366,10.0,0.0,20.21475180562124,20.81282724011295,286.9982105236431,320.8159908817218,0.0
3.922,7.529009673150604,-1.086926935343281,10.0,0.0,20.382036942950695,20.997086909373852,288.0116717147038,320.8159908817218,0.0
3.923,7.851612522261345,-0.9116491890008342,10.0,0.0,20.53295408102967,21.14719463201429,288.439683110565,320.8159908817218,0.0
3.924,8.05391961452637,-0.9201017162160818,10.0,0.0,20.686472833021895,21.278355544540545,301.96228429125426,320.8159908817218,0.0
3.9250000000000003,8.120619989662426,-1.1129694413099926,10.0,0.0,20.8588867255557,21.406438270671075,310.377980817461,320.8159908817218,0.0
3.926,8.160070104525179,-1.3067866947020725,10.0,0.0,21.046258722071364,21.53528160455839,319.8127960640598,320.8159908817218,0.0
3.927,8.130266046148918,-1.5762359457101254,5.3599636192339695,0.0,21.255479097401164,21.163246750394286,326.2361002227315,320.8159908817218,0.0
3.928,7.856461420346967,-1.6752144696444842,2.09411044648801,0.0,21.414767094904256,20.56631440223964,332.58552698042706,320.8159908817218,0.0
3.9290000000000003,7.344337697548849,-1.7328350737870903,-1.198298293346813,0.0,21.503781539057936,19.76909322224617,333.9920675237858,320.8159908817218,0.0
3.93,6.685030441252083,-1.6820524282291274,-2.033329331446825,0.0,21.498010123744095,19.068968838839425,337.9419722327896,320.8159908817218,0.0
3.931,6.022078271662899,-1.6445724361385694,-4.179541499459411,0.0,21.419188438946577,18.276878390233428,338.29940401705426,320.8159908817218,0.0
3.932,5.334546472599097,-1.5754607637828861,-4.533091522945053,0.0,21.26181239372999,17.6076854133061,338.2344487952893,320.8159908817218,0.0
3.9330000000000003,4.717772305135211,-1.5184279996913344,-4.674798491198262,0.0,21.047672168015822,17.038591703707255,337.3441840899052,320.8159908817218,0.0
3.934,4.192784707503082,-1.4779493313761847,-4.3949480705880255,0.0,20.794154268039424,16.588774852511424,335.6445173158633,320.8159908817218,0.0
3.935,3.7735883077121253,-1.4578027519600871,-3.6933999479085036,0.0,20.51919513588848,16.273821413726864,333.508204195908,320.8159908817218,0.0
3.936,3.4702019538437465,-1.4597014523545528,-2.7521655210726994,0.0,20.240646895911716,16.08856824625843,331.28955681762767,320.8159908817218,0.0
3.9370000000000003,3.2804304112802996,-1.4805824459175991,-1.7475774912916036,0.0,19.97370608547378,16.012918916690005,328.8874779926408,320.8159908817218,0.0
3.938,3.188944229512032,-1.5160560918287664,-0.6272529499073638,0.0,19.72958771423739,16.03949602285797,326.1702683525472,320.8159908817218,0.0
3.939,3.1847094819462343,-1.5616831708185777,0.6778090954311748,0.0,19.5172031329712,16.17090812127345,323.4632846897006,320.8159908817218,0.0
3.94,3.2639454237070087,-1.6150393390092121,2.0048279887747134,0.0,19.34461112738426,16.39210370846582,320.23567835988194,320.8159908817218,0.0
3.9410000000000003,3.4181227248178336,-1.6685763877128568,3.624434278902426,0.0,19.216753394750732,16.72263989565629,318.4219093892398,320.8159908817218,0.0
3.942,3.6572503241864163,-1.716741371190352,4.555259579148332,0.0,19.1394978317951,17.0687691480707,320.1744446712319,320.8159908817218,0.0
3.943,3.928415194118156,-1.752800757364477,3.6854074002571555,0.0,19.108065633020853,17.24013106656881,318.6739447619245,320.8159908817218,0.0
3.944,4.111480216605654,-1.751526029360896,4.457077816108854,0.0,19.096412032031697,17.467370337097975,310.07387448570944,320.8159908817218,0.0
3.9450000000000003,4.321451598695823,-1.698893116709892,8.864534118176495,0.0,19.102870845082805,18.12655760773919,312.27454236310757,320.8159908817218,0.0
3.946,4.760264762303503,-1.7120597954892076,7.849614664663571,0.0,19.17657716768516,18.518586595538356,314.5353073709075,320.8159908817218,0.0
3.947,5.119657634058027,-1.71693965195182,6.782038995871748,0.0,19.282520874230286,18.736354103528946,304.0242905575741,320.8159908817218,0.0
3.948,5.39900339905008,-1.6247116426914032,10.0,0.0,19.389453081336686,19.280456593085432,306.86521134590527,320.8159908817218,0.0
3.9490000000000003,5.820271447556555,-1.5678546807336884,10.0,0.0,19.53477033096535,19.70511641666983,302.40986624709194,320.8159908817218,0.0
3.95,6.213220641027994,-1.5297973815790458,10.0,0.0,19.704404104702164,20.062830252061868,299.36656168658294,320.8159908817218,0.0
3.951,6.617468048158541,-1.4024241174424814,10.0,0.0,19.879215398541014,20.361198358438745,294.64852198084543,320.8159908817218,0.0
3.952,6.955256271212075,-1.3147833661707584,10.0,0.0,20.058015623635146,20.614096553097227,293.75754927486065,320.8159908817218,0.0
3.9530000000000003,7.3118928792983215,-1.1453595029664703,10.0,0.0,20.22646542824596,20.823732806140328,282.5935627315638,320.8159908817218,0.0
3.954,7.627694622574252,-1.0061950855496362,10.0,0.0,20.385420030416185,20.998078588660704,285.9954625199027,320.8159908817218,0.0
3.955,7.932851904891642,-0.8629846529261322,10.0,0.0,20.531552247207017,21.140475969523912,292.7266663985593,320.8159908817218,0.0
3.956,8.075004724853407,-0.9636560374293408,10.0,0.0,20.689816937026674,21.270661596607262,302.2012411989762,320.8159908817218,0.0
3.9570000000000003,8.113278007621776,-1.1926679441009957,10.0,0.0,20.869458316461547,21.40086659705935,315.4949493728205,320.8159908817218,0.0
3.958,8.140441035432554,-1.3945640654452345,7.473531242531313,0.0,21.06407451227929,21.255498471856644,318.78110141829717,320.8159908817218,0.0
3.959,7.971286385873201,-1.590854999961516,5.850804114427217,0.0,21.244265317578343,21.00977212396886,330.03091471025346,320.8159908817218,0.0
3.96,7.706834951319269,-1.7046597557315577,0.13374823016375714,0.0,21.39242002134825,20.22138672671717,332.1003229028299,320.8159908817218,0.0
3.9610000000000003,7.103278187368459,-1.7224806722671713,-1.0137991863355325,0.0,21.44774296827722,19.521342412284394,334.8690730153798,320.8159908817218,0.0
3.962,6.465781739922041,-1.6791267044065652,-2.5387050639470745,0.0,21.42258204343998,18.804659693195113,337.88122543075,320.8159908817218,0.0
3.963,5.805333831018201,-1.6394377675312795,-4.215433617122468,0.0,21.32433669579987,18.05421237696282,338.02728669309863,320.8159908817218,0.0
3.964,5.1441543831423955,-1.575045314839106,-4.460577206410541,0.0,21.154184870873156,17.424912008477108,337.7367080745828,320.8159908817218,0.0
3.9650000000000003,4.560068642771081,-1.5242246364689473,-4.484495069081232,0.0,20.93317184149674,16.898984602308484,336.68025258424,320.8159908817218,0.0
3.966,4.0710264320108935,-1.4897980818568883,-4.114909940935021,0.0,20.678388660217475,16.49239596232178,334.89447392847876,320.8159908817218,0.0
3.967,3.6879633689784628,-1.475029549809665,-3.3628054435219674,0.0,20.407144660088402,16.217270026465766,332.7255312379999,320.8159908817218,0.0
3.968,3.418412639102965,-1.4804364943955242,-2.397429501845327,0.0,20.136254915611556,16.067022542448722,330.5849963978836,320.8159908817218,0.0
3.969,3.258684317005359,-1.5026098894434794,-1.4248521369487719,0.0,19.879814401190096,16.016915191239534,328.0263301935271,320.8159908817218,0.0
3.97,3.189117317677753,-1.5392685993372706,-0.21762242788858233,0.0,19.647817927227706,16.075299104761832,325.17650433500995,320.8159908817218,0.0
3.971,3.209554250880265,-1.5829586046420223,1.1636853668371039,0.0,19.44929880549837,16.24157280721934,322.40597597590613,320.8159908817218,0.0
3.972,3.314153836523838,-1.6366527110438478,2.533049695447171,0.0,19.292728417838866,16.496882640369236,319.3705502252104,320.8159908817218,0.0
3.973,3.4952038594057524,-1.6878430312798054,4.065216977360139,0.0,19.18244004642224,16.84697970250195,318.60866658937624,320.8159908817218,0.0
3.974,3.7525263888382385,-1.7327077063386056,4.468232038200685,0.0,19.122613429414663,17.1535532271443,320.88457738368555,320.8159908817218,0.0
3.975,4.006942511298468,-1.7578090676601579,3.329590776026392,0.0,19.10173932956686,17.268793499997795,315.4921783150768,320.8159908817218,0.0
3.976,4.1623825522418505,-1.7284926284363915,6.079028435997225,0.0,19.091000845061355,17.669692647520506,307.88942585875117,320.8159908817218,0.0
3.977,4.45655343380851,-1.6929164659236946,10.0,0.0,19.117805910274512,18.4024361307181,314.4839975464892,320.8159908817218,0.0
3.978,4.948131793486483,-1.743371443348844,6.775510997585252,0.0,19.221110626428,18.619550355462692,310.954414751481,320.8159908817218,0.0
3.979,5.238930133296202,-1.7153467269316156,8.638918156391759,0.0,19.332209024860465,19.035431273058744,303.62477643606985,320.8159908817218,0.0
3.98,5.610816492774821,-1.6240582252877735,10.0,0.0,19.464024187192628,19.513919353802734,307.89354333772974,320.8159908817218,0.0
3.981,6.008823381118877,-1.5843774320995347,10.0,0.0,19.62705463913171,19.90406743014639,298.51720311971854,320.8159908817218,0.0
3.982,6.401654060242984,-1.5010556866651945,10.0,0.0,19.80402826944535,20.232272438229383,301.82328305005535,320.8159908817218,0.0
3.983,6.7684498326068345,-1.3909608886821458,10.0,0.0,19.984847827212135,20.508935080366662,291.9144393476996,320.8159908817218,0.0
3.984,7.118494352715604,-1.2498845355694104,10.0,0.0,20.160834242553406,20.741176474578555,291.27598456805924,320.8159908817218,0.0
3.985,7.43671437816462,-1.1197125955078249,10.0,0.0,20.329538005906084,20.93628861330509,287.50143657909337,320.8159908817218,0.0
3.986,7.771939649837072,-0.9333703074353201,10.0,0.0,20.481686674508797,21.095067334864755,285.33133655445494,320.8159908817218,0.0
3.987,8.015683417038495,-0.8818659173157565,10.0,0.0,20.63069628837477,21.229723489453303,298.63696965505403,320.8159908817218,0.0
3.988,8.099525008298661,-1.0611176872927677,10.0,0.0,20.798503294911665,21.359029852602973,308.7422331837167,320.8159908817218,0.0
3.989,8.15208188770896,-1.2465799972357492,10.0,0.0,20.98106857350381,21.487243439268845,315.5608110192106,320.8159908817218,0.0
3.99,8.132384287317885,-1.5108248966985807,7.496400863601344,0.0,21.185410998744786,21.348188594960607,326.8096500325819,320.8159908817218,0.0
3.991,7.981748366876953,-1.662176183939438,1.8120447654070881,0.0,21.369419889632727,20.659603273414504,329.74608944444554,320.8159908817218,0.0
3.992,7.463465320429962,-1.7190268657388639,0.254524073848021,0.0,21.470909421402787,19.999298433927017,333.7883010681124,320.8159908817218,0.0
3.993,6.870787460298283,-1.69592901920052,-1.896304839849308,0.0,21.493110246109875,19.254168792124176,337.3622839897319,320.8159908817218,0.0
3.994,6.201162167843685,-1.662181374612026,-3.8487592317391677,0.0,21.43509676172662,18.460242506570108,337.8436751666847,320.8159908817218,0.0
3.995,5.507320440041668,-1.5920242355984275,-4.259731663065196,0.0,21.29611218838068,17.783851414739836,338.28901756694336,320.8159908817218,0.0
3.996,4.879265976569339,-1.5359367363107146,-4.657133130046738,0.0,21.097918909654787,17.18374411140722,337.4999656955558,320.8159908817218,0.0
3.997,4.329133558613114,-1.492975424539705,-4.4294469424912855,0.0,20.855369359166296,16.70708172717665,336.0656314241207,320.8159908817218,0.0
3.998,3.8845850240821767,-1.4674133723827132,-3.864776212197728,0.0,20.58702631268404,16.35706655939587,334.12335021814533,320.8159908817218,0.0
3.999,3.5510413853899827,-1.4639126994858271,-3.026709202574289,0.0,20.31038660057483,16.13400358241142,331.88417556487525,320.8159908817218,0.0
4.0,3.3292433724948025,-1.4788565860594909,-2.0178037227707817,0.0,20.040783396230175,16.029244209628185,329.5914918883738,320.8159908817218,0.0
4.001,3.2111191693585415,-1.5092389852957255,-0.9592168945865822,0.0,19.790857200091907,16.025131632207078,326.8799774196607,320.8159908817218,0.0
4.002,3.1807604115138526,-1.552171298565444,0.3359004743905887,0.0,19.569931096292667,16.130472956551458,324.14305424327966,320.8159908817218,0.0
4.003,3.2385487254241836,-1.6021221965891357,1.6710914289655232,0.0,19.3866970109577,16.330447067286357,321.16451734988505,320.8159908817218,0.0
4.0040000000000004,3.3738493783479457,-1.6563479677569333,3.1568746109812,0.0,19.247249071077935,16.62787941020773,318.6832763863921,320.8159908817218,0.0
4.005,3.588263381872143,-1.7057889279380525,4.418822237680972,0.0,19.15638540738653,16.98334759810739,319.26628163297096,320.8159908817218,0.0
4.006,3.8580068689983866,-1.7458012323543384,4.142816706879049,0.0,19.114061872738215,17.223674872644093,320.70125385452064,320.8159908817218,0.0
4.007,4.076736502668927,-1.7606973320110917,3.426477966376218,0.0,19.10124186692648,17.338337035282493,312.2052607302074,320.8159908817218,0.0
4.008,4.235859696192929,-1.7003065213557509,7.760581830047991,0.0,19.094378127791106,17.908849538533886,310.4246292565237,320.8159908817218,0.0
4.009,4.6176683833112255,-1.6879944375789109,8.754811183141815,0.0,19.1445015917855,18.44724088410242,314.13544508005117,320.8159908817218,0.0
4.01,5.032614729300258,-1.7182561712438371,6.966208729394786,0.0,19.246903755478233,18.688290866882827,306.0773164968884,320.8159908817218,0.0
4.011,5.328440291982724,-1.6621729819933602,10.0,0.0,19.35669893292552,19.238687783623313,306.7472583362439,320.8159908817218,0.0
4.0120000000000005,5.765734286168094,-1.601714526516509,10.0,0.0,19.50446468609218,19.66954252999487,305.76361138467536,320.8159908817218,0.0
4.013,6.156551810559089,-1.573891127888741,10.0,0.0,19.678083349285043,20.033471389304783,298.5374768130334,320.8159908817218,0.0
4.014,6.559355476050618,-1.4495567845591104,10.0,0.0,19.857334488309633,20.33796900104283,298.03525990427977,320.8159908817218,0.0
4.015,6.897329064636308,-1.3596168990913564,10.0,0.0,20.040460230637414,20.596792907420017,293.505980975289,320.8159908817218,0.0
4.016,7.254254587034674,-1.1866785415956067,10.0,0.0,20.213031968900275,20.812164925814308,285.3163890491375,320.8159908817218,0.0
4.017,7.560090184886455,-1.0613746734409522,10.0,0.0,20.377829693254224,20.99318425565574,287.0113987572482,320.8159908817218,0.0
4.018,7.877232368113813,-0.8958769491989624,10.0,0.0,20.527297867171853,21.140754140771932,291.62171640787017,320.8159908817218,0.0
4.019,8.065741701415288,-0.9251056401379318,10.0,0.0,20.681446345455043,21.27094924993738,299.5200528037839,320.8159908817218,0.0
4.0200000000000005,8.117260791915593,-1.1390949313050052,10.0,0.0,20.856446021945445,21.399757689392587,314.4144656211665,320.8159908817218,0.0
4.021,8.14979911344654,-1.3407243549309333,8.012978147082512,0.0,21.046865918419517,21.311548824266985,316.6785253913157,320.8159908817218,0.0
4.022,8.020343878901366,-1.5414405768232586,6.922322916911986,0.0,21.229485428905516,21.165666437527047,330.90889304594106,320.8159908817218,0.0
4.023,7.814555964332303,-1.6931165817578684,-0.29378993204288406,0.0,21.393931947992797,20.29111049768352,329.87415006276694,320.8159908817218,0.0
4.024,7.195146487113134,-1.6920066979904451,0.13299996773372147,0.0,21.452839373923236,19.70563998454646,334.5071869195772,320.8159908817218,0.0
4.025,6.606231542927747,-1.6757699303996159,-2.3204304210499505,0.0,21.445534060349612,18.969048572640393,337.5142023022188,320.8159908817218,0.0
4.026,5.949862366611041,-1.6429553804161656,-3.990920226575726,0.0,21.361852904120475,18.21247765580054,337.89606860931866,320.8159908817218,0.0
4.027,5.284376402293368,-1.580789316862327,-4.35265415740163,0.0,21.204372650339177,17.566749644997955,337.92774785772406,320.8159908817218,0.0
4.0280000000000005,4.686838247768297,-1.5302735885090515,-4.539611351364351,0.0,20.993132551372423,17.011972795224438,336.90516472798623,320.8159908817218,0.0
4.029,4.174518202715925,-1.4942869677867712,-4.189211524958083,0.0,20.744085406329084,16.582342996786416,335.32385633490605,320.8159908817218,0.0
4.03,3.7700709615406454,-1.475749732399137,-3.5436359829498363,0.0,20.47530076626085,16.277646771123468,333.31071642385865,320.8159908817218,0.0
4.031,3.4755494646726093,-1.478093090650203,-2.662013282847503,0.0,20.203368109394642,16.0954173378549,331.1427448033322,320.8159908817218,0.0
4.032,3.2895104071131267,-1.4964288821434981,-1.6812950118003926,0.0,19.94239927836995,16.02079944640359,328.6570647600464,320.8159908817218,0.0
4.033,3.198703902632791,-1.5289185177745457,-0.5168657289407332,0.0,19.703456043307078,16.05395482431627,325.9144281791221,320.8159908817218,0.0
4.034,3.1978246817678864,-1.571700487595602,0.8034681885474053,0.0,19.496103789865774,16.19268142827684,323.1845346916829,320.8159908817218,0.0
4.035,3.2813316806303217,-1.6235129104824015,2.144729494167394,0.0,19.328630968983987,16.421940988857013,319.9221195334731,320.8159908817218,0.0
4.0360000000000005,3.4411391191622114,-1.6752572243139705,3.7848757867547906,0.0,19.206005136541002,16.76178704216952,318.43149352365066,320.8159908817218,0.0
4.037,3.686917527540649,-1.7221150549975386,4.554033765246727,0.0,19.13426341091044,17.09815427107841,320.49619179641775,320.8159908817218,0.0
4.038,3.9544814834821533,-1.755040937416256,3.524882619716223,0.0,19.10648584949305,17.2458381476703,317.6890317292827,320.8159908817218,0.0
4.039,4.125430806177872,-1.7451886748979235,4.959732244808135,0.0,19.094841424175385,17.52797206473956,308.8347319188032,320.8159908817218,0.0
4.04,4.359785227960864,-1.699842691071114,9.50669473967708,0.0,19.107685297500645,18.242476032585625,313.1711497768073,320.8159908817218,0.0
4.041,4.832217897774511,-1.7290435304423832,7.414934221724177,0.0,19.194360732447095,18.56162665959443,313.79853749165164,320.8159908817218,0.0
4.042,5.164519085412843,-1.7234791289899503,7.171414898202698,0.0,19.303379594046298,18.819831443047082,303.3588986962549,320.8159908817218,0.0
4.043,5.460208523823633,-1.6258560264977173,10.0,0.0,19.416634150571223,19.347494362398503,307.46051428105454,320.8159908817218,0.0
4.0440000000000005,5.87486521114742,-1.5686609843932136,10.0,0.0,19.566014319772226,19.762775253227794,300.8639548582116,320.8159908817218,0.0
4.045,6.265830731808931,-1.5200950742419548,10.0,0.0,19.737214261440464,20.112606431494733,300.6864864744234,320.8159908817218,0.0
4.046,6.661740946463459,-1.3946404907910472,10.0,0.0,19.912962981690484,20.404934017696412,292.91763042662654,320.8159908817218,0.0
4.047,6.999684851182895,-1.2983573156434298,10.0,0.0,20.091032985103944,20.652388989930333,294.34387978598875,320.8159908817218,0.0
4.048,7.349145129122592,-1.1350742760307564,10.0,0.0,20.259043182793533,20.857844273756033,283.01111686688,320.8159908817218,0.0
4.049,7.6723614946432015,-0.9799364259443681,10.0,0.0,20.415365555983357,21.02749585154026,288.426882209896,320.8159908817218,0.0
4.05,7.9533793027839685,-0.8751426376318898,10.0,0.0,20.56304491141911,21.168134713624767,296.0035452793028,320.8159908817218,0.0
4.051,8.086968134697717,-0.9850575704244484,10.0,0.0,20.723158798010047,21.297593031615285,301.85264079056225,320.8159908817218,0.0
4.0520000000000005,8.122177552855572,-1.2137385580893936,10.0,0.0,20.904262887056156,21.427579758787623,317.9665952914317,320.8159908817218,0.0
4.053,8.139090988153983,-1.428287817532604,6.23101216717772,0.0,21.101568848577003,21.14658117683565,318.95819856371884,320.8159908817218,0.0
4.054,7.907228786064497,-1.5805048765754672,5.753788454214181,0.0,21.26564273965084,20.92428229571601,332.4740492815483,320.8159908817218,0.0
4.055,7.626312983743948,-1.6998028969895538,-1.1207174886988014,0.0,21.40267996516045,20.017779391459296,331.238383021259,320.8159908817218,0.0
4.056,6.9654529522690645,-1.6848243037751116,-0.6071082799495269,0.0,21.4325225522357,19.410758018009794,334.9791421328142,320.8159908817218,0.0
4.057,6.3573453751235185,-1.6566929237288597,-2.619119348238069,0.0,21.395734077385534,18.701248964184796,337.621248950366,320.8159908817218,0.0
4.058,5.713705731854861,-1.6248624719869431,-4.108225337700406,0.0,21.288453508746734,17.980049705087406,337.80202156360957,320.8159908817218,0.0
4.059,5.075731507791693,-1.5690546309023148,-4.368471951141065,0.0,21.11396051306019,17.37024701566628,337.50160065715835,320.8159908817218,0.0
4.0600000000000005,4.51075342548108,-1.5249043993840055,-4.385117595669819,0.0,20.891638100944014,16.860514587668405,336.28222816651805,320.8159908817218,0.0
4.061,4.03653992172939,-1.4961048024129233,-3.9300937231976336,0.0,20.637848233888043,16.476255948265504,334.46352769739616,320.8159908817218,0.0
4.062,3.670249519622127,-1.4859836709106737,-3.1572188567934307,0.0,20.370186161101827,16.221059991871314,332.38291948654137,320.8159908817218,0.0
4.063,3.4162922002378577,-1.4949037457496899,-2.2325840374142305,0.0,20.10485311950213,16.08287090641679,330.3941876035197,320.8159908817218,0.0
4.064,3.2678206136993935,-1.5174058268593626,-1.3340000631213735,0.0,19.854620501690636,16.035357615651563,327.89297830906247,320.8159908817218,0.0
4.065,3.2024180120222185,-1.5524133865410203,-0.15416529016616742,0.0,19.62828562733764,16.09407794778295,324.98655895700074,320.8159908817218,0.0
4.066,3.224083090005766,-1.5926461442243924,1.2573387051119096,0.0,19.434531801381446,16.26472266642198,322.1271251687747,320.8159908817218,0.0
4.067,3.3313543565515937,-1.6431206370295395,2.673944256354409,0.0,19.282367696516506,16.52905591274518,319.15135175289424,320.8159908817218,0.0
4.0680000000000005,3.518113706049316,-1.6923382498528627,4.1784773555829045,0.0,19.176762519252893,16.883601193572975,318.66704725695354,320.8159908817218,0.0
4.069,3.7796429887653584,-1.73539819161606,4.442119039800939,0.0,19.121416805264136,17.17918605525955,320.90583631103806,320.8159908817218,0.0
4.07,4.028193738039082,-1.7590814747958197,3.3218260584655166,0.0,19.103338710575063,17.28908392499656,314.5020260973358,320.8159908817218,0.0
4.071,4.1830697950025835,-1.720979929508921,6.58687081316052,0.0,19.093630209515233,17.741991192347523,308.3612424335774,320.8159908817218,0.0
4.072,4.504864632965577,-1.690494155900085,9.781810129521157,0.0,19.127210865652383,18.43358108850382,314.5164636529264,320.8159908817218,0.0
4.073,4.979476264747346,-1.7425234579840554,6.767194792134601,0.0,19.232620526756772,18.64682364926572,309.1920347855714,320.8159908817218,0.0
4.074,5.269380466599276,-1.7035592228333518,9.545648786773597,0.0,19.34400711893949,19.15791566696013,305.5400255991182,320.8159908817218,0.0
4.075,5.687521368033511,-1.6307518768897291,10.0,0.0,19.487745087971092,19.608134778472635,307.5798590906116,320.8159908817218,0.0
4.0760000000000005,6.0813004775129365,-1.5982147539534128,10.0,0.0,19.659280161187226,19.984027970576395,297.1653479011983,320.8159908817218,0.0
4.077,6.476173331524299,-1.4942933221333485,10.0,0.0,19.840145060021282,20.299987127944938,301.277573888987,320.8159908817218,0.0
4.078,6.82586922745039,-1.3931476310298292,10.0,0.0,20.02443257300559,20.567919039448263,292.55568110896064,320.8159908817218,0.0
4.079,7.1778257175121425,-1.2338347511405052,10.0,0.0,20.200571565965014,20.79226825615217,289.6822982294346,320.8159908817218,0.0
4.08,7.485219954858714,-1.1101094505450542,10.0,0.0,20.36951492703228,20.981502649274116,288.37492649413457,320.8159908817218,0.0
4.081,7.815209127359239,-0.9252218231905713,10.0,0.0,20.52138700530197,21.135483072589,290.40867234976633,320.8159908817218,0.0
4.082,8.044020619611826,-0.8926794119682802,10.0,0.0,20.67173912911528,21.267383288976593,296.8475811383666,320.8159908817218,0.0
4.083,8.1153762381782,-1.0844823490140347,10.0,0.0,20.841669809373276,21.39556769298698,312.8378655282883,320.8159908817218,0.0
4.0840000000000005,8.154984279539788,-1.2853581356224617,8.803627542623694,0.0,21.027604169162977,21.392682425946624,314.9665624905706,320.8159908817218,0.0
4.085,8.080744926199623,-1.4952444179977147,7.797773345394069,0.0,21.215735299464864,21.318561293748804,330.172697721516,320.8159908817218,0.0
4.086,7.922234425262962,-1.6837800712220656,0.10113866152343132,0.0,21.396281262547706,20.45078787611712,328.54647622932634,320.8159908817218,0.0
4.087,7.332186998191375,-1.679045933514297,0.8369445541422067,0.0,21.46958917587901,19.909071503552163,334.0003916882223,320.8159908817218,0.0
4.088,6.767071938266205,-1.6834985344843558,-2.0218571833707726,0.0,21.481931788104454,19.163293491845266,337.2101480927733,320.8159908817218,0.0
4.089,6.11443848257324,-1.6507917484895873,-3.790676957756788,0.0,21.414820065467545,18.393483914251252,338.0627689682174,320.8159908817218,0.0
4.09,5.438531044426325,-1.5898661346757468,-4.38945517634381,0.0,21.271063807675354,17.71359019949147,338.2299603664694,320.8159908817218,0.0
4.091,4.816914009335482,-1.534214863671853,-4.647190570317279,0.0,21.068181420514108,17.126565918755748,337.3413205234776,320.8159908817218,0.0
4.0920000000000005,4.277210005495611,-1.4925066350923133,-4.368123945238919,0.0,20.822853451561713,16.664381780147327,335.85930606436443,320.8159908817218,0.0
4.093,3.8447426467511256,-1.468842486590475,-3.777549867508773,0.0,20.55365389159431,16.328230110227516,333.8816789129981,320.8159908817218,0.0
4.094,3.523263980049401,-1.4670587768417271,-2.9193931721383684,0.0,20.277799554044314,16.11830312676614,331.6322581475466,320.8159908817218,0.0
4.095,3.3129372056226813,-1.4832160902115195,-1.9028454620708786,0.0,20.010333093471345,16.024943247569546,329.33429238757714,320.8159908817218,0.0
4.096,3.204807652969567,-1.5144263691832185,-0.8390455971446888,0.0,19.7635488485892,16.030816201324093,326.5700411480207,320.8159908817218,0.0
4.097,3.183224812236789,-1.5574030461358017,0.48553951997052947,0.0,19.546445655245794,16.14778261640246,323.82681104989234,320.8159908817218,0.0
4.098,3.249704478013724,-1.6081118795021332,1.8270463673530135,0.0,19.36789762764534,16.35813338103678,320.75146734858345,320.8159908817218,0.0
4.099,3.39350954564666,-1.6620331260271781,3.3653634533388446,0.0,19.233663728052445,16.670240316650375,318.55670766262773,320.8159908817218,0.0
4.1,3.618946920649908,-1.7108100609877055,4.485336128507644,0.0,19.14889016236062,17.02216693157801,319.5789243856684,320.8159908817218,0.0
4.101,3.890067227496832,-1.748394923241827,3.9865984319478347,0.0,19.111433180229078,17.236793795067303,320.2172993382457,320.8159908817218,0.0
4.102,4.094811495656275,-1.7582624028985787,3.6733978710939486,0.0,19.09989415679933,17.376936922837118,311.47024853698184,320.8159908817218,0.0
4.103,4.266059222079504,-1.6948477436548885,8.140380695173281,0.0,19.096449061176155,17.979622144519272,311.0535538904803,320.8159908817218,0.0
4.104,4.666415659790503,-1.6906284303336097,8.446352388336459,0.0,19.153787019410615,18.468354661594077,314.5545521121969,320.8159908817218,0.0
4.105,5.063440062427689,-1.7111502631621243,6.758467665173408,0.0,19.256564028273466,18.685551566392306,304.9309438318552,320.8159908817218,0.0
4.106,5.34663931194911,-1.6392877595876747,10.0,0.0,19.36267293300837,19.23757221223856,306.6941548071168,320.8159908817218,0.0
4.107,5.77859056957076,-1.5806191194542465,10.0,0.0,19.507638086475477,19.667903714782245,304.46339691428966,320.8159908817218,0.0
4.108,6.170666314190173,-1.5522071051305995,10.0,0.0,19.678601239675988,20.030889763086364,298.58619450593727,320.8159908817218,0.0
4.109,6.577010675903088,-1.42584169985727,10.0,0.0,19.855150607950016,20.33389639953788,296.6124509519821,320.8159908817218,0.0
4.11,6.915369931638405,-1.3391859328503593,10.0,0.0,20.036077222723762,20.5911012346579,293.49387702370944,320.8159908817218,0.0
4.111,7.2743264009376505,-1.1664143580882524,10.0,0.0,20.206493343978384,20.80457662867773,283.93559920323656,320.8159908817218,0.0
4.112,7.583772872016846,-1.037739171509199,10.0,0.0,20.368788837733454,20.983296548295314,285.57251673138586,320.8159908817218,0.0
4.113,7.89668695968126,-0.8812904483529573,10.0,0.0,20.516804166393374,21.129047940394358,294.74793039570466,320.8159908817218,0.0
4.114,8.063972002027883,-0.9446919619760226,10.0,0.0,20.673131755127294,21.259753512368007,298.6190205982894,320.8159908817218,0.0
4.115,8.118120833761656,-1.1510483864856456,10.0,0.0,20.848962333745032,21.388737764950434,315.0856853516817,320.8159908817218,0.0
4.116,8.134260498351543,-1.3774232270283013,7.671356457361524,0.0,21.042945947973827,21.265021985658606,317.5259377211655,320.8159908817218,0.0
4.117,7.99700352179069,-1.5476931755452452,6.484130804225186,0.0,21.221625568782,21.081027423367818,332.130166711917,320.8159908817218,0.0
4.118,7.7501331956982575,-1.7129748277667087,-0.9311254494525123,0.0,21.380516053539466,20.15527751411831,329.06460098494415,320.8159908817218,0.0
4.119,7.109164798187978,-1.6737591077852056,0.5191713130016957,0.0,21.42497595317606,19.63971467114144,334.5320448247168,320.8159908817218,0.0
4.12,6.539647599572928,-1.6783939485150725,-2.3517111463145897,0.0,21.414335568231404,18.90609127214914,337.115527216942,320.8159908817218,0.0
4.121,5.897382168768614,-1.6441206000398783,-3.806447705779374,0.0,21.327580465142404,18.17840800301596,337.98279696412504,320.8159908817218,0.0
4.122,5.24976583059043,-1.5903145432252024,-4.411750640194936,0.0,21.171156612684133,17.52759673618769,337.83765777944797,320.8159908817218,0.0
4.123,4.656150158965472,-1.539224583650845,-4.509397716833659,0.0,20.960212183803836,16.980357622207283,336.7495341502512,320.8159908817218,0.0
4.124,4.149334157314456,-1.5022560887411363,-4.124671334920559,0.0,20.712082651569197,16.55985795297908,335.14531817131484,320.8159908817218,0.0
4.125,3.7514396175532476,-1.483430148545309,-3.46585661834832,0.0,20.445014937162757,16.26391789181127,333.11696077121843,320.8159908817218,0.0
4.126,3.463752940932769,-1.48534341308171,-2.5746876171950808,0.0,20.175458706581143,16.089972097311374,330.96658067577806,320.8159908817218,0.0
4.127,3.284356351109349,-1.5030974885491595,-1.6010034674154592,0.0,19.917397335263754,16.021515583781895,328.42900582805504,320.8159908817218,0.0
4.128,3.1987943889795116,-1.5349311923888258,-0.40834619301728114,0.0,19.681620616392845,16.06317189309568,325.6796560779965,320.8159908817218,0.0
4.1290000000000004,3.2040336747099216,-1.5772953045318834,0.9176920300492286,0.0,19.477928915637744,16.209590590332688,322.90062167432836,320.8159908817218,0.0
4.13,3.2935234398894573,-1.628623974969681,2.2863629239572445,0.0,19.31447076730858,16.448500182557257,319.68848407723203,320.8159908817218,0.0
4.131,3.460653565012471,-1.6795603042366118,3.9037067905503067,0.0,19.196339102549786,16.79390470100087,318.47561509334525,320.8159908817218,0.0
4.132,3.7114825255563955,-1.7257531996146502,4.5335450403774615,0.0,19.129132911310137,17.120144485530698,320.6520417177198,320.8159908817218,0.0
4.133,3.9754080178279194,-1.7551311988000222,3.4469712198302176,0.0,19.104040968604057,17.254694655180693,316.87765178141757,320.8159908817218,0.0
4.134,4.13973580532043,-1.738843281222373,5.373549578984367,0.0,19.092827786208176,17.580633169606035,308.11265258915495,320.8159908817218,0.0
4.135,4.395561639552502,-1.6978811612220652,9.883082558041346,0.0,19.110986819470163,18.323141794563387,313.79560143522167,320.8159908817218,0.0
4.136,4.88616527275817,-1.7383560927144568,7.111812029472986,0.0,19.206442675565857,18.591872231107807,312.8180043713656,320.8159908817218,0.0
4.1370000000000005,5.199236369060679,-1.7241040433554213,7.680590426504589,0.0,19.317253514962,18.90402175430529,302.29727147531344,320.8159908817218,0.0
4.138,5.520085024895412,-1.6263457690739829,10.0,0.0,19.437587333060918,19.413322037058027,308.5584477241515,320.8159908817218,0.0
4.139,5.929458708721323,-1.5712685742772532,10.0,0.0,19.591736888940382,19.81870895894792,299.7708527501183,320.8159908817218,0.0
4.14,6.318645791160276,-1.5123744316022627,10.0,0.0,19.765082597674613,20.160255302006753,301.3879529806053,320.8159908817218,0.0
4.141,6.7030409138073015,-1.3932980152959096,10.0,0.0,19.94273890547435,20.446589988966338,292.08647250530527,320.8159908817218,0.0
4.142,7.047599604955686,-1.27666572683972,10.0,0.0,20.11962426362296,20.687999333210083,293.76247683294605,320.8159908817218,0.0
4.143,7.381243358685223,-1.132553402503305,10.0,0.0,20.288275987588637,20.88970105284556,285.17596794051235,320.8159908817218,0.0
4.144,7.712635848014733,-0.9598192193930393,10.0,0.0,20.442673074222526,21.054981036625097,285.1734459725527,320.8159908817218,0.0
4.1450000000000005,7.967670129311752,-0.8958208986668774,10.0,0.0,20.592845977122217,21.194432884640694,299.5369846862363,320.8159908817218,0.0
4.146,8.092480650354048,-1.0154725844886063,10.0,0.0,20.75574844318114,21.32377802364302,303.2896207233409,320.8159908817218,0.0
4.147,8.138982096423135,-1.218842409091767,10.0,0.0,20.936469340382533,21.452611841493823,317.5636390427211,320.8159908817218,0.0
4.148,8.131732567030632,-1.4698138898555837,6.452419160341602,0.0,21.137574694286858,21.19766293761114,321.3718462143932,320.8159908817218,0.0
4.149,7.924392953591662,-1.6019919519927721,4.542757021178835,0.0,21.305104494439934,20.836467294780192,331.3230945723064,320.8159908817218,0.0
4.15,7.556813179972142,-1.724376936775497,-0.5379381946836048,0.0,21.43190231799934,20.026724722858155,331.61155624978704,320.8159908817218,0.0
4.151,6.939826176117854,-1.6885383666572258,-0.7901246871045853,0.0,21.459880009449762,19.397895401164366,336.6763349799678,320.8159908817218,0.0
4.152,6.3192594778420945,-1.6762948835615412,-3.4811174931774262,0.0,21.421188602146415,18.603351903812978,337.49774440459606,320.8159908817218,0.0
4.1530000000000005,5.637732234264787,-1.6145058828565175,-4.058639740720297,0.0,21.300237630591674,17.91653842610816,338.22780919291296,320.8159908817218,0.0
4.154,5.004239947380273,-1.5592843513367751,-4.597790317990657,0.0,21.117243929961795,17.29564873711556,337.6495275422438,320.8159908817218,0.0
4.155,4.437558033440102,-1.5124664118700348,-4.476984859261292,0.0,20.885862872469513,16.793228840856738,336.34511711766896,320.8159908817218,0.0
4.156,3.970492399599722,-1.4812405044075754,-3.980070909333351,0.0,20.624411260674368,16.417075708962397,334.46689928867323,320.8159908817218,0.0
4.157,3.613222112714121,-1.471517968273273,-3.177471078905,0.0,20.350732276969154,16.17033864614482,332.2582496030473,320.8159908817218,0.0
4.158,3.369186427524696,-1.481354249527234,-2.1875688233052983,0.0,20.08092670165199,16.045041863552143,330.0412931933507,320.8159908817218,0.0
4.159,3.232058133306226,-1.5073160281133424,-1.1713436415732912,0.0,19.8283294384392,16.01982370463368,327.3629547739268,320.8159908817218,0.0
4.16,3.1834726147370636,-1.5472969532354581,0.10235592921662784,0.0,19.602608369633405,16.105785460355776,324.5776301026415,320.8159908817218,0.0
4.1610000000000005,3.2253597178299795,-1.5941833600388982,1.457401872650086,0.0,19.412813278777573,16.291803555168965,321.71167233229806,320.8159908817218,0.0
4.162,3.3476574669238266,-1.6483067351509308,2.88142394331603,0.0,19.266084213682927,16.570298418384766,318.9364930445667,320.8159908817218,0.0
4.163,3.547210768794133,-1.6985753727126611,4.287808565553261,0.0,19.166865857799994,16.926005090794156,318.97445295697366,320.8159908817218,0.0
4.164,3.812793410479297,-1.7410376592696482,4.287243988597262,0.0,19.117308169891942,17.194874753120125,320.67593337989973,320.8159908817218,0.0
4.165,4.046790078308261,-1.7611287177212986,3.437904352152449,0.0,19.10137861057141,17.31539615913899,313.40198928717024,320.8159908817218,0.0
4.166,4.2076387766477374,-1.7143883734816485,7.149016414462711,0.0,19.093751799333933,17.823634801703435,309.5567629297038,320.8159908817218,0.0
4.167,4.559491199874585,-1.691664717514199,9.18422187271612,0.0,19.135679334762624,18.429953099100906,314.3880325981873,320.8159908817218,0.0
4.168,4.998494016404544,-1.7323796930742117,6.832866621309709,0.0,19.238751830259485,18.65605940247823,307.55973833235726,320.8159908817218,0.0
4.1690000000000005,5.289774117962448,-1.6828598066350393,10.0,0.0,19.348273369280463,19.21410976623143,306.77364117206264,320.8159908817218,0.0
4.17,5.729103032644643,-1.623432605100808,10.0,0.0,19.496605997470308,19.65022253412506,307.11451325952936,320.8159908817218,0.0
4.171,6.121433769177345,-1.5960856321952124,10.0,0.0,19.67130274462625,20.018794196176522,298.3554138504538,320.8159908817218,0.0
4.172,6.521533086192769,-1.4777243909709579,10.0,0.0,19.852640716466123,20.327890749232058,299.6183018100727,320.8159908817218,0.0
4.173,6.86240235097342,-1.383625629244166,10.0,0.0,20.037587295049857,20.59071681821032,293.15169159824603,320.8159908817218,0.0
4.174,7.217409007179695,-1.2135705937226717,10.0,0.0,20.212556756382956,20.810112898614232,287.4477851322516,320.8159908817218,0.0
4.175,7.520339381485596,-1.0927644403198187,10.0,0.0,20.380380753104046,20.99529404249949,288.17716352759794,320.8159908817218,0.0
4.176,7.844248666952768,-0.9154227757690162,10.0,0.0,20.53164094297498,21.14613875401,288.00832870283756,320.8159908817218,0.0
4.1770000000000005,8.047865986255973,-0.9224221208731791,10.0,0.0,20.685402929616835,21.277866201087868,302.90023449237947,320.8159908817218,0.0
4.178,8.121892612024215,-1.1041887777394603,10.0,0.0,20.856885801106547,21.40569034648066,309.1911403996944,320.8159908817218,0.0
4.179,8.15942475822425,-1.3023692632391384,10.0,0.0,21.043984986822867,21.534492094658827,320.7220896584626,320.8159908817218,0.0
4.18,8.13164627812473,-1.5696640285310588,4.894399475450788,0.0,21.252675048112494,21.11093848316334,325.1801225485452,320.8159908817218,0.0
4.181,7.833332327236828,-1.6567327944720505,2.621741713741244,0.0,21.405045358724195,20.584209640200484,332.80784843304235,320.8159908817218,0.0
4.182,7.349418039841331,-1.7269420010771843,-1.3120398040205234,0.0,21.496358079045585,19.765648755363003,333.69022308681286,320.8159908817218,0.0
4.183,6.6894554096939265,-1.6759855688017915,-1.8819694529566897,0.0,21.490376139234755,19.082477531278307,337.6721838431943,320.8159908817218,0.0
4.184,6.035260525540131,-1.6422112159724132,-4.041511760762142,0.0,21.413469656508063,18.300536689207213,338.18934042269296,320.8159908817218,0.0
4.1850000000000005,5.355242518066635,-1.5775481557991364,-4.473823545921176,0.0,21.259284544756156,17.631400441761663,338.18492672455204,320.8159908817218,0.0
4.186,4.740358037357791,-1.5223415646342222,-4.6453060552790175,0.0,21.048178225008474,17.06005646251094,337.33970488784365,320.8159908817218,0.0
4.187,4.214031857286884,-1.4822270636953507,-4.3879322769860405,0.0,20.797187610118876,16.60650922491704,335.6783364776333,320.8159908817218,0.0
4.188,3.791694133926002,-1.4615760497620223,-3.7058715278399843,0.0,20.524070866435558,16.2868644819857,333.5662820589862,320.8159908817218,0.0
4.189,3.4841426546181697,-1.462559578095093,-2.7773472302890685,0.0,20.246616021083412,16.09679688970854,331.3509519198516,320.8159908817218,0.0
4.19,3.289930917621616,-1.482442848964946,-1.7750317711030625,0.0,19.98007722555112,16.01724780593539,328.98634818921,320.8159908817218,0.0
4.191,3.1945831701504845,-1.5170449771003822,-0.6744334788571491,0.0,19.735844802580935,16.038588543393367,326.2462970713325,320.8159908817218,0.0
4.192,3.1860756900299885,-1.5617261006039362,0.6412890181854936,0.0,19.522738597957606,16.167077801899307,323.5451951384367,320.8159908817218,0.0
4.1930000000000005,3.2622956594299555,-1.6144849348394512,1.9645479420662282,0.0,19.349148600178076,16.385339499313577,320.3529290549953,320.8159908817218,0.0
4.194,3.413763614242424,-1.6678956021059768,3.5653116020542126,0.0,19.22009135697489,16.711368165232958,318.4543653139671,320.8159908817218,0.0
4.195,3.6494288370171732,-1.715983778150266,4.538209728245844,0.0,19.14129829737617,17.05849090256419,320.0339552498721,320.8159908817218,0.0
4.196,3.9203945913343174,-1.7519480192217207,3.7562351166118386,0.0,19.108572002227856,17.239826290913633,319.0623014251866,320.8159908817218,0.0
4.197,4.108053744957008,-1.7535592500249833,4.25959892351995,0.0,19.097069468406964,17.445012426434204,310.5120319858988,320.8159908817218,0.0
4.198,4.3083021917015625,-1.6975336364306188,8.637773232122095,0.0,19.101056871716807,18.084944493292106,311.943886639523,320.8159908817218,0.0
4.199,4.7348440085295245,-1.7052272423100057,8.010566947731977,0.0,19.17004529416413,18.50359054404264,314.6578321400508,320.8159908817218,0.0
4.2,5.104421280290928,-1.7137107837399335,6.71517578488478,0.0,19.274855732940274,18.714661785168087,304.14848896394795,320.8159908817218,0.0
4.2010000000000005,5.38148990804037,-1.6258177783939423,10.0,0.0,19.38053918594899,19.262609745014927,306.7514437277126,320.8159908817218,0.0
4.202,5.805763769510443,-1.5684156765795176,10.0,0.0,19.525013788495386,19.68958357354258,302.9690033864418,320.8159908817218,0.0
4.203,6.198743144890329,-1.5339736557042136,10.0,0.0,19.69452371236178,20.04932248679504,299.00831273390503,320.8159908817218,0.0
4.204,6.604702576281654,-1.4065695926013504,10.0,0.0,19.869386508434214,20.349312757409635,295.1745713260468,320.8159908817218,0.0
4.205,6.942882766602562,-1.320083444491757,10.0,0.0,20.04852261629983,20.603650053948623,293.5607971721855,320.8159908817218,0.0
4.206,7.300843102825599,-1.1495803649114298,10.0,0.0,20.21728836576005,20.814473396538954,282.811291882922,320.8159908817218,0.0
4.207,7.614742346190777,-1.0142502018292014,10.0,0.0,20.37707858739004,20.990141666408338,285.00263395157793,320.8159908817218,0.0
4.208,7.923211353600758,-0.8658889957841445,10.0,0.0,20.523490182809834,21.133429533072324,295.77620800907545,320.8159908817218,0.0
4.2090000000000005,8.069743653442888,-0.9608023587880505,10.0,0.0,20.68151348734493,21.263995909703368,299.60134555022,320.8159908817218,0.0
4.21,8.117950413668776,-1.173947541133836,10.0,0.0,20.859287935517614,21.393470558498386,316.04804698845703,320.8159908817218,0.0
4.211,8.13085391046824,-1.4020071023409622,7.1868969569084244,0.0,21.055187503661855,21.217396535445424,318.017276538525,320.8159908817218,0.0
4.212,7.963849628619988,-1.562138476713569,6.230269325306418,0.0,21.2292235682553,21.019921368438176,332.9468389523869,320.8159908817218,0.0
4.213,7.702042689593173,-1.7164336390388102,-1.3558203623311833,0.0,21.381479663800718,20.06182245574134,329.37868920503996,320.8159908817218,0.0
4.214,7.037097214782856,-1.6716299214578065,0.34262752810909536,0.0,21.416228897964753,19.547975141532408,334.579180777609,320.8159908817218,0.0
4.215,6.464471010577066,-1.669799026567846,-2.395250157134294,0.0,21.3963651160294,18.82717588559413,337.3057353636406,320.8159908817218,0.0
4.216,5.827128118003917,-1.639870794498839,-3.923424894969295,0.0,21.30313399011507,18.100131188887715,337.83925107592125,320.8159908817218,0.0
4.2170000000000005,5.184130139865278,-1.5853313652043783,-4.360415353051605,0.0,21.140821452219818,17.468036994919323,337.66318307684054,320.8159908817218,0.0
4.218,4.602997659063028,-1.5372931723507386,-4.440853275462436,0.0,20.926791941796314,16.935937292780743,336.54130726902605,320.8159908817218,0.0
4.219,4.1092225770840916,-1.503458803532689,-4.037168535428233,0.0,20.67771401355984,16.5293582446512,334.78736798108827,320.8159908817218,0.0
4.22,3.7227748991325313,-1.4886033282714695,-3.299912662453006,0.0,20.41159021474351,16.253162100892776,332.72068738995614,320.8159908817218,0.0
4.221,3.449754955658364,-1.4936175483905703,-2.385619331969286,0.0,20.145159300398685,16.097340616254666,330.75513653262686,320.8159908817218,0.0
4.222,3.2850008729627804,-1.5132691321721967,-1.5022353598136986,0.0,19.89190086103932,16.03388024193993,328.27334380372986,320.8159908817218,0.0
4.223,3.205724463880761,-1.5460200223432827,-0.3359125245852761,0.0,19.661028310265422,16.077974597446367,325.4107940739411,320.8159908817218,0.0
4.224,3.2148577382302284,-1.5853949504734524,1.0494143083869218,0.0,19.461656183312158,16.233497561330168,322.6145931883462,320.8159908817218,0.0
4.225,3.310020753869967,-1.6354693685385226,2.429528728118121,0.0,19.30288800214847,16.481113734994096,319.47018562936967,320.8159908817218,0.0
4.226,3.483503612585738,-1.6853421388340288,4.015190560129904,0.0,19.189743517019387,16.83058164619692,318.4822261605233,320.8159908817218,0.0
4.227,3.7387229183202826,-1.7294882642366816,4.532507941765081,0.0,19.12721761761484,17.14849731638264,320.8438343238422,320.8159908817218,0.0
4.228,3.998918458658401,-1.7564293592437066,3.3514254256844174,0.0,19.105257934366055,17.26720726264428,316.018439249254,320.8159908817218,0.0
4.229,4.15634499663191,-1.7315978533081022,5.812098479303189,0.0,19.094364337465333,17.63962014324003,307.8965304531625,320.8159908817218,0.0
4.23,4.435943928761572,-1.693182732445187,10.0,0.0,19.117824040078695,18.380583195672077,314.2772558725048,320.8159908817218,0.0
4.231,4.929651090614909,-1.7403326405717867,6.877227172422878,0.0,19.21860471877647,18.612900088399233,311.5947411878261,320.8159908817218,0.0
4.232,5.227265066605663,-1.7173877693207218,8.310697011701167,0.0,19.32954358395831,18.99317230457938,302.9628535172508,320.8159908817218,0.0
4.233,5.582256261624056,-1.6227349975039338,10.0,0.0,19.457233428052646,19.481926924287677,308.187023838045,320.8159908817218,0.0
4.234,5.98321903612777,-1.57925432396853,10.0,0.0,19.617193403337648,19.87712604330636,298.9992860754283,320.8159908817218,0.0
4.235,6.375653647696652,-1.502991584260505,10.0,0.0,19.792723198363486,20.20964306842413,301.3972757149089,320.8159908817218,0.0
4.236,6.747607351525754,-1.3913208743940935,10.0,0.0,19.972430565710297,20.4894708092272,291.90813314925344,320.8159908817218,0.0
4.237,7.097023693365349,-1.2567141680586396,10.0,0.0,20.148459939804496,20.72457025212058,291.95953811263854,320.8159908817218,0.0
4.238,7.4194042231209885,-1.1237011581167708,10.0,0.0,20.317110956748365,20.92179499327931,286.7445704132561,320.8159908817218,0.0
4.239,7.75510847996327,-0.9391559874367532,10.0,0.0,20.46964950743834,21.082458699061473,284.5223629299115,320.8159908817218,0.0
4.24,8.002769864756974,-0.8832751543400601,10.0,0.0,20.618699133703686,21.218424179575525,299.1565309730072,320.8159908817218,0.0
4.241,8.09504858762698,-1.0513703832698056,10.0,0.0,20.785489628907143,21.34802402899694,307.33074139182906,320.8159908817218,0.0
4.242,8.149861613491856,-1.2353710772570943,10.0,0.0,20.96712018358171,21.476236297380126,315.7612963075628,320.8159908817218,0.0
4.243,8.13049153820715,-1.5013975342375065,7.387163875933474,0.0,21.170831812955104,21.3250572592851,325.4254094210097,320.8159908817218,0.0
4.244,7.976326544658098,-1.6479951865443603,2.5090131338171506,0.0,21.352519852765603,20.71566351608233,329.82037661196733,320.8159908817218,0.0
4.245,7.495620226367155,-1.7241902745672792,0.2214856810358805,0.0,21.462015197434233,20.033867483872623,333.4843966783097,320.8159908817218,0.0
4.246,6.905635263500295,-1.7000201128127634,-1.7372084101011716,0.0,21.4889607357418,19.29871079658593,337.3520185280272,320.8159908817218,0.0
4.247,6.24014737024415,-1.6692929442767754,-3.836379611422987,0.0,21.436557764568533,18.495746259254155,337.76773352628885,320.8159908817218,0.0
4.248,5.542286046870401,-1.5974897620799042,-4.213754536999481,0.0,21.301507558423115,17.817428215376577,338.2964595361763,320.8159908817218,0.0
4.249,4.910765796167539,-1.5405762162276002,-4.652922228487759,0.0,21.106588110282697,17.21139087280785,337.5603034709797,320.8159908817218,0.0
4.25,4.355448622795558,-1.4963647895048664,-4.452287321782032,0.0,20.86626275121847,16.727696522898352,336.15132688218637,320.8159908817218,0.0
4.251,3.904751904076579,-1.4693079355909813,-3.9011523873900096,0.0,20.599066353406418,16.37098103311481,334.221773380198,320.8159908817218,0.0
4.252,3.565139344650367,-1.4643763388624185,-3.0704334613805817,0.0,20.32264613929621,16.141935599395236,331.98792811707335,320.8159908817218,0.0
4.253,3.3378110266251744,-1.4782569461636683,-2.0652302021717794,0.0,20.052539585995497,16.032027846277977,329.71475284182935,320.8159908817218,0.0
4.2540000000000004,3.215043832850395,-1.5077449663000253,-1.0176301841508542,0.0,19.801557788855103,16.02251529066756,327.0118864766917,320.8159908817218,0.0
4.255,3.1801773169891163,-1.5501262048115438,0.2718440424682722,0.0,19.579089971902615,16.122829620459026,324.2658299655565,320.8159908817218,0.0
4.256,3.233953361330778,-1.5994955653096634,1.610373907197515,0.0,19.39390718689421,16.318945248393934,321.31764700519807,320.8159908817218,0.0
4.257,3.365845030576475,-1.6538015310424121,3.079448826141978,0.0,19.25233420580575,16.611173654297502,318.73947647745985,320.8159908817218,0.0
4.258,3.576223832347746,-1.7036066563135879,4.389299234053709,0.0,19.159076867539,16.96759196568033,318.69052032768167,320.8159908817218,0.0
4.259,3.8460990520674954,-1.7432217181246055,4.435032014483199,0.0,19.1146466997837,17.243392327714865,321.1869571895823,320.8159908817218,0.0
4.26,4.083674267188799,-1.7641049199154224,3.1831039204542773,0.0,19.10414058658626,17.325565697156797,312.9158569007177,320.8159908817218,0.0
4.261,4.227975650587123,-1.7060092795438653,7.39765540469662,0.0,19.096303069193986,17.861093662519128,309.3902539517999,320.8159908817218,0.0
4.2620000000000005,4.589403027452036,-1.683515862689988,9.27471424845475,0.0,19.140908780626958,18.468302039955816,314.01620013206303,320.8159908817218,0.0
4.263,5.03211893952246,-1.7252439634996104,7.02973906581976,0.0,19.246589783917898,18.708447815705608,307.0880088903192,320.8159908817218,0.0
4.264,5.333468989444912,-1.6768363529597723,10.0,0.0,19.35997514628725,19.25560422242492,306.62062408177854,320.8159908817218,0.0
4.265,5.771430943350185,-1.6149014306069946,10.0,0.0,19.51040884773819,19.684518600937086,306.46072165407134,320.8159908817218,0.0
4.266,6.160594100125234,-1.5849173911411834,10.0,0.0,19.686011721777543,20.047156584036927,298.3627011008953,320.8159908817218,0.0
4.267,6.559592286665251,-1.461496131068519,10.0,0.0,19.867041608509602,20.351092887279062,298.73057680651476,320.8159908817218,0.0
4.268,6.897169577831552,-1.367778463617268,10.0,0.0,20.051287406073765,20.60959502870729,293.3214839509125,320.8159908817218,0.0
4.269,7.251777876284736,-1.1951642597925436,10.0,0.0,20.22490845227812,20.82504039583094,286.178004510596,320.8159908817218,0.0
4.2700000000000005,7.555361760573954,-1.0712104057424847,10.0,0.0,20.390803148667157,21.006455186575366,287.56336766678083,320.8159908817218,0.0
4.271,7.874904918871653,-0.9000025829436437,10.0,0.0,20.54065653252436,21.15420405931441,290.55138888548504,320.8159908817218,0.0
4.272,8.067305870711188,-0.9224711224698582,10.0,0.0,20.694483082845604,21.284194710045888,300.47571830933356,320.8159908817218,0.0
4.273,8.12106825506816,-1.1334106041442595,10.0,0.0,20.868904700796808,21.412579097975474,313.52063174506196,320.8159908817218,0.0
4.274,8.157328854473404,-1.3294261633781101,8.47260471613172,0.0,21.058174912444816,21.374102685590707,317.1990479075679,320.8159908817218,0.0
4.275,8.048635125833295,-1.5499222181530974,6.669566064620297,0.0,21.24696487212247,21.187659552926096,329.9570327834688,320.8159908817218,0.0
4.276,7.8353250617588,-1.6881028507013491,0.19916320765238282,0.0,21.41122643159845,20.367402971506163,330.6448935364162,320.8159908817218,0.0
4.277,7.235779168601294,-1.702667058572746,-0.2430561953682684,0.0,21.47725643352521,19.725475046019803,334.66369472892103,320.8159908817218,0.0
4.2780000000000005,6.626382742095431,-1.6753678228522,-2.3909338300926803,0.0,21.469342084702685,18.983536715469345,337.6393786004796,320.8159908817218,0.0
4.279,5.9600035331389405,-1.6381731262548358,-4.04700964305953,0.0,21.384206913438852,18.22151896873273,338.01605669803655,320.8159908817218,0.0
4.28,5.28863125009984,-1.57397899650143,-4.407349350001166,0.0,21.22469407732085,17.57130002895422,338.02608804919043,320.8159908817218,0.0
4.281,4.687281213881858,-1.5226536940568578,-4.584465997252794,0.0,21.011106788865426,17.013707046567085,337.1232145431092,320.8159908817218,0.0
4.282,4.1735722967747,-1.4853148939901484,-4.296101480826058,0.0,20.759524916033946,16.574500377372175,335.4325624659134,320.8159908817218,0.0
4.283,3.7634852571986634,-1.4668714663965652,-3.59694115807007,0.0,20.48752517453149,16.268052663334792,333.31061413368525,320.8159908817218,0.0
4.284,3.467188423087997,-1.4693658789137598,-2.660913224475626,0.0,20.212539455428363,16.08951299737516,331.13646025728076,320.8159908817218,0.0
4.285,3.2829102121022826,-1.4898277177377772,-1.6770409800289712,0.0,19.949424199785057,16.017502028521676,328.71497033248687,320.8159908817218,0.0
4.2860000000000005,3.1945917066998324,-1.5242718189949946,-0.5452858121396771,0.0,19.709003605570793,16.048907230496972,325.9829911298652,320.8159908817218,0.0
4.287,3.1936060990111867,-1.5686443784090391,0.7690337866897328,0.0,19.50030213149846,16.185612688837395,323.24514752176077,320.8159908817218,0.0
4.288,3.2762808679561424,-1.621096631458785,2.1136640243415497,0.0,19.331467372908726,16.413439503429114,319.97244627418394,320.8159908817218,0.0
4.289,3.434950212932215,-1.6737387616733594,3.758450094205345,0.0,19.20756488343025,16.752453445753268,318.401399614142,320.8159908817218,0.0
4.29,3.680004340225377,-1.7212039336915306,4.568119336902107,0.0,19.13464878475188,17.09242224034267,320.4649447613017,320.8159908817218,0.0
4.291,3.949041614847648,-1.755661482505231,3.5398572245264655,0.0,19.106336854049626,17.242753461881495,317.8730084087127,320.8159908817218,0.0
4.292,4.121573301920618,-1.7473131036714267,4.865255225551065,0.0,19.094626341411615,17.51500865660087,309.0592142160098,320.8159908817218,0.0
4.293,4.351085298292196,-1.7009098600608823,9.389720088559613,0.0,19.106291526500527,18.21978343277505,313.0379274566646,320.8159908817218,0.0
4.2940000000000005,4.817424196165196,-1.7271912030398646,7.478144102482801,0.0,19.19062265086175,18.55072708393986,314.0196674495784,320.8159908817218,0.0
4.295,5.153767835064132,-1.7232854370602722,7.055237340347341,0.0,19.298922580215798,18.79727108715003,303.6029001816388,320.8159908817218,0.0
4.296,5.444025686847171,-1.6255669871220289,10.0,0.0,19.41033694512204,19.329578715850584,307.2692838887607,320.8159908817218,0.0
4.297,5.859698455025516,-1.5687977972260183,10.0,0.0,19.558573210018544,19.747527965593402,301.2379793827558,320.8159908817218,0.0
4.298,6.251463265369683,-1.5224843324024668,10.0,0.0,19.729253984168036,20.0995685153955,300.3923137216187,320.8159908817218,0.0
4.299,6.649779208642537,-1.396314170190415,10.0,0.0,19.904655152687702,20.39357598197577,293.37795783416345,320.8159908817218,0.0
4.3,6.987306480078961,-1.3031168536397724,10.0,0.0,20.082926947814983,20.64257797832471,294.2231111627848,320.8159908817218,0.0
4.301,7.339138715312082,-1.1376083218269648,10.0,0.0,20.250997797730523,20.84918068139019,282.66726812479203,320.8159908817218,0.0
4.3020000000000005,7.660320893261216,-0.9869306372409956,10.0,0.0,20.408002372974725,21.020118481918615,287.93179488072326,320.8159908817218,0.0
4.303,7.947918954578102,-0.8717652049602891,10.0,0.0,20.555238850042336,21.161238994953244,295.5280366574531,320.8159908817218,0.0
4.304,8.083944586612171,-0.979083064333587,10.0,0.0,20.714820349560522,21.290884265480592,301.65339791409264,320.8159908817218,0.0
4.305,8.120363476224625,-1.2072295877111396,10.0,0.0,20.89543116515742,21.42087733737,317.5333637879622,320.8159908817218,0.0
4.306,8.138879001160404,-1.4204343495398222,6.447163390157238,0.0,21.09215126495095,21.163447637700642,318.7324866937118,320.8159908817218,0.0
4.307,7.9190875930855285,-1.5787906062385668,5.868436979162529,0.0,21.25874352541676,20.947663589004165,332.27351818156234,320.8159908817218,0.0
4.308,7.6456981918501,-1.7011571446355784,-1.0166540377611497,0.0,21.398974911623032,20.04641934352743,331.1297837648401,320.8159908817218,0.0
4.309,6.989745484743496,-1.6879898061017422,-0.5479247582312201,0.0,21.4323866620383,19.439154695905877,334.9446752833969,320.8159908817218,0.0
4.3100000000000005,6.382452112415093,-1.6604262380309995,-2.5966573615263737,0.0,21.398830453547458,18.726152552815304,337.6138836645748,320.8159908817218,0.0
4.311,5.736644685738928,-1.6279390631401736,-4.099240479943852,0.0,21.29403169803935,18.001264069402826,337.813351692747,320.8159908817218,0.0
4.312,5.0954530208137045,-1.5711531836028718,-4.3689481021402,0.0,21.121302394740606,17.38781556039838,337.54186653160895,320.8159908817218,0.0
4.313,4.526998878759083,-1.526109155280667,-4.400464278070041,0.0,20.900114186551225,16.873787307810936,336.3393083847523,320.8159908817218,0.0
4.314,4.048992613402434,-1.496433306207249,-3.9544183796720302,0.0,20.64682807080719,16.485319418015074,334.5293654842621,320.8159908817218,0.0
4.315,3.678963832340811,-1.4855468967196814,-3.186580675452319,0.0,20.37912303110507,16.226294497367782,332.4494566429345,320.8159908817218,0.0
4.316,3.4215776836369804,-1.4939062299352923,-2.262960912400642,0.0,20.113314394057028,16.084933550255307,330.4649052231022,320.8159908817218,0.0
4.317,3.270231775898426,-1.5160519306673632,-1.3671743458983174,0.0,19.86230295975091,16.034502347198206,327.96267347310976,320.8159908817218,0.0
4.3180000000000005,3.2026298997566727,-1.550338004879775,-0.1875252968159664,0.0,19.63489955972575,16.09073939804846,325.11108836993577,320.8159908817218,0.0
4.319,3.221877524530602,-1.5910685596207748,1.1953162798888881,0.0,19.439997705067505,16.25613522927132,322.2333614328184,320.8159908817218,0.0
4.32,3.325818218132736,-1.640989351150392,2.6200060429366014,0.0,19.286209600518227,16.51714775002579,319.21502798396807,320.8159908817218,0.0
4.321,3.5097373746500264,-1.6901494094316327,4.14518239633931,0.0,19.178809956994954,16.87101100921281,318.61779768163615,320.8159908817218,0.0
4.322,3.770067417366091,-1.7336744718387394,4.465779479506128,0.0,19.121832760024684,17.171964780609535,320.8701234769092,320.8159908817218,0.0
4.323,4.022280541199389,-1.7569756255387157,3.3390752559177206,0.0,19.10277653617404,17.28484187654866,315.0238681464341,320.8159908817218,0.0
4.324,4.177395329433032,-1.723752028338487,6.320124148508157,0.0,19.093026037073347,17.70916756546229,307.9376488995573,320.8159908817218,0.0
4.325,4.4844796076432845,-1.689832663853429,9.992017191768198,0.0,19.12328426265273,18.431955258686376,314.5081775354722,320.8159908817218,0.0
4.3260000000000005,4.973160633395642,-1.7422615321670876,6.769831007273238,0.0,19.22890180415594,18.643646524368297,310.1930912032169,320.8159908817218,0.0
4.327,5.262742828235967,-1.7098595910711873,9.03360317018594,0.0,19.34103821587334,19.098999986222783,304.34352073878017,320.8159908817218,0.0
4.328,5.654641852762227,-1.6245377191956627,10.0,0.0,19.478434946109093,19.56348460196449,307.4632280172757,320.8159908817218,0.0
4.329,6.050104259310562,-1.586914283174771,10.0,0.0,19.6452551056519,19.946014586382415,297.12462332261435,320.8159908817218,0.0
4.33,6.4426566098173685,-1.4949314651787011,10.0,0.0,19.823904372062856,20.267747453822555,301.8539533873106,320.8159908817218,0.0
4.331,6.8025562391278624,-1.386810018019661,10.0,0.0,20.005888467569207,20.539508525440695,291.8522441883239,320.8159908817218,0.0
4.332,7.1528021856920505,-1.2381369271252862,10.0,0.0,20.18157743515994,20.7673638416187,290.52135990611004,320.8159908817218,0.0
4.333,7.466596138914268,-1.1099704151597165,10.0,0.0,20.34987145220213,20.958987647549176,287.9174227403179,320.8159908817218,0.0
4.3340000000000005,7.799755357197015,-0.9236870975232523,10.0,0.0,20.501288948312798,21.114768900111937,288.36018148570184,320.8159908817218,0.0
4.335,8.033601474884621,-0.8857704985456434,10.0,0.0,20.650834827357492,21.247722296266677,297.6009568205011,320.8159908817218,0.0
4.336,8.106634981927602,-1.078313546389397,10.0,0.0,20.820280359365796,21.376639716112578,311.5083619772972,320.8159908817218,0.0
4.337,8.153049594791582,-1.2702448302938731,9.471634359020236,0.0,21.004860090908906,21.447114454322328,314.8008064770344,320.8159908817218,0.0
4.338,8.109025344843408,-1.5096658247131316,7.885563953198509,0.0,21.202446319665754,21.36512241725776,329.62547948561877,320.8159908817218,0.0
4.339,7.965955593711174,-1.6877555182691633,0.3851325628673692,0.0,21.38927037818743,20.517198888022186,328.75395433511903,320.8159908817218,0.0
4.34,7.382036246610052,-1.6965119071351804,0.7415155035832637,0.0,21.471801983773087,19.949756985614204,334.00307944516965,320.8159908817218,0.0
4.341,6.809061983219983,-1.690601865987027,-2.014917937076522,0.0,21.488598570144422,19.197728901627748,337.4431397309157,320.8159908817218,0.0
4.3420000000000005,6.146475364380121,-1.657530496913851,-3.9012195684414746,0.0,21.4249339392934,18.409809225072,337.98610369737753,320.8159908817218,0.0
4.343,5.458603238117812,-1.5899217536996706,-4.344402679828959,0.0,21.28173755580909,17.73346799484822,338.26934203937566,320.8159908817218,0.0
4.344,4.834037334935565,-1.5335539613027807,-4.660555362404562,0.0,21.079702317919303,17.141919813416354,337.407261853264,320.8159908817218,0.0
4.345,4.290625665185256,-1.4913319585423992,-4.395427979064157,0.0,20.834635043295652,16.675178089972615,335.92884567739054,320.8159908817218,0.0
4.346,3.8544020610148335,-1.467059473832215,-3.807348439084113,0.0,20.565152570499475,16.335191766736532,333.95871540400356,320.8159908817218,0.0
4.347,3.5295585369314475,-1.4649313807189528,-2.9537105476134378,0.0,20.288628347263938,16.12164575281388,331.70591796819014,320.8159908817218,0.0
4.348,3.316143790409306,-1.4809745348819168,-1.9362111005714113,0.0,20.02018797284875,16.025417665096448,329.4250371095161,320.8159908817218,0.0
4.349,3.205575162058426,-1.512100236932997,-0.8818611335123352,0.0,19.77223222278733,16.027800252268705,326.6659840353837,320.8159908817218,0.0
4.3500000000000005,3.1812083065833128,-1.5553553536856626,0.439165472017244,0.0,19.553757112271562,16.14149310047401,323.90505619670336,320.8159908817218,0.0
4.351,3.245355188834461,-1.6057658036913947,1.7887387382076012,0.0,19.373611395961,16.349912120430467,320.8709761718416,320.8159908817218,0.0
4.352,3.3872594568193715,-1.6601826699404978,3.3052288977372712,0.0,19.237803904064485,16.657824850990757,318.59812720192417,320.8159908817218,0.0
4.353,3.6097449561639237,-1.7093267950552564,4.463832019493972,0.0,19.15123011951379,17.010592638855258,319.4263584195332,320.8159908817218,0.0
4.354,3.8806715060552723,-1.7472914549389742,4.06361273531135,0.0,19.112275163540673,17.236239051505983,320.578157928135,320.8159908817218,0.0
4.355,4.091183664097948,-1.7594760243602388,3.490091310546312,0.0,19.10074100046744,17.35589309152621,311.70250975365775,320.8159908817218,0.0
4.356,4.252794305215614,-1.6946636558683612,8.019050209065576,0.0,19.09507445147523,17.950676955379343,310.7098163917376,320.8159908817218,0.0
4.357,4.646971616580898,-1.6871887724558583,8.616458634925491,0.0,19.149278830277108,18.46409771796834,314.2992986438675,320.8159908817218,0.0
4.358,5.054026755666031,-1.7129344368699062,6.8868844312391,0.0,19.252311619377355,18.69453530332881,305.3053495510541,320.8159908817218,0.0
4.359,5.344266572847909,-1.6500644610448099,10.0,0.0,19.360911734118737,19.24411503516467,306.6314149738973,320.8159908817218,0.0
4.36,5.779613215937893,-1.5885699450162027,10.0,0.0,19.507474113564662,19.67347991703538,304.938472071757,320.8159908817218,0.0
4.361,6.170312028949749,-1.560450773990011,10.0,0.0,19.679838579600474,20.035941145663212,298.53544766309227,320.8159908817218,0.0
4.362,6.574686270142667,-1.4344214076274167,10.0,0.0,19.857630683305857,20.338818519630745,297.1472591932383,320.8159908817218,0.0
4.363,6.912066946212721,-1.346707349179586,10.0,0.0,20.03954306127183,20.59611923461628,293.55761248978615,320.8159908817218,0.0
4.364,7.270455048316308,-1.1726754530868684,10.0,0.0,20.210727904954037,20.80983223142918,284.4106410735114,320.8159908817218,0.0
4.365,7.578234877170172,-1.0451353284383234,10.0,0.0,20.373876469198898,20.989020512776104,286.1063995422912,320.8159908817218,0.0
4.366,7.892068717706415,-0.8860032836282276,10.0,0.0,20.522399881471337,21.135160898242372,294.0098098657012,320.8159908817218,0.0
4.367,8.066215291509913,-0.9379885685722557,10.0,0.0,20.677994692855105,21.26552180167624,298.81610123039627,320.8159908817218,0.0
4.368,8.118580575279163,-1.1480372459384114,10.0,0.0,20.853651615104724,21.394387380428526,315.15530053774165,320.8159908817218,0.0
4.369,8.139587363112563,-1.3669205086590566,7.6368186331336325,0.0,21.046606075130214,21.266195049351246,317.0308241384295,320.8159908817218,0.0
4.37,7.9975354131748055,-1.5422143700504707,6.7369085002226194,0.0,21.224539348171284,21.110594878804193,332.1666440157059,320.8159908817218,0.0
4.371,7.769725470531408,-1.7052898846812183,-0.9445079697554162,0.0,21.385304644849004,20.176029916438875,329.2059719524818,320.8159908817218,0.0
4.372,7.1244474279025205,-1.674789515036911,0.4519282511490532,0.0,21.43155111981524,19.650122614239873,334.38565650995224,320.8159908817218,0.0
4.373,6.552557133784403,-1.6725488872512593,-2.273610683868484,0.0,21.42064075170497,18.924112196623128,337.3204404306445,320.8159908817218,0.0
4.374,5.910537334541541,-1.642981543992019,-3.906047139703846,0.0,21.33499037716339,18.182202438140845,337.86878342861826,320.8159908817218,0.0
4.375,5.256971691763211,-1.58600464162056,-4.350746564159684,0.0,21.177742278399478,17.538798068634037,337.8171846033417,320.8159908817218,0.0
4.376,4.664994700394468,-1.5363131043067642,-4.49495908873759,0.0,20.96698225248048,16.99117475536529,336.7732176830139,320.8159908817218,0.0
4.377,4.158327441933019,-1.5006292913779709,-4.1325478965866305,0.0,20.719107593777466,16.568358755730962,335.18227076288167,320.8159908817218,0.0
4.378,3.759172738605885,-1.4822987334625666,-3.4807372353321093,0.0,20.452079277739912,16.269952295787633,333.1646406877993,320.8159908817218,0.0
4.3790000000000004,3.4696132339494126,-1.4844471454493697,-2.5954086958517015,0.0,20.182332778209492,16.093411681444117,331.01939346103916,320.8159908817218,0.0
4.38,3.288089407084622,-1.5022964962389986,-1.6248191082648011,0.0,19.92384881166475,16.022534073730235,328.49398025199173,320.8159908817218,0.0
4.381,3.200496371084687,-1.5340844239090048,-0.43889239744378594,0.0,19.687443659538907,16.06146186813904,325.75407653972434,320.8159908817218,0.0
4.382,3.2035327415851995,-1.5764176309798472,0.8816786021098846,0.0,19.482910575567608,16.205049979622032,322.98958821118583,320.8159908817218,0.0
4.383,3.2907559313738552,-1.6276760959221717,2.2421867930844965,0.0,19.318404710214686,16.440711975399513,319.75893011951416,320.8159908817218,0.0
4.384,3.4553027012678603,-1.6786538926615924,3.8680864465424083,0.0,19.199010603966727,16.78437315224412,318.4628681945892,320.8159908817218,0.0
4.385,3.7044051862561775,-1.724942612026092,4.53964863587622,0.0,19.13050400719071,17.113585839421834,320.6017753328416,320.8159908817218,0.0
4.386,3.9693466113709546,-1.7552232434341688,3.4723372222388114,0.0,19.104637321071326,17.252254188897993,317.15488156092374,320.8159908817218,0.0
4.3870000000000005,4.135581704121785,-1.741038208601498,5.232395201405727,0.0,19.093360978365816,17.56311208070788,308.3051526252616,320.8159908817218,0.0
4.388,4.383865400184408,-1.698553737046454,9.7823680518014,0.0,19.109766617589113,18.2990041271787,313.58477417765897,320.8159908817218,0.0
4.389,4.8698368009829105,-1.7354873173685779,7.214869442643343,0.0,19.202608436088152,18.58404894028622,313.1530344577988,320.8159908817218,0.0
4.39,5.189347451419292,-1.7243368929546214,7.507368866812653,0.0,19.313074671559285,18.877436919143083,302.52531403550904,320.8159908817218,0.0
4.391,5.501193450855672,-1.6268277996404215,10.0,0.0,19.431218585348564,19.392689200636646,308.30550313089486,320.8159908817218,0.0
4.392,5.912912567517536,-1.5695692578121245,10.0,0.0,19.583749987240303,19.801133691189463,300.0166125764768,320.8159908817218,0.0
4.393,6.301864910765533,-1.5150576553347106,10.0,0.0,19.75644900714391,20.145319306285515,301.30496592023854,320.8159908817218,0.0
4.394,6.690485403625403,-1.392999179272715,10.0,0.0,19.933415370224733,20.433497531080214,292.057644587584,320.8159908817218,0.0
4.3950000000000005,7.0320502619586955,-1.28428078291567,10.0,0.0,20.110764480638267,20.67686864021546,294.597912008888,320.8159908817218,0.0
4.396,7.371888570414322,-1.1321806757719153,10.0,0.0,20.27907196310175,20.879670984131756,284.26566197070196,320.8159908817218,0.0
4.397,7.700625204001103,-0.9650661312458038,10.0,0.0,20.433967332884066,21.046261195292775,286.42857856291556,320.8159908817218,0.0
4.398,7.961619623294359,-0.89207324948232,10.0,0.0,20.58367411525553,21.186259902529535,298.9545685265742,320.8159908817218,0.0
4.399,8.091077982973447,-1.005571470611169,10.0,0.0,20.74562482325534,21.315598941907997,302.2393763981482,320.8159908817218,0.0
4.4,8.13483182602177,-1.2153732629860525,10.0,0.0,20.926257579342963,21.444680809010077,317.8672071426525,320.8159908817218,0.0
4.401,8.132412407580016,-1.4596791661926227,6.292854177167779,0.0,21.126510877961003,21.171835398958237,320.4762999382905,320.8159908817218,0.0
4.402,7.91517951322665,-1.5912767386771542,4.991704688783097,0.0,21.291486979653286,20.864116298473842,332.28095134513353,320.8159908817218,0.0
4.4030000000000005,7.573347790075697,-1.723042824639891,-1.0252706192725451,0.0,21.42237185485895,19.990240089807916,331.00467194015675,320.8159908817218,0.0
4.404,6.932028868493883,-1.6777680462109545,-0.48901772736850635,0.0,21.446482735190656,19.403124324861643,336.03276847381545,320.8159908817218,0.0
4.405,6.326451865627943,-1.6693069384599233,-3.155233770118792,0.0,21.408992976926235,18.638685211921022,337.38917449479993,320.8159908817218,0.0
4.406,5.6637306984320395,-1.618551113870666,-3.9991686167418132,0.0,21.293309753566895,17.94761392010989,338.1476890041434,320.8159908817218,0.0
4.407,5.033758331953221,-1.566014329354147,-4.551742852637757,0.0,21.11481623531144,17.324407366302324,337.63078662855565,320.8159908817218,0.0
4.408,4.46604641744196,-1.5194414111683034,-4.461439622312229,0.0,20.8872537603455,16.817279800676182,336.3788216272549,320.8159908817218,0.0
4.409,3.9950321052326125,-1.4874411585826013,-3.9910854291171938,0.0,20.628680477710972,16.43507912826218,334.52781886390784,320.8159908817218,0.0
4.41,3.6323927832764022,-1.4762085013606452,-3.202702327265513,0.0,20.356828866329938,16.182439976390945,332.3354286286758,320.8159908817218,0.0
4.4110000000000005,3.3827504560951005,-1.4844877800853715,-2.221701587119033,0.0,20.087921548131824,16.051740091736708,330.12761118279576,320.8159908817218,0.0
4.412,3.240325206858172,-1.5092200240329856,-1.2109090671897533,0.0,19.835472727335084,16.021766987663092,327.45419739285364,320.8159908817218,0.0
4.413,3.1872716847662264,-1.5479414461700727,0.05941576266998716,0.0,19.609283512206268,16.103585752940184,324.6780237312578,320.8159908817218,0.0
4.414,3.225321982748475,-1.5939459926794417,1.4088822649725588,0.0,19.418568381012697,16.285625719132405,321.83732576743915,320.8159908817218,0.0
4.415,3.3440679466019745,-1.6476225250356744,2.8190178980246987,0.0,19.270573132651798,16.559328877154684,319.0121891351757,320.8159908817218,0.0
4.416,3.539753200119137,-1.697619251201989,4.249624231621899,0.0,19.169710599483942,16.913789616655475,318.911040587952,320.8159908817218,0.0
4.417,3.8035398553019566,-1.7400823344265541,4.319248008171427,0.0,19.118551365475994,17.189010901438937,320.7507026853114,320.8159908817218,0.0
4.418,4.040724908955178,-1.76095376077937,3.400069841455834,0.0,19.101901409413756,17.306335808889024,313.6791117499031,320.8159908817218,0.0
4.4190000000000005,4.19951746408401,-1.7164351929000645,7.007234100478183,0.0,19.0935431829725,17.801147749619844,309.25654166657336,320.8159908817218,0.0
4.42,4.544067024046486,-1.69153140396475,9.334113634294532,0.0,19.133207742144354,18.42921525371845,314.91276399779923,320.8159908817218,0.0
4.421,4.993570984195339,-1.7328686873329895,6.56503473752082,0.0,19.236508734868742,18.624575049324363,307.8478506422736,320.8159908817218,0.0
4.422,5.268863943298367,-1.6837257472800937,10.0,0.0,19.34319651164179,19.19047874658273,306.3492898698143,320.8159908817218,0.0
4.423,5.70922505198806,-1.6225514794219411,10.0,0.0,19.48956814039949,19.63042440680293,307.36316836230714,320.8159908817218,0.0
4.424,6.1042826854412615,-1.5950009044636142,10.0,0.0,19.662878351736616,20.00195993528393,297.889776809015,320.8159908817218,0.0
4.425,6.503975343017294,-1.4819244128365083,10.0,0.0,19.843848186458725,20.313657316051714,300.0826642867733,320.8159908817218,0.0
4.426,6.848211289428434,-1.386178101753318,10.0,0.0,20.028489446482524,20.578412914685458,292.6373869790201,320.8159908817218,0.0
4.4270000000000005,7.2029035074458445,-1.2193132808998284,10.0,0.0,20.203744473184265,20.799583294940405,288.21799826941765,320.8159908817218,0.0
4.428,7.506822815355079,-1.0987760512010953,10.0,0.0,20.372000588183,20.986277938150188,288.2392350763256,320.8159908817218,0.0
4.429,7.833260946945211,-0.9183186843683222,10.0,0.0,20.523455617948223,21.138259727143048,288.23693689519246,320.8159908817218,0.0
4.43,8.04391993512232,-0.9146657739528758,10.0,0.0,20.67636607715884,21.27028073282956,302.01365851355496,320.8159908817218,0.0
4.431,8.118440059410707,-1.0975872566715106,10.0,0.0,20.847345483220245,21.398300060078533,309.1363040770066,320.8159908817218,0.0
4.432,8.15945123592785,-1.2917306506101682,10.0,0.0,21.03355543990648,21.52684936703475,319.6367384304273,320.8159908817218,0.0
4.433,8.131886485495658,-1.5602559266708869,5.443491676687329,0.0,21.241595678047002,21.163391057712282,325.5200685162908,320.8159908817218,0.0
4.434,7.864556817422171,-1.6606866145607242,2.4547858574098793,0.0,21.4008481843485,20.60302066223249,332.2647165794497,320.8159908817218,0.0
4.4350000000000005,7.373377541584812,-1.7280339047018978,-1.0320254311468666,0.0,21.494542295508502,19.812306797043725,333.64860883775515,320.8159908817218,0.0
4.436,6.724498000513596,-1.6818686511123362,-1.8522977398599112,0.0,21.49404395823736,19.121136845176437,337.76842551620325,320.8159908817218,0.0
4.437,6.068459254511621,-1.6487923015151007,-4.081730425428777,0.0,21.421301713586804,18.327674649092817,338.1900962796097,320.8159908817218,0.0
4.438,5.381510381489221,-1.5808925296362812,-4.466306861110875,0.0,21.269349262382246,17.6552793556556,338.2453109398534,320.8159908817218,0.0
4.439,4.761846550017432,-1.524131590022979,-4.668207391814059,0.0,21.059787821315744,17.077858585152807,337.27951885119325,320.8159908817218,0.0
4.44,4.22946051969888,-1.483988028867127,-4.349946627178683,0.0,20.809592264974608,16.626617262030887,335.73269922464885,320.8159908817218,0.0
4.441,3.806760731996091,-1.46258977709773,-3.725703897335759,0.0,20.537339759872307,16.30213772456753,333.7249470665134,320.8159908817218,0.0
4.442,3.495823669632879,-1.4634175311047177,-2.8509173801159373,0.0,20.26016958699237,16.10284105891895,331.48056908676995,320.8159908817218,0.0
4.4430000000000005,3.295506608246374,-1.4817233689926925,-1.835374172294702,0.0,19.99279212946318,16.017644436364264,329.12764341230877,320.8159908817218,0.0
4.444,3.1953601802156304,-1.514744290053255,-0.7420278603699839,0.0,19.747081998369215,16.033355329015144,326.3613633555559,320.8159908817218,0.0
4.445,3.182229860383429,-1.558705802080101,0.5856584432681058,0.0,19.532019526762085,16.158479020473724,323.6392971035525,320.8159908817218,0.0
4.446,3.2555425500927386,-1.6109053390743349,1.9184585070514997,0.0,19.356278005410626,16.374719540539182,320.4840172878707,320.8159908817218,0.0
4.447,3.4050356037274403,-1.664752236765909,3.499418150830915,0.0,19.22513585157699,16.696628307638115,318.4798337119124,320.8159908817218,0.0
4.448,3.637874384120604,-1.7133440101198312,4.524871510508149,0.0,19.144105415928614,17.046104920463602,319.5519671923829,320.8159908817218,0.0
4.449,3.910953213995814,-1.7478058156712621,4.001445007166296,0.0,19.109430566004754,17.256989095994975,319.9339236224369,320.8159908817218,0.0
4.45,4.113148504050492,-1.7572238155292734,3.819287464732143,0.0,19.100002980555296,17.40900361073924,311.2639800507463,320.8159908817218,0.0
4.4510000000000005,4.290288748659615,-1.6944263728103433,8.24977935888721,0.0,19.09971770642753,18.01658612523906,311.07689979615424,320.8159908817218,0.0
4.452,4.6951547887262155,-1.6907361861641395,8.44071039703891,0.0,19.160441265058633,18.49731549417003,314.49504499973074,320.8159908817218,0.0
4.453,5.089831952704888,-1.7090149838520494,6.79484725407057,0.0,19.265212974331853,18.71372419832598,304.6152228713152,320.8159908817218,0.0
4.454,5.373426321681333,-1.633704385858597,10.0,0.0,19.37268142933719,19.260746027527972,306.5946357632531,320.8159908817218,0.0
4.455,5.802771409379403,-1.5738531159536486,10.0,0.0,19.51827468805259,19.687368975893975,303.8811078622481,320.8159908817218,0.0
4.456,6.193598618057079,-1.5430259340301942,10.0,0.0,19.68917843842052,20.047191413217348,298.6001741423156,320.8159908817218,0.0
4.457,6.599256134352065,-1.4146299412976653,10.0,0.0,19.86515877010264,20.34740792713951,295.9031536656934,320.8159908817218,0.0
4.458,6.936647872093425,-1.3275794606856386,10.0,0.0,20.04527112706877,20.602144306849063,293.4055662931399,320.8159908817218,0.0
4.4590000000000005,7.294699655180696,-1.155212447292293,10.0,0.0,20.214756019642095,20.813406505522092,283.2705383634445,320.8159908817218,0.0
4.46,7.6057072517375515,-1.0233692862078791,10.0,0.0,20.37563956524004,20.98986065579477,284.8402051814548,320.8159908817218,0.0
4.461,7.9163568698625975,-0.8704160691293796,10.0,0.0,20.52257374903766,21.133696363571783,296.5212715437305,320.8159908817218,0.0
4.462,8.068623586243447,-0.9562951636840085,10.0,0.0,20.680174317805022,21.26419907633022,299.4393718326044,320.8159908817218,0.0
4.463,8.12120781730119,-1.1625517285127034,10.0,0.0,20.856894532157096,21.393149976437,315.1937286925432,320.8159908817218,0.0
4.464,8.130481317157711,-1.3978283264556084,7.621601373634411,0.0,21.052655675210076,21.26475971639446,318.5273713027956,320.8159908817218,0.0
4.465,7.991604721969407,-1.5622421690270445,5.977666264297468,0.0,21.231734434656936,21.027104881367343,331.1200316600582,320.8159908817218,0.0
4.466,7.711926099046079,-1.7209869019429949,-0.421704322117205,0.0,21.384957616851434,20.173007874945064,329.76060558255784,320.8159908817218,0.0
4.4670000000000005,7.1001144656156985,-1.6875248408412562,0.1685625696246147,0.0,21.432180506133907,19.61306844478832,335.437404578734,320.8159908817218,0.0
4.468,6.513197666967166,-1.6909570763772919,-2.8160510654335873,0.0,21.419399329992434,18.838077809318698,336.8882657913358,320.8159908817218,0.0
4.469,5.8478468621174375,-1.6398299096789002,-3.7022044208306317,0.0,21.32473889722597,18.13899680758579,338.1597539382743,320.8159908817218,0.0
4.47,5.207012023320154,-1.5877066757841383,-4.511386124865411,0.0,21.164414123501416,17.484047733078874,337.90764665439383,320.8159908817218,0.0
4.471,4.614602582224283,-1.5359378258453888,-4.556249040651886,0.0,20.94945357854431,16.940474675086616,336.6886624156917,320.8159908817218,0.0
4.472,4.11153230458341,-1.4983072579223156,-4.1054836366405105,0.0,20.698010108311543,16.529209328126512,335.02909898469096,320.8159908817218,0.0
4.473,3.72086817192468,-1.4802425468244345,-3.4178330021698415,0.0,20.4289736378645,16.243002436406858,332.9766523211707,320.8159908817218,0.0
4.474,3.441606701054159,-1.483521739890104,-2.5132162848042094,0.0,20.158761483638408,16.07795603984914,330.8237485962562,320.8159908817218,0.0
4.4750000000000005,3.270411669560162,-1.5025185659240023,-1.5368419994923066,0.0,19.901122764112223,16.016786910490875,328.24184062848934,320.8159908817218,0.0
4.476,3.1915673774714914,-1.535781997018308,-0.3201465130765411,0.0,19.666600012762864,16.067004504583263,325.4476454150257,320.8159908817218,0.0
4.477,3.2041348735897124,-1.5787240752806766,1.0306345483222392,0.0,19.464942290255586,16.222996158527277,322.6581043396477,320.8159908817218,0.0
4.478,3.3011273729249466,-1.631125340572451,2.4069839514319784,0.0,19.30438422379292,16.47056999858856,319.51434873083025,320.8159908817218,0.0
4.479,3.4755918252727422,-1.6823495385603566,3.991878177349623,0.0,19.189749997108404,16.819684354052384,318.52433313239885,320.8159908817218,0.0
4.48,3.7306752101909337,-1.7282109842414994,4.509802554058552,0.0,19.126023145683757,17.137232062662655,320.7891256657652,320.8159908817218,0.0
4.481,3.9910400198922322,-1.7555437910733789,3.3776749395349444,0.0,19.10297174455731,17.260849738686787,316.16419241139585,320.8159908817218,0.0
4.482,4.150470288225196,-1.733008618248035,5.73665955142288,0.0,19.091835054066806,17.625676409029154,307.89440310447407,320.8159908817218,0.0
4.483,4.426269084565112,-1.6948501414296313,10.0,0.0,19.11432261893782,18.369540781598783,314.2199952641299,320.8159908817218,0.0
4.484,4.920881949668378,-1.741461628339672,6.903918557351114,0.0,19.214456712906973,18.606415683023435,311.84303456905747,320.8159908817218,0.0
4.485,5.220407582106413,-1.72017471690353,8.182128468013985,0.0,19.325457212494612,18.97317871738479,302.7678200556659,320.8159908817218,0.0
4.486,5.568280449824362,-1.6245331670308332,10.0,0.0,19.451726264187986,19.466278508556023,308.31373475972674,320.8159908817218,0.0
4.487,5.970471479777787,-1.5791864902935582,10.0,0.0,19.610646670886776,19.863754225841905,299.1151720644053,320.8159908817218,0.0
4.488,6.362078888609089,-1.5065861929370792,10.0,0.0,19.785890042702434,20.198319507397173,301.4767951697773,320.8159908817218,0.0
4.489,6.736659791285003,-1.393134167225583,10.0,0.0,19.965311885637345,20.479664772772434,291.5597474064688,320.8159908817218,0.0
4.49,7.084237606834602,-1.2635012715994902,10.0,0.0,20.141800972554552,20.716329945219968,292.6194871647042,320.8159908817218,0.0
4.491,7.409950839703958,-1.126440649610028,10.0,0.0,20.31052732856219,20.914624831654333,286.0857353836752,320.8159908817218,0.0
4.492,7.743949850898518,-0.9455713968653892,10.0,0.0,20.463685526030503,21.07648010614333,284.27797284549615,320.8159908817218,0.0
4.493,7.99370980579815,-0.8871144392737191,10.0,0.0,20.613091858393247,21.213332068003233,300.0183818629647,320.8159908817218,0.0
4.494,8.094234311531597,-1.0429133600705631,10.0,0.0,20.77896520456927,21.34287937083174,306.09840446479075,320.8159908817218,0.0
4.495,8.146956896355054,-1.2317986876360694,10.0,0.0,20.96042534323478,21.471265038721754,316.64405016778625,320.8159908817218,0.0
4.496,8.130238910117898,-1.4947956411777106,6.933179934292205,0.0,21.16361884643666,21.269974150795775,323.84613913089856,320.8159908817218,0.0
4.497,7.951929454177681,-1.6304141968167876,3.30183397024428,0.0,21.33865198211064,20.759798706885448,330.35886631036635,320.8159908817218,0.0
4.498,7.514646460581542,-1.7246066442850592,-0.04995837377606005,0.0,21.45416924349131,20.03207845746796,332.8404966806498,320.8159908817218,0.0
4.499,6.915457647673992,-1.6976003440067469,-1.4110186169070529,0.0,21.48145013628687,19.33402119530996,337.2520067720173,320.8159908817218,0.0
4.5,6.265879487781321,-1.6733120573214622,-3.781133821493767,0.0,21.433795565054467,18.526857388033203,337.729570392698,320.8159908817218,0.0
4.501,5.570200879812941,-1.6032773935846507,-4.189051426943885,0.0,21.302729140073442,17.84450358508483,338.29563893405265,320.8159908817218,0.0
4.502,4.936496755220576,-1.5459056363581316,-4.646882178144513,0.0,21.11092343063813,17.2337469809811,337.600346861063,320.8159908817218,0.0
4.503,4.377171308258714,-1.5005166843695346,-4.4670797014430885,0.0,20.872803564589496,16.744430804213255,336.2141151554947,320.8159908817218,0.0
4.5040000000000004,3.9214913561026954,-1.472050725648681,-3.927945091396685,0.0,20.60688670152953,16.38227258112296,334.29341413812944,320.8159908817218,0.0
4.505,3.5768884170292137,-1.4657075749341424,-3.102368815278124,0.0,20.330932615475138,16.14851006208481,332.06313601152186,320.8159908817218,0.0
4.506,3.3450760049466575,-1.478503161974588,-2.099701203272338,0.0,20.060668632203964,16.03461939684282,329.79892026207295,320.8159908817218,0.0
4.507,3.2185649425317306,-1.5071673354383555,-1.057422622351396,0.0,19.809067083946328,16.021313460323984,327.1027152339814,320.8159908817218,0.0
4.508,3.1803648508219395,-1.5489931621687683,0.22781264817177105,0.0,19.585609296068277,16.11806795604353,324.3533470027402,320.8159908817218,0.0
4.509,3.2312139651296428,-1.5978783792302564,1.567123202582212,0.0,19.399131852159442,16.31129762819229,321.4261516510494,320.8159908817218,0.0
4.51,3.360568995178158,-1.6521517339951144,3.0246192707343282,0.0,19.256106336709887,16.599767488525657,318.7870691320943,320.8159908817218,0.0
4.511,3.5680201568082466,-1.702116085650631,4.364449747708149,0.0,19.16118370397308,16.95636812558751,319.0564422346664,320.8159908817218,0.0
4.5120000000000005,3.8364916613651316,-1.743348754144923,4.247358682892652,0.0,19.115449348233962,17.214080759885093,320.6877452658357,320.8159908817218,0.0
4.513,4.064588441753592,-1.7615695404621148,3.432989623466865,0.0,19.101651651308458,17.33063307849316,312.82778501223174,320.8159908817218,0.0
4.514,4.224433303735854,-1.7081569344915242,7.442851808963745,0.0,19.09483136141637,17.86807695953263,309.98193848891555,320.8159908817218,0.0
4.515,4.590521634192039,-1.6896565038228477,8.974115594549906,0.0,19.140936567303598,18.44076355030809,314.07297573170104,320.8159908817218,0.0
4.516,5.017003638727915,-1.7255046058185484,6.996027124657369,0.0,19.243828207205866,18.684637495856297,306.92145998608976,320.8159908817218,0.0
4.517,5.3156317374178395,-1.6747319412182975,10.0,0.0,19.354874603546726,19.236046841015998,306.8018145326883,320.8159908817218,0.0
4.518,5.754125948965364,-1.6145792278206246,10.0,0.0,19.50384822294174,19.66813208025706,306.515678160408,320.8159908817218,0.0
4.519,6.144911517035635,-1.586408251384801,10.0,0.0,19.678635724047396,20.03330468714126,298.4909769224628,320.8159908817218,0.0
4.5200000000000005,6.545652594085309,-1.464165584302544,10.0,0.0,19.85929675211621,20.339265120652847,298.84345970941047,320.8159908817218,0.0
4.521,6.8844001875176595,-1.3715502223581262,10.0,0.0,20.043522457586242,20.599440789113096,293.3862322180835,320.8159908817218,0.0
4.522,7.239845170454922,-1.1996654117336845,10.0,0.0,20.21736198380605,20.816309989085543,286.35437211241776,320.8159908817218,0.0
4.523,7.543796160438854,-1.0764812212748538,10.0,0.0,20.383673064556895,20.998996062613866,287.70012471850924,320.8159908817218,0.0
4.524,7.864169211808749,-0.9047599632404899,10.0,0.0,20.5339641481063,21.147843111113595,289.6328988966297,320.8159908817218,0.0
4.525,8.06171304108684,-0.9199179912886919,10.0,0.0,20.687495423816383,21.27830847241141,300.84968705924035,320.8159908817218,0.0
4.526,8.119321501245455,-1.1260156856916277,10.0,0.0,20.861239274189074,21.406718932825765,312.4672888106083,320.8159908817218,0.0
4.527,8.157472042964955,-1.3202395044600492,9.005481316874949,0.0,21.049753428686437,21.42664520210465,317.55608976795287,320.8159908817218,0.0
4.5280000000000005,8.075615706117478,-1.5592540657291272,6.49367984934035,0.0,21.245758158213853,21.206462987778238,328.91296258882966,320.8159908817218,0.0
4.529,7.858828347812626,-1.6868388443782498,0.7342737218308777,0.0,21.41178837339461,20.442510854531587,331.2718252266042,320.8159908817218,0.0
4.53,7.281482729063217,-1.7174932539044176,-0.5497159405052283,0.0,21.486916490994012,19.74925229902518,334.5599483685529,320.8159908817218,0.0
4.531,6.654649729822342,-1.6797181590168684,-2.331217086347883,0.0,21.48074413674994,19.01288535513902,337.7911164078825,320.8159908817218,0.0
4.532,5.98390193826288,-1.640823300406249,-4.116552361274285,0.0,21.397651640043367,18.238479928512724,338.0816298152496,320.8159908817218,0.0
4.533,5.30430966466696,-1.5734158986035325,-4.434465454293106,0.0,21.238401984732633,17.58413637957556,338.0886613432009,320.8159908817218,0.0
4.534,4.697970088240553,-1.5203180101116602,-4.610707922883552,0.0,21.02447624634317,17.02299611005721,337.19848562212985,320.8159908817218,0.0
4.535,4.180695440668661,-1.4822349802154928,-4.32944500975211,0.0,20.77217090043716,16.580115454250762,335.5061936054793,320.8159908817218,0.0
4.5360000000000005,3.76758059021129,-1.463414214154688,-3.6302010286644224,0.0,20.49911856957338,16.270666425297275,333.38146667429066,320.8159908817218,0.0
4.537,3.4688313081101194,-1.465853724765913,-2.69349232099578,0.0,20.222883122728472,16.089633856712005,331.19273917894253,320.8159908817218,0.0
4.538,3.282543867544644,-1.486557137164106,-1.7028960562939215,0.0,19.958420943967226,16.01618362798247,328.77984086520445,320.8159908817218,0.0
4.539,3.192766717266544,-1.5217857488542867,-0.5760853992597066,0.0,19.716728073371073,16.045688026001436,326.0266778177932,320.8159908817218,0.0
4.54,3.1906643534323136,-1.566266117411695,0.748389255085204,0.0,19.506695484060852,16.18183029108548,323.32937578823044,320.8159908817218,0.0
4.541,3.2726362763898864,-1.619437487063832,2.071906420801499,0.0,19.336684427166222,16.40665927725177,320.0638381177462,320.8159908817218,0.0
4.542,3.42945650176586,-1.6724853864072171,3.712196783683387,0.0,19.211460929808933,16.742770521810026,318.41441321838636,320.8159908817218,0.0
4.543,3.672443733466972,-1.720035098110673,4.560925009996649,0.0,19.13707089593714,17.084545100209002,320.4229155186951,320.8159908817218,0.0
4.5440000000000005,3.9418456127855546,-1.75518655879037,3.5606046134725413,0.0,19.10768848685016,17.23897635709209,318.09876102159456,320.8159908817218,0.0
4.545,4.116343248978903,-1.7485656297111392,4.749854160624089,0.0,19.095607627554674,17.499346180342002,309.3453270163031,320.8159908817218,0.0
4.546,4.340299078893273,-1.7007325457349924,9.24127780192401,0.0,19.105576406567153,18.1917448754802,312.84933454035064,320.8159908817218,0.0
4.547,4.7991602385692,-1.7234379393337844,7.568940603313946,0.0,19.186764101327814,18.538794081480507,314.24535927333613,320.8159908817218,0.0
4.548,5.141438634831945,-1.721940750636389,6.936634552905055,0.0,19.294146202519755,18.773364830805832,303.80617146113264,320.8159908817218,0.0
4.549,5.426566381463469,-1.6248378372674035,10.0,0.0,19.403580819941403,19.310568706835504,307.1111825113834,320.8159908817218,0.0
4.55,5.843780377800377,-1.5684289108658027,10.0,0.0,19.55055841045338,19.73131974040269,301.6439874696471,320.8159908817218,0.0
4.551,6.2363733966879975,-1.5247929357237398,10.0,0.0,19.72067747726927,20.085680337550087,300.04501278616874,320.8159908817218,0.0
4.5520000000000005,6.637129683314604,-1.3981619154373375,10.0,0.0,19.895727644638225,20.381459520324277,293.85531969289576,320.8159908817218,0.0
4.553,6.974657344954085,-1.307549950873126,10.0,0.0,20.0741497076485,20.63204532164387,294.0858225943153,320.8159908817218,0.0
4.554,7.32858071585281,-1.1403797475840418,10.0,0.0,20.242305541773547,20.839858454950054,282.52732457986457,320.8159908817218,0.0
4.555,7.647753625628318,-0.9942063271832919,10.0,0.0,20.400019731605514,21.01213607197183,287.1438293624293,320.8159908817218,0.0
4.556,7.942777910516167,-0.8672445121618658,10.0,0.0,20.546686198708127,21.153696404034694,294.5879932487332,320.8159908817218,0.0
4.557,8.080321489701841,-0.9735372802089733,10.0,0.0,20.705803874942145,21.28358779873999,301.7376241338669,320.8159908817218,0.0
4.558,8.117335916665112,-1.2023439563847023,10.0,0.0,20.886104729722156,21.413705670424072,316.96736833268915,320.8159908817218,0.0
4.559,8.139964022480143,-1.4098868120888963,6.730849117236192,0.0,21.08192893355828,21.187116295943692,318.6545766076222,320.8159908817218,0.0
4.5600000000000005,7.933436644048257,-1.5803414750608917,5.908859122510675,0.0,21.25218636393263,20.967985181388464,331.1353645223392,320.8159908817218,0.0
4.561,7.666321653514083,-1.6994971359065336,-0.43472857125401987,0.0,21.39490751587732,20.12553555013376,331.68039991081554,320.8159908817218,0.0
4.562,7.038158214171148,-1.7039156157605566,-0.8158903557831181,0.0,21.438406065677558,19.469537906260825,334.8973641678163,320.8159908817218,0.0
4.563,6.415599479697998,-1.6683364270158523,-2.565186217144447,0.0,21.407997100550023,18.757078781249376,337.7224527256917,320.8159908817218,0.0
4.564,5.7638837766403705,-1.6326966525182296,-4.146795114521848,0.0,21.305818536126814,18.02180379212002,337.90309318169665,320.8159908817218,0.0
4.565,5.114507349591035,-1.5728540730185647,-4.407986365524065,0.0,21.134104043232988,17.401837746769658,337.61644510334906,320.8159908817218,0.0
4.566,4.539675964395303,-1.5253850150049113,-4.432666868566547,0.0,20.912941224507012,16.883331601941343,336.41948277766267,320.8159908817218,0.0
4.567,4.057038551731361,-1.4943913713003159,-3.990220624682755,0.0,20.659109462943434,16.490817483121972,334.60853634974933,320.8159908817218,0.0
4.5680000000000005,3.6833385387201503,-1.4827856404404571,-3.2226728654063628,0.0,20.390442771696733,16.22845801841435,332.5205860133721,320.8159908817218,0.0
4.569,3.4230597110757746,-1.490853636176884,-2.2957436485342564,0.0,20.123410339943547,16.08464823822674,330.53362666722796,320.8159908817218,0.0
4.57,3.269596447907494,-1.5130504031231826,-1.3994403333172443,0.0,19.871061137753653,16.03211843605981,328.0407610676797,320.8159908817218,0.0
4.571,3.200171674413544,-1.5478549911119999,-0.225255235402682,0.0,19.642300412575356,16.085906113961656,325.162284556506,320.8159908817218,0.0
4.572,3.2179428195228326,-1.5884257313497918,1.1705200834363199,0.0,19.445909263251338,16.250583311951665,322.3244913261875,320.8159908817218,0.0
4.573,3.320935764914834,-1.6390761908515448,2.574331694150904,0.0,19.29079079180154,16.508463686658462,319.2916843080545,320.8159908817218,0.0
4.574,3.502933697695533,-1.688564761580315,4.105978268954068,0.0,19.18190944315256,16.86049734071885,318.61169161745437,320.8159908817218,0.0
4.575,3.7617542663512396,-1.7323768961204302,4.468017606896822,0.0,19.123444043866627,17.16429707270965,320.8944230702105,320.8159908817218,0.0
4.5760000000000005,4.014908608650589,-1.7568966750767419,3.325867558633866,0.0,19.103464212048166,17.277354620918054,315.1193795029819,320.8159908817218,0.0
4.577,4.170329415163053,-1.7245426264466748,6.270355456035583,0.0,19.09298397509352,17.69785885502721,307.97696381694607,320.8159908817218,0.0
4.578,4.475233457260095,-1.6908064618115655,9.969953569701243,0.0,19.122214747621694,18.420790318993635,314.5474789116887,320.8159908817218,0.0
4.579,4.96349423914681,-1.74300572353275,6.747381142030258,0.0,19.226894869729378,18.632213120049215,310.3777041799302,320.8159908817218,0.0
4.58,5.252337690391036,-1.711230720692178,8.936651374927413,0.0,19.338232016802177,19.0791169312874,304.2236775333683,320.8159908817218,0.0
4.581,5.639612647966345,-1.6245979203555014,10.0,0.0,19.473913972282876,19.547827911717214,307.5865509306429,320.8159908817218,0.0
4.582,6.03601151633165,-1.586994728311169,10.0,0.0,19.639628807136987,19.932871377456966,297.4791495606647,320.8159908817218,0.0
4.583,6.428872104980135,-1.4976889087504932,10.0,0.0,19.81782889684843,20.256731304040464,301.9705245917695,320.8159908817218,0.0
4.5840000000000005,6.791001591302976,-1.3889024182615772,10.0,0.0,19.999521514488904,20.530119609327738,291.8165366580824,320.8159908817218,0.0
4.585,7.141249597493682,-1.2424720282801922,10.0,0.0,20.175364222900992,20.759432360032577,290.79354803482545,320.8159908817218,0.0
4.586,7.456363289196386,-1.113738568202964,10.0,0.0,20.343857558833676,20.95223808048275,287.84668233009137,320.8159908817218,0.0
4.587,7.790261213518008,-0.9272386098582648,10.0,0.0,20.495554472400954,21.109034927722828,287.3032377618482,320.8159908817218,0.0
4.588,8.027800590190882,-0.8841158826268365,10.0,0.0,20.644882878923514,21.24253142940482,298.0957068752024,320.8159908817218,0.0
4.589,8.104518583224639,-1.072138739316046,10.0,0.0,20.81374183647015,21.37154753610389,310.4285113352434,320.8159908817218,0.0
4.59,8.153382630962053,-1.261269888430856,10.0,0.0,20.997540706767758,21.499940062566935,315.35599366288534,320.8159908817218,0.0
4.591,8.135303500653599,-1.520094267559108,7.608981877844617,0.0,21.202378312894865,21.373338574787645,328.7161642510535,320.8159908817218,0.0
4.5920000000000005,7.984865253775311,-1.6821659172372294,0.849894850067221,0.0,21.38931164730465,20.576659020418575,329.31732022998415,320.8159908817218,0.0
4.593,7.4173681164858,-1.708042754452769,0.46430356711927345,0.0,21.479109428433475,19.964436886713948,334.0708639453177,320.8159908817218,0.0
4.594,6.8300611990491875,-1.6912888985713583,-2.0450170211834537,0.0,21.49660352555985,19.209176182153975,337.43193812612526,320.8159908817218,0.0
4.595,6.159362672315418,-1.6558998254507868,-3.891713584031277,0.0,21.43309688303313,18.421051310498747,337.94293422800257,320.8159908817218,0.0
4.596,5.4689753262637675,-1.5870376120330185,-4.31848106843274,0.0,21.289907464848817,17.746146426899042,338.28657485745805,320.8159908817218,0.0
4.597,4.844073976407742,-1.5313563778716222,-4.665007222917842,0.0,21.08811018649939,17.152398162715166,337.4381971803033,320.8159908817218,0.0
4.598,4.299327736828505,-1.4894772352635501,-4.407040447326278,0.0,20.843067916221234,16.683359676829816,335.97144229095466,320.8159908817218,0.0
4.599,3.861401179144037,-1.4653569036044223,-3.825217516744288,0.0,20.573391579325953,16.340866126062792,334.0118108734879,320.8159908817218,0.0
4.6000000000000005,3.534603149008351,-1.4633232320298772,-2.977360007928566,0.0,20.296451020486874,16.124668911084928,331.7636160964931,320.8159908817218,0.0
4.601,3.319092092687188,-1.4794169556012202,-1.9627388715788747,0.0,20.02737544234252,16.02596534752523,329.48931625920653,320.8159908817218,0.0
4.602,3.2065526284474717,-1.5105099391886827,-0.9123222067104475,0.0,19.77859635661553,16.025848434782244,326.7403656912481,320.8159908817218,0.0
4.603,3.1801720603114365,-1.5538640469268261,0.4029093291735122,0.0,19.559141510202263,16.13681307489198,323.97642903965766,320.8159908817218,0.0
4.604,3.242329212398304,-1.6041402257023005,1.7532732733893672,0.0,19.37782545102922,16.3430223924434,320.96556265663247,320.8159908817218,0.0
4.605,3.382376958954167,-1.6587261055578235,3.257210747152855,0.0,19.240763614524973,16.647624974393928,318.6230090049393,320.8159908817218,0.0
4.606,3.6023888201560084,-1.708117048531159,4.450417391767255,0.0,19.152755364794718,17.00147364340228,319.0312426130687,320.8159908817218,0.0
4.607,3.87385564202109,-1.7455663324120985,4.264148070389104,0.0,19.11255831873549,17.251053696945892,321.07869362587405,320.8159908817218,0.0
4.6080000000000005,4.096928787628673,-1.7621333976630567,3.2377955365448976,0.0,19.102786866975354,17.338796577221956,312.09373334588327,320.8159908817218,0.0
4.609,4.243725550799807,-1.696513581891376,7.817498251898677,0.0,19.095382998031425,17.91690193582901,310.00229038512487,320.8159908817218,0.0
4.61,4.626655671828751,-1.6821590194496003,8.971356737243845,0.0,19.145607248131732,18.476929432233923,313.8233713372003,320.8159908817218,0.0
4.611,5.052781390797911,-1.7169629766167787,7.130742456651351,0.0,19.2507838037753,18.72892592041343,306.1586775680578,320.8159908817218,0.0
4.612,5.357646898071825,-1.664821817926551,10.0,0.0,19.364558785644867,19.270990939303186,306.631525663994,320.8159908817218,0.0
4.613,5.794237407557635,-1.6024008733030253,10.0,0.0,19.51481787889476,19.69655807808673,305.61749614848384,320.8159908817218,0.0
4.614,6.18235372983835,-1.5720154471287122,10.0,0.0,19.689889589265086,20.056267521960894,298.4862170026963,320.8159908817218,0.0
4.615,6.582724442906389,-1.4450669522822288,10.0,0.0,19.869764592814427,20.35735357727,297.7752558385052,320.8159908817218,0.0
4.616,6.91838498790439,-1.3538531042781243,10.0,0.0,20.05299666320775,20.613399574584008,293.5285884636922,320.8159908817218,0.0
4.617,7.2741520198857845,-1.179273119502994,10.0,0.0,20.225218466447924,20.826386411138,284.9625432986373,320.8159908817218,0.0
4.618,7.5796643170826705,-1.0521216578103147,10.0,0.0,20.38927591208104,21.00524806198876,286.68301977515756,320.8159908817218,0.0
4.619,7.894724224065714,-0.8885994615111499,10.0,0.0,20.538097851259934,21.151027825521584,293.70147417326945,320.8159908817218,0.0
4.62,8.072163016997646,-0.9339920905313748,10.0,0.0,20.693243984029444,21.280744138466343,299.2385957620452,320.8159908817218,0.0
4.621,8.123208867701052,-1.1459600612912109,10.0,0.0,20.868709685309845,21.409162777745504,315.1371124612201,320.8159908817218,0.0
4.622,8.146422048641917,-1.361086308037922,7.65150905689938,0.0,21.061014887824676,21.28190912808727,317.0611882930637,320.8159908817218,0.0
4.623,8.003185289025057,-1.5403425811444627,6.727019166864163,0.0,21.23893113269645,21.124390560540736,332.0798096423902,320.8159908817218,0.0
4.624,7.777133933997322,-1.6995362626462858,-0.894929695405775,0.0,21.399022638560524,20.19467927974358,329.43244775672827,320.8159908817218,0.0
4.625,7.132511042513242,-1.6737483492264351,0.3425866786751355,0.0,21.445705258467267,19.65494257189711,334.469611018591,320.8159908817218,0.0
4.626,6.555469265153791,-1.6678114078708148,-2.3125311536249358,0.0,21.433350761183778,18.926438038126843,337.3934207113114,320.8159908817218,0.0
4.627,5.910168623997359,-1.6379289711050422,-3.9402102982810305,0.0,21.34615356162093,18.182267633169705,337.89066760742776,320.8159908817218,0.0
4.628,5.255028657605121,-1.5804216778470426,-4.359580513596258,0.0,21.18723206362793,17.539553006405455,337.84888633971957,320.8159908817218,0.0
4.6290000000000004,4.663223085612023,-1.5313954301335182,-4.509018834322141,0.0,20.975113438441895,16.991520392646954,336.8007565551992,320.8159908817218,0.0
4.63,4.156740254910546,-1.4964615661886878,-4.144801598796731,0.0,20.726050951841827,16.568432512517994,335.20945794898574,320.8159908817218,0.0
4.631,3.757824115042856,-1.4788099124735408,-3.4930869663626423,0.0,20.457993582619643,16.26960955603284,333.19261529658115,320.8159908817218,0.0
4.632,3.4683248544165535,-1.4816387861912808,-2.6084318843089402,0.0,20.18734734731727,16.092513828245778,331.04206957904466,320.8159908817218,0.0
4.633,3.2866859609687884,-1.5000751863521453,-1.6354198125139243,0.0,19.928055878046944,16.021333112457086,328.522172861714,320.8159908817218,0.0
4.634,3.1990232506713743,-1.532386205894027,-0.4525332736485206,0.0,19.690945332272783,16.059555229075706,325.78564907139383,320.8159908817218,0.0
4.635,3.2017626880095658,-1.5750904501694758,0.866032039614848,0.0,19.485742409412772,16.202279433315194,323.03158300887867,320.8159908817218,0.0
4.636,3.2884746551813713,-1.6266535463939895,2.2209091496008613,0.0,19.320577097404662,16.436550831795046,319.7930347377288,320.8159908817218,0.0
4.6370000000000005,3.4521121167734807,-1.6778570548725042,3.8504128466157175,0.0,19.200472211415732,16.779442193694457,318.4560170390243,320.8159908817218,0.0
4.638,3.7005661952023328,-1.7243088263721669,4.542521434394957,0.0,19.131264609995817,17.110177264479354,320.57692058111786,320.8159908817218,0.0
4.639,3.9661068799454227,-1.755139950157219,3.4844603663542104,0.0,19.104978181697742,17.25088533014404,317.2782842555711,320.8159908817218,0.0
4.64,4.133381888249631,-1.741965118932978,5.169155595389086,0.0,19.09363366012343,17.555046188220665,308.4100377287661,320.8159908817218,0.0
4.641,4.378384996558641,-1.6988402931277518,9.727338390321155,0.0,19.10922769398788,18.28693207165342,313.48795239133574,320.8159908817218,0.0
4.642,4.8617408459602816,-1.7340818150983897,7.261661443940196,0.0,19.200758728483976,18.579663365727036,313.3039459092327,320.8159908817218,0.0
4.643,5.18421517649723,-1.7242898665425166,7.428785134716602,0.0,19.31098025937698,18.86467639142706,302.70229446436934,320.8159908817218,0.0
4.644,5.4921344684198985,-1.6268164068910171,10.0,0.0,19.428056778674573,19.38272628711367,308.09772714373054,320.8159908817218,0.0
4.6450000000000005,5.904609950847625,-1.5692619297692896,10.0,0.0,19.57987437772419,19.792673586360717,300.17873530983684,320.8159908817218,0.0
4.646,6.293909235091248,-1.5161744100391505,10.0,0.0,19.752240864394455,20.13810974914551,301.20376067088205,320.8159908817218,0.0
4.647,6.684242411306626,-1.3931934264611765,10.0,0.0,19.9289172856799,20.42719528777758,292.1642517563412,320.8159908817218,0.0
4.648,7.024677603360239,-1.2877737062598285,10.0,0.0,20.106468259313637,20.671495375311263,294.628769022723,320.8159908817218,0.0
4.649,7.367186457915764,-1.1323232389689075,10.0,0.0,20.274648790137384,20.874848929374362,283.8209571030462,320.8159908817218,0.0
4.65,7.694614432271348,-0.9679774077656862,10.0,0.0,20.42982308652562,21.042093192479978,287.3639803428789,320.8159908817218,0.0
4.651,7.959208144237498,-0.8893927697695341,10.0,0.0,20.579203527718043,21.18229943034113,298.4763164433116,320.8159908817218,0.0
4.652,8.091046775814405,-0.9996066693760274,10.0,0.0,20.74057592391402,21.31156677618161,301.7596045220687,320.8159908817218,0.0
4.6530000000000005,8.13154536272989,-1.2158747390023472,10.0,0.0,20.921425163737275,21.44090816881271,318.19690240585504,320.8159908817218,0.0
4.654,8.133730401054347,-1.4530970934806913,6.122089394811732,0.0,21.12105539713767,21.148994811245775,319.8317155399117,320.8159908817218,0.0
4.655,7.904847696606841,-1.5850948540391245,5.314525581201489,0.0,21.283678801557976,20.881381847202807,333.90765246336946,320.8159908817218,0.0
4.656,7.584671365434606,-1.7174143928060537,-1.8543594963438528,0.0,21.416513740790737,19.909221368996743,330.3486557793044,320.8159908817218,0.0
4.657,6.896450640692212,-1.659887832029915,-0.17018780328715355,0.0,21.43119802120657,19.3770106859562,335.21632169144624,320.8159908817218,0.0
4.658,6.3092596018933556,-1.6515755925984426,-2.7480240674553134,0.0,21.390853724547057,18.656794600292677,337.41550392624026,320.8159908817218,0.0
4.659,5.671897972670579,-1.618897395308222,-4.013610315297509,0.0,21.279010769679537,17.955367437735106,337.896279412628,320.8159908817218,0.0
4.66,5.046328699853003,-1.5683509658318495,-4.42480094380045,0.0,21.102976068773522,17.342762593007354,337.5051783656271,320.8159908817218,0.0
4.6610000000000005,4.484812775641775,-1.5248769342318462,-4.396142295139045,0.0,20.879007674304084,16.836590179234612,336.2081336046898,320.8159908817218,0.0
4.662,4.014419533119682,-1.495933445329162,-3.901541341900076,0.0,20.624069834441027,16.458885783197193,334.3647782411331,320.8159908817218,0.0
4.663,3.653356687824212,-1.4862653863292923,-3.1153515337158266,0.0,20.35608128735958,16.21000589270237,332.275947460155,320.8159908817218,0.0
4.664,3.4048633617308717,-1.4957508609821504,-2.185535709011123,0.0,20.091143688738605,16.077356616601875,330.2541923213985,320.8159908817218,0.0
4.665,3.261254063791462,-1.5189396398207562,-1.2690401540296232,0.0,19.841890833295384,16.036306950562647,327.6467181113255,320.8159908817218,0.0
4.666,3.2009249804497664,-1.5547315645814135,-0.03361032128918495,0.0,19.617163520727864,16.106369397822846,324.82738187797077,320.8159908817218,0.0
4.667,3.230151671368084,-1.5965818610185218,1.335943885425706,0.0,19.426160797503584,16.281431306677078,321.9692744683271,320.8159908817218,0.0
4.668,3.3421930159985926,-1.6472960540877895,2.7534647543814783,0.0,19.276924595760406,16.55008622484127,319.0721011414092,320.8159908817218,0.0
4.6690000000000005,3.532938878867414,-1.695758172391684,4.219490315243573,0.0,19.1743011970907,16.90417800255073,318.66630474823023,320.8159908817218,0.0
4.67,3.795434709928264,-1.737402210550757,4.443885373167962,0.0,19.121445539073363,17.195654380597333,320.94996212425343,320.8159908817218,0.0
4.671,4.041597968308656,-1.7599006110309416,3.3007169727310455,0.0,19.105081468333662,17.300252080299003,314.15679013334056,320.8159908817218,0.0
4.672,4.1944593132358925,-1.717535773048818,6.763894975671292,0.0,19.09592845845525,17.770781751926137,308.5673939255377,320.8159908817218,0.0
4.673,4.525179477632245,-1.6881356568796915,9.681079049134556,0.0,19.131933352328623,18.44475101881995,314.401646467524,320.8159908817218,0.0
4.674,4.992873099912348,-1.7386657010670865,6.828096222283384,0.0,19.237586989526342,18.663784799916606,308.57797715804264,320.8159908817218,0.0
4.675,5.285983701592469,-1.6967280602394514,9.862311014260863,0.0,19.349460200181035,19.206208792047395,306.21968927493856,320.8159908817218,0.0
4.676,5.719638961963585,-1.6320248568281859,10.0,0.0,19.497690513016373,19.64561037391808,307.6117575301872,320.8159908817218,0.0
4.6770000000000005,6.111943191890115,-1.6015227640638678,10.0,0.0,19.6723297545853,20.015701026339634,297.80049068338275,320.8159908817218,0.0
4.678,6.507974267388494,-1.489006268463136,10.0,0.0,19.854442343651034,20.326606161670366,300.5998830004336,320.8159908817218,0.0
4.679,6.8515819765647805,-1.3905449805809553,10.0,0.0,20.039728610632235,20.590795505120198,292.70308230373143,320.8159908817218,0.0
4.68,7.204270530621123,-1.2243505938584436,10.0,0.0,20.215608415599654,20.811734877068723,288.77491686893944,320.8159908817218,0.0
4.681,7.508103263145819,-1.1022503308726823,10.0,0.0,20.384225092203973,20.998273577281992,288.4201988005621,320.8159908817218,0.0
4.682,7.8351167471802015,-0.9196467987691772,10.0,0.0,20.53576858526766,21.150086919215823,288.4015704028249,320.8159908817218,0.0
4.683,8.049413295005795,-0.9091942235100876,10.0,0.0,20.68801531526089,21.28157079084217,301.2121654491817,320.8159908817218,0.0
4.684,8.120949651625923,-1.0972208809375146,10.0,0.0,20.858973217487048,21.40940491455525,310.11275413510623,320.8159908817218,0.0
4.6850000000000005,8.163817406526661,-1.2885385461585517,10.0,0.0,21.044783418461932,21.537551326646756,318.82217310747336,320.8159908817218,0.0
4.686,8.136287410894221,-1.5571475710384033,5.8631122467559615,0.0,21.252461056633056,21.219863441838328,326.1820542123453,320.8159908817218,0.0
4.687,7.892062275803573,-1.6677549217157146,2.129511061013761,0.0,21.417082860831922,20.611974321332305,332.1617390638108,320.8159908817218,0.0
4.688,7.382989266371349,-1.7298705970047734,-0.9737888465398754,0.0,21.510180223335325,19.830865095009926,333.94312767773596,320.8159908817218,0.0
4.689,6.733927661289216,-1.6818562625644986,-1.9957545214626036,0.0,21.509954193414845,19.122099348868883,337.96103001865305,320.8159908817218,0.0
4.69,6.068163421335556,-1.6457632151648751,-4.1761560832904605,0.0,21.43538410000273,18.32130650964213,338.2411647980828,320.8159908817218,0.0
4.691,5.3750072512756475,-1.574794958224219,-4.490475212168957,0.0,21.280746154219692,17.64995439274555,338.29386014368407,320.8159908817218,0.0
4.692,4.754298459725547,-1.5178177857168613,-4.691601577589205,0.0,21.06887898491889,17.072639389422783,337.4578104043458,320.8159908817218,0.0
4.6930000000000005,4.222972582921834,-1.4768187433411875,-4.43999490314632,0.0,20.816526909279634,16.613795925878048,335.7847655425951,320.8159908817218,0.0
4.694,3.796435916009665,-1.4557283874613964,-3.7531602188796906,0.0,20.541615746126826,16.29024312424106,333.6694619152477,320.8159908817218,0.0
4.695,3.4857093181923897,-1.4568079567273493,-2.8240431155412633,0.0,20.26217007530364,16.096803580067828,331.4339354353446,320.8159908817218,0.0
4.696,3.288883710880182,-1.477226295220384,-1.8124593211259339,0.0,19.993560238687024,16.015290020408074,329.11172698426924,320.8159908817218,0.0
4.697,3.1920758851225552,-1.5123132406637834,-0.7343124566137238,0.0,19.747315410379947,16.032227754965035,326.360433484141,320.8159908817218,0.0
4.698,3.1807855047933105,-1.5576705125706793,0.5858898674261908,0.0,19.53202726881459,16.1575618838135,323.6449550609648,320.8159908817218,0.0
4.699,3.2548644410341794,-1.6105980905466628,1.9153394372218862,0.0,19.35616981514891,16.373609628267932,320.49868283628695,320.8159908817218,0.0
4.7,3.404475320669006,-1.6648310587322883,3.4916486300151495,0.0,19.224939232015895,16.69484996102222,318.4842608305949,320.8159908817218,0.0
4.7010000000000005,3.6369235236662476,-1.7135992259104829,4.522176933372439,0.0,19.14377790917936,17.04436503009581,319.61345486196285,320.8159908817218,0.0
4.702,3.9096237182873503,-1.748576157814786,3.969605277886056,0.0,19.10904400637152,17.25205175546297,319.89610936996473,320.8159908817218,0.0
4.703,4.11021109073752,-1.7572741444882967,3.837476839002685,0.0,19.099159175596235,17.407150397266996,311.2299823531819,320.8159908817218,0.0
4.704,4.288486755158664,-1.6947199951125995,8.26640043267949,0.0,19.09880475578081,18.01664912214456,311.1564920901008,320.8159908817218,0.0
4.705,4.694387681499002,-1.691957445813461,8.399740552136254,0.0,19.159757311505544,18.49267436450308,314.55324553075474,320.8159908817218,0.0
4.706,5.086997603967362,-1.7094996085134027,6.763991285318962,0.0,19.264174399283633,18.706798435445627,304.5851511122503,320.8159908817218,0.0
4.707,5.368938372662859,-1.633145899863803,10.0,0.0,19.370987855799722,19.255182874022996,306.6062750434368,320.8159908817218,0.0
4.708,5.798239626116753,-1.5736403587310563,10.0,0.0,19.516176338083824,19.68264639705445,303.8803492980309,320.8159908817218,0.0
4.7090000000000005,6.189493639825091,-1.5431683526687994,10.0,0.0,19.686835459187144,20.043137487037793,298.6076071979262,320.8159908817218,0.0
4.71,6.595546805033804,-1.4151726491394165,10.0,0.0,19.862702969850858,20.343892072097272,295.93059166935666,320.8159908817218,0.0
4.711,6.933272863512653,-1.328396689599371,10.0,0.0,20.042793789440033,20.599068614936574,293.4093045101721,320.8159908817218,0.0
4.712,7.291577272361017,-1.1561978037063274,10.0,0.0,20.212319063501393,20.81070036106233,283.3041612988423,320.8159908817218,0.0
4.713,7.602625400961716,-1.0246786917798447,10.0,0.0,20.373309871316202,20.987489209924053,284.7494629237728,320.8159908817218,0.0
4.714,7.913509691676526,-0.8715863511072413,10.0,0.0,20.520355516880986,21.131611463988467,296.39234821600064,320.8159908817218,0.0
4.715,8.066847283803979,-0.9561759939046905,10.0,0.0,20.677944607410176,21.262267764976052,299.28816422816726,320.8159908817218,0.0
4.716,8.121067253175339,-1.1600309236619402,10.0,0.0,20.85441856483053,21.391186524208216,315.00644195556833,320.8159908817218,0.0
4.7170000000000005,8.129890149454202,-1.3964317488305795,7.715620262136833,0.0,21.05010254390304,21.27315071319729,318.5925475617973,320.8159908817218,0.0
4.718,7.996899323802884,-1.5622362860545813,5.9448018922216,0.0,21.230289034810163,21.0292578776671,330.7043968979904,320.8159908817218,0.0
4.719,7.71516201063867,-1.7215087598422034,-0.21000683603765147,0.0,21.383929519817954,20.198113394562824,329.84333704904844,320.8159908817218,0.0
4.72,7.115030480281078,-1.691521803660101,0.13024962676007057,0.0,21.43420021809663,19.62762080166779,335.6690464105929,320.8159908817218,0.0
4.721,6.525168169869506,-1.69550631494424,-2.931135609300868,0.0,21.42313275306101,18.837933136137142,336.84988123326104,320.8159908817218,0.0
4.722,5.851929054702122,-1.6395268100603655,-3.6818919241503334,0.0,21.328005677325812,18.142295827947457,338.1684217482019,320.8159908817218,0.0
4.723,5.209854323835756,-1.586951916192747,-4.514686490285574,0.0,21.167604135068586,17.48650553312048,337.9204051179621,320.8159908817218,0.0
4.724,4.616574087379351,-1.5350331829698691,-4.561722317528068,0.0,20.952478405838526,16.942248196916683,336.70056348953966,320.8159908817218,0.0
4.7250000000000005,4.11288353928998,-1.4973684187111271,-4.110647229395025,0.0,20.700815579174865,16.530465797302583,335.0433525397315,320.8159908817218,0.0
4.726,3.7217735907580263,-1.4793572107635584,-3.4243153710710272,0.0,20.431536209984525,16.243666297375476,332.99176969693394,320.8159908817218,0.0
4.727,3.442071053368468,-1.4827311541843957,-2.5202817378243845,0.0,20.161056073576262,16.07805537122345,330.838780423618,320.8159908817218,0.0
4.728,3.270461097151712,-1.5018167952792905,-1.544014996585377,0.0,19.903128539279862,16.016386599059583,328.25928982035595,320.8159908817218,0.0
4.729,3.191284970389379,-1.5350976923769775,-0.3287026843406893,0.0,19.6682969234665,16.06600691199867,325.471144910676,320.8159908817218,0.0
4.73,3.2034012072136604,-1.5781722148061776,1.0188182302097397,0.0,19.46631588902464,16.221131662222326,322.681084292265,320.8159908817218,0.0
4.731,3.2998287474483643,-1.6305755593120903,2.3951976053098174,0.0,19.305379055720667,16.467986489037358,319.52934954292067,320.8159908817218,0.0
4.732,3.4737260333833655,-1.681861763339994,3.9839313933699856,0.0,19.19033883742661,16.816894646725597,318.51719570998574,320.8159908817218,0.0
4.7330000000000005,3.728538408274501,-1.7278440582558887,4.51299626155481,0.0,19.126238647131256,17.13542737605667,320.77498004454844,320.8159908817218,0.0
4.734,3.9893996565712677,-1.7554118459949457,3.3845142026451933,0.0,19.102974382500683,17.26012652469945,316.2367299937806,320.8159908817218,0.0
4.735,4.149329644932726,-1.7335748403424143,5.69943183690852,0.0,19.09182871069828,17.620971406136178,307.8941336968566,320.8159908817218,0.0
4.736,4.423079576198585,-1.6951621430750181,9.999948557219172,0.0,19.113875067576892,18.366011702584895,314.1845152405681,320.8159908817218,0.0
4.737,4.917992251813534,-1.7413341744054003,6.921072541774971,0.0,19.213683868831538,18.605368181169645,311.93836442408843,320.8159908817218,0.0
4.738,5.218655577536918,-1.7207720673936477,8.132924214591132,0.0,19.324723885734606,18.96673849711219,302.685923382534,320.8159908817218,0.0
4.739,5.563846188965448,-1.6247975460621253,10.0,0.0,19.450445356265252,19.461371268817686,308.3943156698808,320.8159908817218,0.0
4.74,5.966665272171362,-1.578471596372161,10.0,0.0,19.608921847660817,19.859583959513245,298.9681978722067,320.8159908817218,0.0
4.741,6.356779656524569,-1.5091911775696691,10.0,0.0,19.784214372415,20.194938638832014,301.7725387994394,320.8159908817218,0.0
4.742,6.7346300019601175,-1.3913608960313524,10.0,0.0,19.963244585844446,20.476624708539948,291.8429921941844,320.8159908817218,0.0
4.743,7.081001745392704,-1.2643046735766612,10.0,0.0,20.139742503247117,20.713722804296793,292.5966640164816,320.8159908817218,0.0
4.744,7.4070564374711525,-1.1272774005073862,10.0,0.0,20.308498000672135,20.912358583523925,286.086680012598,320.8159908817218,0.0
4.745,7.741195362407644,-0.9465563840795095,10.0,0.0,20.461732487200987,21.07451159974862,284.2748573000128,320.8159908817218,0.0
4.746,7.991488899442882,-0.887497993832519,10.0,0.0,20.61116961393653,21.21158186317922,300.1051504637539,320.8159908817218,0.0
4.747,8.093894664169914,-1.0406009179221996,10.0,0.0,20.776801959893913,21.341127114190687,305.8524311582385,320.8159908817218,0.0
4.748,8.1463347720596,-1.2303531136971104,10.0,0.0,20.95816730865105,21.469536720476153,316.7704475628525,320.8159908817218,0.0
4.749,8.130093797197626,-1.4929451873417348,6.867500841592826,0.0,21.16122468930418,21.26097790189771,323.61520086467647,320.8159908817218,0.0
4.75,7.948404995466328,-1.6269465724437189,3.417132090851294,0.0,21.33523468165893,20.765188490686754,330.394476760192,320.8159908817218,0.0
4.751,7.51754390145153,-1.7237220180254627,-0.06829071569117051,0.0,21.451570018820075,20.03306403094443,332.7059197154255,320.8159908817218,0.0
4.752,6.918221361906551,-1.6968725920797136,-1.3429114816449728,0.0,21.479138184981025,19.342048363112742,337.21418216733645,320.8159908817218,0.0
4.753,6.27214987850566,-1.674159845453647,-3.761024620456581,0.0,21.4326180598733,18.534719478849247,337.7089466542487,320.8159908817218,0.0
4.7540000000000004,5.5773638051545005,-1.6046681788158283,-4.177336421637966,0.0,21.302600102986098,17.851824056994097,338.2914057972623,320.8159908817218,0.0
4.755,4.943435678470532,-1.5473667919830345,-4.643320142300189,0.0,21.111686163716875,17.239905523576446,337.6077564264336,320.8159908817218,0.0
4.756,4.383203946523714,-1.5017480938532966,-4.469413112332941,0.0,20.87422672210686,16.74916326932397,336.22861411469927,320.8159908817218,0.0
4.757,3.926270747073242,-1.4729436988211315,-3.933968188795559,0.0,20.60872670276036,16.385569502245247,334.3113126635828,320.8159908817218,0.0
4.758,3.580350775347454,-1.4662310648382852,-3.1102706810559253,0.0,20.33296696285285,16.150519251451076,332.08273181739435,320.8159908817218,0.0
4.759,3.3473129093386635,-1.478722496632561,-2.108647667318433,0.0,20.062719355693876,16.035514573723006,329.8224225791966,320.8159908817218,0.0
4.76,3.21975920269547,-1.5071249933935462,-1.068557365194306,0.0,19.81099540180375,16.021079835218792,327.1279985362475,320.8159908817218,0.0
4.761,3.180570585052667,-1.548776550974336,0.2155345797349839,0.0,19.587298015818494,16.11680059697124,324.3760330403772,320.8159908817218,0.0
4.7620000000000005,3.2305630159640213,-1.5974859105818147,1.555916906083584,0.0,19.400483958588033,16.309289626822295,321.4546153512512,320.8159908817218,0.0
4.763,3.359222333737355,-1.6517435523475676,3.010239505951277,0.0,19.25708145706386,16.596767410041203,318.80040281880827,320.8159908817218,0.0
4.764,3.565889530369735,-1.7017450718203933,4.35750165280189,0.0,19.16172457473837,16.95336597648887,319.1433630452671,320.8159908817218,0.0
4.765,3.833893814492801,-1.743496924013365,4.202747817937016,0.0,19.115655925836688,17.206859655468357,320.5292324283808,320.8159908817218,0.0
4.766,4.059827756438368,-1.7609995794853242,3.512680710913583,0.0,19.101051283303104,17.33386456746302,312.81535194097245,320.8159908817218,0.0
4.767,4.224448942533204,-1.709274533866915,7.4496273440252505,0.0,19.094742814649603,17.870824333666395,310.1662741007277,320.8159908817218,0.0
4.768,4.591451989102601,-1.69174037679043,8.880663431957554,0.0,19.141349662659565,18.43277765646385,314.1329617229576,320.8159908817218,0.0
4.769,5.012855795197138,-1.725390005047263,6.964149912430263,0.0,19.243367958827292,18.67538509555051,306.8448672628927,320.8159908817218,0.0
4.7700000000000005,5.30937788339949,-1.6733428724599058,10.0,0.0,19.353383488419723,19.22863887353191,306.8453363884293,320.8159908817218,0.0
4.771,5.747959278123158,-1.6136887575558736,10.0,0.0,19.501681361537493,19.66193159326114,306.51179221944557,320.8159908817218,0.0
4.772,6.139392394606292,-1.586181408061142,10.0,0.0,19.676049452021026,20.02805299946332,298.5215363790258,320.8159908817218,0.0
4.773,6.540873292333057,-1.4644044263422957,10.0,0.0,19.856472479582294,20.334750506508517,298.85739534918383,320.8159908817218,0.0
4.774,6.880124945539009,-1.3722721094278922,10.0,0.0,20.040606170048566,20.595517692729935,293.3989778724089,320.8159908817218,0.0
4.775,7.235956693095271,-1.2006920987550869,10.0,0.0,20.21445073208548,20.812872553676712,286.3855533734268,320.8159908817218,0.0
4.776,7.5401266850269115,-1.0777791725616566,10.0,0.0,20.380841702238833,20.995976003095574,287.72485287387076,320.8159908817218,0.0
4.777,7.860761971180141,-0.9060342538719381,10.0,0.0,20.5312411085248,21.145180023030353,289.3328446869622,320.8159908817218,0.0
4.7780000000000005,8.059583096260685,-0.9195393791552595,10.0,0.0,20.68472398914372,21.27583961070292,300.9973709898532,320.8159908817218,0.0
4.779,8.11866095121413,-1.1236850451213782,10.0,0.0,20.858245512471434,21.404271174876058,312.0777654327304,320.8159908817218,0.0
4.78,8.157259940068995,-1.3175758854855908,9.20258428651357,0.0,21.0465445756641,21.44584089625664,317.92337363689256,320.8159908817218,0.0
4.781,8.08571348484709,-1.5626654488776932,6.308706356880788,0.0,21.245191648245036,21.199987236656632,328.12211535167626,320.8159908817218,0.0
4.782,7.860418199453786,-1.6844589364432234,1.136274254789397,0.0,21.41033503560618,20.482621915182065,331.6713587711746,320.8159908817218,0.0
4.783,7.302039195086092,-1.7260635015611887,-0.7469011338543003,0.0,21.490586119371063,19.75725123048767,334.43971067527065,320.8159908817218,0.0
4.784,6.6658249299473065,-1.6826739728404025,-2.2673142838378144,0.0,21.485086132479555,19.028428809149055,337.9202827154697,320.8159908817218,0.0
4.785,5.995026787761372,-1.643780894929629,-4.178643222274811,0.0,21.40340955886036,18.244322232515977,338.13263612715156,320.8159908817218,0.0
4.7860000000000005,5.3102053393572595,-1.5741343286542522,-4.457986380570046,0.0,21.244217793428597,17.58746657605877,338.124040149719,320.8159908817218,0.0
4.787,4.700803255269619,-1.5195972550494472,-4.626768884533743,0.0,21.029957026460515,17.024790679616657,337.23533065510594,320.8159908817218,0.0
4.788,4.181708874057333,-1.4808773158790434,-4.346607534961051,0.0,20.777140923972325,16.58046823070706,335.5362153545336,320.8159908817218,0.0
4.789,3.7673314143350702,-1.4617351148151503,-3.6442521294030112,0.0,20.503455744116664,16.270144474312577,333.4059578830844,320.8159908817218,0.0
4.79,3.4678300345720583,-1.4641094562019432,-2.705023063692024,0.0,20.226559306170333,16.08857759592132,331.209807327137,320.8159908817218,0.0
4.791,3.281126722284582,-1.4849465824944437,-1.7108859501724845,0.0,19.961464164657798,16.014982903958582,328.7918542552292,320.8159908817218,0.0
4.792,3.191415167502252,-1.5201394156268389,-0.5816680479536642,0.0,19.719181908481882,16.044512003052922,326.0694784159692,320.8159908817218,0.0
4.793,3.18922532696028,-1.5652078091662633,0.7269849963338886,0.0,19.508686382791005,16.178863389381473,323.35710914484594,320.8159908817218,0.0
4.7940000000000005,3.2704135654094872,-1.6182741316342317,2.0577584492642655,0.0,19.338062159838152,16.40307602925272,320.094313841729,320.8159908817218,0.0
4.795,3.4267215495334966,-1.671387613290908,3.6963728712226667,0.0,19.21223344292527,16.738362838858524,318.402733181544,320.8159908817218,0.0
4.796,3.6691149501517124,-1.7191309892781597,4.5662957783169285,0.0,19.137236915206284,17.08174327714648,320.3604981172007,320.8159908817218,0.0
4.797,3.939320997293729,-1.7546486692152543,3.591968238133812,0.0,19.1075075951212,17.24011202916321,318.2185415126237,320.8159908817218,0.0
4.798,4.115943526749239,-1.7493003560951357,4.688921034113288,0.0,19.095644591003712,17.49335263916066,309.4975120401429,320.8159908817218,0.0
4.799,4.336965666325247,-1.7004740077869334,9.162620558769467,0.0,19.10497453311502,18.178674097440183,312.71680820618263,320.8159908817218,0.0
4.8,4.7916225981451745,-1.7210340466157124,7.633964302504996,0.0,19.18465349459739,18.535705179562807,314.33296024376295,320.8159908817218,0.0
4.801,5.137759391768689,-1.7209292259995552,6.890718590094424,0.0,19.29185053748773,18.765002105838494,303.86543416951645,320.8159908817218,0.0
4.8020000000000005,5.420907846963165,-1.6244578246786825,10.0,0.0,19.400646762777463,19.30385749385421,307.0335399124495,320.8159908817218,0.0
4.803,5.83884046211282,-1.5678893567513932,10.0,0.0,19.547191086881003,19.725473048383762,301.8009431349661,320.8159908817218,0.0
4.804,6.231524327886956,-1.5254335247559667,10.0,0.0,19.717138077186924,20.080565580787045,299.86898497650265,320.8159908817218,0.0
4.805,6.633160690103839,-1.3985258623501333,10.0,0.0,19.892064337157883,20.376890397794476,294.0211538364203,320.8159908817218,0.0
4.806,6.970698628924235,-1.3087357066135685,10.0,0.0,20.07052261232554,20.6279625494502,294.00141646430023,320.8159908817218,0.0
4.807,7.325311317553575,-1.1410026811798746,10.0,0.0,20.238689543901657,20.836141297096077,282.4946804366699,320.8159908817218,0.0
4.808,7.643704777238353,-0.9965003182723873,10.0,0.0,20.396639727419263,21.00884170945595,286.9472969908519,320.8159908817218,0.0
4.809,7.940996802110462,-0.8659502772330492,10.0,0.0,20.543149452935843,21.150548910792512,294.1878349104147,320.8159908817218,0.0
4.8100000000000005,8.078682704318794,-0.9724556683444474,10.0,0.0,20.702200019467067,21.280563835552883,301.9101293442703,320.8159908817218,0.0
4.811,8.116138468645328,-1.2010094308109447,10.0,0.0,20.882422881781412,21.410739049436508,316.62946663774125,320.8159908817218,0.0
4.812,8.140183549077964,-1.4065030941372947,6.901369802915767,0.0,21.07795974459391,21.202799305279605,318.7204908707097,320.8159908817218,0.0
4.813,7.941810982658563,-1.5835275119270764,5.876812686541669,0.0,21.250566696033086,20.9755536740998,330.8642333964442,320.8159908817218,0.0
4.814,7.674099729355527,-1.7012602519948397,-0.2955410014728166,0.0,21.394368746439916,20.147044478863176,331.7578857723131,320.8159908817218,0.0
4.815,7.052331021333822,-1.7083206542040688,-0.8517861383131775,0.0,21.440538989124747,19.48202042536797,334.93026924465585,320.8159908817218,0.0
4.816,6.426870792954492,-1.671479401400671,-2.57912065811389,0.0,21.411466660361093,18.76625439372259,337.7555140092168,320.8159908817218,0.0
4.817,5.7722208636728665,-1.6343656214384557,-4.16113827166933,0.0,21.310010858041473,18.028166030009487,337.9386825084805,320.8159908817218,0.0
4.8180000000000005,5.120170468617026,-1.5734086056783234,-4.423949437568752,0.0,21.138557665648506,17.40583091448567,337.64802433481094,320.8159908817218,0.0
4.819,4.543127406573822,-1.5250828058903239,-4.446940685264866,0.0,20.917310013123373,16.88563729856155,336.57907492433816,320.8159908817218,0.0
4.82,4.0596615514080465,-1.4921249782553132,-4.070096820454638,0.0,20.66302566121637,16.484431830031227,334.7932044329192,320.8159908817218,0.0
4.821,3.6813113780054154,-1.4782818309444186,-3.3169337102571315,0.0,20.392856029719184,16.213781837159488,332.63152799914246,320.8159908817218,0.0
4.822,3.4156342672932896,-1.4840888847968228,-2.3542508645429714,0.0,20.123415569481423,16.066984342796093,330.491424658478,320.8159908817218,0.0
4.823,3.258855185088094,-1.5063074948840898,-1.3809535319783142,0.0,19.868625382402172,16.019947357905682,327.9312544505176,320.8159908817218,0.0
4.824,3.191650468212435,-1.5428916987860302,-0.17202106368605907,0.0,19.638412591870143,16.08120937901716,325.0693099846656,320.8159908817218,0.0
4.825,3.2142758900407067,-1.5862136897201355,1.2164179782104982,0.0,19.4417468594662,16.250802045320125,322.2818764322877,320.8159908817218,0.0
4.8260000000000005,3.3212263308366445,-1.6395626498172442,2.5954758988938065,0.0,19.28714213263429,16.510042558339325,319.2891562833167,320.8159908817218,0.0
4.827,3.50509274248302,-1.6903836005264503,4.107104319363352,0.0,19.178978744764525,16.86123129354508,318.6387091008083,320.8159908817218,0.0
4.828,3.7637573538461497,-1.7346487317826196,4.454100728426688,0.0,19.12111152413341,17.162923694102087,320.90781613936946,320.8159908817218,0.0
4.829,4.015442542160159,-1.7589924160821746,3.3186289565696243,0.0,19.101435419581488,17.275189548944454,315.093012211658,320.8159908817218,0.0
4.83,4.169940116850106,-1.7260548522849513,6.283260707125995,0.0,19.091086942108305,17.697247536794407,308.018987947465,320.8159908817218,0.0
4.831,4.475063684981462,-1.6925081864728808,9.948242868565057,0.0,19.12061835356608,18.417547981617233,314.57134733767725,320.8159908817218,0.0
4.832,4.961651801016176,-1.7445793360988562,6.734509608899378,0.0,19.225289961477348,18.628137585843433,310.36941269887285,320.8159908817218,0.0
4.833,5.249555028126609,-1.7122618398065337,8.939942710130069,0.0,19.336477732931684,19.076066890348375,304.26847616069495,320.8159908817218,0.0
4.8340000000000005,5.636827026850912,-1.625789096849596,10.0,0.0,19.47215083092874,19.545153124833075,307.6158980286778,320.8159908817218,0.0
4.835,6.033203341586376,-1.5884396733737953,10.0,0.0,19.637921533421796,19.930568798136648,297.4862162841731,320.8159908817218,0.0
4.836,6.426049535421238,-1.4993521697617385,10.0,0.0,19.81623060183333,20.254770656184682,302.03429948359553,320.8159908817218,0.0
4.837,6.788298392092667,-1.3904897184954277,10.0,0.0,19.998044954605344,20.52846432297357,291.8423129800432,320.8159908817218,0.0
4.838,7.138413343645026,-1.2443260547499233,10.0,0.0,20.174057860279703,20.758079902256718,290.8785433202546,320.8159908817218,0.0
4.839,7.453632073513099,-1.1154271262587017,10.0,0.0,20.34271378781836,20.951162303409028,287.85979431633314,320.8159908817218,0.0
4.84,7.787595068925495,-0.9287937787100948,10.0,0.0,20.494571683772957,21.108218315003295,286.9342407737799,320.8159908817218,0.0
4.841,8.02634610523485,-0.8836966145228093,10.0,0.0,20.643855036706405,21.24183153099368,298.2494243803522,320.8159908817218,0.0
4.8420000000000005,8.10435625617585,-1.069935700594861,10.0,0.0,20.812508647055328,21.37081815443796,310.07993726679643,320.8159908817218,0.0
4.843,8.153785860119893,-1.2584531821731222,10.0,0.0,20.996070090826684,21.499114321648268,315.46743970096554,320.8159908817218,0.0
4.844,8.135199934590382,-1.5185614189487988,7.551383620957868,0.0,21.20083173817148,21.36612796266773,328.27547215736774,320.8159908817218,0.0
4.845,7.983234354197425,-1.6767705601745995,1.072772580000307,0.0,21.38662050805082,20.595285708192748,329.4855317892754,320.8159908817218,0.0
4.846,7.426554888653773,-1.7105102830676266,0.3810473549709439,0.0,21.478875453600708,19.96851797721541,334.0344320249079,320.8159908817218,0.0
4.847,6.836413492274181,-1.6913583658598845,-2.0255871742771747,0.0,21.496784023376097,19.21518872687012,337.4088043057784,320.8159908817218,0.0
4.848,6.1653133101482185,-1.6560543283646934,-3.8787014489529854,0.0,21.433876886187015,18.4271266396851,337.9200669257265,320.8159908817218,0.0
4.849,5.474759987903054,-1.5871852236399346,-4.305373519367067,0.0,21.29123169285357,17.752427126126587,338.28440760078166,320.8159908817218,0.0
4.8500000000000005,4.849735923435719,-1.5316976521403778,-4.66222802408526,0.0,21.089966125679915,17.15779288364468,337.44656784752084,320.8159908817218,0.0
4.851,4.30434166734982,-1.489816241442258,-4.409613917112839,0.0,20.845311611513633,16.687594733032526,335.9866884995353,320.8159908817218,0.0
4.852,3.8654614005717773,-1.4655780089486874,-3.831381219298214,0.0,20.575855342235457,16.343853288539563,334.0313097498842,320.8159908817218,0.0
4.853,3.537588518067583,-1.4633764147750274,-2.9858450331542796,0.0,20.29897076240163,16.126444229473446,331.7855313536548,320.8159908817218,0.0
4.854,3.3210041546465807,-1.4793147049229602,-1.9726512397589038,0.0,20.029808962502592,16.02662912489388,329.5129956243384,320.8159908817218,0.0
4.855,3.207485769033159,-1.5102626377507815,-0.9233534225268611,0.0,19.78082672184508,16.025491351527208,326.7685174144044,320.8159908817218,0.0
4.856,3.180215427737459,-1.5535240750355745,0.38936041711329183,0.0,19.5610782066897,16.135339229305934,324.00572157062254,320.8159908817218,0.0
4.857,3.2414916719826214,-1.6036978082313178,1.7388610321152216,0.0,19.379375827106408,16.34053230676514,321.0014837414135,320.8159908817218,0.0
4.8580000000000005,3.380702191292438,-1.6582522610194694,3.2391250181228273,0.0,19.241862245702116,16.643869476149284,318.63214378313967,320.8159908817218,0.0
4.859,3.599720341858225,-1.7076897296782125,4.445633468245562,0.0,19.153326316401234,16.998134968738867,319.36078228936765,320.8159908817218,0.0
4.86,3.8702393472940333,-1.7468289554607035,4.095866301055113,0.0,19.1128814694389,17.230013937154954,320.7873102327565,320.8159908817218,0.0
4.861,4.084375204897847,-1.7601039684521258,3.382889135850335,0.0,19.10073786318563,17.33888095325051,311.87413648005776,320.8159908817218,0.0
4.862,4.240715264929852,-1.695274575331982,7.928894556216353,0.0,19.093431335794115,17.927781226976013,310.52683556112686,320.8159908817218,0.0
4.863,4.630643859675671,-1.6861018199600193,8.705436568887752,0.0,19.145384779354586,18.455691642958282,314.17324341877753,320.8159908817218,0.0
4.864,5.0432708817516465,-1.7150920671964178,6.948660114691858,0.0,19.248214574906964,18.693505845129213,305.679971141542,320.8159908817218,0.0
4.865,5.337864122126021,-1.656483301775445,10.0,0.0,19.357805944452515,19.242757772343722,306.67728459921557,320.8159908817218,0.0
4.866,5.774328790551211,-1.595562184130745,10.0,0.0,19.505248134478276,19.672465063815235,305.34244128494254,320.8159908817218,0.0
4.867,6.16488517549623,-1.5674808388128376,10.0,0.0,19.67843709784007,20.035349289482465,298.5256297754149,320.8159908817218,0.0
4.868,6.5682728358353515,-1.4420653540647885,10.0,0.0,19.85708069756331,20.338796910131297,297.59015808953666,320.8159908817218,0.0
4.869,6.905616382411747,-1.353297925364057,10.0,0.0,20.03969443706951,20.596690215167566,293.54792888931223,320.8159908817218,0.0
4.87,7.263277828447469,-1.179434910244547,10.0,0.0,20.211598875752575,20.811086240052653,284.82453373064715,320.8159908817218,0.0
4.871,7.56997023584225,-1.0529248180521154,10.0,0.0,20.37557499306588,20.99107355596447,286.5660711169301,320.8159908817218,0.0
4.872,7.885187754771761,-0.8908757192228598,10.0,0.0,20.524591930289727,21.13785274900814,293.1335255749439,320.8159908817218,0.0
4.873,8.066830226791192,-0.9307923828480442,10.0,0.0,20.679396417082625,21.268027219736982,299.0788089032272,320.8159908817218,0.0
4.874,8.118487050370373,-1.1430548780177685,10.0,0.0,20.854687610101536,21.39679886619872,314.79415120376615,320.8159908817218,0.0
4.875,8.143826543560243,-1.3556625001595868,7.820245825596906,0.0,21.046591061948618,21.288178732116734,316.8003259641619,320.8159908817218,0.0
4.876,8.009241239345904,-1.5410021102075173,6.857315094574623,0.0,21.22670343608667,21.140543896354714,331.74682070371307,320.8159908817218,0.0
4.877,7.792224913433015,-1.7019299205977236,-0.7252405734208676,0.0,21.38988975227715,20.223757908221693,329.42864158955933,320.8159908817218,0.0
4.878,7.155552660714903,-1.6811319204221085,0.34772247657762456,0.0,21.44118177991206,19.676684427240676,334.4330157012099,320.8159908817218,0.0
4.8790000000000004,6.577154086159259,-1.67391987848473,-2.2906348274425445,0.0,21.432051912074023,18.945755683852994,337.3992664447746,320.8159908817218,0.0
4.88,5.929222589485364,-1.6429456159520783,-3.9395929548554083,0.0,21.3474071082218,18.197493485933624,337.88870753319077,320.8159908817218,0.0
4.881,5.2705041797203735,-1.5838532807020658,-4.355040665578191,0.0,21.190210150710687,17.55236307062301,337.87072182971013,320.8159908817218,0.0
4.882,4.675734856670831,-1.533700478885152,-4.5165951233177575,0.0,20.979293962572264,17.001246929286012,336.8365073819039,320.8159908817218,0.0
4.883,4.166268064804912,-1.4977949593325313,-4.159693064416468,0.0,20.73090969998137,16.575119208200174,335.2506760443795,320.8159908817218,0.0
4.884,3.764503750917624,-1.47931328910073,-3.5111242472808253,0.0,20.463077163011004,16.273638788868677,333.2346413928703,320.8159908817218,0.0
4.885,3.472500981215958,-1.4815066279311022,-2.627293426637716,0.0,20.19230592177819,16.09436152140099,331.0794798345598,320.8159908817218,0.0
4.886,3.288783755744121,-1.4995494948614172,-1.652347537010841,0.0,19.932646859895904,16.021629463314202,328.56407374842235,320.8159908817218,0.0
4.8870000000000005,3.1995596375580035,-1.5317169188336301,-0.4721253226091302,0.0,19.695038486360822,16.058257170281536,325.82637503530077,320.8159908817218,0.0
4.888,3.2009771396272466,-1.5742717001150408,0.8466201924158674,0.0,19.489213072577215,16.199672887297883,323.08545252365036,320.8159908817218,0.0
4.889,3.286540929177967,-1.6258734659915404,2.194386831821787,0.0,19.323362418307198,16.432033524588753,319.83882302934023,320.8159908817218,0.0
4.89,3.4487479602892765,-1.677140606498217,3.8274732575006665,0.0,19.202456260990246,16.773747737627406,318.4517584938793,320.8159908817218,0.0
4.891,3.696162839249812,-1.7236412985800758,4.544647849109553,0.0,19.13241454543279,17.106164688076145,320.54901202245,320.8159908817218,0.0
4.892,3.9622549767010273,-1.755045386647561,3.4986908734169404,0.0,19.105608139242555,17.24931277235197,317.42281099065855,320.8159908817218,0.0
4.893,4.130745458703972,-1.7430084825167262,5.095723188223285,0.0,19.09415908176386,17.545725500320994,308.5463601502315,320.8159908817218,0.0
4.894,4.371976159765936,-1.6991097826077013,9.656644915751702,0.0,19.10878771488125,18.272232644328515,313.3756732863256,320.8159908817218,0.0
4.8950000000000005,4.851904727398681,-1.732304623395952,7.316391523658627,0.0,19.198694618573455,18.574135011412526,313.47834176237774,320.8159908817218,0.0
4.896,5.17787348285957,-1.724055872612044,7.338433776825995,0.0,19.308561757610722,18.84960773650233,302.9351931620672,320.8159908817218,0.0
4.897,5.481416407096991,-1.626567451921857,10.0,0.0,19.424348216485164,19.370941730892824,307.8518216492177,320.8159908817218,0.0
4.898,5.894677164672253,-1.5689723101243345,10.0,0.0,19.575328847520392,19.782682055409087,300.39270076298595,320.8159908817218,0.0
4.899,6.284523042548671,-1.5174167701446928,10.0,0.0,19.74729028992393,20.129595971586586,301.05295677546616,320.8159908817218,0.0
4.9,6.676802843447868,-1.3935010202897873,10.0,0.0,19.923631802620633,20.419762321066543,292.3663482121763,320.8159908817218,0.0
4.901,7.016141818145878,-1.2916026245390908,10.0,0.0,20.101386132961625,20.66514169766038,294.5461308687573,320.8159908817218,0.0
4.902,7.36137472926812,-1.1329098966936004,10.0,0.0,20.269465751822406,20.869176339152474,283.5726414512486,320.8159908817218,0.0
4.9030000000000005,7.687293547918447,-0.9718134368249878,10.0,0.0,20.42500718963922,21.037216737441113,288.0045205780298,320.8159908817218,0.0
4.904,7.956301610593545,-0.8863476688581389,10.0,0.0,20.574008253625557,21.177675540974818,297.86528998819205,320.8159908817218,0.0
4.905,8.090184043766419,-0.9940141137112883,10.0,0.0,20.734853058180143,21.30695158353153,301.6135940306596,320.8159908817218,0.0
4.906,8.12858046176397,-1.2149247257840807,10.0,0.0,20.915764489414418,21.436499720640008,318.25080012409785,320.8159908817218,0.0
4.907,8.134982575660988,-1.4458111983504502,6.091981022322383,0.0,21.114727997097678,21.140981831267844,319.42908384460605,320.8159908817218,0.0
4.908,7.902273067205849,-1.581564792349011,5.516708232439438,0.0,21.276867395689585,20.896374331559905,334.4708833722467,320.8159908817218,0.0
4.909,7.59871102701789,-1.709620213554349,-2.140740456286136,0.0,21.411060664844108,19.886939623157094,330.1557713404658,320.8159908817218,0.0
4.91,6.890433588202963,-1.6549720395471712,-0.07658224498311128,0.0,21.42359928289005,19.370374500508373,334.8932445347675,320.8159908817218,0.0
4.9110000000000005,6.309421677693367,-1.6433638234328738,-2.58609137866444,0.0,21.382497104834016,18.666860700879035,337.4831754298433,320.8159908817218,0.0
4.912,5.680224870131537,-1.6183260055652906,-4.047728671683545,0.0,21.272515686816377,17.957304582238457,337.69587614720473,320.8159908817218,0.0
4.913,5.053958888913723,-1.5675294706941387,-4.32287788301909,0.0,21.09723955807929,17.35465318320179,337.39751338682066,320.8159908817218,0.0
4.914,4.496977040695575,-1.5264054370110907,-4.339511727878046,0.0,20.87521022395582,16.85066642386577,336.179676182573,320.8159908817218,0.0
4.915,4.028545947375573,-1.4992651010142515,-3.8842299787627352,0.0,20.62241095068827,16.471080339685294,334.36747976644284,320.8159908817218,0.0
4.916,3.6665469893579434,-1.4899704423652083,-3.1136466595448566,0.0,20.356181987238006,16.219519858667667,332.2983134489001,320.8159908817218,0.0
4.917,3.4157630832222625,-1.499101566124131,-2.1938867264452706,0.0,20.09251724223097,16.083926528950297,330.2999122320081,320.8159908817218,0.0
4.918,3.2694146141170615,-1.5215335921273008,-1.289525331502145,0.0,19.844035850375665,16.039398704356934,327.7840408684453,320.8159908817218,0.0
4.9190000000000005,3.2056636467817263,-1.5569957077504395,-0.10127014958796154,0.0,19.619626327705067,16.101689100814333,324.8354263290825,320.8159908817218,0.0
4.92,3.230043808295258,-1.5963680489555525,1.3328427656198212,0.0,19.427863133323598,16.2778600467728,322.01060194703365,320.8159908817218,0.0
4.921,3.3406357450089006,-1.6471910180342069,2.7333088459911328,0.0,19.27809015616273,16.545026406962684,319.1134816950257,320.8159908817218,0.0
4.922,3.529945464556286,-1.6958677668807527,4.1988940638620615,0.0,19.17485732541926,16.8979903967965,318.604373907761,320.8159908817218,0.0
4.923,3.791306876624488,-1.7376379324299074,4.4755641272340325,0.0,19.121352127455474,17.194255901232765,320.9760735915139,320.8159908817218,0.0
4.924,4.039660898862741,-1.760945722666974,3.2881134582596503,0.0,19.10497015500226,17.297452732882608,314.35727066977114,320.8159908817218,0.0
4.925,4.1916229280608075,-1.7199069791283572,6.662102121250541,0.0,19.095798723267748,17.757472660751468,308.4141273914226,320.8159908817218,0.0
4.926,4.516468745848953,-1.6890467320558051,9.757692395327805,0.0,19.130562187750975,18.44313507651387,314.45273077222805,320.8159908817218,0.0
4.9270000000000005,4.9887238207593905,-1.7404067352517378,6.802023306020015,0.0,19.236373750184402,18.65892849452147,308.8953030886548,320.8159908817218,0.0
4.928,5.280331998580263,-1.7000635058534634,9.699944025737297,0.0,19.348232142909467,19.18469734822243,305.8442578357169,320.8159908817218,0.0
4.929,5.705987210199733,-1.630792435183428,10.0,0.0,19.494265196252407,19.629196114297585,307.58543355669093,320.8159908817218,0.0
4.93,6.098869897593151,-1.598988779200847,10.0,0.0,19.667339129417183,20.00188720585982,297.44231683629965,320.8159908817218,0.0
4.931,6.494220916568971,-1.4905853496232409,10.0,0.0,19.848768437727994,20.315056796368903,300.89536289896427,320.8159908817218,0.0
4.932,6.8406346513362575,-1.3909737061759726,10.0,0.0,20.03349852777521,20.58090035802351,292.60311518106823,320.8159908817218,0.0
4.933,7.193105196624991,-1.2278780260510669,10.0,0.0,20.209395556603898,20.803324949883283,289.16320198252123,320.8159908817218,0.0
4.934,7.498545470400994,-1.1052013481073097,10.0,0.0,20.378081863963125,20.991023060777493,288.38031032386687,320.8159908817218,0.0
4.9350000000000005,7.827028552217081,-0.9214829345325711,10.0,0.0,20.529687092962075,21.14374125505618,289.760911036472,320.8159908817218,0.0
4.936,8.04939983211258,-0.8984584729059595,10.0,0.0,20.680708111845806,21.27517214283656,298.3746580267678,320.8159908817218,0.0
4.937,8.116558395404649,-1.095389991586059,10.0,0.0,20.851662829290294,21.4033983145641,312.54885181844577,320.8159908817218,0.0
4.938,8.159760435454128,-1.2880321582815437,8.95609138172931,0.0,21.037566015312784,21.41698675408104,315.54917349636514,320.8159908817218,0.0
4.939,8.085410734864327,-1.514432365166531,7.50859871662319,0.0,21.229215327775112,21.307632048734927,330.07503281365456,320.8159908817218,0.0
4.94,7.919037235632485,-1.6813931072714898,0.15307863865915472,0.0,21.406865918019292,20.451303051154298,329.22593999915875,320.8159908817218,0.0
4.941,7.322291442922912,-1.6885236631691376,0.49352555473268644,0.0,21.48023330320867,19.8733546761096,334.2315616192057,320.8159908817218,0.0
4.942,6.742571809643693,-1.6782628964269795,-2.143440962665628,0.0,21.487269122474046,19.12486879274738,337.48346659215605,320.8159908817218,0.0
4.9430000000000005,6.081003184529068,-1.6458286000699816,-3.9360682062451415,0.0,21.415287606544812,18.348091100457985,337.9733864051912,320.8159908817218,0.0
4.944,5.4011884780526325,-1.5808966819854935,-4.352602067997415,0.0,21.26600830495383,17.682064504908904,338.185750338951,320.8159908817218,0.0
4.945,4.786208624477794,-1.5276113229214603,-4.632481629449594,0.0,21.059842203650845,17.101940862441882,337.27029880750086,320.8159908817218,0.0
4.946,4.253190759526647,-1.488370164680906,-4.339298942982326,0.0,20.812496674415634,16.646744031826067,335.76335093745655,320.8159908817218,0.0
4.947,3.8273640333341907,-1.4667232858495007,-3.735298608517517,0.0,20.542377269953313,16.317351302506427,333.78336717339533,320.8159908817218,0.0
4.948,3.512068322665587,-1.4667119214991355,-2.874980489403644,0.0,20.26654575171503,16.112905156342016,331.5470160015345,320.8159908817218,0.0
4.949,3.3069659694024365,-1.4840438500257078,-1.8641151546713406,0.0,19.99975939646557,16.023320780351888,329.22725840712434,320.8159908817218,0.0
4.95,3.202566949727541,-1.5160322298984719,-0.7883490327202987,0.0,19.754038641642776,16.033674695134735,326.463357832077,320.8159908817218,0.0
4.9510000000000005,3.1847663702301987,-1.5592300629143194,0.5371275852998143,0.0,19.538357231613563,16.15437998326768,323.7349560328074,320.8159908817218,0.0
4.952,3.254197067144589,-1.610466799561142,1.8721388334237532,0.0,19.361518554101558,16.36722769024228,320.6188345237917,320.8159908817218,0.0
4.953,3.4003844033313486,-1.6640830726656988,3.432171151510918,0.0,19.22903393771324,16.683973901265166,318.5181860371716,320.8159908817218,0.0
4.954,3.629168994694531,-1.7125634059186823,4.505473443266478,0.0,19.14626907799283,17.03455552677109,319.67216672607265,320.8159908817218,0.0
4.955,3.900656885932668,-1.7491015260045302,3.939921340372434,0.0,19.11037325667197,17.241282927395925,319.94791964390674,320.8159908817218,0.0
4.956,4.101095249697133,-1.7572765893741078,3.810725593833536,0.0,19.099273633315477,17.39585865363413,311.26804286017347,320.8159908817218,0.0
4.957,4.278963094314071,-1.6948722574305124,8.246143465915658,0.0,19.097795317770952,18.00549368903707,311.24021880868713,320.8159908817218,0.0
4.958,4.684503926630345,-1.692863229213095,8.355813212389172,0.0,19.157831387536696,18.478896069627915,314.641732708698,320.8159908817218,0.0
4.9590000000000005,5.075626293683441,-1.7102710747475718,6.716798844113983,0.0,19.26113904167593,18.690605489108574,304.64937296225844,320.8159908817218,0.0
4.96,5.355625721604834,-1.6338131234537843,10.0,0.0,19.366702419251624,19.242128289484462,306.6520000373982,320.8159908817218,0.0
4.961,5.785779572898084,-1.57508748599963,10.0,0.0,19.51116649850033,19.671706206658442,304.06183454641655,320.8159908817218,0.0
4.962,6.177967992118382,-1.5458253933839368,10.0,0.0,19.681510387728384,20.033933552438594,298.6108910054769,320.8159908817218,0.0
4.963,6.58477995407068,-1.4188885255142445,10.0,0.0,19.85737218807213,20.336145120940976,296.17637083902883,320.8159908817218,0.0
4.964,6.923230417770517,-1.3325769591131902,10.0,0.0,20.037644061606322,20.59256028124004,293.4400822416561,320.8159908817218,0.0
4.965,7.282145902752365,-1.1604530694335677,10.0,0.0,20.207459751616256,20.80526491415161,283.53770632825047,320.8159908817218,0.0
4.966,7.592794654568367,-1.03028336572828,10.0,0.0,20.368966907405568,20.98309844492308,285.0561218201054,320.8159908817218,0.0
4.9670000000000005,7.904627734359934,-0.8760299603163104,10.0,0.0,20.516440523134833,21.12810418693742,295.6154435232981,320.8159908817218,0.0
4.968,8.064494451759614,-0.9510029233187742,10.0,0.0,20.67345691147699,21.258889708207203,298.89383425108343,320.8159908817218,0.0
4.969,8.119220562997146,-1.1552615290231252,10.0,0.0,20.84956893010936,21.38787711112209,314.9396889988428,320.8159908817218,0.0
4.97,8.130867754694389,-1.3881106558882492,7.747227260998557,0.0,21.044539305068117,21.273038044344247,318.17239478516115,320.8159908817218,0.0
4.971,7.9994022052983444,-1.5562290583334604,6.1573103288050035,0.0,21.22469326885353,21.05139446893932,331.1544824613053,320.8159908817218,0.0
4.972,7.730985106451595,-1.7191105484609597,-0.43711842506290566,0.0,21.38090325860947,20.18865387922908,329.5120102574076,320.8159908817218,0.0
4.973,7.1182164405795545,-1.6856625979200834,0.2971574831290775,0.0,21.42991010095804,19.639243367162713,335.24003069915545,320.8159908817218,0.0
4.974,6.53627172273091,-1.6911716718860004,-2.7110931359191808,0.0,21.420015685506765,18.86931049566524,336.81050788165925,320.8159908817218,0.0
4.9750000000000005,5.874527862019808,-1.6423010243967875,-3.656276897170452,0.0,21.328686562487405,18.16846613972497,338.15009955917924,320.8159908817218,0.0
4.976,5.233264976140414,-1.5908638217632962,-4.499413822705022,0.0,21.171236530361153,17.50920156172012,337.9405267516867,320.8159908817218,0.0
4.977,4.637800818353628,-1.5385996083794575,-4.565872777658411,0.0,20.958370352201154,16.96032775101135,336.7519914995024,320.8159908817218,0.0
4.978,4.13032251632452,-1.5000169017105438,-4.13096515774407,0.0,20.70818195518654,16.543427102942903,335.1108196612178,320.8159908817218,0.0
4.979,3.7347501267189305,-1.4808858628624515,-3.453327526396727,0.0,20.439603745859934,16.251826923065234,333.06360352267905,320.8159908817218,0.0
4.98,3.450680839279497,-1.4832133144200095,-2.5521955835369132,0.0,20.16917066953804,16.082168975366056,330.88663268199684,320.8159908817218,0.0
4.981,3.275193386908617,-1.501633004136418,-1.5644165811985626,0.0,19.910817997431653,16.018540812519625,328.3413006173873,320.8159908817218,0.0
4.982,3.193729087062495,-1.5344083065021155,-0.3670036462504336,0.0,19.675358862614317,16.06448403002748,325.58002015835837,320.8159908817218,0.0
4.9830000000000005,3.202911768841064,-1.5773310106252327,0.9659962904976558,0.0,19.472433707459388,16.215118138001518,322.78971791384487,320.8159908817218,0.0
4.984,3.2960585249999497,-1.629188850804923,2.3414101424331744,0.0,19.310139613995894,16.458207527648394,319.6032414533883,320.8159908817218,0.0
4.985,3.4668187278041063,-1.6802979864527177,3.9467758669447894,0.0,19.193487295362882,16.805742505414283,318.49279259067265,320.8159908817218,0.0
4.986,3.7199724755028543,-1.72644400911583,4.52523228121311,0.0,19.12781867750624,17.128295991645864,320.7156486731275,320.8159908817218,0.0
4.987,3.9826420278869743,-1.754900127998681,3.4148076620716403,0.0,19.103640982908903,17.257733881935117,316.54128807672447,320.8159908817218,0.0
4.988,4.144767355359145,-1.7358563589167921,5.544734988323116,0.0,19.092445471012383,17.601999375316684,307.947875713071,320.8159908817218,0.0
4.989,4.409983236684869,-1.6964320034561493,9.970122321836346,0.0,19.11264981823382,18.348659607923267,314.0053549711102,320.8159908817218,0.0
4.99,4.904483187933986,-1.7401832279973912,7.009489051922878,0.0,19.210706632247913,18.601007883141587,312.35868914321577,320.8159908817218,0.0
4.9910000000000005,5.210889906274366,-1.722771330661129,7.91739498325515,0.0,19.32183977143003,18.938643257880216,302.37683663968994,320.8159908817218,0.0
4.992,5.5443794909253015,-1.6256827276084869,10.0,0.0,19.445117506805374,19.44001611446361,308.6491416590612,320.8159908817218,0.0
4.993,5.950345701685389,-1.574687936149077,10.0,0.0,19.60156621327151,19.841432021421646,299.4269069231784,320.8159908817218,0.0
4.994,6.3394188364138575,-1.5109582226549283,10.0,0.0,19.776011319217076,20.17961282561796,301.5498652952237,320.8159908817218,0.0
4.995,6.7206590787332985,-1.3918359725544813,10.0,0.0,19.954363844611606,20.463374364681343,291.9793840505436,320.8159908817218,0.0
4.996,7.065797812157994,-1.270162968377857,10.0,0.0,20.131064463414603,20.70244214412433,293.1519248822954,320.8159908817218,0.0
4.997,7.395529346914362,-1.1295527516016644,10.0,0.0,20.29975140447798,20.90245412601436,285.61685380254374,320.8159908817218,0.0
4.998,7.7279929075121,-0.9531895497882514,10.0,0.0,20.45357699959231,21.066059927503538,284.4473131533642,320.8159908817218,0.0
4.999,7.981115871036799,-0.8907919949575858,10.0,0.0,20.603280516330884,21.20416881797349,300.2194214829523,320.8159908817218,0.0
5.0,8.093552711022905,-1.0289185059945614,10.0,0.0,20.76764246220497,21.333600348307073,304.60748724376606,320.8159908817218,0.0
5.001,8.143524830101942,-1.2244333987395835,10.0,0.0,20.948636739616582,21.462152355495874,317.35162628619,320.8159908817218,0.0
5.002,8.130448523032253,-1.483348306954337,6.566591762418514,0.0,21.150912280982098,21.220211798541452,322.41673354807415,320.8159908817218,0.0
5.003,7.931700628872241,-1.612517154529863,4.018030704812929,0.0,21.320385636666767,20.79841672274513,330.83758862663154,320.8159908817218,0.0
5.0040000000000004,7.533974215602337,-1.7233467268652407,-0.2926128119148652,0.0,21.441631713684487,20.028825740351,332.0619721916443,320.8159908817218,0.0
5.005,6.927081246326429,-1.6928123850554218,-1.0172644075204769,0.0,21.469327011438587,19.374494186036355,337.02304086966467,320.8159908817218,0.0
5.006,6.296856606175046,-1.677109007637465,-3.659869246410082,0.0,21.42739759588793,18.568181081330685,337.62182229750334,320.8159908817218,0.0
5.007,5.607124293356274,-1.6104381276189192,-4.127318274487234,0.0,21.30185304839391,17.882881308849473,338.27848111210477,320.8159908817218,0.0
5.008,4.972601580592225,-1.5536614663228097,-4.630272584091778,0.0,21.114754254458788,17.265806750367116,337.6393294127584,320.8159908817218,0.0
5.009,4.408552459720232,-1.507048334131985,-4.478930119728958,0.0,20.880098206140904,16.76910715868371,336.28975725221784,320.8159908817218,0.0
5.01,3.9463652613838027,-1.476795619338408,-3.9588817031636383,0.0,20.6163761361811,16.399503923123703,334.38706403469087,320.8159908817218,0.0
5.011,3.5949225337117197,-1.4685098358932929,-3.1432458259298426,0.0,20.341457040630228,16.159045094514344,332.1653544831077,320.8159908817218,0.0
5.0120000000000005,3.35673840580591,-1.4797006831730493,-2.1458846861521215,0.0,20.07129782280874,16.03937943260696,329.92969513591254,320.8159908817218,0.0
5.013,3.2248523345081006,-1.5069190488224924,-1.1191920550964451,0.0,19.819070072327317,16.019752619690223,327.23721464759996,320.8159908817218,0.0
5.014,3.1812536519135186,-1.5477913182317127,0.16283595140106488,0.0,19.59432618158086,16.111098861793604,324.46512297813905,320.8159908817218,0.0
5.015,3.227597959219208,-1.595668784112756,1.512390465167345,0.0,19.406049102672235,16.30093294643175,321.5689410663035,320.8159908817218,0.0
5.016,3.353546173008995,-1.6499568043543962,2.9529519192392915,0.0,19.261076047686036,16.58453126908165,318.8576935073955,320.8159908817218,0.0
5.017,3.5571577387671827,-1.7001804036043757,4.328158672436576,0.0,19.163941846178528,16.941001792183414,319.0632478031068,320.8159908817218,0.0
5.018,3.8242797650321045,-1.7423421637288115,4.242908955367078,0.0,19.116303674753144,17.201634999183078,320.59071396659823,320.8159908817218,0.0
5.019,4.054002697822346,-1.7611272819448167,3.4814286427725873,0.0,19.101137386572788,17.325932428781265,313.0792858254331,320.8159908817218,0.0
5.0200000000000005,4.217084278523472,-1.7117152261738264,7.3145097639180445,0.0,19.0942942928533,17.849895468504315,309.9003899275946,320.8159908817218,0.0
5.021,4.577337542867478,-1.6917390033359705,9.013113722378574,0.0,19.138828548523616,18.431296475831488,314.18004121096993,320.8159908817218,0.0
5.022,5.006208669286533,-1.7287572587094044,6.939647577398414,0.0,19.241321249679082,18.6703702011979,307.202446211619,320.8159908817218,0.0
5.023,5.3022817854923625,-1.6784931956466465,10.0,0.0,19.351572823765,19.22487992056074,306.8355913787311,320.8159908817218,0.0
5.024,5.741272598809297,-1.6189678418314069,10.0,0.0,19.50020506408956,19.659032042867068,306.8093872839229,320.8159908817218,0.0
5.025,6.132858277063742,-1.5913756727834474,10.0,0.0,19.67494940755518,20.025947660500396,298.4684301018793,320.8159908817218,0.0
5.026,6.533486933231511,-1.4708492543158838,10.0,0.0,19.855928894096614,20.33349285532104,299.20913208386753,320.8159908817218,0.0
5.027,6.873221089965353,-1.377669928734519,10.0,0.0,20.040520489836698,20.595017008634727,293.3134621516626,320.8159908817218,0.0
5.0280000000000005,7.2285388514346804,-1.206588935357344,10.0,0.0,20.21491822531846,20.81316029399676,286.84942042566524,320.8159908817218,0.0
5.029,7.5319236581102755,-1.084707102837635,10.0,0.0,20.381994324144856,20.99710987325114,287.95172484416446,320.8159908817218,0.0
5.03,7.854014612530367,-0.910281214674119,10.0,0.0,20.53278974164126,21.146975947543286,288.62454401562144,320.8159908817218,0.0
5.031,8.055595316478174,-0.9197193495033689,10.0,0.0,20.68627467853009,21.277981988265786,301.69583906554476,320.8159908817218,0.0
5.032,8.120228385688236,-1.1156463736688629,10.0,0.0,20.858969317112198,21.40614208803129,310.7932055634804,320.8159908817218,0.0
5.033,8.159711439951256,-1.3090333731375394,9.857203116964964,0.0,21.04652380151256,21.51935117926777,319.40297928743786,320.8159908817218,0.0
5.034,8.122065273428973,-1.5746247766454278,5.566446370929072,0.0,21.2539249309877,21.173975445447123,326.4540582544786,320.8159908817218,0.0
5.035,7.859103620089541,-1.6781970596891767,1.9845262136811428,0.0,21.414785411232995,20.56132306832126,332.5899484132742,320.8159908817218,0.0
5.0360000000000005,7.341673115868607,-1.7352804473702033,-1.2011584410321978,0.0,21.503538055555648,19.76570360541742,334.03309432668794,320.8159908817218,0.0
5.037,6.681958058652951,-1.6832948714109464,-2.054902432188724,0.0,21.497564241923335,19.063860712007667,338.0048116686762,320.8159908817218,0.0
5.038,6.017619220170495,-1.6454942821845653,-4.2126493110524015,0.0,21.418365311257958,18.26927013147314,338.3025997145438,320.8159908817218,0.0
5.039,5.32857769352519,-1.5752862085815151,-4.536409422314424,0.0,21.260282333401594,17.60133375202149,338.23251326601775,320.8159908817218,0.0
5.04,4.712056360803866,-1.51804951863326,-4.675531421894349,0.0,21.045620060227428,17.03324382522109,337.3346371444622,320.8159908817218,0.0
5.041,4.187810163688937,-1.4776125465194505,-4.391779823743976,0.0,20.7917393216576,16.58460242793108,335.6272867965157,320.8159908817218,0.0
5.042,3.7696049128497635,-1.4575981855586984,-3.6862176089186707,0.0,20.516585307231207,16.270971539783535,333.48665100166147,320.8159908817218,0.0
5.043,3.467346113836082,-1.4596723815394907,-2.742606312690951,0.0,20.2380119106002,16.086996374828015,331.26956559288067,320.8159908817218,0.0
5.0440000000000005,3.2787022133809254,-1.4807076386035378,-1.7385993554121377,0.0,19.97119147345397,16.01229428010327,328.8680443120326,320.8159908817218,0.0
5.045,3.1881003909163756,-1.5163315105456143,-0.618359249291224,0.0,19.727291143892888,16.039646454703437,326.1390425436631,320.8159908817218,0.0
5.046,3.1846438557700205,-1.5619218015653396,0.692911118274127,0.0,19.515174758040676,16.1723849188999,323.43043547237727,320.8159908817218,0.0
5.047,3.2648224690530308,-1.6154046785526746,2.0210702080104856,0.0,19.34297107075174,16.394768481474266,320.1945876333074,320.8159908817218,0.0
5.048,3.4199440400063175,-1.669027555683644,3.645208160029575,0.0,19.215589796163666,16.726805316214996,318.4174238432075,320.8159908817218,0.0
5.049,3.6602209873573006,-1.7172086620791973,4.557775725464671,0.0,19.138914025440677,17.07216214420144,320.22954405637915,320.8159908817218,0.0
5.05,3.9312010653943923,-1.753201425135657,3.657580087132257,0.0,19.10791890746088,17.239763477335455,318.5378470055095,320.8159908817218,0.0
5.051,4.112438797509845,-1.750806970642826,4.526210051329212,0.0,19.09616011696769,17.47483006805075,309.9071723757808,320.8159908817218,0.0
5.0520000000000005,4.325766106910553,-1.699393769271411,8.950635551252958,0.0,19.10345235698943,18.141560999281918,312.4020418864386,320.8159908817218,0.0
5.053,4.769229311079727,-1.7147013715429424,7.787340285876894,0.0,19.178886434395686,18.52349364783693,314.4479982326294,320.8159908817218,0.0
5.054,5.1247705910471115,-1.7182229616636697,6.828042039272422,0.0,19.285204667807385,18.74621167604961,304.0011439669147,320.8159908817218,0.0
5.055,5.4060499944316485,-1.6250541135232792,10.0,0.0,19.39287909150253,19.28841276135566,306.92427124598595,320.8159908817218,0.0
5.056,5.826304742872999,-1.5684252763358164,10.0,0.0,19.538708697749552,19.712026372598636,302.23582536040703,320.8159908817218,0.0
5.057,6.219138014741002,-1.528908205396104,10.0,0.0,19.70853611506467,20.068852470920945,299.5222417232544,320.8159908817218,0.0
5.058,6.6225217866185595,-1.401543716926855,10.0,0.0,19.88344847745829,20.366534818954687,294.47796349584706,320.8159908817218,0.0
5.059,6.960083600095275,-1.3132783217253499,10.0,0.0,20.062202289828456,20.618842206660748,293.8448489526245,320.8159908817218,0.0
5.0600000000000005,7.316088188968279,-1.1442294592482662,10.0,0.0,20.23059873881174,20.82800935019196,282.55711500912025,320.8159908817218,0.0
5.061,7.632552767865851,-1.0035288208364865,10.0,0.0,20.389285675649287,21.001848366478384,286.2714564029162,320.8159908817218,0.0
5.062,7.93657360974373,-0.8619397684244325,10.0,0.0,20.53532003105052,21.143894528002317,292.53789171959335,320.8159908817218,0.0
5.063,8.07405260151904,-0.9700267570207064,10.0,0.0,20.694261026333727,21.27425702823748,303.20850152511065,320.8159908817218,0.0
5.064,8.113528460410006,-1.1966158199794044,10.0,0.0,20.874188099151635,21.404509823417193,314.9538780625146,320.8159908817218,0.0
5.065,8.142269025586462,-1.3950922556412046,7.751595912972244,0.0,21.068714261498933,21.289638893207172,319.5436725306268,320.8159908817218,0.0
5.066,7.9846091246188635,-1.6040801698856648,5.469421862427099,0.0,21.25330462080077,20.994782562321397,328.94367789455646,320.8159908817218,0.0
5.067,7.702301526514686,-1.7044877617090943,0.6881423103339204,0.0,21.398905267041975,20.27422912701137,333.02215748004306,320.8159908817218,0.0
5.0680000000000005,7.1237809240440875,-1.7375377277521538,-1.473159148392595,0.0,21.460521925474563,19.511174925208202,334.7179772658687,320.8159908817218,0.0
5.069,6.46359107645005,-1.682197846071257,-2.4600889051468737,0.0,21.43325361123824,18.810474227983548,338.1595536578299,320.8159908817218,0.0
5.07,5.803377329146407,-1.641581716387976,-4.354312728888572,0.0,21.334727683254734,18.044643059741134,338.19168104839065,320.8159908817218,0.0
5.071,5.134343654936691,-1.5737012589271835,-4.544133325835626,0.0,21.16241054222149,17.410595954787887,337.80351554068443,320.8159908817218,0.0
5.072,4.545874750275729,-1.5201499690390703,-4.519925818572142,0.0,20.93870856748315,16.885324120765706,336.7152195906771,320.8159908817218,0.0
5.073,4.056375316444561,-1.4849192147241173,-4.134770130658042,0.0,20.68150973674067,16.480294571944647,334.9003643417871,320.8159908817218,0.0
5.074,3.674636474801633,-1.4703356164283412,-3.368186240813689,0.0,20.40827594592095,16.20761704417759,332.7077547989814,320.8159908817218,0.0
5.075,3.4074393035606665,-1.4763951593998297,-2.390799108583429,0.0,20.135910167116307,16.060304936172223,330.55593330697684,320.8159908817218,0.0
5.0760000000000005,3.2505445695181603,-1.4994648709776428,-1.4122877868337005,0.0,19.878526828235437,16.01293628418937,327.9874094096991,320.8159908817218,0.0
5.077,3.1836837760338317,-1.537124926781063,-0.19974002347461628,0.0,19.646056867066974,16.07394704421156,325.12360226037566,320.8159908817218,0.0
5.078,3.206744830561532,-1.5815371440266814,1.1890874374005764,0.0,19.447443721356553,16.243049951244483,322.35071379939393,320.8159908817218,0.0
5.079,3.313861899169842,-1.635978199053096,2.5601844387147215,0.0,19.29114657480092,16.500761381537238,319.3330323916586,320.8159908817218,0.0
5.08,3.4971695701280088,-1.6876389788348085,4.083854727483015,0.0,19.18138856115585,16.851872042777202,318.6176829169133,320.8159908817218,0.0
5.081,3.755813266855343,-1.732698313806123,4.463512544503763,0.0,19.122157334048314,17.156803763582847,320.89298574821333,320.8159908817218,0.0
5.082,4.009625090367049,-1.7577819836365216,3.3250911801888208,0.0,19.101651012063726,17.270963397733304,315.3263236227106,320.8159908817218,0.0
5.083,4.164953038357516,-1.7271794767245776,6.163318915530291,0.0,19.09099417323402,17.680697744757136,307.9322434053194,320.8159908817218,0.0
5.0840000000000005,4.463838663439727,-1.6925290624801073,9.989196498989918,0.0,19.118870932491895,18.40953309074361,314.53082268173677,320.8159908817218,0.0
5.085,4.954050231341803,-1.7439539225386982,6.752758542781091,0.0,19.22284678917152,18.623071210821255,310.72903521624346,320.8159908817218,0.0
5.086,5.243358593339196,-1.7141991499931233,8.754521832182528,0.0,19.333991598610353,19.051289641814662,303.87817915030627,320.8159908817218,0.0
5.087,5.621168975175692,-1.6245314715621841,10.0,0.0,19.46727787330269,19.526119617836468,307.7779761149678,320.8159908817218,0.0
5.088,6.018468621926967,-1.5857824838955257,10.0,0.0,19.63135280626895,19.91441558472288,298.1717383873359,320.8159908817218,0.0
5.089,6.411294013887975,-1.5002352776577448,10.0,0.0,19.80882713981774,20.241051651569077,301.9453315965542,320.8159908817218,0.0
5.09,6.776393496924927,-1.3905191871048377,10.0,0.0,19.990004348797832,20.51653885587108,291.8066663292383,320.8159908817218,0.0
5.091,7.126544832826963,-1.2473535722689846,10.0,0.0,20.16596150058369,20.747729408522037,291.10209952718304,320.8159908817218,0.0
5.0920000000000005,7.4434983069715175,-1.1178649497610724,10.0,0.0,20.33462990012856,20.942033252289608,287.6577459375389,320.8159908817218,0.0
5.093,7.7782725240519355,-0.931368168420907,10.0,0.0,20.48664208437335,21.100117922497503,285.9782682954953,320.8159908817218,0.0
5.094,8.019934245421826,-0.8826031836088313,10.0,0.0,20.635762336698527,21.23436029692921,298.49391627899746,320.8159908817218,0.0
5.095,8.101533545211334,-1.0644930792824803,10.0,0.0,20.80389033960658,21.363531153387115,309.22207795005806,320.8159908817218,0.0
5.096,8.152704488120737,-1.2513946084345133,10.0,0.0,20.986862897119607,21.49178491376789,315.57897733953854,320.8159908817218,0.0
5.097,8.133320103428764,-1.5142134426820277,7.489671203596751,0.0,21.19140463139511,21.352018378002747,327.257167906055,320.8159908817218,0.0
5.098,7.981032824091494,-1.6667961878948097,1.5861641500952022,0.0,21.375671452297485,20.63895793820071,329.73406789671503,320.8159908817218,0.0
5.099,7.45058160900607,-1.7170281387198592,0.25853338461524,0.0,21.47420523426804,19.98545267166736,333.88409019032974,320.8159908817218,0.0
5.1000000000000005,6.8569812120452305,-1.6942036361902764,-1.9471587552781946,0.0,21.49452209660171,19.237793013765767,337.3820600706053,320.8159908817218,0.0
5.101,6.186390528612806,-1.6596750654549846,-3.8618043873048027,0.0,21.43447140915626,18.446205880971654,337.8710511931844,320.8159908817218,0.0
5.102,5.493752736544702,-1.5899624945652029,-4.276850551708998,0.0,21.293943980085423,17.77074802124138,338.28431983164813,320.8159908817218,0.0
5.103,4.867018025059681,-1.5341504925634812,-4.658168160440114,0.0,21.094481313437342,17.173003169603344,337.47607091565834,320.8159908817218,0.0
5.104,4.318914605569893,-1.4916760369653856,-4.420644502784583,0.0,20.8510763581945,16.699051343922743,336.03157448127513,320.8159908817218,0.0
5.105,3.876748788056916,-1.46668561023233,-3.8505521215885103,0.0,20.58229251352323,16.35164633637247,334.08422483024503,320.8159908817218,0.0
5.106,3.545565703601258,-1.4637340293306038,-3.0095596355586953,0.0,20.305571782932194,16.130920175876405,331.84277366709915,320.8159908817218,0.0
5.107,3.325922853778615,-1.4790906201707732,-1.9991018818395276,0.0,20.036169250152096,16.028183869055585,329.57119225790916,320.8159908817218,0.0
5.1080000000000005,3.2097472015730006,-1.5095946928900612,-0.9508631910064054,0.0,19.78663522205865,16.024565511337688,326.83882842653134,320.8159908817218,0.0
5.109,3.1802375575754254,-1.5525948447127165,0.35509034923441174,0.0,19.566117736976043,16.131612393418063,324.08014664379743,320.8159908817218,0.0
5.11,3.23930464983284,-1.6025166395336905,1.7017896829806065,0.0,19.38341808452182,16.334187753503524,321.09221809956307,320.8159908817218,0.0
5.111,3.3763884821993932,-1.6569858718395258,3.1929916829193763,0.0,19.244738330927007,16.634312288353076,318.65738356015044,320.8159908817218,0.0
5.112,3.592894978723887,-1.706535163278705,4.431995025841407,0.0,19.154844735911876,16.989489865786197,319.3127572796088,320.8159908817218,0.0
5.113,3.8630861559048686,-1.7463398271679924,4.119340502133367,0.0,19.113341278255003,17.225822330412726,320.75805670204784,320.8159908817218,0.0
5.114,4.079709845163647,-1.7604953856413554,3.397270132710575,0.0,19.100780477619644,17.336943313364827,312.04860840047337,320.8159908817218,0.0
5.115,4.2371231972043395,-1.6978791375791005,7.839668108310294,0.0,19.09355851247145,17.9164313671365,310.4731102973251,320.8159908817218,0.0
5.1160000000000005,4.622770535088875,-1.6871102978651333,8.730845965728399,0.0,19.144449139327318,18.450006929929277,314.1524670269907,320.8159908817218,0.0
5.117,5.036672710998347,-1.7168619101515483,6.957802839442918,0.0,19.24698862552553,18.68969471069159,305.89928629576184,320.8159908817218,0.0
5.118,5.3319670503668695,-1.6597219774655563,10.0,0.0,19.35666003246184,19.239696425350186,306.71673916463567,320.8159908817218,0.0
5.119,5.76893791940362,-1.5991207565525163,10.0,0.0,19.50426973519679,19.67012928543062,305.5833277676033,320.8159908817218,0.0
5.12,6.159672198933086,-1.5712397052834457,10.0,0.0,19.677700850235833,20.033668767718638,298.53046395951134,320.8159908817218,0.0
5.121,6.562758779341434,-1.4464630578638156,10.0,0.0,19.856696181296297,20.33776523223213,297.84792481552523,320.8159908817218,0.0
5.122,6.900476118146342,-1.3570512505943864,10.0,0.0,20.039614093376624,20.596233541935867,293.52116812859435,320.8159908817218,0.0
5.123,7.257703446097622,-1.183768518448364,10.0,0.0,20.211920062755922,20.81122897919066,285.10096412516606,320.8159908817218,0.0
5.124,7.563902374066137,-1.0579712292150227,10.0,0.0,20.37639010442856,20.99184586086089,286.83109611685535,320.8159908817218,0.0
5.125,7.880253231881985,-0.8939014955203097,10.0,0.0,20.525685132286878,21.139111453451296,292.27354711135644,320.8159908817218,0.0
5.126,8.066306190037782,-0.9269229856466596,10.0,0.0,20.68005027786926,21.269277672749524,299.32213025712986,320.8159908817218,0.0
5.127,8.117814039486298,-1.1403096651287934,10.0,0.0,20.85513785066498,21.398058450818375,314.54730083636485,320.8159908817218,0.0
5.128,8.147071726206024,-1.347027577515798,7.945232549571742,0.0,21.046199847555773,21.30274222176813,316.6571403047716,320.8159908817218,0.0
5.1290000000000004,8.016440608541847,-1.5412040779322642,6.931901321137878,0.0,21.2279162577744,21.1598070544988,331.4305191349089,320.8159908817218,0.0
5.13,7.807793675426352,-1.6980467255926917,-0.5609333764626383,0.0,21.392478436482712,20.256903391992612,329.5960168787134,320.8159908817218,0.0
5.131,7.176620267980045,-1.6862335259498082,0.26851749166519223,0.0,21.447426152632254,19.694256861565883,334.4603402483251,320.8159908817218,0.0
5.132,6.593997970640957,-1.6745508693503555,-2.3000876868067035,0.0,21.439447483894654,18.960305396116425,337.4785523773866,320.8159908817218,0.0
5.133,5.941816648300748,-1.6431125867757086,-3.9758193662941066,0.0,21.355530150968658,18.206220499863292,337.88282987121386,320.8159908817218,0.0
5.134,5.278946648084841,-1.5820877164890315,-4.348626503102646,0.0,21.19819770880416,17.56129477848915,337.8997414136943,320.8159908817218,0.0
5.135,4.682752720847915,-1.53180759592781,-4.527919779662592,0.0,20.98718537415983,17.008086827976374,336.87573175996283,320.8159908817218,0.0
5.136,4.171675224778214,-1.4959130848947702,-4.1765123615792685,0.0,20.73850788292063,16.5798027731005,335.2932746035659,320.8159908817218,0.0
5.1370000000000005,3.7682797386554348,-1.4773955380385408,-3.5300566205992525,0.0,20.470191750273898,16.27633816042807,333.27949436373177,320.8159908817218,0.0
5.138,3.4747062640425943,-1.479651836844187,-2.6478015355022784,0.0,20.1987941379618,16.09523102505527,331.1174667140137,320.8159908817218,0.0
5.139,3.2895249765069927,-1.497836142629032,-1.6698024689661555,0.0,19.938403283991903,16.021286395339324,328.59970457669004,320.8159908817218,0.0
5.14,3.1992913598331953,-1.5301203772286587,-0.4887585372540162,0.0,19.7000264751955,16.056905869979715,325.8892150876045,320.8159908817218,0.0
5.141,3.19978387174824,-1.573089619825259,0.8157539652299302,0.0,19.493453069082413,16.195855139755153,323.15472483771583,320.8159908817218,0.0
5.142,3.28380736529308,-1.6247036374710655,2.1596117506143226,0.0,19.326679780073256,16.425793714138397,319.8889338536529,320.8159908817218,0.0
5.143,3.4441699540860045,-1.67608342750681,3.801777812926492,0.0,19.20471331413081,16.766461141351122,318.43073582048675,320.8159908817218,0.0
5.144,3.690534282989967,-1.7226951399326915,4.5547293801219055,0.0,19.133623727970363,17.10177174072521,320.5185525565746,320.8159908817218,0.0
5.1450000000000005,3.9577151197558593,-1.755146510249457,3.5137953953294483,0.0,19.106277693973965,17.247483818791494,317.58689286852035,320.8159908817218,0.0
5.146,4.12767458427819,-1.7444095503767405,5.0119162194885885,0.0,19.09473189189466,17.53506898342715,308.718856366342,320.8159908817218,0.0
5.147,4.364627459082225,-1.6996012427498528,9.566905815731573,0.0,19.10827764224663,18.254443477153227,313.25296922988304,320.8159908817218,0.0
5.148,4.840072701946552,-1.7303462516765602,7.375479600479433,0.0,19.196236300994208,18.56669886893469,313.67554448164015,320.8159908817218,0.0
5.149,5.169831605984329,-1.7237177024101267,7.235596438601695,0.0,19.305588042536602,18.831532674743222,303.2021540125452,320.8159908817218,0.0
5.15,5.468502559997648,-1.6261281094181081,10.0,0.0,19.419819420769162,19.356745281596652,307.600782815306,320.8159908817218,0.0
5.151,5.882620859685969,-1.5687418158842281,10.0,0.0,19.569812325504994,19.770649426548417,300.672093623681,320.8159908817218,0.0
5.152,6.2731611086756445,-1.5189992393712402,10.0,0.0,19.741298533781325,20.11934420308661,300.8427066524248,320.8159908817218,0.0
5.1530000000000005,6.667689216962821,-1.3941058429410509,10.0,0.0,19.91726475104166,20.410825433376928,292.6852928516326,320.8159908817218,0.0
5.154,7.0060765184849005,-1.2958175398297103,10.0,0.0,20.09521969022704,20.65747784027969,294.4223066956701,320.8159908817218,0.0
5.155,7.354031318558892,-1.1341087039575584,10.0,0.0,20.26323928726935,20.862369345417797,283.21925682589904,320.8159908817218,0.0
5.156,7.678311858449028,-0.9766353264067975,10.0,0.0,20.419241091949367,21.031382348359152,288.32575695082966,320.8159908817218,0.0
5.157,7.954309784881206,-0.8799657203572164,10.0,0.0,20.567485093565566,21.17197726496573,296.9054936632013,320.8159908817218,0.0
5.158,8.088633190572924,-0.9879535158860477,10.0,0.0,20.727809540249474,21.30132149471151,301.65741111586067,320.8159908817218,0.0
5.159,8.125013753886101,-1.2136781535635208,10.0,0.0,20.908785797428806,21.431105118243558,318.0589463815225,320.8159908817218,0.0
5.16,8.13679044720328,-1.43641567354737,6.186229032436017,0.0,21.106886672064853,21.14556156807654,319.13359472729235,320.8159908817218,0.0
5.1610000000000005,7.906166968358601,-1.5806414796228028,5.665728821095389,0.0,21.27026056768906,20.91475149642409,333.7469271660539,320.8159908817218,0.0
5.162,7.616826858344905,-1.7031506041692173,-1.7702467611287194,0.0,21.40624981222495,19.94012868688112,330.5989847506617,320.8159908817218,0.0
5.163,6.923220861480732,-1.6672043601896456,-0.2941054921220143,0.0,21.42599867326973,19.386705636713934,334.8756807401319,320.8159908817218,0.0
5.164,6.33108544855115,-1.6471713135012065,-2.573050385441201,0.0,21.386586170497388,18.683353262166385,337.5239991988083,320.8159908817218,0.0
5.165,5.696712402766831,-1.6205062991604753,-4.0642896979502865,0.0,21.278046859436934,17.969007680260525,337.6907825058799,320.8159908817218,0.0
5.166,5.066031388912082,-1.567849276292245,-4.316429267727653,0.0,21.103401298919835,17.365450946954965,337.420694546206,320.8159908817218,0.0
5.167,4.506803445501838,-1.5261661329462282,-4.347432324535544,0.0,20.881806045584508,16.859104654013738,336.21909352078495,320.8159908817218,0.0
5.168,4.036170755665976,-1.4987238303238577,-3.9006628382156543,0.0,20.629133866433595,16.476865455544207,334.41239317692106,320.8159908817218,0.0
5.1690000000000005,3.6719223961587426,-1.4891395103070868,-3.1332766892356996,0.0,20.362725133175196,16.22288873317857,332.34391872004915,320.8159908817218,0.0
5.17,3.4190365854108253,-1.4980788011281712,-2.2143187391830175,0.0,20.09863876619656,16.085255278326855,330.35661786737774,320.8159908817218,0.0
5.171,3.270934313537318,-1.520334308758507,-1.3160745827038718,0.0,19.849556403361746,16.038356201773237,327.7705523154932,320.8159908817218,0.0
5.172,3.2055338160926365,-1.5553542251542631,-0.09258742109932028,0.0,19.624322004882274,16.10255297480338,324.93515497161917,320.8159908817218,0.0
5.173,3.2299012342045783,-1.5960826108127002,1.2839196099387236,0.0,19.432160646812246,16.273653111513948,322.1057586492678,320.8159908817218,0.0
5.174,3.337983123047541,-1.6464729479946552,2.685720093438957,0.0,19.2814610914537,16.53721474802949,319.12254984745556,320.8159908817218,0.0
5.175,3.524214978559614,-1.6953139187686173,4.194258904687731,0.0,19.17705625869588,16.89186684454209,318.66984115002657,320.8159908817218,0.0
5.176,3.7858091731648424,-1.7372148845676811,4.442074750719178,0.0,19.12267781539526,17.185874560227163,320.96505473496563,320.8159908817218,0.0
5.1770000000000005,4.03317433025003,-1.7603204732686213,3.2929773197172088,0.0,19.105260593092325,17.291570558809823,314.43936361331936,320.8159908817218,0.0
5.178,4.185866372749591,-1.7203273375208266,6.619589153224371,0.0,19.095524392058678,17.748051038195623,308.41298686309636,320.8159908817218,0.0
5.179,4.508940468818421,-1.6895981076567728,9.756807568522122,0.0,19.12942957513941,18.43572652674458,314.4941375690456,320.8159908817218,0.0
5.18,4.981800043793247,-1.74119077659125,6.779450748674257,0.0,19.234694274648394,18.65035973812394,309.04885468596495,320.8159908817218,0.0
5.181,5.272493407981175,-1.7015204957133323,9.619763552172158,0.0,19.3460161677585,19.169016400588582,305.7055111360111,320.8159908817218,0.0
5.182,5.694472747712542,-1.630638838746161,10.0,0.0,19.49067125834646,19.616851673615287,307.60029783778833,320.8159908817218,0.0
5.183,6.088050631858662,-1.5987121228730645,10.0,0.0,19.662841245001914,19.991492790061073,297.30985984865373,320.8159908817218,0.0
5.184,6.483378642581353,-1.492780195379396,10.0,0.0,19.843925099770832,20.306336491189803,301.1140961881049,320.8159908817218,0.0
5.1850000000000005,6.8316045224196245,-1.3925652786056597,10.0,0.0,20.02842061760556,20.573452641007552,292.5955799350453,320.8159908817218,0.0
5.186,7.1839138887168446,-1.231515768351502,10.0,0.0,20.204464901678364,20.797034956132702,289.46256655395473,320.8159908817218,0.0
5.187,7.490424773388316,-1.1083674074999665,10.0,0.0,20.373327164265284,20.985670364501722,288.3929803605908,320.8159908817218,0.0
5.188,7.819794151938327,-0.9239748474332807,10.0,0.0,20.525115043431583,21.139162935498742,291.3617140777758,320.8159908817218,0.0
5.189,8.045254369994021,-0.8966332720127324,10.0,0.0,20.675909744085363,21.270978107112064,296.64972775146987,320.8159908817218,0.0
5.19,8.119625649754969,-1.082345803646096,10.0,0.0,20.845508286068977,21.398764993036284,312.8223129120818,320.8159908817218,0.0
5.191,8.1521496757878,-1.2946042369233144,8.813808799754506,0.0,21.032416964790812,21.39741808247345,315.54016498243385,320.8159908817218,0.0
5.192,8.08393203081468,-1.494790239861182,7.507641023571374,0.0,21.220397960574577,21.29090936866875,330.5594116594242,320.8159908817218,0.0
5.1930000000000005,7.903443788608933,-1.686238693161925,-0.09941652270082457,0.0,21.397987455233192,20.40930650368769,328.223618144414,320.8159908817218,0.0
5.194,7.3064448942355344,-1.6673641549591727,0.9944039621773584,0.0,21.465667030192527,19.893878699428946,334.12796687628213,320.8159908817218,0.0
5.195,6.7479043417524025,-1.6825532230152258,-2.0908901637023156,0.0,21.47689541009825,19.141910546225866,336.78527868664855,320.8159908817218,0.0
5.196,6.098957030908822,-1.6452783839792255,-3.579238946934794,0.0,21.407552013718572,18.399195420104853,338.1706203592762,320.8159908817218,0.0
5.197,5.436318174623518,-1.5924625695225942,-4.445456078024161,0.0,21.265434453164904,17.709817871453417,338.22100894194597,320.8159908817218,0.0
5.198,4.814653443034786,-1.5367069641779163,-4.644700549961287,0.0,21.062985935358096,17.12366833292147,337.3157937709035,320.8159908817218,0.0
5.199,4.275423320584239,-1.494535075458362,-4.357090993331868,0.0,20.81808596377307,16.662617058564322,335.8421575805842,320.8159908817218,0.0
5.2,3.8435572224047685,-1.470702986438858,-3.770534565160858,0.0,20.54937105100589,16.32693899559214,333.86056041786935,320.8159908817218,0.0
5.2010000000000005,3.522467618024027,-1.4686103109329194,-2.9101816791648956,0.0,20.27396794980275,16.11773169631839,331.6130228288402,320.8159908817218,0.0
5.202,3.312620594508266,-1.4844488405339347,-1.894383204121504,0.0,20.00694759380371,16.02491139678944,329.30480309970216,320.8159908817218,0.0
5.203,3.2048634172510413,-1.5154337438732812,-0.8251614617322853,0.0,19.760597197523005,16.031882317788998,326.5376870820884,320.8159908817218,0.0
5.204,3.184014757360947,-1.5581799825489344,0.5011795850709357,0.0,19.543971170191263,16.149942185600334,323.79844144352074,320.8159908817218,0.0
5.205,3.251213320522862,-1.6089075347051969,1.8409778987367655,0.0,19.365966300724242,16.361047539385858,320.7089733267731,320.8159908817218,0.0
5.206,3.3956877691990317,-1.6626505138497247,3.3867821326600716,0.0,19.23227690576682,16.674662149718266,318.54348482761196,320.8159908817218,0.0
5.207,3.622187196305216,-1.7112989859269088,4.4922514427817415,0.0,19.148131813475423,17.026219748800933,319.60950538704856,320.8159908817218,0.0
5.208,3.8934529791281025,-1.7485639464321676,3.9713060180101762,0.0,19.111169651256247,17.238274147080638,320.12794660109927,320.8159908817218,0.0
5.2090000000000005,4.096814804614121,-1.7578853305321807,3.718965853791046,0.0,19.099761847732903,17.38322178251884,311.40356015931377,320.8159908817218,0.0
5.21,4.270308477439759,-1.694786334122911,8.175283381907875,0.0,19.0969554846597,17.988201518039975,311.11895569276527,320.8159908817218,0.0
5.211,4.672389837723664,-1.691314623508007,8.414555967071692,0.0,19.155176833242376,18.471665439885548,314.59049422287404,320.8159908817218,0.0
5.212,5.0673872841346235,-1.7107500444668013,6.741041668605782,0.0,19.25809505256296,18.68669690021958,304.83236036952377,320.8159908817218,0.0
5.213,5.349350481645954,-1.6372630288679217,10.0,0.0,19.363946670059427,19.23867161862815,306.6783696554947,320.8159908817218,0.0
5.214,5.780707642118235,-1.5786066816771616,10.0,0.0,19.508693269612113,19.668814787954727,304.32855222850236,320.8159908817218,0.0
5.215,6.172862880970402,-1.5499582838525083,10.0,0.0,19.67941476585337,20.031594795634902,298.5907536665368,320.8159908817218,0.0
5.216,6.579423189132388,-1.423419245767502,10.0,0.0,19.855709303027428,20.3343688706619,296.464820770096,320.8159908817218,0.0
5.2170000000000005,6.917849653975702,-1.3369100561973333,10.0,0.0,20.0364011735149,20.591333683852447,293.4729004978667,320.8159908817218,0.0
5.218,7.276823504749415,-1.1643714255187443,10.0,0.0,20.206606180793745,20.80456834383602,283.7987739671443,320.8159908817218,0.0
5.219,7.586679307756569,-1.0352321135825755,10.0,0.0,20.368634215336865,20.98300563872606,285.4035263154032,320.8159908817218,0.0
5.22,7.899246158373306,-0.8795261010263237,10.0,0.0,20.51646690765286,21.128518212043637,295.09186853792716,320.8159908817218,0.0
5.221,8.064060376613556,-0.9468225990953558,10.0,0.0,20.67302726298216,21.259258901760802,298.692225542668,320.8159908817218,0.0
5.222,8.118630211510062,-1.1520822631301546,10.0,0.0,20.848911249813387,21.388227018382967,314.98173312755705,320.8159908817218,0.0
5.223,8.132854971978434,-1.3813379321163262,7.724768993656586,0.0,21.043269176571837,21.270592286025703,317.83116506289565,320.8159908817218,0.0
5.224,7.999429070224484,-1.5509646124986474,6.3299012841755475,0.0,21.22279421557091,21.068292778398153,331.64321932491026,320.8159908817218,0.0
5.2250000000000005,7.742085490688679,-1.7159350055287992,-0.6843981312636434,0.0,21.380587276336815,20.17352500156117,329.23452328655793,320.8159908817218,0.0
5.226,7.115665095428295,-1.6787726286819153,0.4357645638641614,0.0,21.42738668795897,19.643707006786197,334.8614982720117,320.8159908817218,0.0
5.227,6.5409443216657195,-1.6850728053999304,-2.51817800276563,0.0,21.41758900214887,18.89237052453167,336.9092906038938,320.8159908817218,0.0
5.228,5.889866018128595,-1.6433076467508783,-3.7030071659283896,0.0,21.328980267475742,18.180267545291436,338.0930634414623,320.8159908817218,0.0
5.229,5.2464788727265255,-1.591563152860635,-4.467664310310036,0.0,21.172747865604478,17.522511799216417,337.90397469725696,320.8159908817218,0.0
5.23,4.650812772657524,-1.539539468570781,-4.5439997763627265,0.0,20.96115796897985,16.973247457293358,336.7643576852161,320.8159908817218,0.0
5.231,4.142586751573594,-1.501368573848629,-4.133674938377248,0.0,20.712122066248845,16.55359784805762,335.14438408276635,320.8159908817218,0.0
5.232,3.744928405737733,-1.4821241592161887,-3.4669720691628134,0.0,20.444289616205012,16.258903834537186,333.1060229982392,320.8159908817218,0.0
5.2330000000000005,3.4582265612816774,-1.484045562446934,-2.570691848064418,0.0,20.174174808315232,16.08638039242491,330.9450182345054,320.8159908817218,0.0
5.234,3.2801367514435897,-1.5019906665712799,-1.5914797397253615,0.0,19.915773884424567,16.01957120407881,328.4006795186101,320.8159908817218,0.0
5.235,3.196036375795792,-1.5341640790535296,-0.3951572681465838,0.0,19.67989175842017,16.062876336191422,325.6459829295258,320.8159908817218,0.0
5.236,3.2027896395083992,-1.576818677996535,0.933891105917521,0.0,19.47629862998638,16.210910976158722,322.8617990540576,320.8159908817218,0.0
5.237,3.2937257122598442,-1.6284315557503262,2.305524961928271,0.0,19.31311914895618,16.451436644340927,319.6575360183145,320.8159908817218,0.0
5.238,3.4622951845358645,-1.6795307689738956,3.9192410284338997,0.0,19.19541496752428,16.79775094513455,318.4797777442642,320.8159908817218,0.0
5.239,3.7141039614338403,-1.7258022373092,4.531482296833621,0.0,19.12869150369958,17.122859505828515,320.67317849793193,320.8159908817218,0.0
5.24,3.9777527759189564,-1.7549240544393239,3.4362100438376544,0.0,19.103891927527705,17.255699221732684,316.75163695508684,320.8159908817218,0.0
5.2410000000000005,4.141405169927431,-1.7377349548234824,5.43762435452655,0.0,19.09267426143439,17.588518029938896,308.0438987783789,320.8159908817218,0.0
5.242,4.400760545502436,-1.697474845121551,9.919214363913953,0.0,19.111603521699987,18.333001381267724,313.87886625865497,320.8159908817218,0.0
5.243,4.893059150672864,-1.73925427955776,7.071101870006583,0.0,19.20808652995689,18.595261756253553,312.65348670627355,320.8159908817218,0.0
5.244,5.203506176985623,-1.723800448171385,7.76541668795177,0.0,19.319029559089834,18.91657396263682,302.27120842651055,320.8159908817218,0.0
5.245,5.528843556928948,-1.6261944823909282,10.0,0.0,19.440427388025824,19.423027625910276,308.6113666837992,320.8159908817218,0.0
5.246,5.936984748817727,-1.5725226167139152,10.0,0.0,19.595402954828884,19.826987715321167,299.6824378140868,320.8159908817218,0.0
5.247,6.326384867855184,-1.5114280818732788,10.0,0.0,19.769093293717034,20.16729675129605,301.3942808542557,320.8159908817218,0.0
5.248,6.7089273668143985,-1.3934931322369954,10.0,0.0,19.947083603202277,20.45275824386712,292.12391757063585,320.8159908817218,0.0
5.249,7.054445965009332,-1.2738336672554111,10.0,0.0,20.123837839344485,20.69329099731775,293.4041082166974,320.8159908817218,0.0
5.25,7.386080732205961,-1.1319456452037082,10.0,0.0,20.292558839441664,20.894421260627862,285.4485120256402,320.8159908817218,0.0
5.251,7.718124852832234,-0.9574879016536255,10.0,0.0,20.446749294290147,21.059102092019753,284.86935950328683,320.8159908817218,0.0
5.252,7.97341896922123,-0.8924210757390396,10.0,0.0,20.596576013377867,21.19797197416078,299.88668298055626,320.8159908817218,0.0
5.253,8.092809506696629,-1.0203415329755612,10.0,0.0,20.760028967326075,21.32735752203807,303.75392682452406,320.8159908817218,0.0
5.2540000000000004,8.140805637248835,-1.2205111483824056,10.0,0.0,20.94081463378959,21.456064141536466,317.5015740617752,320.8159908817218,0.0
5.255,8.131264430432068,-1.4746944834405922,6.486255461640726,0.0,21.142350866258912,21.204996260567217,321.74461857864526,320.8159908817218,0.0
5.256,7.926629007664552,-1.605614153614965,4.35544692623647,0.0,21.310486017752986,20.82235178186721,331.073085863945,320.8159908817218,0.0
5.257,7.548310810334996,-1.7237960288339194,-0.41135766623562287,0.0,21.435234015799992,20.031313493847303,331.78831430551946,320.8159908817218,0.0
5.258,6.937151772859061,-1.6907665262374687,-0.87869512126084,0.0,21.4635883212025,19.391559072455088,336.8359034245207,320.8159908817218,0.0
5.259,6.312759376906409,-1.6774111549063266,-3.5626888061894597,0.0,21.42399295810509,18.590621166130475,337.5422877428939,320.8159908817218,0.0
5.26,5.627132054160297,-1.6131749694293374,-4.083143933987771,0.0,21.30133091399578,17.904582468462614,338.25116129354046,320.8159908817218,0.0
5.261,4.992960132788044,-1.55723349037797,-4.611932413429237,0.0,21.116820003689753,17.28482189281351,337.6500913186555,320.8159908817218,0.0
5.2620000000000005,4.42699601576506,-1.510395815389823,-4.479738430356084,0.0,20.884191397391227,16.78432984028998,336.32765948905705,320.8159908817218,0.0
5.263,3.96156012349873,-1.4794636161654553,-3.973639201630222,0.0,20.621842281305405,16.410511414697126,334.4397815519433,320.8159908817218,0.0
5.264,3.606351286180275,-1.470249329747963,-3.165938139775573,0.0,20.3476419847552,16.166044657754103,332.22577144990055,320.8159908817218,0.0
5.265,3.364432865924557,-1.4805897628474272,-2.173030894435972,0.0,20.077644632670825,16.04280627107411,330.0018850964163,320.8159908817218,0.0
5.266,3.22922923379116,-1.5070289534403716,-1.1529466598407865,0.0,19.825128083761125,16.019625396537872,327.31829833489684,320.8159908817218,0.0
5.267,3.1824767090250496,-1.5473595067647032,0.12382364638718801,0.0,19.599717071248516,16.10754558730635,324.53784045686115,320.8159908817218,0.0
5.268,3.2260007196263065,-1.5946302706387645,1.4768340896536403,0.0,19.410435657556917,16.294940937029956,321.6610574556395,320.8159908817218,0.0
5.269,3.349632627902692,-1.6488338207430149,2.9067749245252967,0.0,19.26431160307956,16.575267728010864,318.9077479756976,320.8159908817218,0.0
5.2700000000000005,3.550653312848407,-1.6991065938978684,4.3025120935564845,0.0,19.165820602694026,16.9313051584294,319.00445009303894,320.8159908817218,0.0
5.271,3.8168290756050727,-1.7414784156346537,4.272276442772637,0.0,19.1169406180484,17.197337325437207,320.64534727994754,320.8159908817218,0.0
5.272,4.049364256116693,-1.7611391244711796,3.453534285336078,0.0,19.101290808322762,17.319201884240783,313.28747044780465,320.8159908817218,0.0
5.273,4.2110253303025855,-1.7134601526964182,7.207757905746696,0.0,19.093951141466455,17.833009659655637,309.67962524680115,320.8159908817218,0.0
5.274,4.565877660213923,-1.691678948919479,9.123044162597651,0.0,19.13680707613955,18.430424797344497,314.2944288515009,320.8159908817218,0.0
5.275,5.001181699642891,-1.7311859209843588,6.880857980549974,0.0,19.239682510079128,18.662255751099938,307.44167259472675,320.8159908817218,0.0
5.276,5.29475379973983,-1.6815527689290382,10.0,0.0,19.349598779553556,19.218778746217406,306.80500624622346,320.8159908817218,0.0
5.277,5.7339729528908645,-1.6221131742758266,10.0,0.0,19.498133697700993,19.654071262730422,307.01252075707487,320.8159908817218,0.0
5.2780000000000005,6.12595646114081,-1.5946421368546415,10.0,0.0,19.67291695751519,20.021962025030902,298.40382840067065,320.8159908817218,0.0
5.279,6.526188193930784,-1.4754028803021364,10.0,0.0,19.854169359731458,20.330436381558346,299.47364057040517,320.8159908817218,0.0
5.28,6.866567216432009,-1.3816029707657091,10.0,0.0,20.039018359895348,20.592749167507446,293.21944170429697,320.8159908817218,0.0
5.281,7.221653065921576,-1.2111085074712373,10.0,0.0,20.21379734677073,20.81165992165918,287.2229664268171,320.8159908817218,0.0
5.282,7.524645665658851,-1.0899966752788597,10.0,0.0,20.381372153465538,20.99637917160708,288.0986926007382,320.8159908817218,0.0
5.283,7.84791462006203,-0.9136262571829001,10.0,0.0,20.532471776817026,21.146854318242692,288.1302541268187,320.8159908817218,0.0
5.284,8.051095403607272,-0.9209631498931223,10.0,0.0,20.686079714876005,21.27827471590394,302.3849831287159,320.8159908817218,0.0
5.285,8.12106606846149,-1.1089530786314148,10.0,0.0,20.858074422129324,21.40624890230646,309.80726952774233,320.8159908817218,0.0
5.2860000000000005,8.160350664292432,-1.303589234494067,10.0,0.0,21.04519715515507,21.535003541901197,320.10632097345865,320.8159908817218,0.0
5.287,8.1310081381549,-1.5728827330352848,5.209346981958229,0.0,21.254159002118623,21.146243682687874,325.8930589895538,320.8159908817218,0.0
5.288,7.849474892899243,-1.6678894435607687,2.265207292832323,0.0,21.411106481636878,20.571982390185553,332.5636158503572,320.8159908817218,0.0
5.289,7.346710796753258,-1.729416408264318,-1.1875473872557318,0.0,21.50075098296521,19.772969075090366,333.87387763162866,320.8159908817218,0.0
5.29,6.68974492488724,-1.6800120892249732,-1.9732571453905177,0.0,21.495479957909822,19.078159619987385,337.84874193100876,320.8159908817218,0.0
5.291,6.03034949315902,-1.6442274453179064,-4.131016805573438,0.0,21.417812822210305,18.288771381621835,338.2578759577605,320.8159908817218,0.0
5.292,5.345125294928334,-1.5765699054595537,-4.510002669709705,0.0,21.261889093298823,17.61922511255782,338.22184142206163,320.8159908817218,0.0
5.293,4.728616096282281,-1.5200982248037544,-4.666043907263658,0.0,21.049067800898545,17.048630189888247,337.35092799706155,320.8159908817218,0.0
5.2940000000000005,4.202577324892944,-1.4796196714809116,-4.395936565917015,0.0,20.796581221412378,16.596784023035642,335.666254083276,320.8159908817218,0.0
5.295,3.7816560347174923,-1.4591509472887148,-3.702102241039777,0.0,20.522311909061653,16.279535471448114,333.53954517257165,320.8159908817218,0.0
5.296,3.476223061420234,-1.4606120888555298,-2.765983328596107,0.0,20.244110085601527,16.09200799506525,331.32076523923376,320.8159908817218,0.0
5.297,3.284365312319555,-1.48106835289593,-1.7616411055022843,0.0,19.977211274477895,16.01457956205864,328.95577868359294,320.8159908817218,0.0
5.298,3.191262274178693,-1.5159639857814768,-0.6605457057005824,0.0,19.73289345814296,16.03760391969206,326.22019663669636,320.8159908817218,0.0
5.299,3.1844114245124175,-1.5611791275832458,0.6532032601979623,0.0,19.51993456847422,16.167218055261355,323.49609012245935,320.8159908817218,0.0
5.3,3.261949155382061,-1.614085881059239,1.988455524909091,0.0,19.346600572793616,16.38771748887376,320.2862852551857,320.8159908817218,0.0
5.301,3.415122246568502,-1.6677746057622391,3.5986550148112753,0.0,19.21802661222488,16.71652933807718,318.42937783274306,320.8159908817218,0.0
5.3020000000000005,3.6529347971963824,-1.7161349031931228,4.5509748565223855,0.0,19.139973978103725,17.06362814433538,320.1028569738609,320.8159908817218,0.0
5.303,3.9243683020990057,-1.7523865462288621,3.7213666250420614,0.0,19.10794056578014,17.239952142642696,318.8606101632677,320.8159908817218,0.0
5.304,4.109833604190057,-1.7526419504469797,4.362043837523203,0.0,19.096408472553275,17.45652412739365,310.2937779111179,320.8159908817218,0.0
5.305,4.315155166625727,-1.6983975506548046,8.750682093304153,0.0,19.10171734910487,18.10589842151091,312.1095769533607,320.8159908817218,0.0
5.306,4.747790668688449,-1.7088065173622815,7.929846711466356,0.0,19.173120197748776,18.511151209709094,314.613809651775,320.8159908817218,0.0
5.307,5.1122580938253,-1.7153633651276345,6.7397521745586815,0.0,19.278525203935224,18.724551896965956,304.0816969214303,320.8159908817218,0.0
5.308,5.389866333169544,-1.6251621490859283,10.0,0.0,19.384742075986473,19.2707889902069,306.799008537442,320.8159908817218,0.0
5.309,5.812625817721956,-1.5679202546891002,10.0,0.0,19.529566373933463,19.696694122167138,302.6980886534273,320.8159908817218,0.0
5.3100000000000005,6.205547053448009,-1.5318242983524568,10.0,0.0,19.69910061902871,20.055497429641708,299.1652629151784,320.8159908817218,0.0
5.311,6.610769969689167,-1.4043736536619384,10.0,0.0,19.8739031590093,20.35472852244908,294.92130470904743,320.8159908817218,0.0
5.312,6.948754146268809,-1.3174258587569723,10.0,0.0,20.052858803279925,20.608390729712426,293.64446290061574,320.8159908817218,0.0
5.313,7.3061475920463845,-1.1473960928342117,10.0,0.0,20.22145130754737,20.818648843406763,282.68915096977804,320.8159908817218,0.0
5.314,7.620931410972928,-1.0103235870350025,10.0,0.0,20.380832694778814,20.99368811053426,285.52159736802946,320.8159908817218,0.0
5.315,7.927443141640193,-0.8651042142720642,10.0,0.0,20.527176464053937,21.136593137488024,294.70364779845056,320.8159908817218,0.0
5.316,8.073529127037999,-0.9599383198744752,10.0,0.0,20.68506030444081,21.266837697586837,300.5119604090546,320.8159908817218,0.0
5.317,8.11546980947247,-1.1831871190634953,10.0,0.0,20.863789243653656,21.39669357050064,316.1768774236114,320.8159908817218,0.0
5.3180000000000005,8.134982364380264,-1.3991761827578175,7.123285309982768,0.0,21.05915718525108,21.21327115992694,317.9017595028948,320.8159908817218,0.0
5.319,7.957199031110898,-1.569550365490823,6.289986584129358,0.0,21.23322736109508,21.02458336383536,332.51067185765226,320.8159908817218,0.0
5.32,7.706936825407002,-1.709854439310022,-1.1314164030086857,0.0,21.384751446038305,20.089901032905424,330.1468546669432,320.8159908817218,0.0
5.321,7.046105081168882,-1.685411872702958,-0.04281644550638575,0.0,21.423563166329238,19.527988238568593,334.6941973637355,320.8159908817218,0.0
5.322,6.456343151691302,-1.6683947864655635,-2.4552698587226587,0.0,21.400674981337353,18.808157515465876,337.495628258262,320.8159908817218,0.0
5.323,5.811399524260378,-1.6376373505033641,-4.022781679751313,0.0,21.30487939544092,18.074765459715877,337.7789433029376,320.8159908817218,0.0
5.324,5.164108651924032,-1.5798264912039361,-4.334068726301266,0.0,21.139272542395815,17.451319153723713,337.62919170685905,320.8159908817218,0.0
5.325,4.586495670645112,-1.5329142396577038,-4.427324936513366,0.0,20.92329950497892,16.923575999585747,336.5037812634541,320.8159908817218,0.0
5.3260000000000005,4.096642667051929,-1.5006340977425425,-4.021497618628202,0.0,20.67306776279471,16.52069112477183,334.73703061243896,320.8159908817218,0.0
5.327,3.713867376741992,-1.4870156321833516,-3.2773326904278157,0.0,20.406395477555158,16.24807818404224,332.66975740939864,320.8159908817218,0.0
5.328,3.4442208463410022,-1.4930504384444423,-2.3622337541844267,0.0,20.139929140110915,16.095111908007436,330.7028655689205,320.8159908817218,0.0
5.329,3.2822048807525777,-1.5134871233749634,-1.4776565808173503,0.0,19.887000496087367,16.03407341645034,328.22530273839124,320.8159908817218,0.0
5.33,3.20505859487125,-1.5469338091911826,-0.312968284119405,0.0,19.656735635900947,16.07998178234077,325.34447475133635,320.8159908817218,0.0
5.331,3.216011223946632,-1.5863434223937927,1.0821608707118928,0.0,19.45808868891634,16.238113897630875,322.5528542142942,320.8159908817218,0.0
5.332,3.313062724976282,-1.6366956292627972,2.460602505907244,0.0,19.300264294782764,16.487679256194177,319.4459298197831,320.8159908817218,0.0
5.333,3.4884163371203423,-1.686212382989784,4.0277653137821865,0.0,19.188122196760155,16.836790749676524,318.5612217579596,320.8159908817218,0.0
5.3340000000000005,3.743730617599744,-1.7303253264362424,4.492667035931567,0.0,19.12646271412988,17.148913410634773,320.8639033055549,320.8159908817218,0.0
5.335,4.000900374313426,-1.7560083857073407,3.340847137895565,0.0,19.104565452943813,17.266573120795,315.7969486690777,320.8159908817218,0.0
5.336,4.157533524871457,-1.7293793513020013,5.924514878260602,0.0,19.093437864515078,17.651340835246867,307.82654088429894,320.8159908817218,0.0
5.337,4.4434974389973245,-1.6924325920746504,10.0,0.0,19.11810195320345,18.38909600635009,314.36477862004926,320.8159908817218,0.0
5.338,4.936860787199162,-1.7407209380100812,6.834214259953299,0.0,19.21975633577847,18.615140457428353,311.32078853306115,320.8159908817218,0.0
5.339,5.231695461260314,-1.7159872728057035,8.451161326933965,0.0,19.33064613857199,19.010769755759924,303.20194808305996,320.8159908817218,0.0
5.34,5.594169663074193,-1.6228035916968782,10.0,0.0,19.46000702264938,19.49520407244624,308.09745544905417,320.8159908817218,0.0
5.341,5.993894471172556,-1.5812181778261367,10.0,0.0,19.621232691272972,19.888297672268305,298.88302721112325,320.8159908817218,0.0
5.3420000000000005,6.386705710103898,-1.5018133119098205,10.0,0.0,19.797326471904327,20.21899249076907,301.4433722516631,320.8159908817218,0.0
5.343,6.756320913640223,-1.3911767655891478,10.0,0.0,19.977504384886508,20.49749764548321,292.013288183019,320.8159908817218,0.0
5.344,7.106176134594495,-1.2536365514355179,10.0,0.0,20.15349196394819,20.731382153754552,291.62218645023523,320.8159908817218,0.0
5.345,7.42678240386158,-1.121888181326724,10.0,0.0,20.322152317360416,20.92770883169509,287.10127704161056,320.8159908817218,0.0
5.346,7.762527408565065,-0.9362005985598558,10.0,0.0,20.4744711528222,21.087542989358077,284.4142847066712,320.8159908817218,0.0
5.347,8.008882868486781,-0.8815783536398918,10.0,0.0,20.623389949390567,21.22288396425659,298.8999021684165,320.8159908817218,0.0
5.348,8.09648533847274,-1.0562526438895596,10.0,0.0,20.790711358168632,21.352410004222858,308.05665960932095,320.8159908817218,0.0
5.349,8.150981104640746,-1.2397931391026358,10.0,0.0,20.97269594163645,21.48059707149168,315.5278303452431,320.8159908817218,0.0
5.3500000000000005,8.13104848518081,-1.5057544941053014,7.509192115248027,0.0,21.17672111758253,21.34291256885996,326.24742932541693,320.8159908817218,0.0
5.351,7.982628987556364,-1.6560200232341413,2.0950782407241615,0.0,21.360444920324973,20.684881405280002,329.69167240797015,320.8159908817218,0.0
5.352,7.479944134270056,-1.7207427877725725,0.28419988418507014,0.0,21.46561007524311,20.01978139674347,333.65462842542803,320.8159908817218,0.0
5.353,6.890290027859709,-1.6982640802508562,-1.8256644999809337,0.0,21.490628828343024,19.277566709031813,337.3255021094092,320.8159908817218,0.0
5.354,6.222325514017611,-1.6657657892711162,-3.826196454248379,0.0,21.435574212429213,18.480695049732084,337.80057165759416,320.8159908817218,0.0
5.355,5.527054911008297,-1.5951014814611033,-4.233577036099597,0.0,21.29888980122751,17.80299867150259,338.2934399276667,320.8159908817218,0.0
5.356,4.897205070704464,-1.5386697056528216,-4.654785661595328,0.0,21.102603341062217,17.199475123393178,337.5325878367955,320.8159908817218,0.0
5.357,4.344164763996804,-1.495004104771318,-4.441525585710467,0.0,20.86135427376363,16.718881914015284,336.11349094794167,320.8159908817218,0.0
5.3580000000000005,3.8961576201728714,-1.4686010387042767,-3.8849521419457367,0.0,20.593703110998547,16.365063979654145,334.1788477153047,320.8159908817218,0.0
5.359,3.559168712500132,-1.4642820197136068,-3.05125909396308,0.0,20.317224209645566,16.138591931698816,331.9429996113614,320.8159908817218,0.0
5.36,3.334216272705536,-1.4786056317117455,-2.0446051292878344,0.0,20.047364781142043,16.03088908333885,329.64491223064863,320.8159908817218,0.0
5.361,3.213199352253046,-1.5088687644032392,-0.9838506524207093,0.0,19.796906719128962,16.02464936662499,326.929282759393,320.8159908817218,0.0
5.362,3.1809573231132506,-1.551275007995462,0.31283116443039116,0.0,19.575232547114034,16.12835172446701,324.2228757476485,320.8159908817218,0.0
5.363,3.237110809161585,-1.601323717804247,1.6319658216433681,0.0,19.391177323727845,16.325155119691534,321.261658207828,320.8159908817218,0.0
5.364,3.3701923566645404,-1.6554004758775784,3.1081179182925536,0.0,19.25065591849271,16.618980601749435,318.7243544640366,320.8159908817218,0.0
5.365,3.581858810103194,-1.7047904990578713,4.397686154365119,0.0,19.15846133695597,16.974509885676287,319.1874623339662,320.8159908817218,0.0
5.3660000000000005,3.8509010016803513,-1.7449816241781213,4.182417504877867,0.0,19.114966265497017,17.221213572713367,320.69070116243506,320.8159908817218,0.0
5.367,4.072950589445258,-1.7610240507485915,3.432050987836308,0.0,19.10185382555921,17.33677472078277,312.4277059391863,320.8159908817218,0.0
5.368,4.232456631354916,-1.703108845345679,7.647431448886046,0.0,19.095077647562107,17.89533885720493,310.2814792676062,320.8159908817218,0.0
5.369,4.608679389075179,-1.6884518391951517,8.825889900817257,0.0,19.143802382384393,18.445056144356958,314.0791538939836,320.8159908817218,0.0
5.37,5.027271587817512,-1.7205249986340907,6.994420957505946,0.0,19.24630099003945,18.689145093708007,306.38224682644807,320.8159908817218,0.0
5.371,5.324985686117175,-1.666699867551972,10.0,0.0,19.356717135850683,19.239440764171384,306.777289335468,320.8159908817218,0.0
5.372,5.76278873265269,-1.6063417486151736,10.0,0.0,19.505020092354904,19.67051149760869,306.04073657348295,320.8159908817218,0.0
5.373,6.153507084088997,-1.5783365989726965,10.0,0.0,19.679122841281128,20.03470446516005,298.5320348409121,320.8159908817218,0.0
5.3740000000000006,6.555529364480451,-1.4545758258448491,10.0,0.0,19.85890097852223,20.339573143520195,298.32058383771636,320.8159908817218,0.0
5.375,6.893691958143959,-1.3636158320612042,10.0,0.0,20.042420178290307,20.59875510526937,293.47401521322325,320.8159908817218,0.0
5.376,7.250006567032418,-1.1910416992378856,10.0,0.0,20.21543209958377,20.814557809779334,285.6664321777847,320.8159908817218,0.0
5.377,7.555156599046731,-1.0664205643979217,10.0,0.0,20.38074051569471,20.996078078534953,287.27083558373295,320.8159908817218,0.0
5.378,7.873410090885679,-0.8987104086590314,10.0,0.0,20.53046821128725,21.144020778243977,290.81524234850184,320.8159908817218,0.0
5.3790000000000004,8.065162198061147,-0.9228156178822711,10.0,0.0,20.684346081863378,21.274231780670434,300.04057664947294,320.8159908817218,0.0
5.38,8.117852899441813,-1.135563938402456,10.0,0.0,20.859018528789527,21.402931013831736,313.79009221744246,320.8159908817218,0.0
5.381,8.15302138709012,-1.3333734305058007,8.331673582529568,0.0,21.048725215265364,21.349370035820275,316.91650231227675,320.8159908817218,0.0
5.382,8.038234153172473,-1.5474088841302622,6.807463420806877,0.0,21.235670940270122,21.182134251250172,330.3081873059994,320.8159908817218,0.0
5.383,7.83000255024226,-1.6921911250793786,0.01669895970276869,0.0,21.400984206285557,20.340332232516477,330.2612929362639,320.8159908817218,0.0
5.384,7.223492224027288,-1.7001026002103323,-0.05430687597488948,0.0,21.465008383680996,19.723972564798547,334.6188733491441,320.8159908817218,0.0
5.385,6.6236426562898565,-1.6780621585847677,-2.3711259070892243,0.0,21.458490613234975,18.98142959571511,337.5833051260044,320.8159908817218,0.0
5.386,5.960167590927719,-1.6419920839350164,-4.021014937962198,0.0,21.37462301912999,18.221153304922993,337.97172502068787,320.8159908817218,0.0
5.3870000000000005,5.290351103373943,-1.578164014647448,-4.386782226693592,0.0,21.21645416848116,17.57182743532516,337.99403055912654,320.8159908817218,0.0
5.388,4.689633924830976,-1.5267298720669569,-4.569715392686975,0.0,21.004150140946454,17.014533017014468,336.9594994077638,320.8159908817218,0.0
5.389,4.175174233550319,-1.4903875458758247,-4.213884902266031,0.0,20.75386375987892,16.583291717643043,335.37387195691315,320.8159908817218,0.0
5.39,3.7694586162265447,-1.4718849946303907,-3.566649987592612,0.0,20.48381002960592,16.27726756680469,333.3573057600535,320.8159908817218,0.0
5.391,3.4740535430527504,-1.474557350643319,-2.683780037946115,0.0,20.21063824195026,16.093921205213125,331.17643369649346,320.8159908817218,0.0
5.392,3.287342156678309,-1.4933594569351674,-1.6969484343138022,0.0,19.948490505032982,16.018899279687698,328.67486497408913,320.8159908817218,0.0
5.393,3.196017923663814,-1.5269040764834279,-0.524752814035311,0.0,19.708557236342283,16.05241652698524,325.9241494339741,320.8159908817218,0.0
5.394,3.195615861215826,-1.5699850638350774,0.7995233704996854,0.0,19.5003724816636,16.19166813131916,323.2436245586863,320.8159908817218,0.0
5.3950000000000005,3.279428607450515,-1.6227101920574791,2.1155094713739415,0.0,19.332300317117124,16.418468386292346,319.9861763211701,320.8159908817218,0.0
5.396,3.438073550343376,-1.6746405851921606,3.7525317357375587,0.0,19.208900486485213,16.756081171128947,318.45047358788383,320.8159908817218,0.0
5.397,3.682334762680226,-1.7214251126538385,4.544038275319068,0.0,19.136228911489585,17.093005907200904,320.46884894969713,320.8159908817218,0.0
5.398,3.9498044378671984,-1.7545531777317396,3.5383220137326648,0.0,19.10769320948466,17.24344810584859,317.83512509030913,320.8159908817218,0.0
5.399,4.121969936358078,-1.7457866215304103,4.884992601340791,0.0,19.095759695712083,17.517919933601632,309.0072523430232,320.8159908817218,0.0
5.4,4.3527142964879895,-1.699577269045591,9.417016360370745,0.0,19.10747135288075,18.225146910189956,313.053392328293,320.8159908817218,0.0
5.401,4.820725718408478,-1.7265854780074648,7.471572353270132,0.0,19.192167538502034,18.55432946365499,313.9600633978208,320.8159908817218,0.0
5.402,5.156810131398127,-1.722554406808284,7.086796093345233,0.0,19.30059886098617,18.80390326060526,303.54199588504383,320.8159908817218,0.0
5.4030000000000005,5.448795099437829,-1.6250397892615451,10.0,0.0,19.412458133698763,19.334905500085718,307.2947595634385,320.8159908817218,0.0
5.404,5.864336509094515,-1.568198275871592,10.0,0.0,19.56095428279071,19.752071698441007,301.1242916656873,320.8159908817218,0.0
5.405,6.255980076975467,-1.5212639993279988,10.0,0.0,19.731723081523114,20.103445513499622,300.4552397090434,320.8159908817218,0.0
5.406,6.653716588353375,-1.395255041217494,10.0,0.0,19.9071607392614,20.396924246352846,293.23263491515905,320.8159908817218,0.0
5.407,6.991348429940682,-1.3012975199002645,10.0,0.0,20.085327266747406,20.645436734233773,294.2378553270035,320.8159908817218,0.0
5.408,7.342589245821599,-1.1363565324946228,10.0,0.0,20.253324456871447,20.85165445474416,282.72108582738286,320.8159908817218,0.0
5.409,7.664363922699793,-0.9844368272471825,10.0,0.0,20.410081942330958,21.022167315918125,288.2284784620265,320.8159908817218,0.0
5.41,7.949417618749416,-0.8734143929850864,10.0,0.0,20.557521694645565,21.163166479723973,295.73886720866653,320.8159908817218,0.0
5.4110000000000005,8.084645765974594,-0.9815937552701736,10.0,0.0,20.717327342303268,21.29278514314641,301.6525702352387,320.8159908817218,0.0
5.412,8.120850206825613,-1.2095764817100447,10.0,0.0,20.89811059782299,21.422792297971036,317.7479740671754,320.8159908817218,0.0
5.413,8.138702857602246,-1.4234243229978634,6.339217832784716,0.0,21.095059678550463,21.15358927729456,318.78619686612655,320.8159908817218,0.0
5.414,7.913111798033075,-1.5785077667323562,5.840404373465093,0.0,21.26031424953545,20.937733350965846,332.3886910903278,320.8159908817218,0.0
5.415,7.637469700279336,-1.700400477982921,-1.0765697407216077,0.0,21.39931513458929,20.032174176558378,331.1163252544533,320.8159908817218,0.0
5.416,6.97897246349289,-1.6858728444106492,-0.5433901665116458,0.0,21.43104304689154,19.428568777470982,334.94341203356873,320.8159908817218,0.0
5.417,6.37288851015933,-1.6588751812354372,-2.598207767587846,0.0,21.39641316144127,18.71721924016089,337.6036570962481,320.8159908817218,0.0
5.418,5.728576675789769,-1.626995865752595,-4.096206961072806,0.0,21.290874562733666,17.99412339501152,337.79897540987076,320.8159908817218,0.0
5.4190000000000005,5.08900115401698,-1.5707665436762908,-4.363695963165614,0.0,21.117713807108323,17.382249665262268,337.5215586279297,320.8159908817218,0.0
5.42,4.522035679711037,-1.5261527844597735,-4.3920432496571715,0.0,20.896336533777532,16.8697743683882,336.3156867024183,320.8159908817218,0.0
5.421,4.045421974511118,-1.4968009169560146,-3.944104245108428,0.0,20.643066890259156,16.48272349006266,334.50428348851057,320.8159908817218,0.0
5.422,3.6766435883950814,-1.4861400877532922,-3.1752855642224467,0.0,20.375539950722803,16.224940885490582,332.4252461410041,320.8159908817218,0.0
5.423,3.4203433380839594,-1.4946251498707888,-2.2518594430620342,0.0,20.110027409807838,16.084577777613916,330.44239909140435,320.8159908817218,0.0
5.424,3.269883191982604,-1.5167958882884536,-1.3567000003589893,0.0,19.85938374280147,16.034920617487195,327.9368273819529,320.8159908817218,0.0
5.425,3.202885616865207,-1.5511764248530344,-0.17512251063558537,0.0,19.632398878120995,16.09205186791695,325.07213040437676,320.8159908817218,0.0
5.426,3.2228674292603685,-1.5917579829738193,1.2146645829259448,0.0,19.43794579097918,16.258964337115575,322.19620652169465,320.8159908817218,0.0
5.4270000000000005,3.3277874030710883,-1.6417622470016395,2.638824367867274,0.0,19.284723912933266,16.521158577092862,319.1950379384055,320.8159908817218,0.0
5.428,3.5126549288578035,-1.690888763924158,4.155618188945009,0.0,19.17794752091087,16.87513069963854,318.6310210990564,320.8159908817218,0.0
5.429,3.7733006234216484,-1.7342462173442494,4.459476306446216,0.0,19.12152403505226,17.174462074297598,320.875327733818,320.8159908817218,0.0
5.43,4.024311887376582,-1.7577642145519115,3.336729620544462,0.0,19.10282944040406,17.286672464191284,314.82055133451365,320.8159908817218,0.0
5.431,4.179619722940732,-1.7228302411399823,6.424072215668709,0.0,19.093147427162666,17.722053758680964,308.0751519087675,320.8159908817218,0.0
5.432,4.492454651122442,-1.6903238666868077,9.924180318271324,0.0,19.12474538323864,18.43420842398823,314.5401620647861,320.8159908817218,0.0
5.433,4.976340993208224,-1.7430113693475913,6.754433528431385,0.0,19.230519699274968,18.644535042116335,309.82451821995454,320.8159908817218,0.0
5.434,5.265112951503748,-1.707965042783001,9.222170177464838,0.0,19.34236727457176,19.120628877335676,304.76709747578377,320.8159908817218,0.0
5.4350000000000005,5.666689188698227,-1.6268155711106738,10.0,0.0,19.482063497242493,19.579896334042875,307.435674987334,320.8159908817218,0.0
5.436,6.061524806911761,-1.5909606232044289,10.0,0.0,19.65058429376391,19.960012213489527,296.8097464466459,320.8159908817218,0.0
5.437,6.454707523818621,-1.494946974583577,10.0,0.0,19.83006164670862,20.27966684196603,301.8134761802515,320.8159908817218,0.0
5.438,6.811141062839617,-1.3889719433677374,10.0,0.0,20.012859610258978,20.550027880766123,292.094294782655,320.8159908817218,0.0
5.439,7.161665930949282,-1.236985135138183,10.0,0.0,20.188755082741213,20.776639211939383,290.3237278853803,320.8159908817218,0.0
5.44,7.473456331591311,-1.1099185119059252,10.0,0.0,20.357264680619302,20.967387261854014,288.10407396787326,320.8159908817218,0.0
5.441,7.8056071954317074,-0.923883660409913,10.0,0.0,20.508804956268804,21.122492775548967,288.9850185026798,320.8159908817218,0.0
5.442,8.037894295978282,-0.8874453986588473,10.0,0.0,20.658553895445195,21.255011693017657,297.3932530945514,320.8159908817218,0.0
5.4430000000000005,8.109518896889282,-1.0811008938687583,10.0,0.0,20.828246319541414,21.38369777756237,312.08124151192345,320.8159908817218,0.0
5.444,8.15435271390974,-1.2747749930880357,9.183163080890829,0.0,21.013205705644513,21.422416961097092,314.78889090562416,320.8159908817218,0.0
5.445,8.09617259126424,-1.5034973838822747,7.889609383801451,0.0,21.20676379348594,21.348485779061114,329.9893619749922,320.8159908817218,0.0
5.446,7.950639871011175,-1.6839325158063783,0.19764013818471504,0.0,21.39113359494333,20.48354924196731,328.6306112131843,320.8159908817218,0.0
5.447,7.358819900231967,-1.6885644927441392,0.7988693157740521,0.0,21.469277928689525,19.93024311030281,333.93622718009675,320.8159908817218,0.0
5.448,6.790878873636265,-1.6852501568714666,-1.9851410306659245,0.0,21.48386631917927,19.184383908512817,337.4083485652737,320.8159908817218,0.0
5.449,6.133636056673843,-1.6548910694386114,-3.8871253000899104,0.0,21.41910359418216,18.39980859937847,337.94102818218414,320.8159908817218,0.0
5.45,5.449658204671189,-1.5889830575390416,-4.324715481549762,0.0,21.275413320336696,17.726764606942176,338.2260666693577,320.8159908817218,0.0
5.4510000000000005,4.8282662736648,-1.5338572563626731,-4.641335483012896,0.0,21.073382916621757,17.13771702190929,337.36813318611337,320.8159908817218,0.0
5.452,4.28725791962993,-1.492434287718854,-4.37789016443465,0.0,20.828645526235945,16.672813339700205,335.89227245833143,320.8159908817218,0.0
5.453,3.852755649131259,-1.468599301210661,-3.790722616309779,0.0,20.55968388783836,16.334265429995916,333.92449580717175,320.8159908817218,0.0
5.454,3.5291651945005795,-1.4666355803496929,-2.937919339984438,0.0,20.28378596288047,16.121862759641218,331.67530810276406,320.8159908817218,0.0
5.455,3.31667760442259,-1.4826594239563309,-1.9219186599910163,0.0,20.01601982338825,16.0264803362245,329.3934484697404,320.8159908817218,0.0
5.456,3.2067352073608353,-1.513696882989837,-0.8667634193593732,0.0,19.768745937561192,16.02973539864578,326.6339600465076,320.8159908817218,0.0
5.457,3.183011479170032,-1.5566796347890608,0.4548011006091812,0.0,19.550942674666548,16.144268297162828,323.8809156383201,320.8159908817218,0.0
5.458,3.247637106265363,-1.607042444766458,1.8006740571369297,0.0,19.371483109492594,16.35305190329468,320.8320225236465,320.8159908817218,0.0
5.4590000000000005,3.3898963115268477,-1.6611280944665074,3.324960298054484,0.0,19.236293654816453,16.662221692923797,318.58430105431523,320.8159908817218,0.0
5.46,3.6131696733270053,-1.7100352850654628,4.471137930994191,0.0,19.150379059039725,17.014654757591185,319.52225466436954,320.8159908817218,0.0
5.461,3.8838755993599996,-1.7480925307205102,4.015098488140559,0.0,19.111996454423473,17.23408202292522,320.38605111654704,320.8159908817218,0.0
5.462,4.091151965280962,-1.7589264496043997,3.5874996597035587,0.0,19.100205995422932,17.36515948357373,311.5943150037906,320.8159908817218,0.0
5.463,4.258088444028344,-1.6949747018961103,8.07558447486109,0.0,19.09555929695054,17.963625221206026,310.9209704841514,320.8159908817218,0.0
5.464,4.655254449480099,-1.689334247778134,8.511206938656402,0.0,19.151242909612716,18.462798442281535,314.46840653151276,320.8159908817218,0.0
5.465,5.056334704621333,-1.712066939754408,6.800964758477806,0.0,19.2538324837748,18.68499267004711,305.1256416284673,320.8159908817218,0.0
5.466,5.342345284277603,-1.6435668480495846,10.0,0.0,19.360620186289935,19.236772369610772,306.7239436145676,320.8159908817218,0.0
5.4670000000000005,5.775475433835213,-1.5847214293283418,10.0,0.0,19.506119093367648,19.6672783063996,304.71617390537375,320.8159908817218,0.0
5.468,6.16729091115076,-1.556652834175741,10.0,0.0,19.67761961213689,20.030515139208173,298.5859506085021,320.8159908817218,0.0
5.469,6.5730783082380055,-1.4305719081069066,10.0,0.0,19.85470554639402,20.333859881706363,296.8938495654946,320.8159908817218,0.0
5.47,6.911213302894271,-1.3435689392278194,10.0,0.0,20.036107844159243,20.591441767939138,293.5397443465901,320.8159908817218,0.0
5.471,7.270061630030287,-1.1703130666592374,10.0,0.0,20.20693998447747,20.805313729286762,284.1995349912407,320.8159908817218,0.0
5.472,7.57872660841898,-1.0424102880152382,10.0,0.0,20.36973935997348,20.984517044180045,285.8806499636185,320.8159908817218,0.0
5.473,7.892251459777633,-0.8845550111691765,10.0,0.0,20.518094076742592,21.13067888126804,294.20401858862346,320.8159908817218,0.0
5.474,8.064553896801645,-0.9398868758063408,10.0,0.0,20.673894563422145,21.261241986765093,298.6932438886641,320.8159908817218,0.0
5.4750000000000005,8.117495083800295,-1.1489426825027866,10.0,0.0,20.84961413207369,21.39022832418078,315.19136687175444,320.8159908817218,0.0
5.476,8.13721401075851,-1.3699051399641053,7.617146316113655,0.0,21.042875689855414,21.260134409397132,317.07355662103845,320.8159908817218,0.0
5.477,7.994983217514157,-1.5430067675069488,6.713475784078485,0.0,21.22063325483571,21.10264339671149,332.21118824459097,320.8159908817218,0.0
5.478,7.764624417369501,-1.7073958060420749,-0.9692920013264681,0.0,21.381217740012847,20.166526650801707,329.12183811968754,320.8159908817218,0.0
5.479,7.119060157461959,-1.6744666380458493,0.49232458874559093,0.0,21.426866003216354,19.646394011350992,334.3693443040437,320.8159908817218,0.0
5.48,6.549186696036968,-1.6740482014918774,-2.2669620376557056,0.0,21.416219439813467,18.92093220551849,337.2835412467198,320.8159908817218,0.0
5.481,5.90848370447136,-1.6443667045864823,-3.8887360126437276,0.0,21.330830571873562,18.180928247402257,337.8709751490836,320.8159908817218,0.0
5.482,5.25606501604727,-1.5878874369779554,-4.3530028064992665,0.0,21.174064290448136,17.536893216540413,337.8073655606512,320.8159908817218,0.0
5.4830000000000005,4.6640868058030325,-1.53794273124445,-4.491111759072346,0.0,20.963642009124477,16.989629160020364,336.76056730238236,320.8159908817218,0.0
5.484,4.157537922006798,-1.5019847476917223,-4.127158394144534,0.0,20.716079619147713,16.56726583580288,335.1683276812905,320.8159908817218,0.0
5.485,3.7585829692147703,-1.4834537152563132,-3.474561951594303,0.0,20.449358302014502,16.26934823600988,333.1496047615875,320.8159908817218,0.0
5.486,3.4693064463678582,-1.4854087452826064,-2.588536630541455,0.0,20.179917720242564,16.093317953358408,331.0056941983903,320.8159908817218,0.0
5.487,3.288112351202851,-1.5030906151865502,-1.6184783821095357,0.0,19.92174362377185,16.02283138015156,328.47736480930195,320.8159908817218,0.0
5.488,3.2007962002187567,-1.534737781636425,-0.43092742684115937,0.0,19.685642649237963,16.062298912870123,325.7352192406875,320.8159908817218,0.0
5.489,3.2041889045622183,-1.5769594623221803,0.8909530738764002,0.0,19.481426438640252,16.206494581402062,322.96614005286403,320.8159908817218,0.0
5.49,3.291838019409817,-1.628133559355223,2.2539911760767173,0.0,19.31725834982228,16.442956972666096,319.7403379670296,320.8159908817218,0.0
5.4910000000000005,3.456961686901828,-1.6790321898419078,3.8776487481408695,0.0,19.198240417395724,16.787041155551343,318.46684102353476,320.8159908817218,0.0
5.492,3.7064518795594164,-1.7252525632809512,4.53788871847015,0.0,19.130107951273768,17.115412263403574,320.6155809607836,320.8159908817218,0.0
5.493,3.9710712654663203,-1.7552481730381968,3.465522849055122,0.0,19.10446315588814,17.252957137996244,317.0841309120773,320.8159908817218,0.0
5.494,4.136749873545095,-1.740497659018649,5.268566473104713,0.0,19.09321481486062,17.56766304990111,308.25017383817266,320.8159908817218,0.0
5.495,4.386933872814897,-1.6983870973268247,9.811203180492518,0.0,19.110077242480433,18.305569684246002,313.6397950044976,320.8159908817218,0.0
5.496,4.874255478211709,-1.7362613790409114,7.1881545561022815,0.0,19.20363136737823,18.586306645560633,313.0668294946256,320.8159908817218,0.0
5.497,5.192085545134669,-1.7243229326018383,7.552128924909246,0.0,19.31421180399225,18.884504898738687,302.44175648851905,320.8159908817218,0.0
5.498,5.506213598783349,-1.6267683403302131,10.0,0.0,19.432942401577208,19.39819165960013,308.4136141831332,320.8159908817218,0.0
5.4990000000000006,5.917446845822473,-1.5698216259795414,10.0,0.0,19.585880022833944,19.805809716745202,299.9349847544704,320.8159908817218,0.0
5.5,6.30628533965052,-1.5144099305253542,10.0,0.0,19.758759868323065,20.14929982845074,301.34915335271864,320.8159908817218,0.0
5.501,6.693892708170973,-1.392967757096961,10.0,0.0,19.935896218311242,20.43698048793567,292.02952138698134,320.8159908817218,0.0
5.502,7.036175044325654,-1.282271173855174,10.0,0.0,20.11312479682678,20.679831733179114,294.49228282080077,320.8159908817218,0.0
5.503,7.374372753199991,-1.1322897611352856,10.0,0.0,20.281524652448347,20.882341787135147,284.5237280750822,320.8159908817218,0.0
5.5040000000000004,7.703900048026128,-0.9635411357973341,10.0,0.0,20.436272993243378,21.048574795915588,285.9386524102417,320.8159908817218,0.0
5.505,7.9626924616406916,-0.8940037051676388,10.0,0.0,20.586208169721065,21.188487445348155,299.1349292504684,320.8159908817218,0.0
5.506,8.091232466435235,-1.0086392305026646,10.0,0.0,20.748446375587395,21.317850871093977,302.629984611058,320.8159908817218,0.0
5.507,8.13633063019992,-1.2156461560914258,10.0,0.0,20.92902151000308,21.44682637688567,317.65030813572656,320.8159908817218,0.0
5.508,8.131975302406085,-1.4628255027185215,6.4048685248164725,0.0,21.129556340429453,21.18642745096455,320.8354286608711,320.8159908817218,0.0
5.509,7.921595647263526,-1.5955720387935453,4.812113884452702,0.0,21.296128120723075,20.85596841377775,331.7498589889251,320.8159908817218,0.0
5.51,7.569369728991065,-1.724198240593228,-0.7544399606463212,0.0,21.425818236105858,20.015460136240275,331.27773740387465,320.8159908817218,0.0
5.511,6.941925939423465,-1.6838766673006673,-0.6229966333426278,0.0,21.452766877116442,19.407592560118932,336.368001075784,320.8159908817218,0.0
5.5120000000000005,6.329107414627425,-1.6739673843306642,-3.3236485712379125,0.0,21.415547091020056,18.625956059101163,337.42283727132644,320.8159908817218,0.0
5.513,5.655960635102055,-1.6170821595698575,-4.017135132905191,0.0,21.297727351537542,17.93740218767091,338.18829486270613,320.8159908817218,0.0
5.514,5.023873323423002,-1.5632041336323328,-4.573586968404878,0.0,21.11747646825474,17.314445029636584,337.64820892853004,320.8159908817218,0.0
5.515,4.455953258116149,-1.5163736004910584,-4.471866181784915,0.0,20.88834237911062,16.808662638027556,336.37462033722676,320.8159908817218,0.0
5.516,3.9860346597055036,-1.4845773770449353,-3.9906581806883237,0.0,20.62851418047234,16.428472594091552,334.512940019043,320.8159908817218,0.0
5.517,3.6251747468787827,-1.4739142799167633,-3.196787512969664,0.0,20.355794818854662,16.177827832550243,332.31347621747835,320.8159908817218,0.0
5.518,3.377470089427469,-1.48282588881427,-2.212030465544899,0.0,20.086369825194623,16.048999092732206,330.1058734024007,320.8159908817218,0.0
5.519,3.237005741231588,-1.5079438734771509,-1.2011278832128487,0.0,19.833678319142727,16.020436472839286,327.43729775907036,320.8159908817218,0.0
5.5200000000000005,3.18534768120276,-1.5473020460161737,0.06694686967882246,0.0,19.607477920839386,16.103117904446435,324.6448661376639,320.8159908817218,0.0
5.521,3.224479332174498,-1.5935257775683909,1.4248739278226417,0.0,19.41685673427245,16.286781319722266,321.7967562768594,320.8159908817218,0.0
5.522,3.3445101226226077,-1.6474819292319922,2.839121204273501,0.0,19.26913694725726,16.5621921342024,318.9863239790989,320.8159908817218,0.0
5.523,3.5415886599867163,-1.6977105904713503,4.262634022179972,0.0,19.16871581161131,16.917255494532636,318.92796411452076,320.8159908817218,0.0
5.524,3.806120065788505,-1.7402981922119751,4.310694222141065,0.0,19.118025475142048,17.19069422981735,320.72812290262914,320.8159908817218,0.0
5.525,4.0424707197957455,-1.7610348336222934,3.4114935078778035,0.0,19.10160320038591,17.308974119475323,313.5947264376321,320.8159908817218,0.0
5.526,4.201925223708552,-1.7158683893492837,7.0504043848172095,0.0,19.093475466787048,17.807879507407513,309.34827623395495,320.8159908817218,0.0
5.527,4.548710185435263,-1.6916319033586538,9.288306633133464,0.0,19.133836696325055,18.429309920981186,314.9251943953089,320.8159908817218,0.0
5.5280000000000005,4.995485796275,-1.7319807063268113,6.558755517320621,0.0,19.23698557745303,18.62432630335361,307.67471392155807,320.8159908817218,0.0
5.529,5.270397001375328,-1.681440773264539,10.0,0.0,19.343358328038917,19.190215863401804,306.41565185314346,320.8159908817218,0.0
5.53,5.710400217601007,-1.6204931849378015,10.0,0.0,19.48948392418572,19.630090055943164,307.2562063439192,320.8159908817218,0.0
5.531,6.105270778025352,-1.5934482425114003,10.0,0.0,19.66261891218834,20.00155365936064,297.9625968488523,320.8159908817218,0.0
5.532,6.505766946701316,-1.4794017304776252,10.0,0.0,19.843312094832996,20.313078528286514,299.89700576551877,320.8159908817218,0.0
5.533,6.849641389417385,-1.3845532502515385,10.0,0.0,20.02779557840124,20.577699001572263,292.7083312664618,320.8159908817218,0.0
5.534,7.204890994752162,-1.217064265755457,10.0,0.0,20.202817457448926,20.79866706372659,287.9697526971783,320.8159908817218,0.0
5.535,7.508707435847754,-1.0968988005053095,10.0,0.0,20.370890643474723,20.985173195103098,288.18866739786466,320.8159908817218,0.0
5.5360000000000005,7.834671982342475,-0.9174205808962235,10.0,0.0,20.52226617453109,21.13701809624107,288.3768323913962,320.8159908817218,0.0
5.537,8.042689295929964,-0.9182815333195364,10.0,0.0,20.675578129558275,21.269193801341192,302.5523440073426,320.8159908817218,0.0
5.538,8.119283968168382,-1.0973622782423607,10.0,0.0,20.846466732010036,21.397137890623682,308.7244910351346,320.8159908817218,0.0
5.539,8.157422797885776,-1.2960363190813329,10.0,0.0,21.033124220187922,21.52594710667657,320.4791795127918,320.8159908817218,0.0
5.54,8.130958711373065,-1.5624657695609698,5.0137473870940665,0.0,21.241317380297684,21.115345800335874,324.8679266947993,320.8159908817218,0.0
5.541,7.8398061953002225,-1.6526053068436664,2.778854437959552,0.0,21.394882148358693,20.60241037826738,332.6398441180601,320.8159908817218,0.0
5.542,7.365287856557849,-1.727107315693622,-1.225342806034254,0.0,21.489090723007422,19.787297699964775,333.5201542966249,320.8159908817218,0.0
5.543,6.710109191537238,-1.6780122726598552,-1.7925395294656834,0.0,21.486221697538806,19.10809194958464,337.59616612405705,320.8159908817218,0.0
5.5440000000000005,6.058750868716212,-1.6460721562167715,-3.998347195605099,0.0,21.412696537200638,18.324650624514746,338.1355051949042,320.8159908817218,0.0
5.545,5.37831223072317,-1.5814889435689983,-4.441211874160512,0.0,21.261395008162467,17.653878544889334,338.1894438187097,320.8159908817218,0.0
5.546,4.761658279799794,-1.5260752419016241,-4.641915715433138,0.0,21.052696749008643,17.078432292789863,337.23519375160663,320.8159908817218,0.0
5.547,4.231151112033794,-1.4865465863270333,-4.3289827105804415,0.0,20.803529675463725,16.628279757876506,335.7015623698662,320.8159908817218,0.0
5.548,3.809377614460866,-1.4653736275510783,-3.7110227345916824,0.0,20.532330316872347,16.304162049465592,333.7002734628012,320.8159908817218,0.0
5.549,3.4987001658702312,-1.4660499497477413,-2.83922110686996,0.0,20.256125248328413,16.10501153969537,331.4653493631243,320.8159908817218,0.0
5.55,3.298337375202251,-1.484013213998251,-1.828252641845534,0.0,19.98959483150744,16.019577221410817,329.07429118103516,320.8159908817218,0.0
5.551,3.1972148059447405,-1.5177268153498948,-0.7153065537941048,0.0,19.744702888046273,16.037467533019687,326.27026722193017,320.8159908817218,0.0
5.5520000000000005,3.1854692688221697,-1.5607590016836963,0.6321626623563095,0.0,19.53048557457533,16.166452555408487,323.6312066092926,320.8159908817218,0.0
5.553,3.260648430646523,-1.6137862695524259,1.9235408113993984,0.0,19.355991172292573,16.381307085272645,320.47997919880254,320.8159908817218,0.0
5.554,3.409937684419698,-1.6671511263071475,3.5025146334736093,0.0,19.225771524788847,16.702330034563044,318.52561547922295,320.8159908817218,0.0
5.555,3.6421901836080277,-1.7149039996569855,4.5026002472883935,0.0,19.14539530446547,17.048393521099914,319.9298448310637,320.8159908817218,0.0
5.556,3.912006024567286,-1.7502263030279033,3.809347031874604,0.0,19.111070979465406,17.238197109603476,319.4009799183189,320.8159908817218,0.0
5.557,4.103401215627276,-1.7540822026184757,4.087929597881023,0.0,19.099230371736965,17.424809208564504,310.83956458971477,320.8159908817218,0.0
5.558,4.29540197999304,-1.6954404942519186,8.468401525103165,0.0,19.10074588776125,18.05143599102133,311.6866144710696,320.8159908817218,0.0
5.559,4.713157918681372,-1.6992662973612536,8.13617034853226,0.0,19.165779785854475,18.491168352527822,314.7005403101726,320.8159908817218,0.0
5.5600000000000005,5.091035587890017,-1.7110538039009855,6.69036193469627,0.0,19.269541897977298,18.700325269710664,304.294582808281,320.8159908817218,0.0
5.561,5.368219281649075,-1.6272821882213009,10.0,0.0,19.374510737815974,19.25074954808787,306.70008270043485,320.8159908817218,0.0
5.562,5.7952362462541815,-1.5694376489405364,10.0,0.0,19.518499938344405,19.679331872789206,303.42294178073774,320.8159908817218,0.0
5.563,6.188101186564138,-1.5379086421876376,10.0,0.0,19.688058705940122,20.04050991128521,298.805033246906,320.8159908817218,0.0
5.564,6.595127263953638,-1.4105967078276271,10.0,0.0,19.863090377913792,20.341681803581444,295.5720494553513,320.8159908817218,0.0
5.565,6.93368321448764,-1.324575495437084,10.0,0.0,20.042546857900362,20.597068780060575,293.47258486873204,320.8159908817218,0.0
5.566,7.2923519971532365,-1.1534990205441193,10.0,0.0,20.211638187421865,20.80879470030257,283.06084644374204,320.8159908817218,0.0
5.567,7.604985377295367,-1.020604626056759,10.0,0.0,20.372085357370732,20.985454177483547,284.65670214514887,320.8159908817218,0.0
5.5680000000000005,7.915211192333526,-0.869485421224903,10.0,0.0,20.518859589456188,21.129493918088524,296.6484904301887,320.8159908817218,0.0
5.569,8.066810901832305,-0.95709808109482,10.0,0.0,20.6765089570276,21.260233397947065,299.438815351584,320.8159908817218,0.0
5.57,8.119909658621136,-1.1628116101412864,10.0,0.0,20.853219697424137,21.389339000425117,315.0988924696875,320.8159908817218,0.0
5.571,8.128635846062597,-1.3991830361671327,7.668371879122804,0.0,21.049113645601214,21.266297130347862,318.594781294747,320.8159908817218,0.0
5.572,7.992692974245903,-1.5641644119124813,5.942639562462791,0.0,21.228898249024578,21.02367554624644,330.8747820460033,320.8159908817218,0.0
5.573,7.710723701151375,-1.7229744430253322,-0.29794872480817247,0.0,21.382261523360427,20.183744383786546,329.8323705466079,320.8159908817218,0.0
5.574,7.1057928661846645,-1.6912903480736738,0.13309322824068115,0.0,21.43122200326089,19.616685861829684,335.5999159056434,320.8159908817218,0.0
5.575,6.516556255478809,-1.694759692346509,-2.8985187015162968,0.0,21.419279051795144,18.83220822708278,336.86862777593046,320.8159908817218,0.0
5.5760000000000005,5.84597223582996,-1.6402819329653218,-3.693401005601915,0.0,21.324055385026625,18.13573500256646,338.15984425487227,320.8159908817218,0.0
5.577,5.204537277337398,-1.5877076109311963,-4.512447778804322,0.0,21.16346836465339,17.481092417051205,337.9043896124249,320.8159908817218,0.0
5.578,4.612116678919371,-1.5358151957390416,-4.555604444887666,0.0,20.948293365315152,16.938050538754066,336.68023276847833,320.8159908817218,0.0
5.579,4.10938138002898,-1.498187669302976,-4.102168441781951,0.0,20.696711574324983,16.527481552249046,335.0184735005459,320.8159908817218,0.0
5.58,3.7192429732884937,-1.4802084089105487,-3.413313634003973,0.0,20.42762962040452,16.24193882587258,332.9656143753386,320.8159908817218,0.0
5.581,3.440541899640216,-1.4835857274862119,-2.5083803063364885,0.0,20.157452886885697,16.077452028741263,330.81176181667,320.8159908817218,0.0
5.582,3.2698479994365908,-1.5026601524911354,-1.5314117363516826,0.0,19.89990956057042,16.016802765678758,328.2295012941237,320.8159908817218,0.0
5.583,3.191424263119279,-1.5360284748779354,-0.3144165792025344,0.0,19.665535411792913,16.067483549870403,325.4317220059694,320.8159908817218,0.0
5.5840000000000005,3.2044080424032955,-1.5789612726196696,1.0383157536321344,0.0,19.46405568084004,16.224076992721052,322.64264025330095,320.8159908817218,0.0
5.585,3.3018387001152294,-1.631408182998488,2.414590136250561,0.0,19.30372309943178,16.472138442395543,319.47071503569896,320.8159908817218,0.0
5.586,3.4761485577504585,-1.6835684333474108,4.014005503511787,0.0,19.189443079566388,16.82333365777156,318.35052078543686,320.8159908817218,0.0
5.587,3.732979333790603,-1.7287516777334953,4.598757329605688,0.0,19.126159137604112,17.14980161003309,320.8201178084436,320.8159908817218,0.0
5.588,3.9978628702966765,-1.7583261890816662,3.3639175488350848,0.0,19.104651748868665,17.26904559747127,316.2852314216494,320.8159908817218,0.0
5.589,4.1563047740921455,-1.7354880631061844,5.676668336832908,0.0,19.09441155877978,17.626185657727106,307.89245486788,320.8159908817218,0.0
5.59,4.427727053423048,-1.6954402779392879,10.0,0.0,19.11673251861678,18.370754636328428,314.1662723867782,320.8159908817218,0.0
5.591,4.921838452633759,-1.740480891502481,6.93183455987926,0.0,19.216633225673817,18.610729266888498,311.9225900714932,320.8159908817218,0.0
5.5920000000000005,5.222616074584014,-1.719644656338444,8.142609725624052,0.0,19.3277989330775,18.972419003308982,302.6767155289919,320.8159908817218,0.0
5.593,5.568202228055946,-1.623504541498538,10.0,0.0,19.453649993102093,19.46625481468928,308.3564862148432,320.8159908817218,0.0
5.594,5.970831149072432,-1.5770576565196333,10.0,0.0,19.61215177206299,19.863884928413153,299.09904136279516,320.8159908817218,0.0
5.595,6.362017278938108,-1.505533977733168,10.0,0.0,19.787163248683456,20.198598023585667,301.46940097468024,320.8159908817218,0.0
5.596,6.7374899518316225,-1.391223443415136,10.0,0.0,19.966285965172016,20.47995082418335,291.8958838689545,320.8159908817218,0.0
5.597,7.085587475094874,-1.2612235189868182,10.0,0.0,20.142474803727545,20.7165446155401,292.4120703056186,320.8159908817218,0.0
5.598,7.410655739322089,-1.1256582291343475,10.0,0.0,20.31109195492371,20.91482137778436,286.24809133166826,320.8159908817218,0.0
5.599,7.745495975271271,-0.9437435416248765,10.0,0.0,20.46402010449717,21.076550435611672,284.32449226583685,320.8159908817218,0.0
5.6000000000000005,7.994891946585566,-0.8860518594987938,10.0,0.0,20.613301406737236,21.21331424812852,299.8409918210622,320.8159908817218,0.0
5.601,8.09379257026218,-1.0445479830942639,10.0,0.0,20.779342450421748,21.342944700726413,306.3134258084604,320.8159908817218,0.0
5.602,8.147084564948903,-1.2324023862401505,10.0,0.0,20.960821458107684,21.471343099254177,316.44462577774345,320.8159908817218,0.0
5.603,8.130056883850695,-1.495756708932126,7.03515621230452,0.0,21.164082836342473,21.28132270691895,324.06081335261626,320.8159908817218,0.0
5.604,7.957201472664453,-1.6339131822963715,3.1946142001591706,0.0,21.3405797063634,20.756663126601183,330.29850600461305,320.8159908817218,0.0
5.605,7.513930929268904,-1.7261091162394273,-0.019057277068132095,0.0,21.455720919350544,20.034051954605378,332.9535938377124,320.8159908817218,0.0
5.606,6.9155231634562595,-1.6988643223851858,-1.4679772231777104,0.0,21.48316800717601,19.329363690613533,337.2944764929724,320.8159908817218,0.0
5.607,6.262608450764338,-1.6733037586361794,-3.8032034069202325,0.0,21.434862345745884,18.521339821790814,337.740779325014,320.8159908817218,0.0
5.6080000000000005,5.565560650277732,-1.6024138935932908,-4.195602707373938,0.0,21.303042584059284,17.839622223421483,338.30103444139576,320.8159908817218,0.0
5.609,4.9318552093374155,-1.5449130352474951,-4.650580701161561,0.0,21.110616842936793,17.22950794290689,337.59722355015634,320.8159908817218,0.0
5.61,4.373016246292919,-1.4996273661441386,-4.4664875822262005,0.0,20.872015832857183,16.741097770877776,336.20506933984444,320.8159908817218,0.0
5.611,3.9181217486933377,-1.4713585158887093,-3.9243012616514763,0.0,20.60577718974556,16.379918084222975,334.2817624087661,320.8159908817218,0.0
5.612,3.574401750570436,-1.4652626750152822,-3.0973055113827477,0.0,20.329656588286092,16.147040426063832,332.050059277111,320.8159908817218,0.0
5.613,3.34343136272365,-1.4782740172970255,-2.0937946295090994,0.0,20.05935248721639,16.03392425575999,329.7834547201016,320.8159908817218,0.0
5.614,3.2176499687672573,-1.5071273911331524,-1.050166989388182,0.0,19.807810936922415,16.02137947343085,327.0856947210321,320.8159908817218,0.0
5.615,3.180130544960106,-1.5490833260504082,0.23601597175346,0.0,19.58449568252748,16.11884818630884,324.33771617810515,320.8159908817218,0.0
5.6160000000000005,3.231577684265528,-1.598097274523309,1.5747879902530983,0.0,19.398230799842676,16.3126072153214,321.4067181141045,320.8159908817218,0.0
5.617,3.361426757987057,-1.6523968273048737,3.0343797499296095,0.0,19.255451119648846,16.601762299827335,318.77805747630794,320.8159908817218,0.0
5.618,3.5694261275889994,-1.702347094981933,4.36908940288202,0.0,19.16081644984167,16.958364612172293,318.9547193641949,320.8159908817218,0.0
5.619,3.8382796032791857,-1.743135619600367,4.299371174113813,0.0,19.115292713280944,17.221333235978104,320.84045531768396,320.8159908817218,0.0
5.62,4.069119140818428,-1.7622080470120158,3.356258553009654,0.0,19.102308294525983,17.327703603341085,312.86826502536303,320.8159908817218,0.0
5.621,4.224316770153842,-1.7075172832495058,7.421830957733707,0.0,19.09505264609481,17.86401923897144,309.78484639026203,320.8159908817218,0.0
5.622,4.588739207553537,-1.687772988271256,9.073851720198803,0.0,19.14052916125982,18.448509814198953,314.0429003920294,320.8159908817218,0.0
5.623,5.020645796608858,-1.725823595327769,7.012555624212032,0.0,19.244290092157073,18.69197070481494,307.01058573825526,320.8159908817218,0.0
5.6240000000000006,5.32056382851004,-1.6761001684682069,10.0,0.0,19.356170936001092,19.24202152413702,306.75416947907496,320.8159908817218,0.0
5.625,5.758963046701611,-1.615461585444733,10.0,0.0,19.505695767528927,19.67315616847135,306.5333944533033,320.8159908817218,0.0
5.626,6.149222284179437,-1.5867104298750574,10.0,0.0,19.68082533905497,20.037585307584386,298.4537117333641,320.8159908817218,0.0
5.627,6.549299072494688,-1.4641797442336268,10.0,0.0,19.861694003474867,20.342978635598826,298.8488556308997,320.8159908817218,0.0
5.628,6.887682211629791,-1.3710965345906172,10.0,0.0,20.046001288049894,20.602698119832095,293.3643281634095,320.8159908817218,0.0
5.6290000000000004,7.242786244534221,-1.19900418649994,10.0,0.0,20.219850466397194,20.81919877187141,286.35179180255125,320.8159908817218,0.0
5.63,7.546520345626634,-1.0756650787460598,10.0,0.0,20.38611841374169,21.001574565750403,287.6894495767197,320.8159908817218,0.0
5.631,7.866769492173691,-0.9038129308654401,10.0,0.0,20.536326800550295,21.15014950986669,289.8203481224954,320.8159908817218,0.0
5.632,8.063290731303153,-0.9203126349443069,10.0,0.0,20.689905332017158,21.28047295341344,300.78211908365057,320.8159908817218,0.0
5.633,8.119990723242992,-1.1275524704450834,10.0,0.0,20.863789739556303,21.408850119030113,312.7046669547312,320.8159908817218,0.0
5.634,8.157768026722646,-1.3220887811602058,8.885657433356174,0.0,21.052450018726844,21.41561182304485,317.4536628177092,320.8159908817218,0.0
5.635,8.069837696145287,-1.5570126873508852,6.544782782507298,0.0,21.246816706955645,21.204260708046533,329.1930901838263,320.8159908817218,0.0
5.636,7.854549924555609,-1.6871186738917592,0.591298106427689,0.0,21.412574034319316,20.424809157079757,331.12523239548767,320.8159908817218,0.0
5.6370000000000005,7.2709462500225355,-1.7137195441630406,-0.47786541454064846,0.0,21.485435509714385,19.743848879883043,334.59838103233415,320.8159908817218,0.0
5.638,6.648040537462335,-1.6783166076914338,-2.3522636344700096,0.0,21.478754478135674,19.005462200599247,337.74911924971354,320.8159908817218,0.0
5.639,5.977930296645627,-1.6396770505559182,-4.096964026839626,0.0,21.395006559866264,18.234556094488834,338.0653476090883,320.8159908817218,0.0
5.64,5.30047739794278,-1.5731451208548355,-4.427571773800665,0.0,21.235610706117004,17.581264675369653,338.07444643721993,320.8159908817218,0.0
5.641,4.69544155125042,-1.5205812801146665,-4.604705743421467,0.0,21.021708592646327,17.020963567747916,337.18131924645144,320.8159908817218,0.0
5.642,4.179071726210345,-1.4827467325502526,-4.3217954316845155,0.0,20.76953041793587,16.57894415581604,335.48994045993084,320.8159908817218,0.0
5.643,3.7666986111229375,-1.464073497362123,-3.6228455342063053,0.0,20.496692409108217,16.27016159762075,333.3662444528467,320.8159908817218,0.0
5.644,3.468519928568967,-1.4665680742481513,-2.6865000663754723,0.0,20.220721081153144,16.0896579207789,331.1808169565444,320.8159908817218,0.0
5.6450000000000005,3.282674209954984,-1.487244951514756,-1.6974345789725573,0.0,19.956546029039867,16.016502469983745,328.7559630987965,320.8159908817218,0.0
5.646,3.193291762582711,-1.522167383984934,-0.5644073722693519,0.0,19.715107635857443,16.046961008944905,326.0338389635263,320.8159908817218,0.0
5.647,3.1916082756231994,-1.5669071297342485,0.7444762145476922,0.0,19.50543108359711,16.182168136266366,323.31902208845923,320.8159908817218,0.0
5.648,3.273284281387403,-1.6197371570463808,2.0768543400138535,0.0,19.335606804841795,16.4073584580591,320.04325748422787,320.8159908817218,0.0
5.649,3.43020259342017,-1.6726055696650424,3.7224639761044775,0.0,19.210571211256216,16.74429634424639,318.3965758006906,320.8159908817218,0.0
5.65,3.67367139855728,-1.72013155909237,4.56999896868343,0.0,19.136432140358746,17.08659724983441,320.42839482628705,320.8159908817218,0.0
5.651,3.9434450837596473,-1.755391613510863,3.557965416439547,0.0,19.107340413201577,17.240214699780363,318.0593177018182,320.8159908817218,0.0
5.652,4.1176973525362905,-1.748494107729907,4.770070710473005,0.0,19.095408277574638,17.502543137168722,309.2936015742938,320.8159908817218,0.0
5.6530000000000005,4.3425846918671205,-1.700877495444436,9.268152667309485,0.0,19.105733346955635,18.197118394928605,312.88261957053317,320.8159908817218,0.0
5.654,4.802746143917917,-1.724168419091684,7.552977382301689,0.0,19.187521602898578,18.541249646599102,314.2066656127782,320.8159908817218,0.0
5.655,5.143925236441465,-1.7222069489239515,6.957047613868618,0.0,19.295095487459346,18.777817991362205,303.77417105227937,320.8159908817218,0.0
5.656,5.429897500898599,-1.6249257082855708,10.0,0.0,19.404887496271805,19.314125792098793,307.1315428809594,320.8159908817218,0.0
5.657,5.846779777576444,-1.5684650292701465,10.0,0.0,19.552093221991363,19.734355161991672,301.5690038660704,320.8159908817218,0.0
5.658,6.239246333796345,-1.524277402936423,10.0,0.0,19.7223052800217,20.08827966904981,300.1051206362755,320.8159908817218,0.0
5.659,6.639564264567617,-1.3977117211178594,10.0,0.0,19.897408234218112,20.38372262438252,293.76755172076525,320.8159908817218,0.0
5.66,6.977062533149054,-1.3066788383487258,10.0,0.0,20.07579722824173,20.634009949365357,294.1081900334363,320.8159908817218,0.0
5.6610000000000005,7.330633883066559,-1.1397692177677632,10.0,0.0,20.243926325925067,20.84158957544717,282.5361789730853,320.8159908817218,0.0
5.662,7.650158982392468,-0.9928026760322268,10.0,0.0,20.401503253063144,21.013612101262446,287.31326923002104,320.8159908817218,0.0
5.663,7.943747705538973,-0.868137832996172,10.0,0.0,20.54828127275233,21.155090558657157,294.82981900012265,320.8159908817218,0.0
5.664,8.08122117731927,-0.9742468879283965,10.0,0.0,20.707447980684975,21.284912777616945,301.6902156821832,320.8159908817218,0.0
5.665,8.118121322005704,-1.2029027461628257,10.0,0.0,20.8877712935768,21.41498516427631,317.0690044154767,320.8159908817218,0.0
5.666,8.13944757198717,-1.412423979728672,6.679942049656081,0.0,21.083830290955273,21.182899382969996,318.6320124027759,320.8159908817218,0.0
5.667,7.931010320122315,-1.5798897083198424,5.920277840795933,0.0,21.253400828274643,20.96640695626593,331.4925895130915,320.8159908817218,0.0
5.668,7.66365949142482,-1.7002663119698949,-0.6167767006755662,0.0,21.395931838307263,20.104365687129025,331.53011565655595,320.8159908817218,0.0
5.6690000000000005,7.02629553928796,-1.6996503075101357,-0.7426810201561311,0.0,21.436734093895854,19.461739242629005,334.898369727195,320.8159908817218,0.0
5.67,6.407518958789311,-1.6659267589159938,-2.567631843930397,0.0,21.405490049174823,18.749661905050957,337.6859869546515,320.8159908817218,0.0
5.671,5.757496580371692,-1.6312596860065827,-4.130140418387948,0.0,21.302686532634,18.017356157626978,337.8720915308562,320.8159908817218,0.0
5.672,5.110439235073722,-1.5723413708964462,-4.393753712981635,0.0,21.130798449071843,17.399304340829193,337.5941006148685,320.8159908817218,0.0
5.673,4.5374156522067155,-1.52563397633069,-4.422539352319259,0.0,20.90974536193499,16.881900630636146,336.39880955047585,320.8159908817218,0.0
5.674,4.055965719068809,-1.4950468422840382,-3.9807220068104603,0.0,20.65615970169305,16.49024900396458,334.59007951931704,320.8159908817218,0.0
5.675,3.683081224348781,-1.4836351287983425,-3.2140978776070113,0.0,20.38781802766517,16.228517249781078,332.5053603891716,320.8159908817218,0.0
5.676,3.4233511808347874,-1.4917559386188013,-2.28863200760878,0.0,20.121144751836844,16.085100967860253,330.5183972960632,320.8159908817218,0.0
5.6770000000000005,3.2702142794328566,-1.5139113573043135,-1.392174525198001,0.0,19.869153063356467,16.03296240963295,328.02408034219417,320.8159908817218,0.0
5.678,3.201122933482841,-1.548502374234408,-0.21709694286820902,0.0,19.64073014557687,16.087201176653004,325.15973606563944,320.8159908817218,0.0
5.679,3.219073285899502,-1.589154182829474,1.1716377435699812,0.0,19.444699185053377,16.25151836265265,322.3089564884063,320.8159908817218,0.0
5.68,3.3219714155453017,-1.6395142957518098,2.582097876119706,0.0,19.289836133517703,16.5099247109792,319.27493803891554,320.8159908817218,0.0
5.681,3.5041934382057813,-1.6888786189614091,4.1145176292931485,0.0,19.181226496392092,16.86245024964692,318.60934353306016,320.8159908817218,0.0
5.682,3.7633328584982273,-1.7326305328419231,4.469381355707456,0.0,19.123049444140577,17.16588996710358,320.89592145947995,320.8159908817218,0.0
5.683,4.016304280202354,-1.7571275293007274,3.3252930867199764,0.0,19.10329121933154,17.278534198552123,315.0688120722489,320.8159908817218,0.0
5.684,4.171631904826591,-1.7243222747252012,6.296319568430244,0.0,19.092919692180356,17.701635655561294,307.9948154262543,320.8159908817218,0.0
5.6850000000000005,4.4778802202806665,-1.6908185201370247,9.961529645982196,0.0,19.122538102986272,18.42271861941433,314.5514352267684,320.8159908817218,0.0
5.686,4.9653645928608885,-1.7431298692440196,6.745865302274702,0.0,19.227392255044546,18.633719151550032,310.29365465742717,320.8159908817218,0.0
5.687,5.254030639827548,-1.7108029826531048,8.979978949188252,0.0,19.338781974094502,19.08513576883502,304.3094944953081,320.8159908817218,0.0
5.688,5.643485208069057,-1.6249565873430862,10.0,0.0,19.475054548349757,19.552457533379762,307.554244588282,320.8159908817218,0.0
5.689,6.039651168223475,-1.5876422435797788,10.0,0.0,19.641185927773098,19.93679045845287,297.32542832047767,320.8159908817218,0.0
5.69,6.432519156100678,-1.497430911950544,10.0,0.0,19.81958735871984,20.260049409896055,301.9680681599403,320.8159908817218,0.0
5.691,6.793892443735241,-1.3889329660836136,10.0,0.0,20.001441880987148,20.533000227528557,291.8496610097051,320.8159908817218,0.0
5.692,7.144130509707018,-1.241765834885122,10.0,0.0,20.17730262781782,20.761928961244003,290.73627629961146,320.8159908817218,0.0
5.6930000000000005,7.45881465903864,-1.113179861138091,10.0,0.0,20.345797387536777,20.9544380205042,287.8914215481862,320.8159908817218,0.0
5.694,7.7924851711635865,-0.9266926600083941,10.0,0.0,20.49746584482307,21.110988734969855,287.56035715572256,320.8159908817218,0.0
5.695,8.02941264923428,-0.8842902100390352,10.0,0.0,20.64682313034195,21.24432590625104,297.9732165436899,320.8159908817218,0.0
5.696,8.105177729433157,-1.0734956531636977,10.0,0.0,20.81581502768047,21.373300204914823,310.7005037738698,320.8159908817218,0.0
5.697,8.153540327854254,-1.2631609316607502,9.88087413658867,0.0,20.999776291354955,21.488610183446507,315.1214096387396,320.8159908817218,0.0
5.698,8.129516530599293,-1.5177748586700508,7.727367016583603,0.0,21.20298330570121,21.378217009608285,329.09449959844613,320.8159908817218,0.0
5.699,7.983582748515391,-1.68523122147696,0.6580369495630816,0.0,21.390704361867687,20.558905096472976,329.09082740502004,320.8159908817218,0.0
5.7,7.408239188227798,-1.7043526756621339,0.5771246810431485,0.0,21.478150917436274,19.963917885211657,334.0651131849496,320.8159908817218,0.0
5.7010000000000005,6.826096008201343,-1.69120818542519,-2.042509431953917,0.0,21.495716987853967,19.208105735088886,337.45723572007995,320.8159908817218,0.0
5.702,6.157222690710174,-1.6564860508047765,-3.9049831479026684,0.0,21.43225724631173,18.418710272519533,337.9607138511856,320.8159908817218,0.0
5.703,5.466766722673082,-1.58758902858915,-4.328169443150118,0.0,21.288972481569267,17.743244050044336,338.28954472361863,320.8159908817218,0.0
5.704,4.841618882559945,-1.531601920538435,-4.667320417785616,0.0,21.08699995939011,17.149782931817043,337.43632067745807,320.8159908817218,0.0
5.705,4.296982095525342,-1.4895767376808793,-4.406911692662697,0.0,20.84181567857232,16.68116571087712,335.9650939086087,320.8159908817218,0.0
5.706,3.859362414793905,-1.465399314765057,-3.8227893385068845,0.0,20.57204883905014,16.33923295266543,334.0021189739314,320.8159908817218,0.0
5.707,3.5330098461169506,-1.463366579357084,-2.9731631520903137,0.0,20.2950835809933,16.12365702903411,331.7520033393794,320.8159908817218,0.0
5.708,3.3180148169143635,-1.4794921274746315,-1.9574654593909169,0.0,20.026051394026027,16.025558583818523,329.47611424044504,320.8159908817218,0.0
5.7090000000000005,3.2059863314525856,-1.5106396634508372,-0.9061221435109563,0.0,19.777377554710114,16.02603073535634,326.7244604273828,320.8159908817218,0.0
5.71,3.180104849902982,-1.554034880398944,0.41062006756356473,0.0,19.55808031298411,16.137643175984017,323.959838173113,320.8159908817218,0.0
5.711,3.242770264044566,-1.6043680717009476,1.7614927217845509,0.0,19.376976738367215,16.344441207858825,320.9450414915847,320.8159908817218,0.0
5.712,3.3833055444050117,-1.6589732926704728,3.2676005564500774,0.0,19.240166566793114,16.64977998765721,318.61807154286356,320.8159908817218,0.0
5.713,3.6038986094487386,-1.7083400897360783,4.453064724199217,0.0,19.152455585823795,17.003383968072907,319.12009400775867,320.8159908817218,0.0
5.714,3.8753047070526874,-1.7458413492707123,4.219012460491296,0.0,19.112507571571125,17.24760732157874,320.98892288031055,320.8159908817218,0.0
5.715,4.095533576765012,-1.7615083312459614,3.2828687042294646,0.0,19.10232504951623,17.34126713306468,312.00172292156066,320.8159908817218,0.0
5.716,4.2450514299962485,-1.6958114606487578,7.864611363206025,0.0,19.09514343522998,17.923651166088263,310.14523155268114,320.8159908817218,0.0
5.7170000000000005,4.630646576044949,-1.682968171074377,8.899564640936191,0.0,19.146162592527507,18.474185780808376,313.8934805099591,320.8159908817218,0.0
5.718,5.052975367146283,-1.7160623653506273,7.094665266014841,0.0,19.250902089833417,18.723280170206912,305.98969560300446,320.8159908817218,0.0
5.719,5.355607156902171,-1.6621403225337217,10.0,0.0,19.363814709695966,19.26650867592164,306.6417345726151,320.8159908817218,0.0
5.72,5.791981106806608,-1.5999463627157993,10.0,0.0,19.513456802991936,19.692677429119367,305.4903169066377,320.8159908817218,0.0
5.721,6.180520299042884,-1.5699684203069881,10.0,0.0,19.688075928211298,20.05281794467998,298.50282008556684,320.8159908817218,0.0
5.722,6.581617577192288,-1.4430803513131578,10.0,0.0,19.867589284299537,20.354171012532383,297.65853580386033,320.8159908817218,0.0
5.723,6.917485431758997,-1.3525798654966943,10.0,0.0,20.050600438814328,20.61040561798753,293.54981529945934,320.8159908817218,0.0
5.724,7.273779592413622,-1.1779463403028871,10.0,0.0,20.22262925551,20.823484199222303,284.84832170099173,320.8159908817218,0.0
5.7250000000000005,7.579704588147635,-1.0506668364353784,10.0,0.0,20.38650863848609,21.002368996078975,286.573980170664,320.8159908817218,0.0
5.726,7.8944181959048505,-0.8881150939088247,10.0,0.0,20.535280666211,21.14819400465162,293.7760779713526,320.8159908817218,0.0
5.727,8.071101769337115,-0.934930256383272,10.0,0.0,20.690533177318137,21.27802565813953,299.1534656179655,320.8159908817218,0.0
5.728,8.122382104551765,-1.146517497838032,10.0,0.0,20.866050047598623,21.406525396250068,315.15979360877174,320.8159908817218,0.0
5.729,8.145150836226767,-1.362360056998346,7.638998514711912,0.0,21.058492013755203,21.27802492706381,317.0538142974844,320.8159908817218,0.0
5.73,8.001607839907189,-1.5405905986523685,6.729609936197957,0.0,21.236286670367846,21.121213389540074,332.10205902308905,320.8159908817218,0.0
5.731,7.775222505957499,-1.700521174255057,-0.9073731080180458,0.0,21.396430765466594,20.19035517912264,329.3891008234642,320.8159908817218,0.0
5.732,7.130364110638885,-1.673820343233995,0.36337489237694776,0.0,21.442938232845396,19.653419879887977,334.45302810861,320.8159908817218,0.0
5.7330000000000005,6.554384488367063,-1.668598007327537,-2.3049591224648243,0.0,21.430793974923343,18.925513810174827,337.3802793708107,320.8159908817218,0.0
5.734,5.909797451970934,-1.6388391093746426,-3.934227638456055,0.0,21.34385228040642,18.181792502811028,337.8849495327871,320.8159908817218,0.0
5.735,5.255015609587908,-1.5814447903231228,-4.357252305954925,0.0,21.185216838488685,17.53908926076512,337.8414240982292,320.8159908817218,0.0
5.736,4.6632775824875,-1.5323244652286356,-4.505743920841039,0.0,20.973345323988244,16.99123233232677,336.7941127894632,320.8159908817218,0.0
5.737,4.156848031499282,-1.4972744260662525,-4.1418694855354605,0.0,20.7245109670371,16.568274919652374,335.20280095117664,320.8159908817218,0.0
5.738,3.7579589493256416,-1.4795104612110601,-3.4900816670867236,0.0,20.45666076877118,16.269601231755843,333.18583605324693,320.8159908817218,0.0
5.739,3.4685092131506017,-1.4822192632878664,-2.6052976698371193,0.0,20.1862038294192,16.092668834492844,331.0366033018424,320.8159908817218,0.0
5.74,3.28694206075489,-1.500546662125338,-1.6328874183360482,0.0,19.927088270127477,16.02157916011536,328.5155190332096,320.8159908817218,0.0
5.7410000000000005,3.199326452382849,-1.532751748133396,-0.44934056553454527,0.0,19.690134584799683,16.059974993936567,325.77847806106206,320.8159908817218,0.0
5.742,3.202149976398921,-1.5753842598512509,0.8695550487458288,0.0,19.485083376815666,16.202892181160212,323.02186949113224,320.8159908817218,0.0
5.743,3.288983449613169,-1.6268811516258102,2.2258005476166365,0.0,19.320067341330454,16.437487130782667,319.7850134993475,320.8159908817218,0.0
5.744,3.452833507096002,-1.6780362595502227,3.854538317332755,0.0,19.20012449730994,16.780564509983453,318.4573834655577,320.8159908817218,0.0
5.745,3.7014426445834565,-1.7244541674871283,4.541939408389283,0.0,19.131078094405368,17.110958104632367,320.58250393936027,320.8159908817218,0.0
5.746,3.9668521135278985,-1.7551613155489814,3.481714040911622,0.0,19.10488929846359,17.251199947983825,317.2504529772835,320.8159908817218,0.0
5.747,4.133889036401909,-1.7417591314308094,5.183394900994394,0.0,19.09356225471752,17.556865908863134,308.38541046163095,320.8159908817218,0.0
5.748,4.379627054235197,-1.6987788298466695,9.740221963021568,0.0,19.1093407001009,18.28970592476914,313.5097726209837,320.8159908817218,0.0
5.7490000000000006,4.863599408426875,-1.7344067814363564,7.251103065952572,0.0,19.20117418022726,18.580688855542288,313.26997144719036,320.8159908817218,0.0
5.75,5.185402786150963,-1.7243110953619758,7.446463847194562,0.0,19.311455800434214,18.86757906815032,302.6597181434574,320.8159908817218,0.0
5.751,5.494195906669363,-1.626834203060081,10.0,0.0,19.428776778588812,19.384994581034647,308.14569301501444,320.8159908817218,0.0
5.752,5.9065095714586295,-1.5693217066061744,10.0,0.0,19.58075560452947,19.79459870699631,300.1402607955315,320.8159908817218,0.0
5.753,6.2957174381998495,-1.5159261675167373,10.0,0.0,19.75319857613694,20.139750574262223,301.2289775220804,320.8159908817218,0.0
5.7540000000000004,6.685669551335754,-1.3931397845558613,10.0,0.0,19.929939890575444,20.428628898184765,292.1342716123871,320.8159908817218,0.0
5.755,7.026344569487296,-1.286997133172327,10.0,0.0,20.10744707813977,20.67271879029359,294.6343327261995,320.8159908817218,0.0
5.756,7.368278587252158,-1.1322548500198422,10.0,0.0,20.275652311525615,20.87594442017534,283.9000203498448,320.8159908817218,0.0
5.757000000000001,7.696007004935408,-0.9672715109781667,10.0,0.0,20.430758840097983,21.043037224639992,287.1670195322226,320.8159908817218,0.0
5.758,7.9598436837909725,-0.8898509578910931,10.0,0.0,20.580197568810426,21.18318665101814,298.5942940294121,320.8159908817218,0.0
5.759,8.091081448567847,-1.0009093948596952,10.0,0.0,20.74169800088685,21.312467220292817,301.82264334367574,320.8159908817218,0.0
5.76,8.132258438081998,-1.215816800159026,10.0,0.0,20.922505676896343,21.441752684648876,318.14005269090853,320.8159908817218,0.0
5.761,8.133431524665905,-1.4545921271599784,6.151654977853408,0.0,21.122277343657604,21.153155148105068,319.96119688131324,320.8159908817218,0.0
5.7620000000000005,7.906681923971583,-1.5862866608674366,5.2496308226551385,0.0,21.285310735526167,20.877609511983636,333.7554307940342,320.8159908817218,0.0
5.763,7.582385917400055,-1.718025076885989,-1.7768805328284776,0.0,21.4176605050207,19.915430835825916,330.4284464542881,320.8159908817218,0.0
5.764,6.898359281110842,-1.6614661588275208,-0.2095129186810878,0.0,21.43301856480339,19.37738052527057,335.2827953516295,320.8159908817218,0.0
5.765,6.309054393438253,-1.652947204491685,-2.781355412050848,0.0,21.392664291755914,18.654077972617966,337.40512009303507,320.8159908817218,0.0
5.766,5.669743498128448,-1.618791422020672,-4.00840907486677,0.0,21.280343244219477,17.954243919557182,337.92849478738134,320.8159908817218,0.0
5.767,5.044278704794553,-1.5682137848018718,-4.441221461096502,0.0,21.10404891386124,17.340230359505338,337.5242405239699,320.8159908817218,0.0
5.768,4.4821482750524755,-1.5244150739742788,-4.406176825813274,0.0,20.87967057871481,16.83375145550461,336.2125470061883,320.8159908817218,0.0
5.769,4.011533082887504,-1.4952139573428003,-3.904295628167122,0.0,20.62430805096176,16.456485460618282,334.36306731360656,320.8159908817218,0.0
5.7700000000000005,3.650750364139867,-1.4855244379068528,-3.1150265461951077,0.0,20.355981340523734,16.208190546626327,332.27085396163767,320.8159908817218,0.0
5.771,3.4027685448034877,-1.4951123627659426,-2.1834685010098194,0.0,20.090809376659177,16.076141320079955,330.2447639632227,320.8159908817218,0.0
5.772,3.2597194777517884,-1.5184763063099416,-1.2647112326173335,0.0,19.841423841067687,16.0357831180554,327.6339232402811,320.8159908817218,0.0
5.773,3.2000343296614315,-1.5544026233604544,-0.02747019473213186,0.0,19.616659294273013,16.10656599977703,324.81776236517686,320.8159908817218,0.0
5.774,3.2298766529221425,-1.596451020903752,1.3405925279854332,0.0,19.42571555088922,16.282029120727525,321.95655911197895,320.8159908817218,0.0
5.775,3.3423796445023943,-1.647241861569758,2.7597884722818184,0.0,19.276579002436687,16.5512055760488,319.06387768535217,320.8159908817218,0.0
5.776,3.533589623106511,-1.6957452041725707,4.223650317558905,0.0,19.17410121364119,16.90547550679956,318.6870407978947,320.8159908817218,0.0
5.777,3.7963260181900935,-1.7374140064290047,4.433358262125897,0.0,19.12139673162249,17.19551101737214,320.9389868215318,320.8159908817218,0.0
5.7780000000000005,4.0417586796381,-1.7597485718659218,3.3061552909092673,0.0,19.105006363038417,17.300812893597644,314.1011207557015,320.8159908817218,0.0
5.779,4.195014006739294,-1.717047277178286,6.792237025084605,0.0,19.09586473086529,17.774282806446994,308.62543150306135,320.8159908817218,0.0
5.78,4.527379316441654,-1.6881117814759754,9.651987245191293,0.0,19.132228361614033,18.44417564086783,314.39632611875527,320.8159908817218,0.0
5.781,4.993401161055372,-1.7382169507667684,6.830736584973998,0.0,19.237745836308996,18.663841730286002,308.49567656802526,320.8159908817218,0.0
5.782,5.286619271263354,-1.6957809547808853,9.904264503475968,0.0,19.349509161224923,19.2107997621925,306.31800457377705,320.8159908817218,0.0
5.783,5.72234048412992,-1.6323411628538502,10.0,0.0,19.498237939687794,19.649036796519326,307.6134861543036,320.8159908817218,0.0
5.784,6.1145940812388835,-1.6022132636648343,10.0,0.0,19.673237872745545,20.0185749667412,297.892959855637,320.8159908817218,0.0
5.785,6.510836748923867,-1.4887648739685129,10.0,0.0,19.855513585644992,20.328995155772386,300.526324213374,320.8159908817218,0.0
5.7860000000000005,6.85382001324148,-1.3905843924244286,10.0,0.0,20.040938377084736,20.592835164792326,292.7467162181786,320.8159908817218,0.0
5.787,7.206585244380198,-1.2236564202579587,10.0,0.0,20.21682441815963,20.813459309272158,288.67820023732247,320.8159908817218,0.0
5.788,7.510052672851998,-1.1016895383171308,10.0,0.0,20.38543719228318,20.999755878590985,288.43309710668575,320.8159908817218,0.0
5.789,7.836686321331609,-0.919416846788941,10.0,0.0,20.536988018677576,21.151389041342245,288.3869343105197,320.8159908817218,0.0
5.79,8.049346877182336,-0.9114968465390879,10.0,0.0,20.689498605595453,21.282887645799043,301.6053970256713,320.8159908817218,0.0
5.791,8.121895058028835,-1.0974875147284104,10.0,0.0,20.860446167770544,21.41063375416733,309.79330235850796,320.8159908817218,0.0
5.792,8.163932049441765,-1.289883652713792,10.0,0.0,21.046377253061458,21.538801420669344,319.2537336900772,320.8159908817218,0.0
5.793,8.136215029584356,-1.5586053741801007,5.643695174948181,0.0,21.254167424454916,21.197021140392998,325.9631025844897,320.8159908817218,0.0
5.7940000000000005,7.879623325154851,-1.6643072481748882,2.2375396107142347,0.0,21.41594053960616,20.60703175875708,332.24306144496313,320.8159908817218,0.0
5.795,7.376707036000065,-1.7272123041586516,-1.0167105251548856,0.0,21.50839994249696,19.821067542259357,333.85869831580123,320.8159908817218,0.0
5.796,6.726627385908765,-1.680174884129866,-1.9549560349147308,0.0,21.507213816685894,19.11876078160408,337.8955793555449,320.8159908817218,0.0
5.797,6.064548138910883,-1.6449625440855273,-4.144192439524792,0.0,21.43251264418582,18.32146045569257,338.2473823230713,320.8159908817218,0.0
5.798,5.374197980768989,-1.575561105593356,-4.494407837701485,0.0,21.278269521510914,17.6491064402945,338.2837952355446,320.8159908817218,0.0
5.799,4.753941366071945,-1.518737304279947,-4.687292337476354,0.0,21.066658705804134,17.07217309921053,337.4462374004471,320.8159908817218,0.0
5.8,4.222926721502201,-1.4777183284591646,-4.434815885114872,0.0,20.814571788232485,16.613682310177495,335.7762672716056,320.8159908817218,0.0
5.801,3.7966138226148924,-1.4565799755479827,-3.74943358459296,0.0,20.53992945445267,16.290283469256305,333.66141714485406,320.8159908817218,0.0
5.8020000000000005,3.485988156107102,-1.457554858537313,-2.820462783848508,0.0,20.260730090616654,16.0969989384529,331.427506499354,320.8159908817218,0.0
5.803,3.2892400435847593,-1.4778396153905096,-1.8096226172748144,0.0,19.99234378450786,16.01556167037428,329.1021979741282,320.8159908817218,0.0
5.804,3.1924508629649626,-1.5128124166472396,-0.7298304255859747,0.0,19.746296542771795,16.032777566655636,326.35092589885755,320.8159908817218,0.0
5.805,3.1813022411062466,-1.5580603803664923,0.5904562618779989,0.0,19.531203162834018,16.158359219437646,323.6361080999752,320.8159908817218,0.0
5.806,3.2555185839668774,-1.6109435049362937,1.919663989136633,0.0,19.355541950233707,16.374608068138244,320.4857045266186,320.8159908817218,0.0
5.807,3.4052783915675064,-1.6650949481981232,3.4981686393659857,0.0,19.2244995712766,16.696277929553922,318.4811802923305,320.8159908817218,0.0
5.808,3.638009306173883,-1.7138023153443465,4.523778862403926,0.0,19.143544712310224,17.04560584243351,319.57017037390403,320.8159908817218,0.0
5.809,3.9108527621429223,-1.7483928456190097,3.991742026695347,0.0,19.108936015187197,17.25543985295964,319.92615931495425,320.8159908817218,0.0
5.8100000000000005,4.112431732394443,-1.7575643047223373,3.8226458718379157,0.0,19.099434544027712,17.40810413187566,311.25793578622427,320.8159908817218,0.0
5.811,4.2896849627221645,-1.6947750156298385,8.252338187157882,0.0,19.099151111484566,18.016026886384356,311.09835876520447,320.8159908817218,0.0
5.812,4.694645852762136,-1.691276869952902,8.429303018832956,0.0,19.15993139451307,18.495525064917814,314.5132214827907,320.8159908817218,0.0
5.813,5.088700315198851,-1.7093407245824261,6.78489935402915,0.0,19.264605472558078,18.71120102048796,304.61250115012774,320.8159908817218,0.0
5.814,5.371723197060367,-1.6337559114411409,10.0,0.0,19.37188477036377,19.258689923630037,306.59941402004574,320.8159908817218,0.0
5.815,5.801058384405891,-1.5739953912119995,10.0,0.0,19.517367219609305,19.685610217989364,303.8933201443756,320.8159908817218,0.0
5.816,6.191995987019094,-1.5433051231592128,10.0,0.0,19.6882151290827,20.045676943423306,298.6010550676503,320.8159908817218,0.0
5.817,6.597760079104094,-1.4150495613451328,10.0,0.0,19.864183711033135,20.34609711315799,295.9260315447039,320.8159908817218,0.0
5.8180000000000005,6.935250867973299,-1.3280792790082927,10.0,0.0,20.044313276323088,20.601005778259488,293.40789084326934,320.8159908817218,0.0
5.819,7.293385092980813,-1.1557432237394605,10.0,0.0,20.213833488337983,20.812416676517685,283.2934065891822,320.8159908817218,0.0
5.82,7.604360069094566,-1.0240625582719454,10.0,0.0,20.374781256328472,20.98901260102912,284.80421547068,320.8159908817218,0.0
5.821,7.915120415890055,-0.8709923201722432,10.0,0.0,20.52177292043476,21.132969821502094,296.46484789007104,320.8159908817218,0.0
5.822,8.067876992269449,-0.9562576161173144,10.0,0.0,20.67937102511268,21.263534866404626,299.3678223556996,320.8159908817218,0.0
5.823,8.121232677823954,-1.1613611322134032,10.0,0.0,20.855974557624172,21.39246165763749,315.1089578257445,320.8159908817218,0.0
5.824,8.130282565559224,-1.3971733605369454,7.664111335346282,0.0,21.05169872596244,21.268746439090968,318.54585871560346,320.8159908817218,0.0
5.825,7.994106106626858,-1.562146528124998,5.968362212077977,0.0,21.231267881763678,21.02887155167987,331.1153638967175,320.8159908817218,0.0
5.8260000000000005,7.714073091050828,-1.7207729469206599,-0.4193841086289982,0.0,21.38469180763531,20.174688331668953,329.74062786432296,320.8159908817218,0.0
5.827,7.101991963398882,-1.6873971803392993,0.17873753774225865,0.0,21.43209742040679,19.615465264440164,335.4111255137896,320.8159908817218,0.0
5.828,6.515408480988416,-1.6908767470219974,-2.8024626333117464,0.0,21.419556675179155,18.841395201720374,336.8841597674098,320.8159908817218,0.0
5.829,5.850537264859191,-1.6400872826708937,-3.699661448978726,0.0,21.32524136145685,18.14186820168708,338.1594615131979,320.8159908817218,0.0
5.83,5.209578636137833,-1.5879901405288745,-4.510747028187543,0.0,21.165182088111344,17.48647168172665,337.91128583223053,320.8159908817218,0.0
5.831,4.6168324980462785,-1.5361555372179674,-4.557612137208935,0.0,20.950408255161566,16.942357069130296,336.69508259020006,320.8159908817218,0.0
5.832,4.113310253979164,-1.4984255241054143,-4.10830143327848,0.0,20.69906838883785,16.53052934848764,335.0371205250609,320.8159908817218,0.0
5.833,3.7221585961068966,-1.4802553959986586,-3.4215316971422984,0.0,20.43005832312163,16.243793437137818,332.9850252147751,320.8159908817218,0.0
5.8340000000000005,3.4424278319245216,-1.4834460496447464,-2.517174385329913,0.0,20.159808346024185,16.078300584770705,330.8322860677848,320.8159908817218,0.0
5.835,3.270827376269209,-1.5023799437096477,-1.5409677636954147,0.0,19.90208490321045,16.016749917672488,328.25138059608014,320.8159908817218,0.0
5.836,3.191662854385886,-1.5355713702600045,-0.324868924986657,0.0,19.667440455948153,16.06658287189495,325.459958481624,320.8159908817218,0.0
5.837,3.203897542026769,-1.5785222751902916,1.0244024562423766,0.0,19.46563643411117,16.222089488657716,322.67009579835036,320.8159908817218,0.0
5.838,3.300538406213361,-1.6308885066060261,2.4007927487129246,0.0,19.304894252540585,16.469267111735853,319.5222527003609,320.8159908817218,0.0
5.839,3.474673440017787,-1.682122012767848,3.9876516795212518,0.0,19.190056074798512,16.818254888736714,318.5207203462877,320.8159908817218,0.0
5.84,3.7295922651060405,-1.7280315881961168,4.511370561912203,0.0,19.12613821076623,17.136300837596536,320.7817596353461,320.8159908817218,0.0
5.841,3.990200821806459,-1.7554747166507392,3.3811932298467733,0.0,19.102976376398875,17.26047595682988,316.20176049556204,320.8159908817218,0.0
5.8420000000000005,4.149882976289325,-1.7332981671990115,5.717335103600389,0.0,19.091834385667358,17.623235808710586,307.8935876559533,320.8159908817218,0.0
5.843,4.424616789861025,-1.6950055263403887,10.0,0.0,19.11409215419713,18.367713298248447,314.20148134005194,320.8159908817218,0.0
5.844,4.9193890222539745,-1.7413852293667142,6.912830897916573,0.0,19.214056588569196,18.605875958064807,311.8922588612559,320.8159908817218,0.0
5.845,5.2195047319996775,-1.7204771908499588,8.156679457519239,0.0,19.325077164218587,18.969848822165776,302.72474227339455,320.8159908817218,0.0
5.846,5.565992697135032,-1.6246619760472458,10.0,0.0,19.45106237547001,19.46374071243101,308.35308197151966,320.8159908817218,0.0
5.847,5.968502191798619,-1.578820437253437,10.0,0.0,19.60975383750351,19.86159756460841,299.1278737404007,320.8159908817218,0.0
5.848,6.359851159030141,-1.5070841625572287,10.0,0.0,19.784929263722766,20.196514586322586,301.4939314404548,320.8159908817218,0.0
5.849,6.735063852510526,-1.3930914110395345,10.0,0.0,19.964257009571515,20.478097541876753,291.9311792839194,320.8159908817218,0.0
5.8500000000000005,7.083149562642787,-1.2629682522963317,10.0,0.0,20.140636656444237,20.71491767528062,292.45799617400166,320.8159908817218,0.0
5.851,7.408124561978536,-1.127398888257725,10.0,0.0,20.309448953513268,20.913427367205777,286.282072887512,320.8159908817218,0.0
5.852,7.742910738615619,-0.945437251736279,10.0,0.0,20.46257090369093,21.075390590208585,284.28665067071506,320.8159908817218,0.0
5.853,7.992935794612187,-0.886635737741508,10.0,0.0,20.611928430976903,21.212314791535643,299.97040006849926,320.8159908817218,0.0
5.854,8.093810614092618,-1.0420987781465576,10.0,0.0,20.777731575251483,21.3418863458757,306.05311490014094,320.8159908817218,0.0
5.855,8.146736738328496,-1.2308598331949754,10.0,0.0,20.95912064618388,21.470267933738064,316.58720246111784,320.8159908817218,0.0
5.856,8.130172259903638,-1.493786742296678,6.961550759638671,0.0,21.162243318259986,21.272072207336784,323.8268996304093,320.8159908817218,0.0
5.857,7.95353252593586,-1.630069538668832,3.3115930875060737,0.0,21.337595988998277,20.76216219520449,330.3219999202408,320.8159908817218,0.0
5.8580000000000005,7.516903235309046,-1.724614937642519,-0.03101714779486553,0.0,21.45345955737288,20.035853726826726,332.8324033252068,320.8159908817218,0.0
5.859,6.9186487531835645,-1.6979491715159858,-1.406382974712736,0.0,21.481227233808596,19.337340023643787,337.24349428359085,320.8159908817218,0.0
5.86,6.269031583701587,-1.673742085080629,-3.7762034879234383,0.0,21.433970650435832,18.53000320406048,337.7217097574798,320.8159908817218,0.0
5.861,5.573193946292337,-1.603644761698836,-4.184368413625494,0.0,21.303237408734354,17.8475204398233,338.29632488782096,320.8159908817218,0.0
5.862,4.939270906402945,-1.546262450449451,-4.6464793188570646,0.0,21.111718133775707,17.236235235534988,337.6051973041519,320.8159908817218,0.0
5.863,4.379520779345577,-1.5007849194527643,-4.468807591246829,0.0,20.873793560586943,16.74632490684649,336.22151782052725,320.8159908817218,0.0
5.864,3.9233239448660995,-1.4722042974355642,-3.9310231188225675,0.0,20.60798131873628,16.383576878920707,334.30225774414055,320.8159908817218,0.0
5.865,3.5781935960951077,-1.4657455882497845,-3.106255749253402,0.0,20.33205084648785,16.149271365550817,332.072507454968,320.8159908817218,0.0
5.8660000000000005,3.3458861723900104,-1.4784516591228616,-2.103945770399585,0.0,20.06174512501516,16.034912293391148,329.810028109332,320.8159908817218,0.0
5.867,3.218954646922851,-1.5070371582474362,-1.0626464698576896,0.0,19.810051412668745,16.021117773135582,327.1148885632544,320.8159908817218,0.0
5.868,3.180343805322542,-1.5488171997250753,0.2219343263657838,0.0,19.586457569102713,16.11740210557146,324.36437412692374,320.8159908817218,0.0
5.869,3.2308224345607037,-1.5976441391017298,1.561707712079095,0.0,19.39980470605353,16.310289127241177,321.4400223978063,320.8159908817218,0.0
5.87,3.359867448412671,-1.6519269846533404,3.017643261476981,0.0,19.25658867509315,16.598287171784307,318.79350088528014,320.8159908817218,0.0
5.871,3.56695438512595,-1.7019204799408494,4.361128917704465,0.0,19.16145050770922,16.954898762568174,319.115630134887,320.8159908817218,0.0
5.872,3.8351818810512444,-1.743463991864432,4.217067900369384,0.0,19.115557167500796,17.209619653881497,320.5884162693202,320.8159908817218,0.0
5.873,4.061735383830684,-1.761192579621496,3.482950579276803,0.0,19.101259959978588,17.33272821654932,312.8086874852193,320.8159908817218,0.0
5.8740000000000006,4.224585454123555,-1.7087113778207113,7.4528880052922695,0.0,19.094753111399722,17.87048251956634,310.1073243779737,320.8159908817218,0.0
5.875,4.591544739468618,-1.6909377096016207,8.910656223952543,0.0,19.141242086494355,18.435728816531224,314.1076873000142,320.8159908817218,0.0
5.876,5.014584200335233,-1.7253056296337401,6.9775577987493715,0.0,19.243565001661736,18.67901612450825,306.8605171228244,320.8159908817218,0.0
5.877,5.311952486737025,-1.6736931410746223,10.0,0.0,19.353963303168257,19.231526502698387,306.82969393557966,320.8159908817218,0.0
5.878,5.750493223786088,-1.6138558825710987,10.0,0.0,19.502506838793344,19.664335452996276,306.50275113542443,320.8159908817218,0.0
5.8790000000000004,6.141678069108934,-1.586104427872234,10.0,0.0,19.677022628453873,20.030072936211862,298.512098911354,320.8159908817218,0.0
5.88,6.542908822980909,-1.464109223301077,10.0,0.0,19.857518629514068,20.33646471559925,298.8401729502973,320.8159908817218,0.0
5.881,6.881951700415932,-1.371831956895201,10.0,0.0,20.041673661148046,20.596984508174792,293.39710048047147,320.8159908817218,0.0
5.882000000000001,7.237654263731625,-1.2001189517395319,10.0,0.0,20.21549951097312,20.814130971465787,286.3578696526057,320.8159908817218,0.0
5.883,7.541766821658421,-1.0770688579987437,10.0,0.0,20.381839041884852,20.99705001767142,287.7069821051968,320.8159908817218,0.0
5.884,7.862252614845674,-0.9054239547157892,10.0,0.0,20.532186085902254,21.146098800676317,289.4857457123084,320.8159908817218,0.0
5.885,8.060512402037991,-0.9196654313030094,10.0,0.0,20.68568631527583,21.27667369112319,300.90764048690033,320.8159908817218,0.0
5.886,8.11883680667148,-1.1248467673088673,10.0,0.0,20.859321542951513,21.405108028824973,312.2782942331791,320.8159908817218,0.0
5.8870000000000005,8.157237578041284,-1.3188828335956218,9.100940920845222,0.0,21.04772883556129,21.435525116012773,317.71797176590604,320.8159908817218,0.0
5.888,8.080416480602162,-1.5607887610356141,6.412082345639913,0.0,21.2450063989844,21.203791699693742,328.53939047909597,320.8159908817218,0.0
5.889,7.859988276230212,-1.6857056372576176,0.9241389930712067,0.0,21.410704661543317,20.461653089824935,331.45453937615736,320.8159908817218,0.0
5.89,7.291556039540203,-1.7216211524140543,-0.6398209404038413,0.0,21.488320774764446,19.75346527203452,334.5067674547514,320.8159908817218,0.0
5.891,6.6604004077819425,-1.6812383653082315,-2.302842745431165,0.0,21.482555233151224,19.020307845253516,337.846839764419,320.8159908817218,0.0
5.892,5.989473253199231,-1.6422674873390597,-4.143187389091918,0.0,21.400167534315656,18.241572344923387,338.1028227601542,320.8159908817218,0.0
5.893,5.307469233318539,-1.5738357893789061,-4.444047205743853,0.0,21.24100727733472,17.58609166198866,338.1038380524495,320.8159908817218,0.0
5.894,4.699711106008935,-1.5200818332478363,-4.617433323598769,0.0,21.02698635956359,17.02421250065705,337.2153257946307,320.8159908817218,0.0
5.8950000000000005,4.181561118467645,-1.4817042695208162,-4.337170543818472,0.0,20.77449562498775,16.5806008479923,335.5205993622631,320.8159908817218,0.0
5.896,3.76780234680389,-1.4627220621464703,-3.6368534124400904,0.0,20.501188531429108,16.270665508797876,333.3937684218495,320.8159908817218,0.0
5.897,3.468629099437653,-1.4651125194869792,-2.699215717634547,0.0,20.22467138568809,16.089301438775493,331.2017062221097,320.8159908817218,0.0
5.898,3.282069251459,-1.485857524140283,-1.707041771168536,0.0,19.959927593457387,16.015714669148444,328.7712669094292,320.8159908817218,0.0
5.899,3.1921088453892845,-1.5213012757555155,-0.5713748751053571,0.0,19.717990866118207,16.0460438625512,326.0331773593195,320.8159908817218,0.0
5.9,3.1904618217331357,-1.56600825442088,0.7454980351735117,0.0,19.50784406099024,16.18192738359129,323.34949817300793,320.8159908817218,0.0
5.901,3.2724084831686584,-1.619369042511323,2.062002555416433,0.0,19.337722905382385,16.405824037144036,320.0865239686645,320.8159908817218,0.0
5.902,3.428764511662843,-1.672321032666992,3.700784326718724,0.0,19.21229464172681,16.74104016290154,318.41968288148047,320.8159908817218,0.0
5.9030000000000005,3.671119572946306,-1.7197768435660392,4.55816795031315,0.0,19.13762143630987,17.083020734143865,320.39913981727835,320.8159908817218,0.0
5.904,3.940511598727406,-1.7548843827706035,3.572607993058642,0.0,19.108000879762375,17.239140923963234,318.15667838303494,320.8159908817218,0.0
5.905,4.1158038296196455,-1.7487615226233186,4.720431835167215,0.0,19.095929807843326,17.496215036210064,309.41816647423997,320.8159908817218,0.0
5.906,4.3383556380700865,-1.7004550474652205,9.203666033639522,0.0,19.10552077067494,18.185324376830554,312.78901338141907,320.8159908817218,0.0
5.907,4.795268902510261,-1.72217145790853,7.598512355052999,0.0,19.18593544118579,18.537047692038996,314.2890172237775,320.8159908817218,0.0
5.908,5.139372513148671,-1.7213515392118337,6.9137801704532365,0.0,19.293173621005323,18.76908887473175,303.8373649186352,320.8159908817218,0.0
5.909,5.42356588890461,-1.6245471566474265,10.0,0.0,19.402251818217067,19.307161025006558,307.07437633942317,320.8159908817218,0.0
5.91,5.841166186561987,-1.5681059045999481,10.0,0.0,19.548988916835537,19.72837748269484,301.7207863559471,320.8159908817218,0.0
5.9110000000000005,6.233853458784746,-1.5250626063506387,10.0,0.0,19.71900360107404,20.083126407508207,299.9611076416996,320.8159908817218,0.0
5.912,6.635074635789362,-1.398315656079665,10.0,0.0,19.893979977822713,20.379194451515804,293.9377753347974,320.8159908817218,0.0
5.913,6.972625961786236,-1.3081307729291645,10.0,0.0,20.072412653653426,20.6300348947079,294.04648250511696,320.8159908817218,0.0
5.914,7.326908280175315,-1.140688927702187,10.0,0.0,20.24056935207683,20.838039019401034,282.51000247330853,320.8159908817218,0.0
5.915,7.6457085853259485,-0.9953456550476996,10.0,0.0,20.398397451587474,21.010533191084516,287.03636332912765,320.8159908817218,0.0
5.916,7.941884130311104,-0.8665764575970893,10.0,0.0,20.544980979322382,21.152169448653844,294.3861932258868,320.8159908817218,0.0
5.917,8.079516250778623,-0.9729597446092222,10.0,0.0,20.70405963358657,21.282122655438158,301.79718812278816,320.8159908817218,0.0
5.918,8.116629677419375,-1.2018644501087707,10.0,0.0,20.884341427837597,21.412282251244648,316.84569810111674,320.8159908817218,0.0
5.9190000000000005,8.14019182251161,-1.408004365336002,6.792016617367632,0.0,21.07999734586418,21.192355193112302,318.68179865636023,320.8159908817218,0.0
5.92,7.936343283701145,-1.5812908432486645,5.895308261999503,0.0,21.251095079692988,20.970087308051752,331.0206751144387,320.8159908817218,0.0
5.921,7.668863944753382,-1.7000265846665352,-0.37617680936689624,0.0,21.394184318409685,20.133643952479662,331.6706884965204,320.8159908817218,0.0
5.922,7.043708025808331,-1.7052272548433236,-0.8097304765557514,0.0,21.438705014002785,19.476270161353817,334.91821198378386,320.8159908817218,0.0
5.923,6.4211259419297875,-1.6698300252748532,-2.5745144312080894,0.0,21.40909055896969,18.761527590597186,337.7263061917085,320.8159908817218,0.0
5.924,5.768136287008611,-1.633567054401224,-4.14766468827027,0.0,21.30732833786383,18.02550218388514,337.91530803859837,320.8159908817218,0.0
5.925,5.11781741778755,-1.573330599151808,-4.413158783283976,0.0,21.135876417828644,17.404435426917928,337.6304667092398,320.8159908817218,0.0
5.926,4.542017293983808,-1.5255155643936749,-4.4388828768798625,0.0,20.914805724829364,16.88499026922471,336.4325372389893,320.8159908817218,0.0
5.9270000000000005,4.058529658498167,-1.494244522167031,-3.996083605327302,0.0,20.660935921063334,16.49177335747301,334.6209982690451,320.8159908817218,0.0
5.928,3.684165819969235,-1.482465327472712,-3.228364194228438,0.0,20.392148405504624,16.228857444908552,332.53189255361394,320.8159908817218,0.0
5.929,3.423377601274352,-1.4904473458677168,-2.3009703532317722,0.0,20.124943864215744,16.084633566114462,330.5475259180412,320.8159908817218,0.0
5.93,3.269552972279232,-1.5126054215309401,-1.4061023858085813,0.0,19.872394957315336,16.031585986079996,328.0542316770554,320.8159908817218,0.0
5.931,3.1997045505715533,-1.5474835077089044,-0.23183767326902194,0.0,19.643411191824473,16.084953792161944,325.1650203097607,320.8159908817218,0.0
5.932,3.21722093995648,-1.587951524446262,1.1692777160979424,0.0,19.44676528447022,16.249841199742164,322.3362262185964,320.8159908817218,0.0
5.933,3.320208971303183,-1.6387848983476512,2.5684724083113455,0.0,19.291459699571192,16.50732201852445,319.304065816503,320.8159908817218,0.0
5.934,3.5020029336351075,-1.6883578684192324,4.099671860010225,0.0,19.182377448009156,16.858996734160304,318.61310968759756,320.8159908817218,0.0
5.9350000000000005,3.7605730646704365,-1.732215357825429,4.467178736404188,0.0,19.123699487300875,17.163084740172152,320.8931722839185,320.8159908817218,0.0
5.936,4.013867115136912,-1.7567548160874322,3.326375624221755,0.0,19.103558888779368,17.27645609416702,315.1591033728674,320.8159908817218,0.0
5.937,4.1693513360439,-1.7247489886498504,6.249978954835854,0.0,19.093003449908743,17.694910326604518,307.96376791260434,320.8159908817218,0.0
5.938,4.4731863292075325,-1.6908258896273014,9.976168914658547,0.0,19.121937495550824,18.41924144714664,314.5435311281672,320.8159908817218,0.0
5.939,4.96202394775143,-1.742922441169763,6.749011904412654,0.0,19.226481100342806,18.631049901365284,310.4418341535974,320.8159908817218,0.0
5.94,5.251029296911636,-1.711572617002047,8.903601958978793,0.0,19.337781743903577,19.074506134523805,304.1572696658695,320.8159908817218,0.0
5.941,5.636636689885572,-1.6243536656115476,10.0,0.0,19.473017360012854,19.544277932953698,307.61467060872985,320.8159908817218,0.0
5.942,6.033209046288773,-1.5865342288233608,10.0,0.0,19.638418645821393,19.9298652474667,297.60398700619794,320.8159908817218,0.0
5.9430000000000005,6.4260733946638435,-1.4978974038313115,10.0,0.0,19.816466678119134,20.254184604352034,301.9660765267789,320.8159908817218,0.0
5.944,6.788754214545622,-1.3889262160246143,10.0,0.0,19.99804138046681,20.52791058207537,291.7957876727416,320.8159908817218,0.0
5.945,7.139019545138142,-1.2430378046643291,10.0,0.0,20.1738731969805,20.757519054094764,290.83661896318546,320.8159908817218,0.0
5.946,7.454448228690532,-1.1142081114049143,10.0,0.0,20.342370296899823,20.950555358678766,287.81441386913474,320.8159908817218,0.0
5.947,7.788514619350346,-0.9277042140001281,10.0,0.0,20.494094185503688,21.107544726659246,287.109148683359,320.8159908817218,0.0
5.948,8.026568699547727,-0.8839490097624387,10.0,0.0,20.643396588553102,21.241162261786936,298.17621921951775,320.8159908817218,0.0
5.949,8.10403084610488,-1.071042918242529,10.0,0.0,20.812148386785545,21.3702079883875,310.2272852232572,320.8159908817218,0.0
5.95,8.15324533427067,-1.2598282241680532,10.0,0.0,20.9958250224218,21.49858534991858,315.40992511205735,320.8159908817218,0.0
5.9510000000000005,8.134884580665688,-1.5193969974317287,7.58062346128503,0.0,21.200636442647287,21.368873047379733,328.4712851734285,320.8159908817218,0.0
5.952,7.983825168751976,-1.6793780575473964,0.9733904876823898,0.0,21.38699771947643,20.586444183182643,329.40487401087677,320.8159908817218,0.0
5.953,7.422325356170582,-1.709632160260556,0.42070723766670515,0.0,21.478208122900234,19.96642589058728,334.0477735393908,320.8159908817218,0.0
5.954,6.8335712284560515,-1.6915778838712567,-2.033060353166995,0.0,21.496007145292168,19.212290821025082,337.41511358737847,320.8159908817218,0.0
5.955,6.162693861852266,-1.656241093590764,-3.8827216042174033,0.0,21.432906254321733,18.42433306800036,337.92676419060075,320.8159908817218,0.0
5.956,5.472276224042842,-1.5873770428680591,-4.309654638917332,0.0,21.290097999469175,17.749632146367574,338.2829182082677,320.8159908817218,0.0
5.957,4.847350504541642,-1.5317988928890964,-4.66240092101626,0.0,21.088675521948137,17.155425383495967,337.44100169086323,320.8159908817218,0.0
5.958,4.302256025754197,-1.4898965359868974,-4.407692770405445,0.0,20.84392113813258,16.6857535440192,335.9782852747507,320.8159908817218,0.0
5.9590000000000005,3.863789871573793,-1.4656813918016962,-3.827957506279471,0.0,20.574430366459563,16.342577579828276,334.02104683592034,320.8159908817218,0.0
5.96,3.5363827012331734,-1.463520860904194,-2.9813888464062765,0.0,20.297575568577876,16.1257254620296,331.774408256909,320.8159908817218,0.0
5.961,3.320269538405022,-1.4794968209841426,-1.9676537306524753,0.0,20.028499999622266,16.026416628564498,329.50117684734926,320.8159908817218,0.0
5.962,3.2071806593364247,-1.5104820294285823,-0.9178898855288793,0.0,19.779649717543787,16.025746438425664,326.7543610631529,320.8159908817218,0.0
5.963,3.1803041585420213,-1.5537603206459096,0.39613430475499634,0.0,19.56006820460874,16.136128787869556,323.9909295421517,320.8159908817218,0.0
5.964,3.2419857460190946,-1.6039634481283884,1.7461006786512803,0.0,19.378572639022487,16.341817070670885,320.9833427863159,320.8159908817218,0.0
5.965,3.381592682761617,-1.6585186968026473,3.248220537523241,0.0,19.24129450435433,16.645780542203504,318.6274796506469,320.8159908817218,0.0
5.966,3.601094739231476,-1.707922602285119,4.44803721766851,0.0,19.153029407422586,16.99982933249904,318.9547065938475,320.8159908817218,0.0
5.9670000000000005,3.8725937500621104,-1.74534233802002,4.303036588946939,0.0,19.11261783108958,17.254028627484352,321.1481783218966,320.8159908817218,0.0
5.968,4.098126201172031,-1.7626691436290074,3.2029788505206533,0.0,19.10319909314805,17.337116910884383,312.17547103588026,320.8159908817218,0.0
5.969,4.242804233438049,-1.6971986503469678,7.775737691987226,0.0,19.09565603502356,17.911299283057673,309.8851136841086,320.8159908817218,0.0
5.97,4.623361686763213,-1.6815566155426445,9.03022513984919,0.0,19.145219601033194,18.479160603508227,313.7811606467627,320.8159908817218,0.0
5.971,5.0525888599201725,-1.717706216483777,7.152549960871724,0.0,19.250745818938487,18.732693589834533,306.2921399802694,320.8159908817218,0.0
5.972,5.358872681015878,-1.6668162512608204,10.0,0.0,19.36511332150194,19.274023206823664,306.61914696301056,320.8159908817218,0.0
5.973,5.795620689316797,-1.604212710154285,10.0,0.0,19.51579954563848,19.699202669276808,305.7136244422743,320.8159908817218,0.0
5.974,6.18346229657212,-1.5735195979737187,10.0,0.0,19.69118488667788,20.058637711183213,298.4682815958128,320.8159908817218,0.0
5.9750000000000005,6.583295270179398,-1.4465915641587088,10.0,0.0,19.87132004520613,20.359564571978666,297.866368019231,320.8159908817218,0.0
5.976,6.918841020173718,-1.3548421967992446,10.0,0.0,20.05471122388971,20.615500559784095,293.50848711062685,320.8159908817218,0.0
5.977,7.274226174479273,-1.1803278211500563,10.0,0.0,20.227077795837666,20.828445157203674,285.0577664854962,320.8159908817218,0.0
5.978,7.579424858984938,-1.0533130974750244,10.0,0.0,20.39127569448502,21.007313948323528,286.76798637285,320.8159908817218,0.0
5.979,7.894786859633431,-0.8890143985862297,10.0,0.0,20.5401379727386,21.153077816969844,293.6331914161141,320.8159908817218,0.0
5.98,8.072925248402552,-0.9331462322060714,10.0,0.0,20.695187898718526,21.28270992381877,299.3036465970283,320.8159908817218,0.0
5.981,8.123804489916354,-1.145413217049439,10.0,0.0,20.870604092781935,21.411068479901974,315.1085962879016,320.8159908817218,0.0
5.982,8.147383077642788,-1.3599770261334752,7.666706316804379,0.0,21.06279387219813,21.285385642396918,317.0654197910217,320.8159908817218,0.0
5.9830000000000005,8.004692224122861,-1.540174418888957,6.72580027615132,0.0,21.240872465034457,21.127255118708554,332.06010365075974,320.8159908817218,0.0
5.984,7.778967619619603,-1.6988267730031434,-0.8839827814080685,0.0,21.400979931243324,20.198481228707816,329.4641307746482,320.8159908817218,0.0
5.985,7.13457196793248,-1.6737507802989948,0.32752225771844046,0.0,21.447854379092625,19.656585134848086,334.4817818795854,320.8159908817218,0.0
5.986,6.5567121277646665,-1.667269473913428,-2.317961204728803,0.0,21.435389588995662,18.927568489800404,337.40349912443276,320.8159908817218,0.0
5.987,5.910827989677541,-1.6372759114568989,-3.944694909579585,0.0,21.34803513459726,18.182989814126586,337.89552773241246,320.8159908817218,0.0
5.988,5.255358149863208,-1.579665538694161,-4.361504582076344,0.0,21.18892105269198,17.540194674652867,337.8553943816958,320.8159908817218,0.0
5.989,4.663438143311151,-1.5306935565479622,-4.5118319417177615,0.0,20.976628050721406,16.991956230422996,336.8068527187557,320.8159908817218,0.0
5.99,4.15685128467044,-1.4958332743985236,-4.147469728618039,0.0,20.727395593309915,16.56870080184139,335.2157010151068,320.8159908817218,0.0
5.9910000000000005,3.7578548305500874,-1.478255354587539,-3.495890978127436,0.0,20.45917587042371,16.269701452166608,333.19898063935517,320.8159908817218,0.0
5.992,3.4682634828599377,-1.4811677865501647,-2.611360687827961,0.0,20.188374331572646,16.09242769330342,331.047252512635,320.8159908817218,0.0
5.993,3.2865229833040166,-1.4996837709529889,-1.6378092407770066,0.0,19.928933204685052,16.021142054188314,328.52840865986445,320.8159908817218,0.0
5.994,3.198789424123553,-1.532078463586843,-0.4555114921731609,0.0,19.691685882920403,16.059191390686152,325.7922055989793,320.8159908817218,0.0
5.995,3.2014344800741936,-1.574836562486214,0.8628278910968366,0.0,19.486347670934585,16.20173712428503,323.04054210616476,320.8159908817218,0.0
5.996,3.288026759568658,-1.6264549719213421,2.2164141252596785,0.0,19.321048297556118,16.435706855065774,319.80051189428707,320.8159908817218,0.0
5.997,3.451463218854318,-1.6776988048884072,3.8465840210728737,0.0,19.200796472125596,16.77842041390194,318.45489436728684,320.8159908817218,0.0
5.998,3.699768878939399,-1.724178225135492,4.543003749717338,0.0,19.131441483019252,17.109462647487696,320.5718669859684,320.8159908817218,0.0
5.9990000000000006,3.9654245526421894,-1.7551204747323017,3.4869586793340783,0.0,19.105065069435295,17.25059693626918,317.30360082117863,320.8159908817218,0.0
6.0,4.132916465524418,-1.742151396607351,5.156215662334406,0.0,19.093703704998163,17.55339131996796,308.43292036054186,320.8159908817218,0.0
6.001,4.377253144161475,-1.6988945120007188,9.715386597864594,0.0,19.109129348849148,18.28438424641023,313.4681184827561,320.8159908817218,0.0
6.002,4.860034814249815,-1.7337820767408585,7.271266260747131,0.0,19.20038192192675,18.57871288123179,313.33480021982825,320.8159908817218,0.0
6.003,5.183120518552952,-1.7242649665435121,7.412737298829989,0.0,19.310546343409623,18.862025316666795,302.74201285785824,320.8159908817218,0.0
6.0040000000000004,5.490251372410472,-1.6267924773732922,10.0,0.0,19.427398763580964,19.38065360057315,308.05391968779827,320.8159908817218,0.0
6.005,5.90287053423073,-1.5692107405008344,10.0,0.0,19.579069503961556,19.79091487183266,300.2146385791067,320.8159908817218,0.0
6.006,6.292258038592685,-1.516399042790297,10.0,0.0,19.75136582805059,20.13661065614266,301.1796656506063,320.8159908817218,0.0
6.007000000000001,6.6829363196473555,-1.393245840551422,10.0,0.0,19.927983362892544,20.425885758558163,292.19433005928755,320.8159908817218,0.0
6.008,7.023160729359379,-1.2884731325183814,10.0,0.0,20.105573188630615,20.67037720195855,294.61982444163067,320.8159908817218,0.0
6.009,7.3661788659678535,-1.1324017982781256,10.0,0.0,20.273733056448823,20.87384873266289,283.7604613638779,320.8159908817218,0.0
6.01,7.693333839868968,-0.9686371702518302,10.0,0.0,20.42897069481515,21.041232231315576,287.5334455071651,320.8159908817218,0.0
6.011,7.958602270487011,-0.8890184145237368,10.0,0.0,20.578302502360287,21.181493166310652,298.37525507788257,320.8159908817218,0.0
6.0120000000000005,8.091005719092678,-0.9984347546607766,10.0,0.0,20.739559207622776,21.310749493520284,301.72160924479414,320.8159908817218,0.0
6.013,8.130937255119354,-1.215852763159714,10.0,0.0,20.920437692613483,21.440137424058328,318.2362395960476,320.8159908817218,0.0
6.014,8.134007332307243,-1.451718992100234,6.101518964291049,0.0,21.119938227257393,21.14590310298326,319.7297772145238,320.8159908817218,0.0
6.015000000000001,7.903523492570345,-1.5841627768083915,5.365612291724939,0.0,21.282275430357902,20.884461266997846,334.1357543715629,320.8159908817218,0.0
6.016,7.587273116525468,-1.7157535513454318,-1.970573921693024,0.0,21.415385276901805,19.898258621138268,330.2627094510404,320.8159908817218,0.0
6.017,6.891901412488426,-1.657513812767105,-0.12851864712496575,0.0,21.428841595216383,19.373303550539337,335.11558255283654,320.8159908817218,0.0
6.018,6.307266848825014,-1.6487758618856994,-2.6979511147341873,0.0,21.388077997428432,18.65848757961166,337.4402660815748,320.8159908817218,0.0
6.019,5.67291317550395,-1.6185710499327302,-4.026535631101849,0.0,21.2766740125205,17.95455943230229,337.8386023731303,320.8159908817218,0.0
6.0200000000000005,5.047305744016476,-1.5680335410092168,-4.395929891793681,0.0,21.10076053351037,17.345009458451052,337.46989272868217,320.8159908817218,0.0
6.021,4.487289375371081,-1.5252635092805271,-4.378114088039219,0.0,20.8772840766152,16.839822541339956,336.1955179147384,320.8159908817218,0.0
6.022,4.0177312280612485,-1.4969019126071377,-3.8947219513974947,0.0,20.622944498381663,16.46185287976112,334.3609817783761,320.8159908817218,0.0
6.023,3.6566461838560658,-1.4873937817721334,-3.1129037921828795,0.0,20.35547963338847,16.21243607605347,332.27779038299354,320.8159908817218,0.0
6.024,3.40770750125757,-1.496808151002002,-2.1859260895043326,0.0,20.090950236447465,16.079136236563556,330.26176087171325,320.8159908817218,0.0
6.025,3.2634810731672017,-1.5198044604434144,-1.2723690337641003,0.0,19.841979245597834,16.03731046069712,327.6581364202509,320.8159908817218,0.0
6.026,3.2024101311420017,-1.555398438731429,-0.03897826341822297,0.0,19.617408150763783,16.106583116854882,324.837045650831,320.8159908817218,0.0
6.027,3.2309133826952356,-1.5969960461773383,1.3313565736006479,0.0,19.426441228065087,16.281128255190968,321.9821072748046,320.8159908817218,0.0
6.0280000000000005,3.3423725505047726,-1.6475647702593945,2.7471645976830112,0.0,19.27717209504443,16.549182245758924,319.08096729416235,320.8159908817218,0.0
6.029,3.532553300919668,-1.6959270626304292,4.215084823879733,0.0,19.174449439302638,16.903011777741305,318.6460907040711,320.8159908817218,0.0
6.03,3.7947150827178975,-1.737499539075063,4.454222120701851,0.0,19.121471351818453,17.195876002846063,320.9602160656943,320.8159908817218,0.0
6.031,4.041541133099722,-1.7601254548324121,3.2957171880505483,0.0,19.10515062156203,17.29979983340805,314.2135247263831,320.8159908817218,0.0
6.032,4.1939945307217075,-1.7180844277974145,6.735087519259513,0.0,19.09600357525602,17.767313380413107,308.51113785036034,320.8159908817218,0.0
6.033,4.5230176187199795,-1.688201633824197,9.70932948758452,0.0,19.131655891214418,18.445265775587117,314.4105928193793,320.8159908817218,0.0
6.034,4.992341720233443,-1.7390864153478556,6.823655983698464,0.0,19.23743436900171,18.663486237442356,308.6631065268079,320.8159908817218,0.0
6.035,5.285208141444906,-1.6976414421029495,9.818927973533308,0.0,19.349389250323622,19.20127708949336,306.1139455154801,320.8159908817218,0.0
6.0360000000000005,5.716721212720778,-1.6316347818883121,10.0,0.0,19.497081445827277,19.641911773856222,307.60434443328626,320.8159908817218,0.0
6.037,6.109114476777665,-1.6007295083793853,10.0,0.0,19.671328376733022,20.012593360734996,297.7005932693132,320.8159908817218,0.0
6.038,6.504926017334695,-1.4892274607885883,10.0,0.0,19.853262600736166,20.324016145195746,300.6721382621922,320.8159908817218,0.0
6.039,6.8492193836858295,-1.3904539640581266,10.0,0.0,20.038395616620633,20.5885759187177,292.66297298052007,320.8159908817218,0.0
6.04,7.201830705737284,-1.2250460122206115,10.0,0.0,20.21426416853403,20.809848704713755,288.87098850158054,320.8159908817218,0.0
6.041,7.506060039088555,-1.102799748853752,10.0,0.0,20.382880134403706,20.996641953853413,288.4040772877018,320.8159908817218,0.0
6.042,7.833459758261097,-0.9198807470355845,10.0,0.0,20.534415201034047,21.148645798890605,288.4181112495718,320.8159908817218,0.0
6.043,8.049405452230015,-0.9068924521015358,10.0,0.0,20.686397623080516,21.28012273694226,300.8228313748606,320.8159908817218,0.0
6.0440000000000005,8.119971474865558,-1.0969003329511677,10.0,0.0,20.857360246570302,21.40804741784317,310.47337625084276,320.8159908817218,0.0
6.045,8.163464936899569,-1.2875130622291628,10.0,0.0,21.043086397213287,21.53619727240558,318.3685277192657,320.8159908817218,0.0
6.046,8.13645264296322,-1.5554483096737015,6.093785729574574,0.0,21.250621668174336,21.243827473782602,326.5314390754087,320.8159908817218,0.0
6.047,7.9051597269102025,-1.6713097051404722,1.9551755695662267,0.0,21.41823183320388,20.610435305047822,331.9197183633053,320.8159908817218,0.0
6.048,7.38596588251265,-1.7316938711578218,-0.8500013491979264,0.0,21.511225409164226,19.844758403948706,334.0566855540034,320.8159908817218,0.0
6.049,6.742646711720081,-1.6836034302013516,-2.050891891269793,0.0,21.51245814725324,19.126475530458478,338.0638470693919,320.8159908817218,0.0
6.05,6.072655551141604,-1.6472439988991345,-4.226951210840732,0.0,21.43822069115066,18.3200524343498,338.21492233924636,320.8159908817218,0.0
6.051,5.375675184413311,-1.573923415043794,-4.476478160343207,0.0,21.283063001136398,17.651128459726486,338.3029045264307,320.8159908817218,0.0
6.0520000000000005,4.754838643624027,-1.516920991560172,-4.69533839038248,0.0,21.07099162191659,17.073323973574325,337.4702326734201,320.8159908817218,0.0
6.053,4.223230533237303,-1.4759968487131672,-4.445544881794166,0.0,20.818415300525213,16.61402721309516,335.7926382071851,320.8159908817218,0.0
6.054,3.796425906272773,-1.454937717698754,-3.7565141219312954,0.0,20.543259672241938,16.290330372886032,333.677251942845,320.8159908817218,0.0
6.055,3.4855802385703782,-1.4561160325236004,-2.8274336003724545,0.0,20.26359012870695,16.096721180819948,331.44055419099203,320.8159908817218,0.0
6.056,3.2886549149400124,-1.4766633583836608,-1.8153303575386852,0.0,19.994775043015224,16.015099834025424,329.1217024380733,320.8159908817218,0.0
6.057,3.191798345768327,-1.5118552330102042,-0.7389615966428482,0.0,19.748344964163525,16.03172361398396,326.37050706568994,320.8159908817218,0.0
6.058,3.1803318126180313,-1.557311985084851,0.5810909277091669,0.0,19.532868595174797,16.156776851086054,323.6543321654174,320.8159908817218,0.0
6.059,3.254241838446405,-1.6102722383985693,1.9107949650084923,0.0,19.35681624713892,16.37259927826585,320.51238867534863,320.8159908817218,0.0
6.0600000000000005,3.403677370053383,-1.6645799641269068,3.484802732106594,0.0,19.225395623921585,16.693379233713387,318.48767221806884,320.8159908817218,0.0
6.061,3.6358153006288023,-1.7134038557315747,4.520444147383021,0.0,19.144022609389964,17.043078792256637,319.65218734224584,320.8159908817218,0.0
6.062,3.908354873227079,-1.7487763911147314,3.94982462068928,0.0,19.109159592141946,17.24888855772327,319.86728629066994,320.8159908817218,0.0
6.063,4.10808983988494,-1.75704139028029,3.8517621923877488,0.0,19.09891927771976,17.40630492246582,311.2052428771839,320.8159908817218,0.0
6.064,4.287349210638131,-1.6947424492783378,8.278891379176159,0.0,19.098509097712178,18.01719927300537,311.21209936801824,320.8159908817218,0.0
6.065,4.694097670588844,-1.692654629254719,8.37150204889601,0.0,19.15962269996674,18.489929315404463,314.59057985702225,320.8159908817218,0.0
6.066,5.085313825809543,-1.7096986241103533,6.744515914641004,0.0,19.263793663870104,18.702636839849077,304.56226207751683,320.8159908817218,0.0
6.067,5.366240661057831,-1.632630304339009,10.0,0.0,19.370170328704173,19.251874028646505,306.6148035692213,320.8159908817218,0.0
6.0680000000000005,5.79551460595711,-1.5733637162230623,10.0,0.0,19.515084404439566,19.679859458607567,303.87217597979935,320.8159908817218,0.0
6.069,6.187065286050924,-1.5431021125856046,10.0,0.0,19.685569505078547,20.04075991778474,298.615281865285,320.8159908817218,0.0
6.07,6.5933887274586445,-1.415354850222554,10.0,0.0,19.86134655874779,20.34183876935418,295.93960663867193,320.8159908817218,0.0
6.071,6.93133695778016,-1.3287599596725452,10.0,0.0,20.041405826870182,20.597276370212306,293.4124140741459,320.8159908817218,0.0
6.072,7.289804366617133,-1.1566840426766787,10.0,0.0,20.210940526302103,20.80912420512801,283.3185776540288,320.8159908817218,0.0
6.073,7.60091294246339,-1.025329530821483,10.0,0.0,20.37197830214829,20.986103457240617,284.73799059903234,320.8159908817218,0.0
6.074,7.911924740467475,-0.872197037079297,10.0,0.0,20.519079196428034,21.130388349704596,296.2918753812775,320.8159908817218,0.0
6.075,8.065985065789443,-0.9558603899704786,10.0,0.0,20.676632784281647,21.261118324544775,299.21476145206344,320.8159908817218,0.0
6.0760000000000005,8.120812353515735,-1.158905815717758,10.0,0.0,20.853002374137205,21.390040262289624,314.9331647473752,320.8159908817218,0.0
6.077,8.129636215335541,-1.3955105485826231,7.75229718921197,0.0,21.048623265139362,21.276037304135944,318.5947477668005,320.8159908817218,0.0
6.078,7.998887523706554,-1.5620080941967243,5.943718110648543,0.0,21.229230453914838,21.03100065506114,330.5947032159791,320.8159908817218,0.0
6.079,7.717181651034971,-1.7214903610667327,-0.15404673728334384,0.0,21.38315133280484,20.205540206362084,329.84948279105174,320.8159908817218,0.0
6.08,7.120028489315638,-1.692532985424106,0.12822855608704042,0.0,21.434353944946547,19.63291561023439,335.70874714093816,320.8159908817218,0.0
6.081,6.529724681183945,-1.696744186002362,-2.9503311814483313,0.0,21.423926642081344,18.840171298148345,336.8357730154948,320.8159908817218,0.0
6.082,5.854861162033551,-1.6397598426579914,-3.674041940064379,0.0,21.328957248520396,18.145168049937187,338.17032495945097,320.8159908817218,0.0
6.083,5.2124204587054255,-1.5870963990033633,-4.514861252819757,0.0,21.168761334125872,17.488835012548726,337.9261446395721,320.8159908817218,0.0
6.0840000000000005,4.6186782306517005,-1.535076858366091,-4.563872630458827,0.0,20.953756192398394,16.944019867099527,336.7080021644506,320.8159908817218,0.0
6.085,4.114501743351439,-1.497312034573841,-4.11372150572536,0.0,20.702136115087967,16.531714450842074,335.0524021231993,320.8159908817218,0.0
6.086,3.722927675979281,-1.4792211913403028,-3.428285597514475,0.0,20.432835159365077,16.244405389673112,333.0012375660059,320.8159908817218,0.0
6.087,3.4427835351188794,-1.482539664154409,-2.5245557857606293,0.0,20.16227933353946,16.078353174080508,330.8478860141886,320.8159908817218,0.0
6.088,3.270787220424468,-1.5015924009858057,-1.5481989611766425,0.0,19.904236485060466,16.016330703259076,328.27001402741695,91.66002330580869,0.0
6.089,3.191318872612342,-1.534827454085178,-10.0,0.0,19.66926100281983,15.002266067267865,318.9897861308185,91.66002330580869,0.0
6.09,2.7034411913826473,-1.3019746610727458,-10.0,0.0,19.33043044744179,14.203500218497098,308.1104371968585,91.66002330580869,0.0
6.091,2.2162089292241225,-1.0212803667592423,-10.0,0.0,18.917058518280108,13.499444671090743,296.62191941566385,91.66002330580869,0.0
6.0920000000000005,1.8085212061651568,-0.7494810218476181,-10.0,0.0,18.447527242296815,12.864430812423752,284.6755533596026,91.66002330580869,0.0
6.093,1.4900615577794598,-0.5027245097292502,-10.0,0.0,17.93702248516125,12.276918896116964,272.4586152754031,91.66002330580869,0.0
6.094,1.2486685301473297,-0.2814929538957627,-10.0,0.0,17.39694910608806,11.720476332282983,260.0700064422349,91.66002330580869,0.0
6.095,1.0661827701611601,-0.08401092589069153,-10.0,0.0,16.83572810101657,11.183330190247238,247.41929969222807,91.66002330580869,0.0
6.096,0.92620176821152,0.09275542760188205,-10.0,0.0,16.259445103644527,10.657349614522515,234.81893540285486,91.66002330580869,0.0
6.097,0.8159262401857571,0.2523767762955513,-10.0,0.0,15.672401663615828,10.137069294696397,222.42737051886454,91.66002330580869,0.0
6.098,0.7247357376086621,0.39644147194741747,-10.0,0.0,15.077783632572627,9.619040862853247,210.27904743911193,91.66002330580869,0.0
6.099,0.6446724048659389,0.5261639297498547,-10.0,0.0,14.477995738047678,9.101248532666018,198.3968105180651,91.66002330580869,0.0
6.1000000000000005,0.5699426992907749,0.6426170858708602,-10.0,0.0,13.874894777361213,8.582676280330856,186.80057737712426,91.66002330580869,0.0
6.101,0.49635212168503895,0.7466999863746602,-10.0,0.0,13.269962100015675,8.062998823641443,175.4970154964485,91.66002330580869,0.0
6.102,0.420937696169815,0.8392278842831928,-10.0,0.0,12.664417704970848,7.54235552591704,164.4750851898515,91.66002330580869,0.0
6.103,0.3416768767927345,0.9209780073048683,-10.0,0.0,12.059296185104763,7.021186664336918,153.85490327330885,91.66002330580869,0.0
6.104,0.25736647006455554,0.992886376103401,-10.0,0.0,11.45547751172965,6.500104073474529,143.4493063930024,91.66002330580869,0.0
6.105,0.16708950293989333,1.0554575722853472,-10.0,0.0,10.85376869871379,5.9798352366772995,133.50398782000985,91.66002330580869,0.0
6.106,0.07048724055277239,1.109421512985657,-10.0,0.0,10.25489356180457,5.461145881449543,123.80652679234792,91.66002330580869,0.0
6.107,-0.03239932476647389,1.155660945289215,-10.0,0.0,9.659490304917108,4.944789447614885,114.41690163611004,91.66002330580869,0.0
6.1080000000000005,-0.14138255981260273,1.1949109240882794,-10.0,0.0,9.068136626990068,4.431487621676828,105.33064663707957,91.66002330580869,0.0
6.109,-0.2561572012392869,1.227806841001663,-7.583628104956619,0.0,8.481362083189444,4.18771689720112,98.27532593694201,91.66002330580869,0.0
6.11,-0.24788329943904774,1.1889803078369956,-4.1221207811991745,0.0,7.933487799138556,4.264190001843511,93.424635808418,91.66002330580869,0.0
6.111,-0.052393239228986976,1.0499216626922294,-1.7144218419632637,0.0,7.462956439591278,4.487039010089847,89.99887375055182,91.66002330580869,0.0
6.112,0.26125157182812675,0.8525468680386189,0.015070682522394963,0.0,7.082083757783809,4.774171141243702,87.32415139950699,91.66002330580869,0.0
6.113,0.6258681239748913,0.6364466601877797,1.3957905771078294,0.0,6.789808832189528,5.092115681635391,88.22595455603197,91.66002330580869,0.0
6.114,0.998974164537286,0.4206289243453968,0.9792296863431083,0.0,6.580134802057999,5.252013879558119,85.1233607095343,91.66002330580869,0.0
6.115,1.286684562703295,0.27748173420146627,2.5958932355546867,0.0,6.421006008289303,5.5290363706037,84.43192650229867,91.66002330580869,0.0
6.1160000000000005,1.5737654971555501,0.12036538064482905,3.0138913072076026,0.0,6.321343669991824,5.763555086749473,85.06625553793181,91.66002330580869,0.0
6.117,1.8354722171563929,-0.0012427848130562857,2.7626644670697993,0.0,6.266905171803474,5.9069238344636625,84.12814781188371,91.66002330580869,0.0
6.118,2.0298757345181504,-0.08151812627743782,3.3070370850331003,0.0,6.239861604111883,6.074137794255154,84.29741754488884,91.66002330580869,0.0
6.119,2.2000504310485796,-0.1543866320142364,3.29602827613973,0.0,6.239456571385,6.198496124695705,85.8551318896689,91.66002330580869,0.0
6.12,2.3358481839374923,-0.20530749494718925,2.5752200179111018,0.0,6.25640048484012,6.217963292650817,85.83020283843956,91.66002330580869,0.0
6.121,2.392050164197227,-0.23771865543111992,2.645982748199461,0.0,6.276652742769141,6.2473458777702575,86.20156643229318,91.66002330580869,0.0
6.122,2.4170709555672354,-0.27507423633515804,2.5148855200078084,0.0,6.301603035711809,6.258496840518586,88.77777308271395,91.66002330580869,0.0
6.123,2.4288649587292257,-0.2941071843867208,1.2556046970283696,0.0,6.326893464111672,6.132770685606408,87.40498172515883,91.66002330580869,0.0
6.1240000000000006,2.3660457149156273,-0.2763174680501749,1.9845507916124259,0.0,6.3349350359028005,6.121951124510591,88.1369711052528,91.66002330580869,0.0
6.125,2.329282676847662,-0.2889751913516837,1.653786623571003,0.0,6.342660741131762,6.072759899022411,89.62218457224921,91.66002330580869,0.0
6.126,2.2945328374521137,-0.2834161650858854,0.9315582774083913,0.0,6.343956683166758,5.956577742161304,88.09019423545023,91.66002330580869,0.0
6.127,2.2191319091656156,-0.2727863500449582,1.733251736511468,0.0,6.332391125920298,5.9554985628703285,89.968234889648,91.66002330580869,0.0
6.128,2.191114958487735,-0.2864568557871664,0.811149293574187,0.0,6.3234842602514405,5.846250397761379,88.81883460850251,91.66002330580869,0.0
6.1290000000000004,2.130326831488559,-0.27458032777786523,1.4142613211199933,0.0,6.303100141500127,5.829006234518978,89.59622567674083,91.66002330580869,0.0
6.13,2.097818509780729,-0.29149769818071003,1.046203763291514,0.0,6.285009694324112,5.767898658206967,89.50721298946819,91.66002330580869,0.0
6.131,2.0626647782497036,-0.290941134752265,1.1122382100912405,0.0,6.26238713855334,5.7255789867861395,89.51929342315859,91.66002330580869,0.0
6.132000000000001,2.0265456442382375,-0.30716811446203734,1.1276052920725415,0.0,6.23958540461992,5.689880628906219,90.02835774789443,91.66002330580869,0.0
6.133,2.0030242564076635,-0.31353963999852646,0.8893897852837611,0.0,6.2160326063037665,5.6313407181756165,89.6527303457158,91.66002330580869,0.0
6.134,1.9634517939135163,-0.3271141663336834,1.0972764159740085,0.0,6.190410579387672,5.6056669601263245,90.26067461248101,91.66002330580869,0.0
6.135,1.943403272967689,-0.33580758242378966,0.8072977695246772,0.0,6.165603909864817,5.547831470453122,89.99135502112746,91.66002330580869,0.0
6.136,1.9054390805061376,-0.34994270948236983,0.9586442480482649,0.0,6.138962288142471,5.516822337858357,90.17374717287296,91.66002330580869,0.0
6.1370000000000005,1.882817262456779,-0.3577990183774442,0.8823109335048704,0.0,6.112606758040753,5.478448585026637,90.56966370358182,91.66002330580869,0.0
6.138,1.8538362125401977,-0.37560105499130503,0.6952562641727092,0.0,6.086929066604611,5.424425671297143,90.06091396576092,91.66002330580869,0.0
6.139,1.8217698512296023,-0.37965330854464097,0.9656222264836403,0.0,6.058684580463862,5.40808557158951,91.38560030737135,91.66002330580869,0.0
6.140000000000001,1.8019494011489496,-0.39835203561633253,0.30602328566279846,0.0,6.033646870408777,5.317155076020926,89.87718557340584,91.66002330580869,0.0
6.141,1.75224164199959,-0.3968557839292089,1.0780590299695816,0.0,6.001668306846042,5.329603429291273,91.10796410152554,91.66002330580869,0.0
6.142,1.7456237090086866,-0.41203065906001607,0.46819035795256303,0.0,5.975816633747875,5.263034074550874,90.53719371678162,91.66002330580869,0.0
6.143,1.7066141485037682,-0.4257142613429034,0.7648038462147955,0.0,5.947246639985293,5.24348753072935,90.35949872329523,91.66002330580869,0.0
6.144,1.6886596521454758,-0.4342853404105227,0.8666565887831219,0.0,5.920384973891427,5.232861207707975,91.70804552936147,91.66002330580869,0.0
6.1450000000000005,1.6756773777119027,-0.4543481312727435,0.19190296351447494,0.0,5.897268038308979,5.146618429398227,90.20041880295831,91.66002330580869,0.0
6.146,1.6287424638744652,-0.4540803844204644,0.9603123717445587,0.0,5.867608438391428,5.162993824296987,90.83309796135535,91.66002330580869,0.0
6.147,1.624409495194332,-0.4676087075157216,0.6522420459905727,0.0,5.844043130964509,5.133201167215315,91.44035671424737,91.66002330580869,0.0
6.148,1.6040683906092599,-0.48621883899740215,0.3508093354601747,0.0,5.821766919804145,5.076148542015874,90.52155954735754,91.66002330580869,0.0
6.149,1.5698801967713634,-0.48875341696766794,0.8215925564896018,0.0,5.7961057695017875,5.080931329915199,90.74438457381584,91.66002330580869,0.0
6.15,1.5618778556630242,-0.5010493227904336,0.7193364305803829,0.0,5.774816216880401,5.067252093517585,92.01761338365206,91.66002330580869,0.0
6.151,1.549222960957334,-0.5183287275795698,0.07914612488383604,0.0,5.756065471349968,4.984725468136607,90.77405479504968,91.66002330580869,0.0
6.152,1.5020754555397786,-0.5160895786884441,0.7097851042926178,0.0,5.730518037408565,4.989408298181491,90.75594980524535,91.66002330580869,0.0
6.1530000000000005,1.48979408013804,-0.5242181003065216,0.7278783342004154,0.0,5.7089101587326905,4.987631443563531,91.9084205563389,91.66002330580869,0.0
6.154,1.483299212932727,-0.538436895262872,0.14915898614834044,0.0,5.690768164691625,4.920623047593541,91.22873223020935,91.66002330580869,0.0
6.155,1.443718483090777,-0.5414978366541614,0.49331605996910916,0.0,5.667934046061146,4.9064346950278095,90.74641875412702,91.66002330580869,0.0
6.156,1.4237189744635521,-0.5460876666191412,0.7436088435270884,0.0,5.646438775919376,4.917276539959348,90.95531383949702,91.66002330580869,0.0
6.157,1.422008575252142,-0.558402854462102,0.6462083955052038,0.0,5.629485989648012,4.911655845092552,92.09837687991052,91.66002330580869,0.0
6.158,1.4156548004918217,-0.5719769012955042,0.07029333955743833,0.0,5.615036405790351,4.843207100642786,91.33258208196087,91.66002330580869,0.0
6.159,1.3755955538343583,-0.5703332822120564,0.4564651507707429,0.0,5.594870367305965,4.832739301429888,90.93256951120252,91.66002330580869,0.0
6.16,1.356034272646802,-0.5731994873296516,0.6637459740959792,0.0,5.5760058715025,4.841991999207541,91.06347920848559,91.66002330580869,0.0
6.1610000000000005,1.3530864427909968,-0.5825700007085234,0.6042565664276738,0.0,5.560955189477644,4.839944983022581,91.7916454863906,91.66002330580869,0.0
6.162,1.3481657739974429,-0.5932414284964939,0.2388572056693457,0.0,5.5482850259596646,4.797510359915629,91.49683982202637,91.66002330580869,0.0
6.163,1.3220889397730948,-0.5935809865384738,0.3878918726892855,0.0,5.532569053589529,4.7809192348240925,91.37581479164942,91.66002330580869,0.0
6.164,1.3031705420642656,-0.5943462851685793,0.45124647301935605,0.0,5.516846353216144,4.771714539776535,91.3576819978427,91.66002330580869,0.0
6.165,1.2898987828747113,-0.5979690455296249,0.463336283002373,0.0,5.502166304028758,4.763825086824988,91.31619020501348,91.66002330580869,0.0
6.166,1.2790785818604198,-0.602588601793948,0.48752051042493494,0.0,5.4886372380504165,4.758853445686185,91.27348956801296,91.66002330580869,0.0
6.167,1.2698028512388437,-0.6087750864065044,0.5127361663031531,0.0,5.47659823230077,4.7564700702940375,90.99089677075081,91.66002330580869,0.0
6.168,1.2638748560056876,-0.6124108262656157,0.6607238302848091,0.0,5.465862856125249,4.76970694051477,90.85639211015068,91.66002330580869,0.0
6.1690000000000005,1.2661673093105899,-0.6191392550506046,0.7360124725414536,0.0,5.458228474357113,4.787037010288423,91.63984013258982,91.66002330580869,0.0
6.17,1.2730840491614526,-0.6265719585335561,0.34449029305406964,0.0,5.453840850838429,4.757312391891169,91.98053852641003,91.66002330580869,0.0
6.171,1.2545058034513052,-0.6276141654509222,0.17093594393795397,0.0,5.446959843557968,4.717058490800502,91.14372963693235,91.66002330580869,0.0
6.172,1.225338726729309,-0.6184479347512772,0.5945033253655576,0.0,5.435722839450354,4.731492430521369,90.65394815799824,91.66002330580869,0.0
6.173,1.2213758717571992,-0.6177699315004601,0.8494548163107147,0.0,5.427070011674994,4.767312509328791,91.11678982242121,91.66002330580869,0.0
6.174,1.23668175147525,-0.624552397277019,0.6234663189331059,0.0,5.423617325825838,4.76955377253824,92.09176489818593,91.66002330580869,0.0
6.175,1.2383642454173296,-0.6297785231361077,0.13166136512697468,0.0,5.421241084069282,4.719354965360482,91.36107786580912,91.66002330580869,0.0
6.176,1.2091355326669901,-0.6213193087313688,0.4999943357153737,0.0,5.41309981092749,4.7226050743695875,90.4368933912201,91.66002330580869,0.0
6.1770000000000005,1.1999507963627918,-0.6157058764848623,0.9743178721557728,0.0,5.405564790597722,4.773926338332122,90.65424540936739,91.66002330580869,0.0
6.178,1.2222835806513863,-0.621426475440118,0.8756996420465382,0.0,5.404600798904726,4.80122227955422,91.79377911280227,91.66002330580869,0.0
6.179,1.2398541896924742,-0.6290693545208766,0.3045952322591632,0.0,5.407246311212571,4.762147485557654,91.56572344555252,91.66002330580869,0.0
6.18,1.2202771043497405,-0.6240135304865407,0.41956606448659906,0.0,5.40508722345539,4.747931743312533,90.41661275643678,91.66002330580869,0.0
6.181,1.2051200784513205,-0.6135333251873352,1.0065555145381904,0.0,5.400620205906846,4.799812299695006,90.1971312184369,91.66002330580869,0.0
6.182,1.2262694609657987,-0.6146741266390288,1.1309252044118498,0.0,5.402018235964084,4.851390867734386,91.47085367818606,91.66002330580869,0.0
6.183,1.255850768163678,-0.6243854720053182,0.49595567081349307,0.0,5.409491159795308,4.823818586414375,91.75572699282965,91.66002330580869,0.0
6.184,1.245827142813599,-0.6211049650681227,0.35256197662148825,0.0,5.413001593894654,4.791725626444838,90.33231845333128,91.66002330580869,0.0
6.1850000000000005,1.2250220622030898,-0.6046398353046053,1.0775432948954462,0.0,5.411173329382498,4.846563210447901,89.82778726891974,91.66002330580869,0.0
6.186,1.2461243169013017,-0.6022180812624769,1.3481312474701097,0.0,5.414909908074864,4.915719772377006,91.2987602833521,91.66002330580869,0.0
6.187,1.2844407637764068,-0.6136978999220868,0.6162573704784956,0.0,5.426475482683883,4.891118543378333,91.67921739890721,91.66002330580869,0.0
6.188,1.2791229562341284,-0.6098722195978878,0.4258368717699517,0.0,5.433888753909875,4.857474601950807,90.01538174325137,91.66002330580869,0.0
6.189,1.2598139450233055,-0.5903892700961082,1.2742011152234474,0.0,5.435091436228559,4.925231466713373,89.78628172552129,91.66002330580869,0.0
6.19,1.2886484595814525,-0.5874361142319623,1.4074885398913595,0.0,5.4428195191415965,4.9891460007969775,91.33546947767863,91.66002330580869,0.0
6.191,1.3262878845499195,-0.5973684301825151,0.6361402020939915,0.0,5.457288333484893,4.957408706758189,91.02339821647222,91.66002330580869,0.0
6.192,1.317641015483983,-0.5898112969533453,0.7985420835905624,0.0,5.466205929175264,4.957197263747142,89.07264600949193,91.66002330580869,0.0
6.1930000000000005,1.3148723750469653,-0.5748182131138457,1.7997919600438714,0.0,5.47263695310544,5.0666302739585465,90.4137100480019,91.66002330580869,0.0
6.194,1.3701555024055436,-0.58120903939301,1.1417230733669546,0.0,5.490221097392846,5.0772541788290235,91.89987544923785,91.66002330580869,0.0
6.195,1.3880222151512658,-0.5824182023279202,0.3962418513146876,0.0,5.507178317398604,5.01173935495377,89.72663177456421,91.66002330580869,0.0
6.196,1.3593150268280692,-0.5572275084374743,1.5021976039639537,0.0,5.513105265058963,5.086918138321564,89.25428982308124,91.66002330580869,0.0
6.197,1.391255438451481,-0.5482537314015501,1.7624259145327152,0.0,5.525222187755018,5.16893677759288,91.09938397839713,91.66002330580869,0.0
6.198,1.4384146235673172,-0.5604112684291656,0.8454852301488853,0.0,5.545756348951998,5.1356313805722555,90.00505945359674,91.66002330580869,0.0
6.199,1.4342472256315737,-0.5490276990705922,1.4091971310711973,0.0,5.559532786327496,5.179817660942774,88.77640600466711,91.66002330580869,0.0
6.2,1.4592544064060846,-0.5352785954502792,2.0523600285474304,0.0,5.574951642297848,5.283281292862397,91.0930724082794,91.66002330580869,0.0
6.2010000000000005,1.5150964446023854,-0.5485602013158943,0.8996963357165791,0.0,5.60077344354455,5.238823259607089,89.81704182161141,91.66002330580869,0.0
6.202,1.5080300279247458,-0.533882658482997,1.5561414438925447,0.0,5.617819915570774,5.286464534846151,89.0374252476351,91.66002330580869,0.0
6.203,1.534885902258949,-0.5169249058253431,1.972175711462437,0.0,5.636207290554271,5.367220837771319,90.97021612902707,91.66002330580869,0.0
6.204,1.5790007346830504,-0.5252198375605621,1.0126783425342702,0.0,5.661913578349382,5.327451121821213,89.16780912390527,91.66002330580869,0.0
6.205,1.5731323783287046,-0.5060208141273215,1.938803986914201,0.0,5.678877423874965,5.406784468339922,89.83223417049821,91.66002330580869,0.0
6.206,1.6158913836524955,-0.4963922539109525,1.6248693549708364,0.0,5.701211068110393,5.4313246246525875,90.58715116255138,91.66002330580869,0.0
6.207,1.6364287626043357,-0.4962843161701404,1.2581395803768254,0.0,5.723849776004219,5.416611679240159,88.34329212999137,91.66002330580869,0.0
6.208,1.6417427661486728,-0.47088890501004066,2.4132364084150035,0.0,5.739960902717215,5.535982681388137,90.44959924410072,91.66002330580869,0.0
6.2090000000000005,1.7033002342000843,-0.47851199599360544,1.3721870919774055,0.0,5.767490511093504,5.512243121453887,88.70220462140422,91.66002330580869,0.0
6.21,1.7111809382730443,-0.46502492970155734,2.2754625901697025,0.0,5.788333394436777,5.603149973548708,89.90061592822869,91.66002330580869,0.0
6.211,1.7646949046974145,-0.46032823563043634,1.6938510105332683,0.0,5.815800908970303,5.60823267076049,89.11523834717038,91.66002330580869,0.0
6.212,1.7806980743895446,-0.45518404225518483,2.111987650648808,0.0,5.840511047441087,5.666139786911632,89.16177885058924,91.66002330580869,0.0
6.213,1.8239518623121453,-0.43967736554728665,2.1136998434915686,0.0,5.866886591175791,5.712136295131723,89.63345908576447,91.66002330580869,0.0
6.214,1.8560054704079407,-0.4423608448170995,1.898125368104397,0.0,5.895674480845793,5.729347033670946,88.31103021944344,91.66002330580869,0.0
6.215,1.8847638171144725,-0.4194741393776791,2.5928297321285663,0.0,5.920760283011682,5.823445830063015,89.78218691097682,91.66002330580869,0.0
6.216,1.937265386465933,-0.42916898524278646,1.8760297503101946,0.0,5.954042684699745,5.819360696230611,88.02564087147151,91.66002330580869,0.0
6.2170000000000005,1.960710535702947,-0.40611079631873737,2.790646594406221,0.0,5.980954983595465,5.92473421789644,89.81838352340688,91.66002330580869,0.0
6.218,2.018756773565206,-0.4152904129564876,1.9126916662625542,0.0,6.016953744487587,5.910389772076018,88.02070955859077,91.66002330580869,0.0
6.219,2.038857008815363,-0.3896635510175718,2.84792178614279,0.0,6.045007433728799,6.011103945896219,89.47660103500218,91.66002330580869,0.0
6.22,2.0937537113944904,-0.3968263029037793,2.1418102706451503,0.0,6.081371342754782,6.011689868423776,88.1515889519615,91.66002330580869,0.0
6.221,2.121932094695194,-0.3717964196521637,2.8394006557039604,0.0,6.11133253845438,6.097098991975329,88.88542821475659,91.66002330580869,0.0
6.222,2.1708976064871246,-0.37806464285616204,2.500226975216938,0.0,6.1477783303241305,6.127573891573429,89.02079374273676,91.66002330580869,0.0
6.223,2.2133897341729494,-0.3579802710197414,2.4589365068575724,0.0,6.181355069832671,6.15331118675651,87.35736491284545,91.66002330580869,0.0
6.224,2.2387022251834754,-0.35038335622800576,3.3336775057328554,0.0,6.213513047999936,6.274107388197711,89.55924221290736,91.66002330580869,0.0
6.2250000000000005,2.3146164015767523,-0.35454520974130455,2.2537466666309145,0.0,6.255068621528977,6.2504025305283974,87.74847177315907,91.66002330580869,0.0
6.226,2.335907484079928,-0.3269674643976087,3.1982474018315585,0.0,6.2870229814152445,6.346335227930593,88.25557557641861,91.66002330580869,0.0
6.227,2.390450114756197,-0.3323407854625132,2.9787399774956898,0.0,6.326242017823679,6.3964924890028865,89.35981099359672,91.66002330580869,0.0
6.228,2.4440421837026425,-0.3193037953026855,2.449624392028751,0.0,6.36506707457027,6.38419858617344,87.098368110454,91.66002330580869,0.0
6.229,2.462177754609153,-0.29278551845927836,3.6259623855536582,0.0,6.395993594808082,6.51024592233376,87.9610136279516,91.66002330580869,0.0
6.23,2.5325001646383924,-0.30522610016126395,3.2316297235834304,0.0,6.438065843393796,6.564087094755701,89.67426104541242,91.66002330580869,0.0
6.231,2.588924782927326,-0.3042736545866611,2.3948636374569827,0.0,6.481085809532907,6.523146948028323,89.36470694161213,91.66002330580869,0.0
6.232,2.579737858787268,-0.29842616190503124,2.5725938529990957,0.0,6.5150760646461325,6.520095604996785,89.56078146477523,91.66002330580869,0.0
6.2330000000000005,2.5606991593724966,-0.31302832487514287,2.4955490098278776,0.0,6.547026872798414,6.512498574569691,92.37680760683295,91.66002330580869,0.0
6.234,2.545318403165704,-0.31867590348878205,1.0803680957887738,0.0,6.575498109110557,6.355458372076547,90.84286970816426,91.66002330580869,0.0
6.235,2.456471876940039,-0.2883398086390421,1.8555085810995662,0.0,6.5820247553225615,6.326005886311266,91.40230714508554,91.66002330580869,0.0
6.236,2.4009348653631077,-0.2937309325273556,1.578367024246155,0.0,6.585849872913052,6.267134943647935,92.99960138131748,91.66002330580869,0.0
6.237,2.35540074714939,-0.2848996457119618,0.7663241253751014,0.0,6.582380031689582,6.132433686590444,91.32601134513772,91.66002330580869,0.0
6.238,2.2679092329518107,-0.2705723361447788,1.6064592630716914,0.0,6.564299357698474,6.120559590631288,93.15924143474444,91.66002330580869,0.0
6.239,2.2314434027518777,-0.28274114870366995,0.6748520369789692,0.0,6.548321183987711,6.000323016801788,91.8829111751985,91.66002330580869,0.0
6.24,2.163660924956546,-0.2700158324270514,1.3107882880580428,0.0,6.520395697349057,5.976872757119273,92.57128520520064,91.66002330580869,0.0
6.2410000000000005,2.127394002341238,-0.2870944997981978,0.9574886540630547,0.0,6.494923639979611,5.911064189200636,92.40079584759603,91.66002330580869,0.0
6.242,2.089751267046393,-0.2884198710740824,1.0353256074474857,0.0,6.465392935721881,5.865162365205435,92.47259980779569,91.66002330580869,0.0
6.243,2.052816698696897,-0.30589767992243333,0.9912978623277862,0.0,6.436134424750963,5.818962606852467,92.69472803462396,91.66002330580869,0.0
6.244,2.024629928111599,-0.31306240273245645,0.8698867016254959,0.0,6.40579513046246,5.764273222092536,92.61228113109742,91.66002330580869,0.0
6.245,1.9871516113306171,-0.32901302794674414,0.9015875751358811,0.0,6.3747037486722835,5.720560801212967,92.66694203704314,91.66002330580869,0.0
6.246,1.9592695167174439,-0.3371847187185415,0.8641879348506745,0.0,6.343089642705925,5.676371762315503,92.97145502286936,91.66002330580869,0.0
6.247,1.9272165644703827,-0.3552580666129451,0.6988171247669572,0.0,6.312124394807121,5.618870427805835,92.57081444408884,91.66002330580869,0.0
6.248,1.893772036183068,-0.3605834942074543,0.8900295027744181,0.0,6.278910601803682,5.590068140228046,93.4206151793579,91.66002330580869,0.0
6.2490000000000006,1.867605505070506,-0.38045256225949475,0.44752321640439785,0.0,6.248270302552586,5.512780759966423,92.35390666254195,91.66002330580869,0.0
6.25,1.8256225185723758,-0.3815570700820734,0.9739386412450401,0.0,6.212888100380407,5.506845310605696,93.99217521549048,91.66002330580869,0.0
6.251,1.810291625192768,-0.4007606934825345,0.13148284567395674,0.0,6.182551926985193,5.40129746260937,92.29255470651675,91.66002330580869,0.0
6.252,1.7536874697508054,-0.4013615093813945,0.9749677861537376,0.0,6.1445686396447385,5.410551831646463,92.93195019785178,91.66002330580869,0.0
6.253,1.745074028345795,-0.4163167923788489,0.6425507715657952,0.0,6.112948190912769,5.370463151036461,93.20086427546869,91.66002330580869,0.0
6.2540000000000004,1.7202230328564814,-0.4366394638475858,0.49268532306073887,0.0,6.082566860024585,5.320707739514362,92.49245432919554,91.66002330580869,0.0
6.255,1.6910766671642348,-0.4435941022077786,0.8385659859634456,0.0,6.050809904577942,5.315392853731253,92.96287322322596,91.66002330580869,0.0
6.256,1.6808181615838007,-0.459553048436926,0.5903280397740649,0.0,6.023383093799257,5.277505752228859,93.45395303951983,91.66002330580869,0.0
6.257000000000001,1.6560327038745792,-0.4770721878876455,0.3268488342900153,0.0,5.996677769825489,5.216788161949696,92.56638119364986,91.66002330580869,0.0
6.258,1.619820370771199,-0.47915582178915483,0.761571178346589,0.0,5.966625227555839,5.213661550266413,92.78442668524312,91.66002330580869,0.0
6.259,1.607229748586396,-0.49254572109831907,0.6413043987556155,0.0,5.940717330929821,5.191288621438216,93.97507891127101,91.66002330580869,0.0
6.26,1.5902010273199323,-0.5086340153027181,0.022827729687045828,0.0,5.916798744452976,5.103479683146066,92.63106546574726,91.66002330580869,0.0
6.261,1.5400543063664396,-0.5061953929432195,0.6851240308495385,0.0,5.886061991393012,5.106442991946227,92.66542241621656,91.66002330580869,0.0
6.2620000000000005,1.5269878345115941,-0.5154390141427392,0.6578915645108088,0.0,5.859736429074603,5.097353604945988,93.85162755799283,91.66002330580869,0.0
6.263,1.5169033201955113,-0.5310714445047203,0.042872951100832335,0.0,5.836761615415833,5.020139509458444,92.8337304731187,91.66002330580869,0.0
6.264,1.4728790231618762,-0.5320954851281373,0.5400844218647931,0.0,5.808319193739142,5.013934617602449,92.50642498918327,91.66002330580869,0.0
6.265000000000001,1.4565742633642582,-0.5392775027655523,0.6952731469987639,0.0,5.782880306578402,5.0189578984288845,92.67811588333963,91.66002330580869,0.0
6.266,1.4537432804583874,-0.5531477014815968,0.5992467741452765,0.0,5.761941537898769,5.00896853471305,93.90977898107161,91.66002330580869,0.0
6.267,1.445543093904669,-0.5676733686544251,-0.0390823314733435,0.0,5.743556831117369,4.929502003303171,92.89245851273303,91.66002330580869,0.0
6.268,1.4001873992906342,-0.5648615813142628,0.4572535506267039,0.0,5.718609388593974,4.922031016985339,92.47987786645733,91.66002330580869,0.0
6.269,1.3815336474595237,-0.5687708148452797,0.6553453281580675,0.0,5.695867725252947,4.93123747750968,92.52632977565537,91.66002330580869,0.0
6.2700000000000005,1.3792955855908025,-0.5803737186884079,0.6234563088605805,0.0,5.677558101385896,4.931820065036699,93.38325673566546,91.66002330580869,0.0
6.271,1.3770655958245581,-0.5926505692141376,0.17776049455697018,0.0,5.662372123177645,4.882028700299484,93.09055600557173,91.66002330580869,0.0
6.272,1.3478604342332505,-0.594254803963242,0.30980553260620347,0.0,5.643779303633644,4.857870054421001,92.80189242430323,91.66002330580869,0.0
6.273,1.324980044563066,-0.5938393272698969,0.44271863205550543,0.0,5.624568156672437,4.849792772982704,92.83922896668795,91.66002330580869,0.0
6.274,1.31173624932413,-0.5978639615415707,0.41225830425435195,0.0,5.606917260800338,4.837150351519077,92.81515853772372,91.66002330580869,0.0
6.275,1.2991029735388941,-0.6023897239920193,0.41274216641731987,0.0,5.5902247998959185,4.825622133114529,92.72193353270742,91.66002330580869,0.0
6.276,1.2872051575341248,-0.6066383856130608,0.4487355666564793,0.0,5.574470858395296,4.818714352867343,92.61280583678891,91.66002330580869,0.0
6.277,1.277646229431191,-0.6115058383313402,0.49377158930593534,0.0,5.560094466202816,4.816448488915135,92.42134134453168,91.66002330580869,0.0
6.2780000000000005,1.2710609054539903,-0.6169950877979726,0.581890655047318,0.0,5.547484269748511,4.822843105500421,92.33690413881806,91.66002330580869,0.0
6.279,1.2705693926413886,-0.6222486222371788,0.6173404495740378,0.0,5.537297550891811,4.830343740691889,92.4237405638685,91.66002330580869,0.0
6.28,1.2721705762783122,-0.6271774562715233,0.5662850644682148,0.0,5.529369203839315,4.829924004843443,93.26500539618739,91.66002330580869,0.0
6.281,1.2684971164694145,-0.6322256914924521,0.12960282740498552,0.0,5.5226977354411835,4.781649008064045,92.73501687437428,91.66002330580869,0.0
6.282,1.238612678557175,-0.6260883427256333,0.3838471526258843,0.0,5.511140323488364,4.773118615839962,91.95512203372583,91.66002330580869,0.0
6.283,1.223262406589519,-0.6206399881764414,0.7708435856709394,0.0,5.499347667995675,4.80570237156307,91.89190081745721,91.66002330580869,0.0
6.284,1.2339098397051722,-0.6247498793847264,0.800135418688762,0.0,5.492499225202971,4.831875903103711,92.8287078945615,91.66002330580869,0.0
6.285,1.2480437889540437,-0.6326194052083419,0.3200450342490885,0.0,5.489777528772115,4.800196116506257,92.94654504762843,91.66002330580869,0.0
6.2860000000000005,1.231407715840585,-0.6314638715307442,0.24826124029742624,0.0,5.483954219361828,4.770288132970145,91.89274170245467,91.66002330580869,0.0
6.287,1.2092489272916023,-0.6210792882635311,0.7728357289178475,0.0,5.474591693716343,4.803480754543633,91.36647210473183,91.66002330580869,0.0
6.288,1.2182258941421924,-0.6211266039360454,1.0389060397900385,0.0,5.4695937333494005,4.855230796465904,92.3122656458001,91.66002330580869,0.0
6.289,1.2455071579511574,-0.6305388459171452,0.5594868458559896,0.0,5.471305446672577,4.842998054367307,93.11348494842498,91.66002330580869,0.0
6.29,1.243196755871443,-0.6321128685247976,0.14434257811738338,0.0,5.471701734520605,4.791815037165839,91.82724595280898,91.66002330580869,0.0
6.291,1.2141925438507284,-0.6168580599550537,0.7857898494553821,0.0,5.465246322694935,4.823667952295367,90.93231650731985,91.66002330580869,0.0
6.292,1.2203623274453212,-0.6127142327493718,1.2405316401848334,0.0,5.462318470657859,4.894328440680624,91.89507421118002,91.66002330580869,0.0
6.293,1.2570501938379903,-0.6222265450677104,0.7568022792010387,0.0,5.46783724529009,4.895898479940887,92.92486177467664,91.66002330580869,0.0
6.2940000000000005,1.2652435185519633,-0.6247524607169493,0.22926011276404623,0.0,5.473143873983357,4.844136660985506,91.64512743572055,91.66002330580869,0.0
6.295,1.238693492999113,-0.6091818867324093,0.8692762409429724,0.0,5.471005635616967,4.876761318616995,90.52671016101822,91.66002330580869,0.0
6.296,1.2466036162417353,-0.6022692490086384,1.4398180097420463,0.0,5.4717390024405965,4.961133506122589,91.75236083271741,91.66002330580869,0.0
6.297,1.2906326747946086,-0.6123882284623907,0.8260692986233594,0.0,5.482018465449571,4.959159940440547,92.75292291437523,91.66002330580869,0.0
6.298,1.2994031508222206,-0.6126920674823028,0.31485926170878464,0.0,5.4910048580871,4.907791598900685,91.17389917222285,91.66002330580869,0.0
6.299,1.2741355275853872,-0.5935772116285359,1.1092323741208365,0.0,5.491850104772775,4.95781901682936,90.08271736577908,91.66002330580869,0.0
6.3,1.2924101803492123,-0.5862726298775316,1.6705963367430183,0.0,5.497001213148676,5.054471634361667,91.90163910441625,91.66002330580869,0.0
6.301,1.3448443323638766,-0.5996251266991052,0.7587193094383566,0.0,5.512844292908098,5.030468978154621,92.45952626348948,91.66002330580869,0.0
6.3020000000000005,1.344383223669683,-0.5959986231841748,0.4717807003249328,0.0,5.524170358716021,4.988581482291302,90.44053966324222,91.66002330580869,0.0
6.303,1.3238680871378152,-0.5716534327373728,1.4934688368742275,0.0,5.527533362442818,5.069522477638226,90.54516886209095,91.66002330580869,0.0
6.304,1.3598985174396432,-0.5678737852973719,1.4523027818870413,0.0,5.538481856017696,5.123792027710536,92.2940415639693,91.66002330580869,0.0
6.305,1.3953275078357128,-0.5745949851775718,0.5715262483662579,0.0,5.55453958370354,5.073718829355139,90.7546237057445,91.66002330580869,0.0
6.306,1.378467764081339,-0.5593569787051167,1.350289173479297,0.0,5.562240826074487,5.126939272418447,89.4602631705108,91.66002330580869,0.0
6.307,1.403937054545951,-0.5480063395140217,2.0194670424491297,0.0,5.573397798268373,5.2384595123594195,91.70006657120518,91.66002330580869,0.0
6.308,1.4650430251865914,-0.5638647123855401,0.8991649094479724,0.0,5.5964490246447465,5.203551448340036,91.11670013724701,91.66002330580869,0.0
6.309,1.4631496567842643,-0.5553930570024407,1.1962813581126772,0.0,5.612613856160689,5.219144474274018,89.18391031802828,91.66002330580869,0.0
6.3100000000000005,1.4744923986518899,-0.5354716371747558,2.1874373975998447,0.0,5.626614867491219,5.339584045333677,91.64550789204242,91.66002330580869,0.0
6.311,1.5365108479976843,-0.5467853765556747,0.9567837647304398,0.0,5.652703460324844,5.297387698400554,90.79735245403896,91.66002330580869,0.0
6.312,1.5308884407113108,-0.5351058357355175,1.3894881922498667,0.0,5.670565672297764,5.323162518094895,89.3001031842379,91.66002330580869,0.0
6.313,1.5480521855723686,-0.5130453025702062,2.1617120283661047,0.0,5.686909281802846,5.42681941870711,91.565891401672,91.66002330580869,0.0
6.314,1.6020732440309424,-0.5226528180788604,1.0297592386904182,0.0,5.713261652456245,5.3837372660012885,89.86239649632194,91.66002330580869,0.0
6.315,1.5971160085136553,-0.5048040319822753,1.8994829594603206,0.0,5.730611129148009,5.455673209304321,90.28951662997297,91.66002330580869,0.0
6.316,1.6372339933699982,-0.49290641071031216,1.6996279593931627,0.0,5.7522890020219535,5.487006668041773,91.17116416474427,91.66002330580869,0.0
6.317,1.6605697760640161,-0.49353224376370297,1.263692783418155,0.0,5.775120251330837,5.469254492588513,88.91363663215876,91.66002330580869,0.0
6.3180000000000005,1.665505137736775,-0.4677411681472936,2.419920416447411,0.0,5.791049881515171,5.586795519047376,90.94653690985417,91.66002330580869,0.0
6.319,1.7264155156702585,-0.47458900551927224,1.4106051415592469,0.0,5.818151824194039,5.564937661354836,89.16226129025742,91.66002330580869,0.0
6.32,1.7356439836095687,-0.46077379724260104,2.3277205715131375,0.0,5.838769635551612,5.658545606049259,90.47192814487826,91.66002330580869,0.0
6.321,1.7909172469819081,-0.4571823421488229,1.68476809581202,0.0,5.8664295522653225,5.658970836491772,89.37068533762955,91.66002330580869,0.0
6.322,1.8061692901012874,-0.4501429412776872,2.258282879118166,0.0,5.890627580807022,5.730510694372681,89.96900180574684,91.66002330580869,0.0
6.323,1.8556545596491143,-0.43812622258821365,1.9760348600601398,0.0,5.918308347235516,5.755243080171159,89.60165391170435,91.66002330580869,0.0
6.324,1.8797106895030697,-0.4364592344867292,2.180292501022431,0.0,5.945631074096739,5.803409803140616,89.48856447530007,91.66002330580869,0.0
6.325,1.9218153737720536,-0.41874711720887314,2.2585518075296576,0.0,5.973106537549234,5.85166711983437,89.64609331435443,91.66002330580869,0.0
6.3260000000000005,1.9552798199547692,-0.4209156582125778,2.199926687917018,0.0,6.003075847009043,5.887354852744126,89.24277829036645,91.66002330580869,0.0
6.327,1.9948602338595498,-0.40097791931210913,2.4257566500654333,0.0,6.031402162124756,5.9438790892736435,89.37124476273641,91.66002330580869,0.0
6.328,2.031998818084,-0.4041334065206615,2.384411199311174,0.0,6.063094750363796,5.9870877943316865,89.45958169884759,91.66002330580869,0.0
6.329,2.076910846220415,-0.38599265136819494,2.3622471473251965,0.0,6.093911912345882,6.02255135924415,88.53926061757774,91.66002330580869,0.0
6.33,2.106334364307638,-0.383506342232399,2.85361531484243,0.0,6.125101628167589,6.109034956102103,90.05810492461902,91.66002330580869,0.0
6.331,2.1685471077207876,-0.37698128016245436,2.1102123451336876,0.0,6.1611278383565855,6.096751989918722,87.57659860161361,91.66002330580869,0.0
6.332,2.1857564858260585,-0.35737008269102033,3.3917997536783413,0.0,6.19023114980719,6.2364376818521325,89.92849618413854,91.66002330580869,0.0
6.333,2.263282599689902,-0.3704385168890433,2.2331662336325793,0.0,6.2320263390425685,6.216443795702808,88.48551417018969,91.66002330580869,0.0
6.3340000000000005,2.2891369999096085,-0.3425169606614137,2.9864023319631943,0.0,6.264440565212456,6.295002400223251,88.56834348737898,91.66002330580869,0.0
6.335,2.3350640074954616,-0.3453232513607558,2.9759044715528447,0.0,6.3020571367566065,6.355466014447949,89.75968061965169,91.66002330580869,0.0
6.336,2.390918680967963,-0.3333564658108255,2.3992393322780607,0.0,6.340614003251322,6.344631993682351,87.51831345385428,91.66002330580869,0.0
6.337,2.4099543166139505,-0.308033568781953,3.5613400136963116,0.0,6.3715659302023315,6.470799414805206,88.67740998633508,91.66002330580869,0.0
6.338,2.480380353249591,-0.32042390469431237,3.0116178806506464,0.0,6.413655572491172,6.507798337388213,89.51313610186801,91.66002330580869,0.0
6.339,2.5339033172534684,-0.30531830704820423,2.6152236949235856,0.0,6.453450623709237,6.502016927168211,87.44301467740222,91.66002330580869,0.0
6.34,2.555691993861504,-0.27943278489594,3.6924544934405485,0.0,6.485991677323205,6.621390967999306,89.69646821078457,91.66002330580869,0.0
6.341,2.608442717457228,-0.31744120115693414,2.585363277699612,0.0,6.531655810669118,6.593944675562567,91.82555881894689,91.66002330580869,0.0
6.3420000000000005,2.6088214070724325,-0.3202398866944184,1.5191626184870728,0.0,6.569936672683279,6.468084116726408,90.32755639919304,91.66002330580869,0.0
6.343,2.5365966386601784,-0.29881567522344654,2.2814884974301517,0.0,6.589418742495228,6.461104064672648,91.64754849097828,91.66002330580869,0.0
6.344,2.4964748011165474,-0.3085683741661105,1.6216171996858368,0.0,6.607541639119008,6.380252277709826,92.78895022288422,91.66002330580869,0.0
6.345,2.443112953462711,-0.2924500864416719,1.0396270645621097,0.0,6.613896528745011,6.257346342085985,91.39538561447037,91.66002330580869,0.0
6.346,2.355723693712903,-0.27799936148041704,1.73905574568242,0.0,6.605896938977539,6.2392027453575425,93.3217857681044,91.66002330580869,0.0
6.347,2.3144047276501754,-0.28628916433454726,0.7592380442424456,0.0,6.597939334077533,6.1109705090249955,92.148771690938,91.66002330580869,0.0
6.348,2.2395883251341013,-0.2684495020271278,1.3408575989743525,0.0,6.575909005151919,6.076358678486756,92.58466021800784,91.66002330580869,0.0
6.349,2.193650947813539,-0.28092074504898235,1.1136669663174432,0.0,6.55417075942052,6.016502780450299,92.96743204921059,91.66002330580869,0.0
6.3500000000000005,2.1551175304524945,-0.2811990526309721,0.9092069632820514,0.0,6.528526649862413,5.944019255773533,92.40055215294451,91.66002330580869,0.0
6.351,2.1043717970463978,-0.2909246796186571,1.1852416229437297,0.0,6.499265634685267,5.913824781702832,93.34902533262259,91.66002330580869,0.0
6.352,2.0791757278134035,-0.29992687628794995,0.6941150128365532,0.0,6.470804258982512,5.829203490094649,92.52728177620558,91.66002330580869,0.0
6.353,2.0276946526760296,-0.3095599213920782,1.0963142063410865,0.0,6.437696504683974,5.80476232503636,93.26761748159339,91.66002330580869,0.0
6.354,2.0054340061001086,-0.3202367943893377,0.710070411889336,0.0,6.406533534888119,5.734879552101286,92.7791670672642,91.66002330580869,0.0
6.355,1.9622384414211314,-0.33449035596443283,0.9431041814393777,0.0,6.372959707821629,5.702893817724083,93.06681132059026,91.66002330580869,0.0
6.356,1.9389925990117198,-0.34435640282225977,0.7852141746285299,0.0,6.340487419562679,5.653176122651505,93.22008280400382,91.66002330580869,0.0
6.357,1.9056313554177202,-0.36225884226724214,0.6929778379397977,0.0,6.308161198492737,5.600053149663882,92.85428697119117,91.66002330580869,0.0
6.3580000000000005,1.8739346714751588,-0.3688796130290861,0.8639331176922986,0.0,6.2743045626203795,5.571890318805433,93.77108994115568,91.66002330580869,0.0
6.359,1.8488666399155713,-0.3890760528718841,0.38442096635657497,0.0,6.243172707924502,5.491142734633266,92.60771654296359,91.66002330580869,0.0
6.36,1.8053695458674628,-0.38964706736564536,0.9566307330810722,0.0,6.206940127476878,5.487628919291478,94.17594388064585,91.66002330580869,0.0
6.361,1.7916412378519435,-0.4075981567414781,0.14735785849157113,0.0,6.175948333226245,5.387176256508239,92.65226306362423,91.66002330580869,0.0
6.362,1.736863801117742,-0.411250387121256,0.8992758694242224,0.0,6.138232686570367,5.390361625487357,93.05099142359904,91.66002330580869,0.0
6.363,1.7259581971328868,-0.42515128244065625,0.6860020082589133,0.0,6.106099717659326,5.359129430136455,93.5595929566413,91.66002330580869,0.0
6.364,1.70509194014437,-0.4463532640887516,0.412705545229461,0.0,6.076250035132395,5.302063517336842,92.71497680650333,91.66002330580869,0.0
6.365,1.6732987289001082,-0.4519174482513961,0.8244640852914977,0.0,6.044078770019606,5.2990342222686,93.00874985829356,91.66002330580869,0.0
6.3660000000000005,1.663146354450045,-0.4678565027217846,0.6640902938715365,0.0,6.016519356061387,5.272130856816151,94.03178976799549,91.66002330580869,0.0
6.367,1.6443394882462896,-0.4868310334011887,0.12885267439870063,0.0,5.990953354783777,5.189856717823225,92.70266257540545,91.66002330580869,0.0
6.368,1.5982533977024742,-0.4854932853134356,0.7829898779977511,0.0,5.959379642138187,5.195442262490236,92.9851194500573,91.66002330580869,0.0
6.369,1.5881925605429537,-0.4970302553480431,0.6285104792293437,0.0,5.932804299408542,5.174423606707581,94.0607631686744,91.66002330580869,0.0
6.37,1.571445810559841,-0.5151586845697145,0.06668122129213616,0.0,5.908663382887633,5.094334391971365,92.84501386281708,91.66002330580869,0.0
6.371,1.525964571983892,-0.5138311331741452,0.6627059686507097,0.0,5.878600321599466,5.0958564905890205,92.82813454543047,91.66002330580869,0.0
6.372,1.5132445340393488,-0.5234941471593956,0.6594645149477973,0.0,5.852771983354213,5.088847657623326,93.9977889328739,91.66002330580869,0.0
6.373,1.504912385237747,-0.5380405917752231,0.05125966495543044,0.0,5.830329074404807,5.013876091156276,93.15352346844347,91.66002330580869,0.0
6.3740000000000006,1.4616685408934436,-0.5402689555362065,0.4584573955443003,0.0,5.802732955271184,4.999704690695546,92.66931807491768,91.66002330580869,0.0
6.375,1.441384845291711,-0.5456496891030728,0.6904671446161024,0.0,5.777048905059596,5.007438681532284,92.80361105394603,91.66002330580869,0.0
6.376,1.4385169319052769,-0.5592109869289583,0.6118847776205565,0.0,5.75614459437802,5.000979343920452,93.83583030210859,91.66002330580869,0.0
6.377,1.4329395203233568,-0.5725626893108408,0.07401708357627657,0.0,5.738017855287165,4.935280722466876,93.24691845931737,91.66002330580869,0.0
6.378,1.39463060719936,-0.5735283430050618,0.35260405343679957,0.0,5.715106632842584,4.914520739202496,92.75363807637447,91.66002330580869,0.0
6.3790000000000004,1.3711981223319318,-0.5754067852928753,0.5883080972025911,0.0,5.6926075064307415,4.918881691339902,92.87041684633623,91.66002330580869,0.0
6.38,1.3650527295613402,-0.5842211305214253,0.5178147768164385,0.0,5.673745181426086,4.91088699829834,93.61040745765204,91.66002330580869,0.0
6.381,1.3565302760845974,-0.5945783113392265,0.1283156296400958,0.0,5.657020766055412,4.8605415850296705,93.00126023864954,91.66002330580869,0.0
6.382000000000001,1.3268467183199995,-0.5923945842509843,0.41947686981294185,0.0,5.636590469107054,4.852660966260912,92.91199388018323,91.66002330580869,0.0
6.383,1.3118851207933968,-0.5954358876401045,0.4515903433023485,0.0,5.617771520620341,4.845495189506582,92.93068035405228,91.66002330580869,0.0
6.384,1.3016642753908174,-0.6011162685962116,0.4295405358853859,0.0,5.600712318178148,4.83539215904727,92.86861190254697,91.66002330580869,0.0
6.385,1.2913235882834422,-0.6064518760613276,0.44848887567065887,0.0,5.584878845945843,4.827933593968005,92.77446362182219,91.66002330580869,0.0
6.386,1.2821000693601985,-0.6115907663736435,0.4844186128729142,0.0,5.570394786288548,4.824311506078316,92.61956375762277,91.66002330580869,0.0
6.3870000000000005,1.274694890630947,-0.6174102726261035,0.5522731404544843,0.0,5.557585680592657,4.8274302561448,92.47033795860577,91.66002330580869,0.0
6.388,1.2723515024942773,-0.6220143927414119,0.618782893435015,0.0,5.546817618623167,4.835777469094833,92.23980928359988,91.66002330580869,0.0
6.389,1.273298522950931,-0.6279742947939368,0.728249371160046,0.0,5.538570632170254,4.853461763441262,93.13947606152124,91.66002330580869,0.0
6.390000000000001,1.2802004930561801,-0.6346917474856936,0.2636214546422435,0.0,5.53359609457284,4.815599447606537,93.33664293514886,91.66002330580869,0.0
6.391,1.2575903115078646,-0.6335620425081214,0.1482718215350305,0.0,5.525141337077245,4.775539868790292,92.43673458950747,91.66002330580869,0.0
6.392,1.2277575953421822,-0.6231204628574543,0.590458881518739,0.0,5.512388820737789,4.791490341998139,91.89234605312679,91.66002330580869,0.0
6.393,1.2248422433270494,-0.622078206110241,0.8603299222358982,0.0,5.502496370907377,4.829856821690311,92.38595001006834,91.66002330580869,0.0
6.394,1.24233274181222,-0.6289103506916605,0.6062686767225238,0.0,5.4981917725006495,4.830798852663063,93.35993226174264,91.66002330580869,0.0
6.3950000000000005,1.2441844759873903,-0.6341259783789166,0.10227846132603424,0.0,5.4949172346316555,4.778289123684969,92.50658243917016,91.66002330580869,0.0
6.396,1.2145725283398763,-0.6243131890358176,0.5204877812786609,0.0,5.485587614547137,4.785021672749517,91.53107833885575,91.66002330580869,0.0
6.397,1.2075260701484807,-0.6186578474405622,1.0095292811053953,0.0,5.4773402516954794,4.840239467605153,91.85297883113186,91.66002330580869,0.0
6.398000000000001,1.2329879353507558,-0.6248454937083265,0.8466494797141064,0.0,5.476176599119956,4.863432283784585,92.9924784870832,91.66002330580869,0.0
6.399,1.2496977845972252,-0.6316390095169342,0.2635750999256913,0.0,5.4781340036962005,4.82009660456062,92.56746623985558,91.66002330580869,0.0
6.4,1.2282859532618575,-0.6246331863760324,0.4670067941990361,0.0,5.474723524188837,4.812020863823982,91.35347502179407,91.66002330580869,0.0
6.401,1.2161788546489678,-0.6144637452873765,1.0770678860699365,0.0,5.469797938270201,4.870601714907402,91.31583367355493,91.66002330580869,0.0
6.402,1.2423475435298945,-0.6165279732880822,1.0993304565120412,0.0,5.4715517555427375,4.916180567357509,92.60767700031506,91.66002330580869,0.0
6.4030000000000005,1.270625913785227,-0.625211862816609,0.44393225618691234,0.0,5.47862266190116,4.882211554710397,92.59362016724535,91.66002330580869,0.0
6.404,1.2573485971109448,-0.6197080055752118,0.44162470410740406,0.0,5.480897313167192,4.8603899737750655,91.12239759201063,91.66002330580869,0.0
6.405,1.2413900663316704,-0.6040735219427387,1.1826122488627444,0.0,5.479097586585927,4.924132386722732,90.94495510503435,91.66002330580869,0.0
6.406,1.2693023991332217,-0.6030119922320112,1.2784841743586255,0.0,5.483891650525702,4.981226680158536,92.39418934811108,91.66002330580869,0.0
6.407,1.3036527753629088,-0.612441940082334,0.5465253923972362,0.0,5.494963646975721,4.948117347316773,92.26476101795745,91.66002330580869,0.0
6.408,1.2931421688378077,-0.6055981153399583,0.6051921803525633,0.0,5.500770390296398,4.9346987523789485,90.54166136741759,91.66002330580869,0.0
6.409,1.2829629302656782,-0.5891834546355007,1.4779256250064068,0.0,5.50291742536116,5.019631312477027,91.01174735143425,91.66002330580869,0.0
6.41,1.3240127877682801,-0.5902676961944491,1.2493653925418198,0.0,5.5136264261077805,5.057799083343123,92.68536193224425,91.66002330580869,0.0
6.4110000000000005,1.3527548017107214,-0.5951472137984157,0.4023047158724662,0.0,5.527607208387196,4.999578782129643,91.30417215918334,91.66002330580869,0.0
6.412,1.3287208009991294,-0.5786559806082642,1.096458113869175,0.0,5.532505051490366,5.0363372300294875,89.62652316567855,91.66002330580869,0.0
6.413,1.3419977623874162,-0.5660531640457989,1.9556176120228708,0.0,5.539367557583233,5.155774822506773,91.72724416843835,91.66002330580869,0.0
6.414,1.4050347773666148,-0.5807484022777047,0.9045849020166754,0.0,5.559230076685676,5.132948411229572,92.28325853132957,91.66002330580869,0.0
6.415,1.4087256451677124,-0.5771453712826339,0.6203453683158574,0.0,5.574280416958377,5.093859246074977,90.06020583730678,91.66002330580869,0.0
6.416,1.3922958904311622,-0.5505609422238926,1.747869890012268,0.0,5.58102854980184,5.188898305885758,90.83765795837891,91.66002330580869,0.0
6.417,1.4365805833110388,-0.5487290261325714,1.3673674829505007,0.0,5.596670108862575,5.216942149241895,92.2851563904091,91.66002330580869,0.0
6.418,1.4606434070041892,-0.5509987030866941,0.6373669360894031,0.0,5.613819879978717,5.165046664406941,89.77156950165875,91.66002330580869,0.0
6.4190000000000005,1.4433702643965345,-0.5269119523272703,1.9130449185060794,0.0,5.6213928861466735,5.269820962625318,90.39304965913526,91.66002330580869,0.0
6.42,1.4946393669826823,-0.5248837479073399,1.614974576234558,0.0,5.638703786541073,5.313518281454065,91.8568941623518,91.66002330580869,0.0
6.421,1.5283915417105283,-0.5318745609604891,0.8810836160608593,0.0,5.659442600258953,5.273629608048782,89.43431956791706,91.66002330580869,0.0
6.422,1.5215494638479141,-0.5098015971449479,2.1146279506571433,0.0,5.671620731114275,5.383922620075312,90.62378884738538,91.66002330580869,0.0
6.423,1.577947829747435,-0.5105365403533374,1.530255655507213,0.0,5.693911923477795,5.40151550714469,91.18074032659946,91.66002330580869,0.0
6.424,1.599865559609271,-0.5122098005640269,1.2565727456922664,0.0,5.715909994502994,5.393469860989533,88.87940298788709,91.66002330580869,0.0
6.425,1.6086712734412894,-0.48906558597270844,2.435047618227668,0.0,5.732341097603007,5.520048200406552,91.12244350496493,91.66002330580869,0.0
6.426,1.674622353310395,-0.49881813550075205,1.318903157697184,0.0,5.761091146928717,5.49388461516088,89.56251583440621,91.66002330580869,0.0
6.4270000000000005,1.6809455704727345,-0.48716535715618414,2.11984206769057,0.0,5.782970501684105,5.572441074987758,90.21453195652411,91.66002330580869,0.0
6.428,1.7287095370438244,-0.4772702576326229,1.8082889201244656,0.0,5.8095456337824976,5.597858784824085,90.55150680274056,91.66002330580869,0.0
6.429,1.7512199866886293,-0.4768468847239188,1.6508866620469222,0.0,5.836057403629961,5.607195010178531,88.76552683507063,91.66002330580869,0.0
6.43,1.7715122407950645,-0.4522324332737462,2.5728216105892683,0.0,5.85814826309769,5.719228613447452,91.05756274502004,91.66002330580869,0.0
6.431,1.830954602090435,-0.4631403963291657,1.4328282612224523,0.0,5.890679417396137,5.681313587219055,88.62025869026598,91.66002330580869,0.0
6.432,1.8356266137760424,-0.43884600273627083,2.681877934754905,0.0,5.913384490716126,5.79931907895312,90.94065888761637,91.66002330580869,0.0
6.433,1.8977894997744507,-0.44302103325718345,1.5288714802616379,0.0,5.946321803170754,5.761682124773222,88.33575589668321,91.66002330580869,0.0
6.434,1.901628790441209,-0.42042989603655856,2.8645656498194705,0.0,5.96967491356245,5.889758327339712,90.78693771417828,91.66002330580869,0.0
6.4350000000000005,1.9697460281145935,-0.42629102046777334,1.64770559698824,0.0,6.004370968231266,5.852696169944306,88.09711599791447,91.66002330580869,0.0
6.436,1.9770892330849565,-0.40281769259100964,3.0282455281990863,0.0,6.029250524382903,5.986711246546818,90.63430394416945,91.66002330580869,0.0
6.437,2.0481805595239178,-0.41213607095080307,1.7699087486879914,0.0,6.066303387477973,5.9498437121873335,88.09007353481081,91.66002330580869,0.0
6.438,2.059364775857805,-0.3853123499247535,3.077723451077287,0.0,6.092920417731126,6.076291852098901,90.28070981779045,91.66002330580869,0.0
6.439,2.1258569662277784,-0.395701311203452,1.9961984444676495,0.0,6.130931581901033,6.053508684516313,88.42963086891378,91.66002330580869,0.0
6.44,2.14557123383671,-0.3677453624917273,2.9540418432749367,0.0,6.159684268924616,6.151479326510592,89.47367197870804,91.66002330580869,0.0
6.441,2.199305290846666,-0.37424030651870566,2.453884801648811,0.0,6.196352754775355,6.172218860845848,89.18839010870276,91.66002330580869,0.0
6.442,2.238784452476224,-0.3521467473981811,2.6212420686225095,0.0,6.2289331045310155,6.214156792906868,88.03099116495576,91.66002330580869,0.0
6.4430000000000005,2.2707573661150815,-0.34905197200936444,3.236231861904537,0.0,6.26232972281565,6.31801204244466,89.9417296283869,91.66002330580869,0.0
6.444,2.341979371296614,-0.34851693968434294,2.2980455669631903,0.0,6.302744298423737,6.2979563470471875,88.02087935991047,91.66002330580869,0.0
6.445,2.3631607005960586,-0.32151746297963235,3.2948621406603866,0.0,6.334147254816995,6.401361638635253,88.66456396498329,91.66002330580869,0.0
6.446,2.4220190820069023,-0.3285775640101367,3.0029744315322304,0.0,6.37379705061014,6.449228274300569,89.73226955203738,91.66002330580869,0.0
6.447,2.476310289844375,-0.31539675002207956,2.488399175542897,0.0,6.41274803984151,6.43720537586311,87.4952670938897,91.66002330580869,0.0
6.448,2.495223979534906,-0.2886087059711058,3.64854796673593,0.0,6.4437867636002695,6.561504391996078,88.21622990852195,91.66002330580869,0.0
6.449,2.5652655108863085,-0.3004864268651677,3.322504493392668,0.0,6.48572594633531,6.621495677360186,90.79202064089911,91.66002330580869,0.0
6.45,2.617543525919432,-0.3133103524509976,2.043289153853185,0.0,6.530762193938756,6.537178333505349,89.82537448698068,91.66002330580869,0.0
6.4510000000000005,2.5845624506316964,-0.302269927729223,2.5449587190006815,0.0,6.561520396421118,6.537922852789939,90.75940159101532,91.66002330580869,0.0
6.452,2.5593815641933713,-0.31667617973986795,2.0869513841312948,0.0,6.590972322552094,6.488711324662539,92.9683052198469,91.66002330580869,0.0
6.453,2.523632733330626,-0.30947886391897994,0.9694167505751237,0.0,6.611622135996826,6.332697968149009,91.09863779996876,91.66002330580869,0.0
6.454,2.4262724456389804,-0.28211097595915335,1.9098643155725934,0.0,6.611667137928361,6.319327650454044,92.48951536632441,91.66002330580869,0.0
6.455,2.3786331657116455,-0.2911226346963012,1.2061306117896087,0.0,6.61163556923793,6.2247503995707145,92.6960999924952,91.66002330580869,0.0
6.456,2.319251011187396,-0.275602503115996,1.092477531837346,0.0,6.600352101267007,6.140218859348153,91.92427972929863,91.66002330580869,0.0
6.457,2.251767986619072,-0.27518629736989186,1.4757450992007337,0.0,6.58185324475465,6.113137400717519,93.80324530066552,91.66002330580869,0.0
6.458,2.2187481230913133,-0.2824193612373007,0.51483009356872,0.0,6.563295927113342,5.980338230747932,92.02449486512592,91.66002330580869,0.0
6.4590000000000005,2.142122642285986,-0.27298670813502934,1.400560595745351,0.0,6.5322045017592805,5.974101355560229,93.73139470492849,91.66002330580869,0.0
6.46,2.114554448475993,-0.2911743988795874,0.5263969618528659,0.0,6.50569350393478,5.862629967116996,92.26838341337913,91.66002330580869,0.0
6.461,2.0555046575608977,-0.28562241316229564,1.2518190065518437,0.0,6.469893871712057,5.854412474054008,93.48398538023659,91.66002330580869,0.0
6.462,2.032170656660211,-0.30846689727311793,0.6257784023788333,0.0,6.439420866514672,5.769294322358952,92.43281834826229,91.66002330580869,0.0
6.463,1.9890659752856081,-0.30964923242858733,1.1436339679414482,0.0,6.403384958693512,5.757373378509481,93.50818743711291,91.66002330580869,0.0
6.464,1.9691094658479038,-0.3339108202316792,0.5874677822030956,0.0,6.37241749857631,5.6784482714003985,92.47788184036558,91.66002330580869,0.0
6.465,1.929636819264561,-0.3371203398384797,1.0944419952311892,0.0,6.336764705038634,5.669790180310764,93.94187593470359,91.66002330580869,0.0
6.466,1.9128994248013915,-0.36076905318361524,0.33962642177323765,0.0,6.3063806450176605,5.571779550690788,92.3914953672836,91.66002330580869,0.0
6.4670000000000005,1.8630715059607459,-0.36093783910587435,1.1075019848684848,0.0,6.269016007354784,5.577859742833608,94.00883577276412,91.66002330580869,0.0
6.468,1.8535353464258253,-0.380130973900153,0.2753436574586712,0.0,6.2381054096406245,5.480929978710261,92.54205379713592,91.66002330580869,0.0
6.469,1.8016020387622969,-0.3873008765267594,0.9999143403594959,0.0,6.201189653226528,5.484243791868661,93.09849675026076,91.66002330580869,0.0
6.47,1.7923246860029434,-0.402502411877064,0.7073081293525534,0.0,6.169897323631952,5.444603433756932,93.33603417439342,91.66002330580869,0.0
6.471,1.7677329845043739,-0.4232291196988804,0.5717793086003788,0.0,6.139898113692558,5.3964280839615,92.72644049987024,91.66002330580869,0.0
6.472,1.739745865371133,-0.4308668957590793,0.8659119739213548,0.0,6.108714178055962,5.386612895634171,93.82730636950384,91.66002330580869,0.0
6.473,1.7274940061511141,-0.446803526301773,0.2938062084675992,0.0,6.081343768749386,5.30985570504566,93.02813812876474,91.66002330580869,0.0
6.474,1.6828075497247184,-0.45538648834331896,0.6797091806075921,0.0,6.049819440833761,5.291000568789984,92.84394167491409,91.66002330580869,0.0
6.4750000000000005,1.6623526177038206,-0.46420462657699674,0.7599682238418612,0.0,6.020446197669421,5.277651156360717,94.21994288382433,91.66002330580869,0.0
6.476,1.6485310804239812,-0.4814277136536958,0.04636842360658555,0.0,5.994481695774688,5.184716612180294,92.77264936159362,91.66002330580869,0.0
6.477,1.5964638702288159,-0.48171590173372364,0.7588889241640904,0.0,5.96167965946942,5.189581503040787,92.88861286664483,91.66002330580869,0.0
6.478,1.5849825503489037,-0.4925693059449886,0.6886212760301229,0.0,5.93383530846317,5.176567327969232,94.08116549896897,91.66002330580869,0.0
6.479,1.5727083467951508,-0.511478240780618,0.0681335379364516,0.0,5.909445423840192,5.095754509787357,92.77826176248064,91.66002330580869,0.0
6.48,1.5280341083738538,-0.5113666305303867,0.7084030216138983,0.0,5.879211879385445,5.102009929737632,92.81193262088,91.66002330580869,0.0
6.481,1.5183228650437144,-0.5221908316504252,0.6800484992635045,0.0,5.853819009596908,5.095716255334189,93.97722706040507,91.66002330580869,0.0
6.482,1.5106769716534798,-0.5385400476834998,0.07422924195500591,0.0,5.832026231099316,5.021900024151431,93.06741870910355,91.66002330580869,0.0
6.4830000000000005,1.4687818065949168,-0.5404469632201974,0.5150594635728178,0.0,5.805077375881914,5.012367664410773,92.69250055120766,91.66002330580869,0.0
6.484,1.4510657879786444,-0.5468990063801338,0.6921937700667737,0.0,5.780560825804413,5.017699937017803,92.85125186763698,91.66002330580869,0.0
6.485,1.4475253038676077,-0.5603468157994496,0.6009058262338323,0.0,5.760443896599891,5.008446603535866,93.91238907757315,91.66002330580869,0.0
6.486,1.4395861561496937,-0.5738419694563905,0.04781356354809896,0.0,5.742763315775696,4.939017542432431,93.1857648777659,91.66002330580869,0.0
6.487,1.3990257893546134,-0.5729012197414212,0.39586824773215046,0.0,5.719669452918363,4.922962516114303,92.74180322258425,91.66002330580869,0.0
6.488,1.377025702140284,-0.5755160123023364,0.6070312761552212,0.0,5.697576508393799,4.927965398352575,92.86903210930664,91.66002330580869,0.0
6.489,1.3716563818626608,-0.5846673767727896,0.5313267447590457,0.0,5.67917364871166,4.92019019353515,93.80969528386777,91.66002330580869,0.0
6.49,1.3644743070758787,-0.5932633675095131,0.039498437697893296,0.0,5.662687599852328,4.858744489792259,93.14123265104782,91.66002330580869,0.0
6.4910000000000005,1.3279905506959826,-0.5907945566979864,0.3589176606554785,0.0,5.6413480564080025,4.845790541587591,92.86754841109914,91.66002330580869,0.0
6.492,1.3087813599807538,-0.5918085172950766,0.48368452957691344,0.0,5.620983296261442,4.8442763706256144,92.90496602231339,91.66002330580869,0.0
6.493,1.300358583366269,-0.5981609076076343,0.4525262968047403,0.0,5.603192218361747,4.836936479971466,92.87356788597177,91.66002330580869,0.0
6.494,1.2921005696375891,-0.6048266446454995,0.4560899191739207,0.0,5.587115966357648,4.830079205125106,92.79370737602484,91.66002330580869,0.0
6.495,1.2839919889980544,-0.6107024515571498,0.4846833334452221,0.0,5.572541293459227,4.826219035642187,92.66788939047646,91.66002330580869,0.0
6.496,1.2767065363825076,-0.6171285533014141,0.5375136653727344,0.0,5.5596861840251055,4.827533132168343,92.4845367932753,91.66002330580869,0.0
6.497,1.2735783913581666,-0.6214690309707209,0.6209448290986506,0.0,5.548661186713194,4.836350674215569,92.31221188266366,91.66002330580869,0.0
6.498,1.2742603136597355,-0.6280004927652468,0.7005853986359187,0.0,5.540295499357901,4.851003820435306,92.99211833449621,91.66002330580869,0.0
6.4990000000000006,1.279715946658698,-0.634042449825273,0.34731122243276813,0.0,5.534830996018768,4.823105217812953,93.43893168678674,91.66002330580869,0.0
6.5,1.26190621450658,-0.6346683819273895,0.10611546247772086,0.0,5.5271315157119485,4.776464860152619,92.50306650502176,91.66002330580869,0.0
6.501,1.2300933918717023,-0.6236601640934073,0.565617621368081,0.0,5.5143207843870155,4.789997098473442,91.91972640267419,91.66002330580869,0.0
6.502,1.2251434792175475,-0.6220694080807001,0.8546906415732147,0.0,5.504079449043602,4.828324412628959,92.27552259282574,91.66002330580869,0.0
6.503,1.2420757170045325,-0.6285606258130834,0.6706375536272687,0.0,5.499424920160769,4.836746246675368,93.35431263572303,91.66002330580869,0.0
6.5040000000000004,1.2478539555419508,-0.6348955298150267,0.11429963887947725,0.0,5.49670995483375,4.784037520824808,92.67161599646363,91.66002330580869,0.0
6.505,1.2188285665735614,-0.6263652508242346,0.4455320316026301,0.0,5.487993933725372,4.781577688545525,91.66209452471469,91.66002330580869,0.0
6.506,1.2072094729767948,-0.6190225704669351,0.9502720552880399,0.0,5.479181139450508,4.831689162467456,91.71888218857683,91.66002330580869,0.0
6.507000000000001,1.2286943013054044,-0.6233523678689603,0.9212896345292894,0.0,5.476810476513118,4.865193220997276,92.87873240292191,91.66002330580869,0.0
6.508,1.2498042222292216,-0.6313440208207604,0.32917743638561503,0.0,5.478863069573127,4.828160046773824,92.77725058909104,91.66002330580869,0.0
6.509,1.2325824151368392,-0.6270816815586742,0.36874607046822794,0.0,5.476458312056444,4.807414618998643,91.53848208987908,91.66002330580869,0.0
6.51,1.2154437767362662,-0.6148007756140371,0.9893457322335028,0.0,5.470911211252621,4.858086566855804,91.14426950886251,91.66002330580869,0.0
6.511,1.2357591724217594,-0.6147804961831573,1.191609560711252,0.0,5.4711065936369465,4.916773554452359,92.46548719485502,91.66002330580869,0.0
6.5120000000000005,1.2692166533860547,-0.6252959193781711,0.5229460788245347,0.0,5.478308035888256,4.890558591286155,92.84278033355515,91.66002330580869,0.0
6.513,1.2615220362195438,-0.622394528121736,0.32247193919700046,0.0,5.481743530327655,4.8535007308195,91.30989204411642,91.66002330580869,0.0
6.514,1.2394844801780867,-0.604391147238656,1.0924173965332884,0.0,5.479178331291874,4.909538132539614,90.72199529407862,91.66002330580869,0.0
6.515000000000001,1.2612789881295086,-0.6012620183496569,1.395746051669489,0.0,5.4823092219627245,4.982764200240686,92.24768275760461,91.66002330580869,0.0
6.516,1.3022256582119665,-0.6132378698514023,0.6270257253885381,0.0,5.493798265290678,4.957102039166915,92.58216999738639,91.66002330580869,0.0
6.517,1.2975866378957912,-0.609108362852394,0.45056063858187145,0.0,5.500998183893551,4.924350801182992,90.83774182270787,91.66002330580869,0.0
6.518,1.2795967831721857,-0.588965980779011,1.3309975407521386,0.0,5.502028619879663,4.996139882780981,90.73366207360952,91.66002330580869,0.0
6.519,1.3113851663274108,-0.5861543409285697,1.3923010276233034,0.0,5.510027063864147,5.055115493657597,92.32458447817415,91.66002330580869,0.0
6.5200000000000005,1.3478233113858218,-0.5947261361332478,0.5901942136173376,0.0,5.524094238408861,5.0164582913107605,91.63768003315693,91.66002330580869,0.0
6.521,1.3357767534641423,-0.5848023503960529,0.9338698688524651,0.0,5.531711640881286,5.030588419690972,89.66800799535821,91.66002330580869,0.0
6.522,1.340409296855912,-0.5707225074224609,1.9386260408563283,0.0,5.538530771074764,5.150523652496165,91.52272380058191,91.66002330580869,0.0
6.523000000000001,1.4026130418129559,-0.5814796170100351,1.0126411332967433,0.0,5.557985592013784,5.140445286977236,92.55284871121975,91.66002330580869,0.0
6.524,1.412088237839539,-0.5798404433942458,0.48865042392371383,0.0,5.5741992141133965,5.084520877035313,90.2373807200532,91.66002330580869,0.0
6.525,1.3877898745131776,-0.55207680279761,1.6606108453645472,0.0,5.580161424279382,5.17273339567593,90.49160213912806,91.66002330580869,0.0
6.526,1.4272660986378611,-0.5462950764464887,1.5451843474939202,0.0,5.593990311800175,5.22371899620193,92.26723115627269,91.66002330580869,0.0
6.527,1.4614995810348785,-0.5524182896891354,0.6512977604169684,0.0,5.61226624134169,5.170444745005222,90.06644279847954,91.66002330580869,0.0
6.5280000000000005,1.445272845176224,-0.5319392922334634,1.7676277443868318,0.0,5.621073230956834,5.258187951758215,90.12716361191434,91.66002330580869,0.0
6.529,1.4891280270539702,-0.525488214045222,1.752595934608376,0.0,5.637269013659609,5.320234400516955,91.89739050702167,91.66002330580869,0.0
6.53,1.52995262458942,-0.5344385574309882,0.8651088150425823,0.0,5.659098911522302,5.276170363705526,89.67535256960011,91.66002330580869,0.0
6.531,1.5217886061676358,-0.5143997793098141,1.9959744911154487,0.0,5.672045646890394,5.373272103926929,90.44807144017366,91.66002330580869,0.0
6.532,1.5722601695092249,-0.5105426681325091,1.6217345744850211,0.0,5.693183988295525,5.403849783921134,91.4442072068773,91.66002330580869,0.0
6.533,1.5985872928390656,-0.5138250324896599,1.1258248521225196,0.0,5.7156658947506225,5.3802845918299935,89.09153188642131,91.66002330580869,0.0
6.534,1.6000953525938217,-0.4894022488456279,2.3278474265443867,0.0,5.730823761506683,5.498603074663787,90.89419928491155,91.66002330580869,0.0
6.535,1.6607882614269842,-0.4950689553495576,1.4341719675082367,0.0,5.757165255422388,5.489619830277508,89.80781719954874,91.66002330580869,0.0
6.5360000000000005,1.6732898537194512,-0.48787971715296585,1.9958850712522433,0.0,5.779126792241231,5.55412600965979,89.85342218158176,91.66002330580869,0.0
6.537,1.7170942003215157,-0.4751173074430844,1.9911485914779994,0.0,5.804010820630296,5.603546118769818,90.90179515722703,91.66002330580869,0.0
6.538,1.7505000109237467,-0.4792567489211801,1.4745443851411837,0.0,5.831931419751147,5.590496926208221,88.76417113216917,91.66002330580869,0.0
6.539,1.7612925796062786,-0.4542589438841419,2.572314919406509,0.0,5.852963886734899,5.706612389198365,90.9962302488088,91.66002330580869,0.0
6.54,1.8222914906288457,-0.4615435256792635,1.4629232916566917,0.0,5.884555935367123,5.673606813667078,88.70527536435274,91.66002330580869,0.0
6.541,1.8278940405119302,-0.4409128121393566,2.6379482132992793,0.0,5.9073459972756535,5.787401366833411,90.81927719949313,91.66002330580869,0.0
6.542,1.8897230792407127,-0.44300421454269556,1.589354756792242,0.0,5.939672869709732,5.758254772680431,88.48289894434541,91.66002330580869,0.0
6.543,1.8965454057538096,-0.42365435116643535,2.7893151279807356,0.0,5.963702996489684,5.8776049350528075,90.76469514424367,91.66002330580869,0.0
6.5440000000000005,1.9622264170789974,-0.42687740893254345,1.6573703096472523,0.0,5.997813161816913,5.843752872156735,88.11394655501196,91.66002330580869,0.0
6.545,1.9693897133582507,-0.4048634849542012,3.018205371771075,0.0,6.02267334210653,5.97757718462248,90.64798583438322,91.66002330580869,0.0
6.546,2.0410523205652424,-0.41335315881319634,1.7613061067997011,0.0,6.059583938978035,5.940826560272547,88.04606027816098,91.66002330580869,0.0
6.547,2.051781463027588,-0.3874203338350056,3.098408515187299,0.0,6.086190906241204,6.070628736018318,90.35091288872206,91.66002330580869,0.0
6.548,2.1201883900197105,-0.3980812049412923,1.9590733140776226,0.0,6.124549418424107,6.04399602416538,88.37521089160063,91.66002330580869,0.0
6.549,2.138148755843518,-0.36991972804183815,2.97977243678042,0.0,6.153204437033426,6.146241119253735,89.58563772937862,91.66002330580869,0.0
6.55,2.193565016223433,-0.3768982640730897,2.395302873655727,0.0,6.190267717023078,6.160712378539887,89.03450831910641,91.66002330580869,0.0
6.551,2.230409119114472,-0.35341284232143233,2.6971227286588553,0.0,6.222418613189385,6.212989030863763,88.27327869902798,91.66002330580869,0.0
6.5520000000000005,2.266053297643153,-0.3531393404422971,3.1116049847658744,0.0,6.25678685398226,6.3022755385843805,89.94144213991262,91.66002330580869,0.0
6.553,2.3321332179758745,-0.3483034070280916,2.2947090759825146,0.0,6.296117703811138,6.28515449763367,87.86494097331499,91.66002330580869,0.0
6.554,2.352012864377786,-0.32241635912523936,3.370910482606271,0.0,6.327004148626886,6.398703797676486,88.87015523448497,91.66002330580869,0.0
6.555,2.4157893408563273,-0.33181204462441793,2.896202032734517,0.0,6.3674492748492835,6.434190252695846,89.62658943212269,91.66002330580869,0.0
6.556,2.4662814566043987,-0.315062474481964,2.5383192726525188,0.0,6.405462124380708,6.430636187757698,87.24384418100031,91.66002330580869,0.0
6.557,2.486613895328329,-0.2917570417584854,3.773853689461789,0.0,6.436922180567022,6.5689947806142,88.53610416928707,91.66002330580869,0.0
6.558,2.5646114721503164,-0.30702335441232087,3.158962886683626,0.0,6.48098443913951,6.608293778266811,90.67666295681498,91.66002330580869,0.0
6.559,2.6118691066650603,-0.3109123555665627,2.0985170964096085,0.0,6.524845498620438,6.533150609080646,89.83737647692769,91.66002330580869,0.0
6.5600000000000005,2.582380586577953,-0.29818647705779155,2.536386804642065,0.0,6.5553673985871495,6.5323943021242314,90.32524189233001,91.66002330580869,0.0
6.561,2.557507646013863,-0.3122001840529376,2.305801911075689,0.0,6.584430244416104,6.507463918746684,92.94913798523176,91.66002330580869,0.0
6.562,2.5327686873744932,-0.3129516153716909,0.9809627178305858,0.0,6.608036287699518,6.346978952013178,91.16933778822109,91.66002330580869,0.0
6.563,2.438690856035686,-0.2831588513800549,1.8757696715117982,0.0,6.609948511628973,6.326681414979625,92.0820264714543,91.66002330580869,0.0
6.564,2.3872793695197836,-0.29119588639910887,1.4152052982387353,0.0,6.610821760954138,6.253709188648882,93.07401708184315,91.66002330580869,0.0
6.565,2.3373597589885313,-0.2798115352203143,0.9050700552839639,0.0,6.6029778137338555,6.141589319184717,91.79618244615881,91.66002330580869,0.0
6.566,2.259295147112212,-0.272890595976911,1.542625781722634,0.0,6.584058814484199,6.123217435483822,93.80100959639343,91.66002330580869,0.0
6.567,2.2249736874662474,-0.28327876022690324,0.5188023436994778,0.0,6.566406434249353,5.98878941922341,92.0549636117387,91.66002330580869,0.0
6.5680000000000005,2.1493337310276415,-0.27018591712087703,1.3878759329675416,0.0,6.535532396027786,5.979852476377062,93.30922971984914,91.66002330580869,0.0
6.569,2.1189844879816144,-0.2895295066400507,0.7442508147719158,0.0,6.509110790621909,5.891814342269668,92.46931276785278,91.66002330580869,0.0
6.57,2.071992855345656,-0.28759447334298516,1.1561163961496537,0.0,6.476121242788014,5.866544913325429,93.09479825940153,91.66002330580869,0.0
6.571,2.0431392800059385,-0.3086153933437257,0.8290259008393532,0.0,6.446235358376136,5.803108839155324,92.69494722054148,91.66002330580869,0.0
6.572,2.0091596965905616,-0.31346068908186786,1.01860218112205,0.0,6.413317228319621,5.770601298167534,93.24478109031296,91.66002330580869,0.0
6.573,1.9810927497265314,-0.33443728151783625,0.7278376683912695,0.0,6.382699129380555,5.70692040739055,92.74025952850573,91.66002330580869,0.0
6.574,1.946575349136305,-0.3394082391410287,0.9692960870679108,0.0,6.34911179067189,5.67953011157538,93.55446051960793,91.66002330580869,0.0
6.575,1.9209384045161948,-0.36050782066689924,0.5432512193788199,0.0,6.318415400644189,5.604715481740605,92.61058372299128,91.66002330580869,0.0
6.5760000000000005,1.8809459626636804,-0.362882249245994,1.0056840135153189,0.0,6.283357377964219,5.593583531076014,94.12417006649294,91.66002330580869,0.0
6.577,1.8626525089149113,-0.38421554745165176,0.2242493741576479,0.0,6.2530148810026205,5.491089190433019,92.49307752983565,91.66002330580869,0.0
6.578,1.8087940628748824,-0.38332643644085496,1.031465100246024,0.0,6.215146064479638,5.498159604948378,93.56267096943996,91.66002330580869,0.0
6.579,1.799493258205794,-0.39926924050989665,0.4776419038075521,0.0,6.183533770618193,5.432227891543986,93.08988519616298,91.66002330580869,0.0
6.58,1.761151251108172,-0.41542369946270696,0.6997361715425001,0.0,6.150107097246571,5.403821334243165,92.84508139560255,91.66002330580869,0.0
6.581,1.7400428128226988,-0.4247299596468401,0.8102874909247781,0.0,6.118044579512755,5.386790975930392,94.08942021303545,91.66002330580869,0.0
6.582,1.7235819971436541,-0.4458887990629131,0.16382411313605827,0.0,6.08971968745497,5.297640522266771,92.58062057730422,91.66002330580869,0.0
6.583,1.675958340747108,-0.4455484101125673,0.9090179582867213,0.0,6.055063208057904,5.308082575555025,93.13324955273731,91.66002330580869,0.0
6.5840000000000005,1.6691819860126347,-0.4599051274766174,0.6179712081008879,0.0,6.026499224728919,5.2748168570596246,93.77431533387082,91.66002330580869,0.0
6.585,1.6471740567239224,-0.4798863335600527,0.2762953972535138,0.0,5.999519433378829,5.209700549063925,92.78273613764419,91.66002330580869,0.0
6.586,1.609447320108702,-0.48241238567890776,0.7608578670484709,0.0,5.968804044036418,5.2090463842534955,92.92243217138163,91.66002330580869,0.0
6.587,1.5982010855133217,-0.49557935059044245,0.6783857615240232,0.0,5.9425178827662855,5.192328359123566,94.22568150535234,91.66002330580869,0.0
6.588,1.5845640194333446,-0.5128289690887021,0.00110451254323074,0.0,5.918954323495866,5.102364918969819,92.87691887141874,91.66002330580869,0.0
6.589,1.5339540400878304,-0.5110136786327316,0.6633168738539319,0.0,5.888378598001974,5.104088366205594,92.83882640240545,91.66002330580869,0.0
6.59,1.5201948406699266,-0.5197210289400152,0.6705750773946106,0.0,5.86200875121941,5.097765587087288,93.9829923732561,91.66002330580869,0.0
6.591,1.511636829401715,-0.5349240932967462,0.07526240129481132,0.0,5.839228874779441,5.024684914041494,93.12721208103325,91.66002330580869,0.0
6.5920000000000005,1.469631542904674,-0.5375412346408182,0.4884806596539888,0.0,5.8115547735831665,5.01257645723878,92.69462567085468,91.66002330580869,0.0
6.593,1.4508258301843757,-0.5437603874238194,0.6944278410928151,0.0,5.786095172218942,5.019082018905656,92.84964780503613,91.66002330580869,0.0
6.594,1.4477622101751368,-0.5575575985635726,0.6050205290098154,0.0,5.765287588855368,5.010645729199715,93.9281901039206,91.66002330580869,0.0
6.595,1.4408938432654996,-0.5710128284311705,0.04306771158646061,0.0,5.7470592380315955,4.940776457492239,93.22003575271738,91.66002330580869,0.0
6.596,1.4002483207394028,-0.570823571121515,0.38154476271898363,0.0,5.723511424516714,4.923325605480718,92.73946741050204,91.66002330580869,0.0
6.597,1.3777558840939248,-0.5733200334764491,0.6110344927797176,0.0,5.700849810584309,4.92919186991996,92.85772127060739,91.66002330580869,0.0
6.598,1.3727756706633643,-0.5828072265975069,0.5399305830790602,0.0,5.682059611108835,4.922411918265263,93.71230666090497,91.66002330580869,0.0
6.599,1.3659938954979949,-0.5924906674772288,0.09211505437930434,0.0,5.665440742980997,4.866578465902407,93.1326733441541,91.66002330580869,0.0
6.6000000000000005,1.332855604438628,-0.5911739870984842,0.36720521237128634,0.0,5.644658747179201,4.852981938894045,92.9022077319458,91.66002330580869,0.0
6.601,1.3142453656769966,-0.5926798819283803,0.47001617421406827,0.0,5.624774113491821,4.848940912582311,92.94379849357087,91.66002330580869,0.0
6.602,1.3046576091926743,-0.598561607211489,0.43638304152390983,0.0,5.60710577137485,4.839456322144328,92.91245517331537,91.66002330580869,0.0
6.603,1.294775452344746,-0.6047226350192039,0.43953038297659397,0.0,5.590874700231795,4.830827055113572,92.80571438683053,91.66002330580869,0.0
6.604,1.2854450899841763,-0.609668580334233,0.48144386540879314,0.0,5.575886253206547,4.826944135615783,92.72395873258539,91.66002330580869,0.0
6.605,1.277656735283676,-0.6161105137471143,0.5116823382635975,0.0,5.56266751215631,4.825621175948404,92.5013066927593,91.66002330580869,0.0
6.606,1.2729863761624007,-0.6201746486005433,0.614595524307135,0.0,5.551020984744108,4.834562559835316,92.20711410590853,91.66002330580869,0.0
6.607,1.272967845523236,-0.6274031123960884,0.7562209097315216,0.0,5.54218773813079,4.855950147907659,92.81734855095591,91.66002330580869,0.0
6.6080000000000005,1.2824346151418566,-0.6340026367231736,0.4395304347563582,0.0,5.537030238024067,4.837021916445483,93.54642664916067,91.66002330580869,0.0
6.609,1.2704552848246915,-0.6369111892498909,0.05612735222046239,0.0,5.530749610316466,4.781875717820733,92.71194221388693,91.66002330580869,0.0
6.61,1.2353738344935683,-0.625877406638147,0.4628503807765484,0.0,5.518339623904591,4.783928806487477,92.03136072617816,91.66002330580869,0.0
6.611,1.223405791056903,-0.6215383728527829,0.7994277504272358,0.0,5.507008989110304,4.818457538297094,92.14112343125639,91.66002330580869,0.0
6.612,1.2362631329164149,-0.6261635552764243,0.7397353966336463,0.0,5.500816451380861,4.836934412793608,93.12910380290867,91.66002330580869,0.0
6.613,1.2467594845126821,-0.6330453890203952,0.23105440583650427,0.0,5.497801604761616,4.79656033536078,92.88986266171864,91.66002330580869,0.0
6.614,1.2249898843491447,-0.6287919026815899,0.33837658287242256,0.0,5.490514133226302,4.779314049925187,91.86702410698686,91.66002330580869,0.0
6.615,1.2079272251489324,-0.619969228751126,0.8477258522265294,0.0,5.481302821031998,4.8196780402486015,91.51542726857654,91.66002330580869,0.0
6.6160000000000005,1.222638490456762,-0.6216354874859245,1.024970231804009,0.0,5.4773205542896,4.867699023604362,92.62639864358881,91.66002330580869,0.0
6.617,1.2493698679902003,-0.631496067729058,0.4598207909200731,0.0,5.479606613796412,4.8437874607817,93.0846923452296,91.66002330580869,0.0
6.618,1.240696421514357,-0.6308171886217175,0.216427249705472,0.0,5.479099628566039,4.802595257954894,91.77121065143808,91.66002330580869,0.0
6.619,1.2155311471368593,-0.6156048641938647,0.8720562231449362,0.0,5.472857554680031,4.842706145094985,91.06179768933312,91.66002330580869,0.0
6.62,1.2274399223100187,-0.6128759151917758,1.2327449603621736,0.0,5.4711027157506855,4.9097395894791465,92.20849634845779,91.66002330580869,0.0
6.621,1.2633221190324193,-0.6232359785911993,0.6539109003733494,0.0,5.477393601616644,4.898787617673282,92.99685249575506,91.66002330580869,0.0
6.622,1.2646849778661877,-0.6233175293454936,0.24636453482524634,0.0,5.4818655716644,4.8507270795197055,91.52180509053811,91.66002330580869,0.0
6.623,1.2390154428755857,-0.6057040339435129,0.9852704195864298,0.0,5.479145990890261,4.896112180602777,90.61632818529554,91.66002330580869,0.0
6.6240000000000006,1.254051470155901,-0.6006019358837542,1.4484458234128441,0.0,5.4808517824692915,4.9783363907226805,92.04717227147584,91.66002330580869,0.0
6.625,1.2983964650452007,-0.6124167326427864,0.7291522906660223,0.0,5.4919600645265,4.964027127183062,92.871441093837,91.66002330580869,0.0
6.626,1.3007808246199721,-0.6107572678462501,0.3049037016051579,0.0,5.500225902928813,4.912966379129568,91.01508510598681,91.66002330580869,0.0
6.627,1.2750210614550466,-0.588737528064546,1.2395310775284734,0.0,5.500153505957527,4.9777472045077165,90.32871596453032,91.66002330580869,0.0
6.628,1.3009340571585961,-0.5835690468271062,1.5960287216695048,0.0,5.506218095682882,5.062803147588164,92.07218792078156,91.66002330580869,0.0
6.6290000000000004,1.348736515357235,-0.5974136490534369,0.7201710973941555,0.0,5.521756411801016,5.035051499776588,92.10843885902959,91.66002330580869,0.0
6.63,1.3456611376454752,-0.591905888299166,0.697561472737931,0.0,5.532221431820948,5.018716682018832,90.147193787849,91.66002330580869,0.0
6.631,1.337209099963874,-0.5727781558863401,1.6933123035078204,0.0,5.537957495105242,5.1157195060379514,91.03717080239613,91.66002330580869,0.0
6.632000000000001,1.3849628705587445,-0.5742715470730091,1.2545523212683818,0.0,5.55317578481768,5.1400371124873026,92.64406626193401,91.66002330580869,0.0
6.633,1.4080090314692049,-0.5766119063885978,0.44126416193818796,0.0,5.569546511816659,5.076313149564831,90.44279352590333,91.66002330580869,0.0
6.634,1.382071562277608,-0.5529491345842082,1.5540728277525857,0.0,5.575281461331852,5.154224073687572,89.98762478338054,91.66002330580869,0.0
6.635,1.4170671464784017,-0.5444452195409276,1.7983811842382607,0.0,5.587535205371084,5.236554343950835,91.84256701340632,91.66002330580869,0.0
6.636,1.4655851397100503,-0.5569186406743105,0.8690846321493921,0.0,5.608253717507825,5.202224233883588,90.57628001378902,91.66002330580869,0.0
6.6370000000000005,1.4620291416665514,-0.5446359291961074,1.5130655648782425,0.0,5.621991534950229,5.254406193874904,89.66326184011653,91.66002330580869,0.0
6.638,1.4919488196172546,-0.5315479110882614,1.989542266371406,0.0,5.638256911770445,5.345389642893276,91.74035746898646,91.66002330580869,0.0
6.639,1.542686259059109,-0.5432876870104036,0.9501911103046649,0.0,5.663416351342988,5.304525968950463,90.2096728612533,91.66002330580869,0.0
6.640000000000001,1.537371958651803,-0.526672164882943,1.730036918616801,0.0,5.680028374370757,5.367533104273409,90.16699599578543,91.66002330580869,0.0
6.641,1.5723941724619375,-0.5133152388430093,1.7663056244509676,0.0,5.699976801984923,5.418186241402287,91.75110777797148,91.66002330580869,0.0
6.642,1.6038269544020212,-0.5168968019686311,0.9733388886363117,0.0,5.723523241754778,5.3750724957064335,89.32014623445451,91.66002330580869,0.0
6.643,1.5952151101984804,-0.49121784084099374,2.2122184311083393,0.0,5.737543161622766,5.484092816269008,90.7962988715218,91.66002330580869,0.0
6.644,1.6499766991398912,-0.4910617602427105,1.4827793569175647,0.0,5.761302742305679,5.4848761099508305,90.28291081295814,91.66002330580869,0.0
6.6450000000000005,1.6642496189256788,-0.4869497191219402,1.7532445111279018,0.0,5.78231393057118,5.5239801847507835,89.29411503105239,91.66002330580869,0.0
6.646,1.6970946247385676,-0.46854673732215146,2.2713014848283404,0.0,5.803151199903361,5.612086365020676,90.99807528185158,91.66002330580869,0.0
6.647,1.7477644055274346,-0.47831793662489375,1.425940839668312,0.0,5.831974222070607,5.590050187663543,88.99579621008736,91.66002330580869,0.0
6.648000000000001,1.7573274176446703,-0.4578459178229408,2.453722646507636,0.0,5.853361690224175,5.694064301937766,90.78639427914787,91.66002330580869,0.0
6.649,1.8142630223205156,-0.45985457973660243,1.56715990224399,0.0,5.883437495988331,5.675848745269361,88.9599022346084,91.66002330580869,0.0
6.65,1.8243011552566444,-0.44379368832961286,2.5074071352257246,0.0,5.906897380835326,5.774220309338621,90.61903219242267,91.66002330580869,0.0
6.651,1.881272653203905,-0.4416720220363028,1.688252067452456,0.0,5.937775659226352,5.759424692255939,88.73435683222213,91.66002330580869,0.0
6.652,1.892477205547073,-0.4264067289173604,2.6598464122885876,0.0,5.962428582489857,5.863600607552063,90.69685517277917,91.66002330580869,0.0
6.6530000000000005,1.9535392522359871,-0.42507927110423616,1.6882289233403662,0.0,5.99504043752837,5.836625576799907,88.20751983374217,91.66002330580869,0.0
6.654,1.9612364422531006,-0.40575624095935947,2.9674216275795304,0.0,6.01958134525001,5.9658005365476185,90.64875406134365,91.66002330580869,0.0
6.655,2.0321334727780234,-0.41207096756923395,1.7569172062234388,0.0,6.055473508402795,5.930842976243589,88.00291509030356,91.66002330580869,0.0
6.656000000000001,2.04262112816065,-0.3877035602467527,3.1164077738985365,0.0,6.081537137138323,6.064174723156222,90.41416856640447,91.66002330580869,0.0
6.657,2.1134761853804998,-0.39868330195318147,1.9232395832421236,0.0,6.119779023352496,6.034247071861832,88.29870022346904,91.66002330580869,0.0
6.658,2.1301998599994834,-0.37070007862093407,3.014586985533235,0.0,6.148016003832199,6.141985216840995,89.70321894677657,91.66002330580869,0.0
6.659,2.1881620894407083,-0.37869663290225386,2.33189566746979,0.0,6.185362553966118,6.149555117867974,88.88332695844714,91.66002330580869,0.0
6.66,2.2223427704045906,-0.35402136891341507,2.7696086251081207,0.0,6.216937194607756,6.21189776971489,88.51163495618377,91.66002330580869,0.0
6.6610000000000005,2.2619136410991354,-0.35601992425041007,2.9869385097360563,0.0,6.252055230096881,6.286681789207202,89.91409784608739,91.66002330580869,0.0
6.662,2.322716106864931,-0.34730096144629957,2.303166319381461,0.0,6.290160792524499,6.273818407986619,87.67542708507948,91.66002330580869,0.0
6.663,2.341946662124478,-0.3230216887446841,3.462347662092708,0.0,6.320585930218165,6.398892254311745,89.09271116334878,91.66002330580869,0.0
6.664,2.411688369909593,-0.33503608005095165,2.779378744382655,0.0,6.362040314545682,6.420303553094743,89.46007846374084,91.66002330580869,0.0
6.665,2.4577566038228467,-0.31460418448664956,2.6176945426073024,0.0,6.3991227378936095,6.4283934987613955,87.11187166161618,91.66002330580869,0.0
6.666,2.4806384663607774,-0.2958629823393605,3.83727946011156,0.0,6.43144870019285,6.573097552599357,88.82402430509427,91.66002330580869,0.0
6.667,2.5638408317291908,-0.31172530763002826,3.0095631283796584,0.0,6.476944739449411,6.59439571005275,90.35685273897448,91.66002330580869,0.0
6.668,2.6077409770162596,-0.30433109397809777,2.2561806171078946,0.0,6.519049003771035,6.539521750435992,89.2009126396804,91.66002330580869,0.0
6.6690000000000005,2.5840512674751386,-0.29859559750375964,2.85874177341622,0.0,6.550898483223163,6.5712060350221,90.98864556649265,91.66002330580869,0.0
6.67,2.5786479357724774,-0.3199440856843593,1.9715890874032538,0.0,6.585137131853299,6.499651901462181,92.48442583549172,91.66002330580869,0.0
6.671,2.5389461715469146,-0.3073556625491303,1.2154549276068887,0.0,6.607198290837748,6.36868697615158,90.93158050653804,91.66002330580869,0.0
6.672,2.4498806198434675,-0.28791190065393235,1.999162020076435,0.0,6.6119439118155725,6.356193974085224,92.78867363955801,91.66002330580869,0.0
6.673,2.406501683742366,-0.2959322277392489,1.0593289502289556,0.0,6.616042344087318,6.238087153169452,92.34848487666842,91.66002330580869,0.0
6.674,2.3352738599584044,-0.2750636371896536,1.2725387159651538,0.0,6.605544502808998,6.172453533757117,91.97043701199556,91.66002330580869,0.0
6.675,2.272471929851733,-0.2775480622500933,1.4584585112397177,0.0,6.590015056379424,6.136848506054916,93.6521562567464,91.66002330580869,0.0
6.676,2.2373863472568853,-0.2813750846304247,0.597677559354922,0.0,6.572874180033818,6.009937328604272,92.04722210394769,91.66002330580869,0.0
6.6770000000000005,2.1617351979407067,-0.27355178178269757,1.3962726477728844,0.0,6.543857440040656,5.998427221107784,93.85093264738653,91.66002330580869,0.0
6.678,2.132116182986019,-0.28962822265342414,0.4725082826376865,0.0,6.5184380048214186,5.8780679994644345,92.22795157702089,91.66002330580869,0.0
6.679,2.067288485245457,-0.2818086056000967,1.2783195351083845,0.0,6.4825036686751965,5.871914494488537,93.48586460893843,91.66002330580869,0.0
6.68,2.0432264226850014,-0.30399652361767837,0.6311046061183174,0.0,6.452066282798475,5.7855297015862375,92.4348476694464,91.66002330580869,0.0
6.681,1.999167383530572,-0.30497361918117727,1.148864832227955,0.0,6.415919757551006,5.772771297229841,93.47769499473091,91.66002330580869,0.0
6.682,1.9785660247236496,-0.3290580618579379,0.6092644526964768,0.0,6.384751562131449,5.694965995851995,92.49455844248128,91.66002330580869,0.0
6.683,1.9396459753546431,-0.33244071944471243,1.0924873774545674,0.0,6.3490509040238425,5.684450122431204,93.8289211135886,91.66002330580869,0.0
6.684,1.921930569041193,-0.3564360350336672,0.40361706382310425,0.0,6.318474382523835,5.592367300995479,92.43895637310558,91.66002330580869,0.0
6.6850000000000005,1.8753560078164722,-0.3573478252245433,1.0908101033916469,0.0,6.281607574795362,5.593861094713764,94.13208123482357,91.66002330580869,0.0
6.686,1.8634693739617454,-0.37788792237862007,0.21952709324250264,0.0,6.250827119996605,5.489647550887056,92.43114073664948,91.66002330580869,0.0
6.687,1.8086772210823268,-0.3810238076349549,1.0622861680211404,0.0,6.212842902701709,5.5001019147684715,93.25152520037405,91.66002330580869,0.0
6.688,1.8018286116080764,-0.39748209883597163,0.6361789172132042,0.0,6.181481596703992,5.4506184577089725,93.21429642278683,91.66002330580869,0.0
6.689,1.7728726591874275,-0.41719833934172024,0.6392505748370312,0.0,6.150312279143719,5.410662839273878,92.73982348654532,91.66002330580869,0.0
6.69,1.7480759400122357,-0.4261629550841524,0.8656890411504206,0.0,6.1190532768225765,5.398901445229567,94.03765592104074,91.66002330580869,0.0
6.691,1.7348254966947743,-0.44454533226367465,0.19299649775039063,0.0,6.091676450661438,5.310139307493603,92.72125608123568,91.66002330580869,0.0
6.692,1.685566231129264,-0.4481546200537456,0.8405840898986496,0.0,6.0583742912279295,5.310763276264464,93.02036019133814,91.66002330580869,0.0
6.6930000000000005,1.673608020143867,-0.4602994865274243,0.677428665992124,0.0,6.029764587049062,5.284394470216425,93.8540381753571,91.66002330580869,0.0
6.694,1.653871229525505,-0.479912162029177,0.238649525287159,0.0,6.003414918323733,5.213218887974987,92.73498908782388,91.66002330580869,0.0
6.695,1.6136378046714202,-0.48108542833677304,0.7874244112336208,0.0,5.97251559078561,5.215507234774088,92.95824602637329,91.66002330580869,0.0
6.696,1.6033125558772643,-0.4939839373393836,0.6628137147532691,0.0,5.9463421340084235,5.196015331785979,94.15564600494847,91.66002330580869,0.0
6.697,1.58770836814135,-0.5121356206701579,0.039157498474282626,0.0,5.922704532686502,5.1101124047560855,92.83520465183595,91.66002330580869,0.0
6.698,1.5393289222573945,-0.5100926891581186,0.6876263615702671,0.0,5.892434159494154,5.113169844570215,92.87466986573982,91.66002330580869,0.0
6.699,1.5266733496239944,-0.5195852340403677,0.6557472890190226,0.0,5.866561176854619,5.1038114350029335,94.13056841655725,91.66002330580869,0.0
6.7,1.5166655916158613,-0.5347156511194281,0.003092562502819751,0.0,5.843909071952183,5.022302636591716,93.04882632464245,91.66002330580869,0.0
6.7010000000000005,1.4701015474499253,-0.5349589086273097,0.5300755782718845,0.0,5.8152467518539455,5.016196153809309,92.69017388235591,91.66002330580869,0.0
6.702,1.4531067014771295,-0.5415541107943412,0.6991002936496828,0.0,5.7895630551505874,5.022560768444534,92.88161973266342,91.66002330580869,0.0
6.703,1.4506900180392421,-0.555566648279533,0.591161404227377,0.0,5.768559616682786,5.012252913674108,94.02079090391746,91.66002330580869,0.0
6.704,1.4422976793111935,-0.5703263340609732,-0.002031857380727864,0.0,5.750109176645829,4.9376026210769846,93.08130719568187,91.66002330580869,0.0
6.705,1.3996305136877925,-0.5680450691545599,0.4534971578383329,0.0,5.725640215355337,4.929221902857345,92.69720835747003,91.66002330580869,0.0
6.706,1.3811266684120203,-0.572193916451495,0.63517472642764,0.0,5.703259264223657,4.936270354047359,92.77525647610717,91.66002330580869,0.0
6.707,1.377795546493982,-0.5831593886220365,0.5849983354060844,0.0,5.684985966789936,4.933221071265163,93.52019601017228,91.66002330580869,0.0
6.708,1.3733353892657922,-0.5942422905614151,0.19392684132989313,0.0,5.6693445353129945,4.886590592655572,93.25117073147608,91.66002330580869,0.0
6.7090000000000005,1.3452096441242962,-0.5957802384767317,0.3125280064213216,0.0,5.650662544374079,4.863065092253345,92.99644691597123,91.66002330580869,0.0
6.71,1.3229598857575784,-0.5955976705352777,0.4265256780721194,0.0,5.63146074053612,4.853543890997048,93.0134663856606,91.66002330580869,0.0
6.711,1.3092226333037496,-0.5992832828219119,0.4044815124289136,0.0,5.6136342399872685,4.8407783947315774,92.96545807516078,91.66002330580869,0.0
6.712,1.296395678671605,-0.6036004447531635,0.4154313199853048,0.0,5.596751871556329,4.830205311010403,92.86548572820102,91.66002330580869,0.0
6.713,1.2849015653914493,-0.608045550282913,0.45336286924126146,0.0,5.580946221585325,4.824200354075337,92.74582928456432,91.66002330580869,0.0
6.714,1.2754957570004186,-0.6139438437286724,0.5023330312720551,0.0,5.566725002141652,4.823142427957718,92.49479353102757,91.66002330580869,0.0
6.715,1.270822186022599,-0.6177327826649578,0.6195032057882437,0.0,5.554177912379117,4.833587224807617,92.20374843341615,91.66002330580869,0.0
6.716,1.2718146483462642,-0.6253489563522088,0.7595885033178773,0.0,5.54472990099406,4.855814607413987,92.88098353930482,91.66002330580869,0.0
6.7170000000000005,1.2820714939359563,-0.632698992680274,0.408761348038581,0.0,5.539181771267362,4.833764282173567,93.52372902896086,91.66002330580869,0.0
6.718,1.2687560253099446,-0.6355492261103961,0.0687515459790411,0.0,5.532223447303322,4.78103863981552,92.67936018272587,91.66002330580869,0.0
6.719,1.2347618939998442,-0.6248571021196458,0.48074260032736216,0.0,5.5194837555266005,4.785215043053638,92.0307689146953,91.66002330580869,0.0
6.72,1.2242793613081724,-0.621302172246267,0.8013307782537819,0.0,5.508151552205195,4.8196577631016755,92.18675964443175,91.66002330580869,0.0
6.721,1.2375439053500208,-0.6263653026487985,0.718068049999329,0.0,5.501989334863747,4.835594283753996,93.16871984253767,91.66002330580869,0.0
6.722,1.2467641132970004,-0.6330799868621861,0.21200098557907754,0.0,5.498724975281126,4.793604603369506,92.84873448645054,91.66002330580869,0.0
6.723,1.223897399634129,-0.6282472354454364,0.3601065518162243,0.0,5.490989334120341,4.7794472785778765,91.84519541569463,91.66002330580869,0.0
6.724,1.2080666603648123,-0.6200341955902964,0.8600243660953178,0.0,5.481756417726572,4.8209547402406585,91.56618073703852,91.66002330580869,0.0
6.7250000000000005,1.223791623877525,-0.6222037952587923,1.0004701311110749,0.0,5.477918325500545,4.8659499667276345,92.6799095478339,91.66002330580869,0.0
6.726,1.249232802377059,-0.6317182396560265,0.43340686329313327,0.0,5.479988458032827,4.8396391642333585,93.04274961788457,91.66002330580869,0.0
6.727,1.2388633367582425,-0.6305351135951133,0.2381595651470415,0.0,5.478995208751784,4.801754938126914,91.75106517666364,91.66002330580869,0.0
6.728,1.2149238228521946,-0.6158404261246049,0.8830913670489534,0.0,5.472708277427053,4.842984432767155,91.08653690505994,91.66002330580869,0.0
6.729,1.2278334521446603,-0.6135716050075899,1.221090366858291,0.0,5.47107036525065,4.908533402409676,92.25526087940602,91.66002330580869,0.0
6.73,1.2631526323043407,-0.6239896893828962,0.630776003949278,0.0,5.477319818748599,4.895293100427582,93.02474913182411,91.66002330580869,0.0
6.731,1.263084905144855,-0.6237169452124597,0.23238461948008104,0.0,5.481486113996036,4.846442507120109,91.50282538108048,91.66002330580869,0.0
6.732,1.2367273804585182,-0.6055679527180302,0.9949184740991754,0.0,5.478357058655303,4.893654890964821,90.61996713083472,91.66002330580869,0.0
6.7330000000000005,1.252467419159084,-0.6008309912196033,1.4467481609717954,0.0,5.479922571393233,4.975914078396862,92.07052733685632,91.66002330580869,0.0
6.734,1.2969945096438715,-0.613004586590634,0.7173630176505231,0.0,5.490943916706367,4.960612656159102,92.88151717998946,91.66002330580869,0.0
6.735,1.2989012915382117,-0.611357551084995,0.29965315734214404,0.0,5.499030075405084,4.909524802372196,91.01864113274434,91.66002330580869,0.0
6.736,1.2730215163259877,-0.5892913879800458,1.2375050026953494,0.0,5.498788025268751,4.974560994518075,90.34377862324745,91.66002330580869,0.0
6.737,1.298978380971508,-0.5842938872756578,1.5880987042694068,0.0,5.504744735914206,5.059142098292217,92.0772333072104,91.66002330580869,0.0
6.738,1.3465602949945055,-0.5981232687536868,0.7171992622739093,0.0,5.520135092842154,5.03158144522217,92.12543896640335,91.66002330580869,0.0
6.739,1.3434923582335818,-0.5927085800008296,0.6884422760714902,0.0,5.530496439192713,5.014674911273546,90.17764220644256,91.66002330580869,0.0
6.74,1.3347159050782704,-0.5735704042987559,1.677164467045549,0.0,5.536079945073651,5.110476906703484,91.02170009079389,91.66002330580869,0.0
6.7410000000000005,1.3817616639446473,-0.5748243343440325,1.2615187570200326,0.0,5.551014613971489,5.136386005159121,92.649413984505,91.66002330580869,0.0
6.742,1.4054533205717057,-0.5773700794492503,0.4377679033775106,0.0,5.5673142184862305,5.072605899218243,90.47924302433036,91.66002330580869,0.0
6.743,1.3795176407557366,-0.554096774211702,1.534661186279616,0.0,5.573020330928228,5.148819375324612,89.9510976360097,91.66002330580869,0.0
6.744,1.4136472569352938,-0.5453552552561656,1.815823137137932,0.0,5.585048345703926,5.233927382252023,91.82696022706823,91.66002330580869,0.0
6.745,1.4633019935393587,-0.5583226507854695,0.8762224723960763,0.0,5.605898188392575,5.200438972469424,90.62731518162953,91.66002330580869,0.0
6.746,1.4603992320939994,-0.5465568527413748,1.4863720763572181,0.0,5.619890294093956,5.249712702142127,89.62796388200267,91.66002330580869,0.0
6.747,1.488937846117696,-0.5330703173386174,2.006368320408704,0.0,5.636044701278609,5.343388085066688,91.7668675905982,91.66002330580869,0.0
6.748,1.5406623498398995,-0.5450070736790755,0.9358480232630487,0.0,5.661399114588727,5.300949866021516,90.26931332805289,91.66002330580869,0.0
6.7490000000000006,1.5346203302358126,-0.5284193139886739,1.6985322543132604,0.0,5.678030243533971,5.361073245792526,90.09951035063264,91.66002330580869,0.0
6.75,1.5680525927754927,-0.5141637989707988,1.7990388725751443,0.0,5.697608368506727,5.416538317103857,91.76834415777151,91.66002330580869,0.0
6.751,1.6014566992933739,-0.5183737689201178,0.9635387604860828,0.0,5.721380839957944,5.372164486177346,89.39933070597795,91.66002330580869,0.0
6.752,1.5923888912913617,-0.4933335839953277,2.170652412381172,0.0,5.73554216113017,5.477074288263356,90.76179520122876,91.66002330580869,0.0
6.753,1.6453377722885687,-0.4916775735972404,1.4984024458015615,0.0,5.75884657109923,5.480975554425568,90.4526277786212,91.66002330580869,0.0
6.7540000000000004,1.6602351856745772,-0.4883404364526266,1.6650601123772155,0.0,5.779860141705683,5.510762751295096,89.12121120562813,91.66002330580869,0.0
6.755,1.6886133125304539,-0.46818003235546135,2.35615651987556,0.0,5.799566801859198,5.61105399387709,91.12737904010669,91.66002330580869,0.0
6.756,1.7444025435219628,-0.47949354799430155,1.3583990452932997,0.0,5.828778011016804,5.580769457796695,88.99797377467213,91.66002330580869,0.0
6.757000000000001,1.7509167430594914,-0.45878329697281184,2.449722173321944,0.0,5.849648382881859,5.686298945429863,90.77417414330004,91.66002330580869,0.0
6.758,1.8082224733975483,-0.4600755820597192,1.5704804806330743,0.0,5.879333920193501,5.669494215668346,89.00625777498638,91.66002330580869,0.0
6.759,1.8185200329498885,-0.44517534787090585,2.4809763200981294,0.0,5.902718482186189,5.765725797634815,90.57910837068006,91.66002330580869,0.0
6.76,1.8751190713522468,-0.4419794870621234,1.7053601716025757,0.0,5.933185203829177,5.754127024246004,88.79825107579586,91.66002330580869,0.0
6.761,1.8869969754363751,-0.4284887599139924,2.624406541344804,0.0,5.957993354590778,5.854845483451747,90.64399828159985,91.66002330580869,0.0
6.7620000000000005,1.9475064473217796,-0.4253303542748553,1.711693188684898,0.0,5.990180018847968,5.831846716456508,88.26881592224076,91.66002330580869,0.0
6.763,1.955842490535372,-0.40827501429819557,2.933196442200121,0.0,6.015003636638875,5.957547113965145,90.64108172518608,91.66002330580869,0.0
6.764,2.0262802157112905,-0.41265708919349386,1.7572529565336865,0.0,6.050567514039805,5.923926228206335,87.97560842855256,91.66002330580869,0.0
6.765000000000001,2.036278076380621,-0.38962112344459465,3.126833753623009,0.0,6.076635138143426,6.05924175387812,90.47377134001661,91.66002330580869,0.0
6.766,2.1086575022019556,-0.40024014396086494,1.8896148175489045,0.0,6.115026004318147,6.025980840220392,88.21741358354355,91.66002330580869,0.0
6.767,2.1236449561192003,-0.3722402343513115,3.0522197930080885,0.0,6.143065512247406,6.139219015534476,89.84082601738258,91.66002330580869,0.0
6.768,2.1839579907616606,-0.38106964488077977,2.2587055489728316,0.0,6.180876121169485,6.138540148240109,88.75595148087343,91.66002330580869,0.0
6.769,2.2146223276792276,-0.3549045336187957,2.830183535476758,0.0,6.2118713261258085,6.209738002808662,88.72027374496747,91.66002330580869,0.0
6.7700000000000005,2.2574731490413664,-0.35833814590544877,2.877419899038152,0.0,6.247526144507505,6.271989865562048,89.88224389013808,91.66002330580869,0.0
6.771,2.3135250401183605,-0.3463756660503394,2.3142126206095517,0.0,6.284490458419441,6.263419659810657,87.49419289896544,91.66002330580869,0.0
6.772,2.332268758276116,-0.3239822910649429,3.549896420264308,0.0,6.3145576739152025,6.399458906685322,89.283441293643,91.66002330580869,0.0
6.773000000000001,2.4080390127544575,-0.3380460734339642,2.6790380430471865,0.0,6.356993042359302,6.408602400120629,89.29881717769298,91.66002330580869,0.0
6.774,2.450197007189663,-0.31485225282720075,2.6949621623033497,0.0,6.393407265212086,6.4276556411040735,87.14429355336353,91.66002330580869,0.0
6.775,2.4757250834623594,-0.30027373853436834,3.81738127199253,0.0,6.426713691511795,6.569365332702058,89.05048880483176,91.66002330580869,0.0
6.776,2.5595758260373564,-0.31425788209755656,2.8903789912681823,0.0,6.4725444852762095,6.578071954873121,89.93554374121454,91.66002330580869,0.0
6.777,2.599210652800678,-0.2999166206339534,2.465096318722731,0.0,6.512945481684659,6.549458599512545,88.93508610022432,91.66002330580869,0.0
6.7780000000000005,2.586941104940015,-0.29902976519440494,2.992574511273684,0.0,6.5464909014324935,6.5917681057672395,91.1154570691623,91.66002330580869,0.0
6.779,2.5909157618162513,-0.3238021973450623,1.9078346891711588,0.0,6.583646565921981,6.508045133279467,92.25561922583356,91.66002330580869,0.0
6.78,2.54817941985614,-0.3085891738667309,1.3317976516352843,0.0,6.606793209809618,6.3886340927658765,90.91194722069442,91.66002330580869,0.0
6.781000000000001,2.463100357440966,-0.29141164471521797,2.011114415055997,0.0,6.613946687285251,6.372895368490112,92.87590824878292,91.66002330580869,0.0
6.782,2.419491311321026,-0.2982054430870472,1.0169750515820024,0.0,6.61973003769816,6.247243571222185,92.27887359226418,91.66002330580869,0.0
6.783,2.343815364814044,-0.2752056114982778,1.3093038769768197,0.0,6.609771953884504,6.184721116805078,91.99516665973927,91.66002330580869,0.0
6.784,2.280757441298701,-0.2777064083374897,1.4478059096999676,0.0,6.595062518978701,6.145946646915531,93.62290429872625,91.66002330580869,0.0
6.785,2.2441346848854806,-0.2801437156434452,0.6143082802772992,0.0,6.578189676409789,6.0199068449309365,92.05274643358695,91.66002330580869,0.0
6.7860000000000005,2.1681033557506515,-0.2724014067960965,1.3954599815691706,0.0,6.549524110853039,6.007042620964939,93.87032553956976,91.66002330580869,0.0
6.787,2.137760292893035,-0.2879186845387798,0.46456740624015214,0.0,6.524223003095535,5.884965986163746,92.22170345954034,91.66002330580869,0.0
6.788,2.0717606025348125,-0.27961996451864735,1.2832616447175489,0.0,6.48817631065402,5.878888731363556,93.47521255305324,91.66002330580869,0.0
6.789,2.0473772009368254,-0.30170724114037195,0.6383552054886517,0.0,6.457639149605226,5.792710059371476,92.44032422777083,91.66002330580869,0.0
6.79,2.0034043168429876,-0.3026983530332734,1.147996358910235,0.0,6.421425987004109,5.779198312976732,93.44105720165645,91.66002330580869,0.0
6.791,1.9824693531160014,-0.3267418471212521,0.6298195330089484,0.0,6.390117839254376,5.70318367974702,92.50650495332955,91.66002330580869,0.0
6.792,1.944459395205247,-0.330491562489371,1.0886308406971874,0.0,6.354511076706259,5.691262452902939,93.78938601273825,91.66002330580869,0.0
6.793,1.9262325117590338,-0.35459256306180165,0.4258966839235443,0.0,6.3238864806378325,5.601108659766448,92.45725514792304,91.66002330580869,0.0
6.7940000000000005,1.8806823484490023,-0.3556987758091471,1.0839897979100073,0.0,6.28718963825908,5.600753619572651,94.14250205874151,91.66002330580869,0.0
6.795,1.8677524487577768,-0.37675554197497324,0.21654155497144045,0.0,6.256432158249593,5.495730948630187,92.40972164112543,91.66002330580869,0.0
6.796,1.8128616378545777,-0.37874534856314557,1.075434780426315,0.0,6.218256470209849,5.507196224212882,93.31812593063053,91.66002330580869,0.0
6.797,1.8063783823250676,-0.3954198066732718,0.6046516094255467,0.0,6.186859170858581,5.453486572367913,93.16472934706924,91.66002330580869,0.0
6.798,1.7752306174511958,-0.41471543409703426,0.6663028407935858,0.0,6.155186410693453,5.416859044513638,92.75696114498854,91.66002330580869,0.0
6.799,1.7517631855172884,-0.4238927086654113,0.8592175634421388,0.0,6.123834717687699,5.403601040469928,94.177045169311,91.66002330580869,0.0
6.8,1.737629835740916,-0.4432716584113083,0.12400533264588409,0.0,6.096332305304511,5.307051169072004,92.61139815415245,91.66002330580869,0.0
6.801,1.6850677209687999,-0.44392306786716934,0.8973150917417199,0.0,6.061803012562535,5.315462738511226,93.07022453578448,91.66002330580869,0.0
6.8020000000000005,1.6759911341002087,-0.4573334155090134,0.6537998886259508,0.0,6.033036430184726,5.285533255206459,93.73728233659718,91.66002330580869,0.0
6.803,1.6552645704787616,-0.47723693308977155,0.2994983979117163,0.0,6.006208841171681,5.221371206176652,92.75222501305494,91.66002330580869,0.0
6.804,1.6184928201165498,-0.4800103632132716,0.7811050426103718,0.0,5.975753848294741,5.221299975876146,92.90432956378076,91.66002330580869,0.0
6.805,1.6077658164778068,-0.4936219417009058,0.6926097046677393,0.0,5.94980677100785,5.204452068593961,94.273079517909,91.66002330580869,0.0
6.806,1.5941008334006959,-0.5112217714860399,-0.017895834517380527,0.0,5.926569476212917,5.110819466482462,92.83887132967146,91.66002330580869,0.0
6.807,1.5415811854659327,-0.5087202649461255,0.6874197793627586,0.0,5.895841486669084,5.114556679463338,92.86849839656387,91.66002330580869,0.0
6.808,1.5283800540022512,-0.5174407593120809,0.6605214950090057,0.0,5.869544286823374,5.105762332755688,94.10121402937362,91.66002330580869,0.0
6.809,1.5182928949245247,-0.5330498363903582,0.019751771368477833,0.0,5.846627165826425,5.025979590161224,93.00897289775062,91.66002330580869,0.0
6.8100000000000005,1.4729006403237899,-0.5335111175023715,0.5523828412605578,0.0,5.817918132821264,5.021772801066349,92.69631414807667,91.66002330580869,0.0
6.811,1.457239800600417,-0.540808734585607,0.6983493076748568,0.0,5.792457449275166,5.027114558010663,92.79804259897445,91.66002330580869,0.0
6.812,1.454826163379997,-0.5547105888979943,0.6361048892943086,0.0,5.771533237581639,5.021178411916941,94.06101184228443,91.66002330580869,0.0
6.813,1.4486295623885757,-0.5704489056114711,-0.019389617725439567,0.0,5.7537000287434505,4.942918997411726,93.14496726989951,91.66002330580869,0.0
6.814,1.4044321679156888,-0.5682776402156429,0.42378322882611186,0.0,5.729427976977882,4.930805909046184,92.70320413716306,91.66002330580869,0.0
6.815,1.3835633142529007,-0.5714010376693843,0.6342329868807954,0.0,5.706737107926189,4.938048269219319,92.80528734294569,91.66002330580869,0.0
6.816,1.3797147096577989,-0.5818267649917372,0.5717387436181085,0.0,5.6881551578279,4.9335331000993605,93.55447374248435,91.66002330580869,0.0
6.817,1.3742695750054978,-0.5927178980929246,0.17820103948202282,0.0,5.67207365319535,4.88550752662503,93.22740495192298,91.66002330580869,0.0
6.8180000000000005,1.3452177719876035,-0.5939486374240934,0.326061618301565,0.0,5.652824211674039,4.864017647731831,92.97239826837715,91.66002330580869,0.0
6.819,1.3238067069159227,-0.5942486291640497,0.44044121044879514,0.0,5.633371418113622,4.855919661051529,93.01020322826689,91.66002330580869,0.0
6.82,1.311118805720277,-0.5985892988603547,0.40803693127934304,0.0,5.6155285789904115,4.843159485533908,92.97342280102275,91.66002330580869,0.0
6.821,1.2986742163065088,-0.6032013808426653,0.4132931499492718,0.0,5.598657928548851,4.832035296324671,92.8774272325897,91.66002330580869,0.0
6.822,1.2870579228824388,-0.6076241271244707,0.44911689489798867,0.0,5.582802305501699,4.825377857132373,92.75463828122606,91.66002330580869,0.0
6.823,1.2777298461031872,-0.6126284669979281,0.4995652208256307,0.0,5.5683727507632925,4.823901603468617,92.55506991465467,91.66002330580869,0.0
6.824,1.2718802040402735,-0.61788909657068,0.5903989380228702,0.0,5.55576715198662,4.831167425188946,92.4975287187748,91.66002330580869,0.0
6.825,1.271798774729216,-0.6237254355860202,0.610794481833141,0.0,5.545738086255611,4.837731738310319,92.67111381652121,91.66002330580869,0.0
6.8260000000000005,1.2729414728375996,-0.6287578623940494,0.5138910278528104,0.0,5.537863561968564,4.831646867085481,93.40521566340772,91.66002330580869,0.0
6.827,1.2664621205990807,-0.6321298687353603,0.12938818083356862,0.0,5.5304885994172075,4.784780907649431,92.78733053229213,91.66002330580869,0.0
6.828,1.2367284547441477,-0.6252901927248604,0.42705767412652684,0.0,5.51837845275281,4.781658630355926,92.0651107123475,91.66002330580869,0.0
6.829,1.2240636581837816,-0.6212736756646273,0.7841167100334521,0.0,5.506793672908982,4.815033156105252,92.05947468499112,91.66002330580869,0.0
6.83,1.236098485114141,-0.6259183618013214,0.782940209919822,0.0,5.500255904270106,4.838761266995756,93.01978578909643,91.66002330580869,0.0
6.831,1.2492836587470724,-0.6336044151024218,0.28918703303428694,0.0,5.4975437425859255,4.8038316846467275,93.01821338772854,91.66002330580869,0.0
6.832,1.2307902650838993,-0.6314181611816484,0.27639133289903595,0.0,5.491292490370964,4.77781997415744,91.97319067711746,91.66002330580869,0.0
6.833,1.2101164821810375,-0.6214218199976335,0.7957710144914876,0.0,5.481987457337533,4.8131332136547895,91.49802173602224,91.66002330580869,0.0
6.8340000000000005,1.2207801466149708,-0.6218958276104517,1.0349755007369619,0.0,5.477296355806432,4.863723581653378,92.4996018004891,91.66002330580869,0.0
6.835,1.2478380937394222,-0.6314359027283962,0.5257896835567255,0.0,5.479178069415146,4.847513580407367,93.20539420897673,91.66002330580869,0.0
6.836,1.2433350189181571,-0.6322531213399238,0.1574397702812328,0.0,5.479245104834477,4.79845203605991,91.88788425175433,91.66002330580869,0.0
6.837,1.2150271073959802,-0.6166597238446706,0.8139161394329757,0.0,5.472675836366532,4.833268088947808,91.04792137898549,91.66002330580869,0.0
6.838,1.223029754769804,-0.6129592451658537,1.2400185950856262,0.0,5.469993981354458,4.903088745804049,92.08318106657761,91.66002330580869,0.0
6.839,1.2595870695694702,-0.6229335483001449,0.7181571736818787,0.0,5.475696555660775,4.900052092408296,92.99686733723169,91.66002330580869,0.0
6.84,1.2654071607341801,-0.6245303748446192,0.24794559804060756,0.0,5.480601115085432,4.851110065796127,91.67885738529543,91.66002330580869,0.0
6.841,1.2399357457798135,-0.6086081841289745,0.9067622332138708,0.0,5.478353606662244,4.887584699969739,90.64426192001355,91.66002330580869,0.0
6.8420000000000005,1.250275103082115,-0.6023167714656584,1.4342175797127634,0.0,5.4794454790129254,4.970226998194019,91.9253188875021,91.66002330580869,0.0
6.843,1.2938910604928753,-0.6127990823317047,0.7910361401515528,0.0,5.489908362272867,4.963995380272059,92.8350995796637,91.66002330580869,0.0
6.844,1.3003160509814875,-0.6123107686037059,0.3243950313322006,0.0,5.498543257795875,4.91426391551413,91.19324266046193,91.66002330580869,0.0
6.845,1.2756070498957939,-0.5925163385016854,1.149991297386554,0.0,5.499169013116851,4.968633327162782,90.20115817402522,91.66002330580869,0.0
6.846,1.296397360660353,-0.5858486896231325,1.6606221919227435,0.0,5.5046336369949715,5.063007784722144,92.05536044293734,91.66002330580869,0.0
6.847,1.3478583120350127,-0.6000234686132099,0.7295676860953978,0.0,5.520615146418911,5.035516152783444,92.43219222693085,91.66002330580869,0.0
6.848,1.3456678448792627,-0.5952699951694157,0.5334301048874216,0.0,5.531584711837867,5.000862807007286,90.44209459732625,91.66002330580869,0.0
6.849,1.3285004615604545,-0.5717616674667425,1.5406582067745487,0.0,5.535453604824458,5.085394726863812,90.79113946668915,91.66002330580869,0.0
6.8500000000000005,1.3672431597976653,-0.5693048638739555,1.3748246104842947,0.0,5.54735363537986,5.129112996783264,92.55118006821618,91.66002330580869,0.0
6.851,1.3981984658110256,-0.5739545442454617,0.48589274209670075,0.0,5.562971522748462,5.0705076165274825,90.65656304317773,91.66002330580869,0.0
6.852,1.3761042285230811,-0.5553093362534693,1.443235857242239,0.0,5.56906961367179,5.136261543545829,89.67954393838615,91.66002330580869,0.0
6.853,1.4065684290186058,-0.5454478156551865,1.9515502033122545,0.0,5.58023497301873,5.238819029443535,91.74987263633294,91.66002330580869,0.0
6.854,1.4643448120916231,-0.5610780145032623,0.915487361033616,0.0,5.602357482100016,5.207136486441737,90.92246011721308,91.66002330580869,0.0
6.855,1.4639240876530737,-0.5521110742718609,1.3365692524795025,0.0,5.617956820559061,5.238138128649052,89.31074857134873,91.66002330580869,0.0
6.856,1.4836990150614071,-0.5354765157799521,2.1659177727562784,0.0,5.633356257361137,5.3524376095382245,91.8301985330833,91.66002330580869,0.0
6.857,1.544191154179695,-0.5483940927851672,0.9044910396162424,0.0,5.6602329776274125,5.303340274141586,90.59704424807512,91.66002330580869,0.0
6.8580000000000005,1.5355912790231618,-0.5336814048171946,1.5316979726976698,0.0,5.67776472088087,5.34499828194,89.63493720261319,91.66002330580869,0.0
6.859,1.559679578511137,-0.5141049826459452,2.033002356460592,0.0,5.6957028110296655,5.430379364471783,91.60172492691045,91.66002330580869,0.0
6.86,1.605688599110856,-0.5220426562856627,1.0501914781009432,0.0,5.72145410873884,5.391073798036985,89.78617692907694,91.66002330580869,0.0
6.861,1.600970299913498,-0.5027551832797844,1.9767039407850133,0.0,5.738498721266574,5.4709975008131355,90.52528368803097,91.66002330580869,0.0
6.862,1.644709447120842,-0.49309256285818415,1.6184979574857792,0.0,5.760961229302834,5.49110702258991,91.05137576575953,91.66002330580869,0.0
6.863,1.6636333624420792,-0.49190687902453656,1.3615383940219892,0.0,5.783154639695659,5.485124111631341,88.86024592711232,91.66002330580869,0.0
6.864,1.6738935608835503,-0.4667593885941097,2.48510108713256,0.0,5.799776050844333,5.607180942009366,91.23289762687496,91.66002330580869,0.0
6.865,1.7377879117351924,-0.4764945298004594,1.3030464940405762,0.0,5.828263344352948,5.5705068216839635,89.07749334565088,91.66002330580869,0.0
6.8660000000000005,1.7412961514983527,-0.45876159517930204,2.406573934254194,0.0,5.848186522257766,5.673810444230951,90.67679084094539,91.66002330580869,0.0
6.867,1.798914169667627,-0.4570447099673517,1.6167575112555732,0.0,5.8764362165997,5.664558041780747,89.1991772050394,91.66002330580869,0.0
6.868,1.8110512452617256,-0.44689178303417476,2.380172790216257,0.0,5.899836048151891,5.750170795791763,90.33028696258688,91.66002330580869,0.0
6.869,1.865514538158573,-0.4389230308053631,1.8279152748747363,0.0,5.928682138474125,5.755310186617006,89.18536422107229,91.66002330580869,0.0
6.87,1.8825363132246173,-0.43230016093297186,2.425123236479396,0.0,5.954508730682987,5.832707935993582,90.16008678185398,91.66002330580869,0.0
6.871,1.9359234395568417,-0.42146229011542,1.9527613213281003,0.0,5.984366501517412,5.841314313224814,88.8475895219926,91.66002330580869,0.0
6.872,1.9546363344884519,-0.4145391783633092,2.637134289096948,0.0,6.011445969406962,5.930525928243297,90.32151556518514,91.66002330580869,0.0
6.873,2.014102376391874,-0.4073808346645449,1.9135563449069162,0.0,6.044020465320062,5.920732889350232,88.1420883557772,91.66002330580869,0.0
6.8740000000000006,2.0282170990172053,-0.3933796939120169,3.038449299111198,0.0,6.070889665706755,6.045192649272403,90.4844244252972,91.66002330580869,0.0
6.875,2.1004348702216777,-0.39810492945649467,1.879037253156312,0.0,6.108177709364416,6.0133062910377095,87.93939582699939,91.66002330580869,0.0
6.876,2.11338298065558,-0.373254243097109,3.1887578270933146,0.0,6.13576748497786,6.1432986421491815,90.12012650261524,91.66002330580869,0.0
6.877,2.18288342303031,-0.3845458291073509,2.113791457317325,0.0,6.17508809946583,6.124191661739245,88.49853046874023,91.66002330580869,0.0
6.878,2.206189041532307,-0.35667547894932194,2.9562044026255134,0.0,6.205387300086524,6.212473914889288,89.08715576763578,91.66002330580869,0.0
6.8790000000000004,2.2560512676573072,-0.36164563767298386,2.6876204285594674,0.0,6.242310226921335,6.251737707497315,89.69575996654949,91.66002330580869,0.0
6.88,2.3035432662478037,-0.3435789266316691,2.402960962495204,0.0,6.277430200531686,6.257415214417909,87.35317114811592,91.66002330580869,0.0
6.881,2.323605872643402,-0.32768778944120636,3.6173238932889165,0.0,6.308038569492524,6.4007315183378175,89.59320714951782,91.66002330580869,0.0
6.882000000000001,2.4060253232411624,-0.3410741481824897,2.517974054150873,0.0,6.3515491427827175,6.390839403646903,88.83425329173618,91.66002330580869,0.0
6.883,2.440039418582679,-0.3143386163391424,2.9257086831824224,0.0,6.386644675184615,6.43921450935736,87.41002099022333,91.66002330580869,0.0
6.884,2.4754397029148834,-0.3088850930992262,3.6803248570946985,0.0,6.422735632679412,6.561638200253865,89.39717537584622,91.66002330580869,0.0
6.885,2.5557698665145114,-0.3157321807646718,2.70937614358288,0.0,6.46826757838998,6.552595782432143,89.60070881093134,91.66002330580869,0.0
6.886,2.5867301294651366,-0.29218708363229684,2.6282025709890933,0.0,6.505683656186102,6.547188867824879,88.66683303429029,91.66002330580869,0.0
6.8870000000000005,2.581786030889776,-0.29706442707707104,3.1250723620248,0.0,6.539589393492134,6.602385118670613,91.2888162566671,91.66002330580869,0.0
6.888,2.596240749652706,-0.3244230962096004,1.81779282132781,0.0,6.578584862322267,6.505043410725676,91.84628692806916,91.66002330580869,0.0
6.889,2.549876065042886,-0.3070777522070187,1.5371948494041765,0.0,6.601765038943281,6.408787101448324,90.81250930332064,91.66002330580869,0.0
6.890000000000001,2.4747215323998084,-0.29505802383694335,2.062558801803319,0.0,6.611852850293781,6.392873806988594,92.996508620053,91.66002330580869,0.0
6.891,2.4346928140800808,-0.30188797549813384,0.9571942902946915,0.0,6.620212043029687,6.256368501008685,92.1440578704615,91.66002330580869,0.0
6.892,2.353910966587984,-0.2765794827738486,1.3785793194439195,0.0,6.61123255217773,6.200241359262792,92.04507187357356,91.66002330580869,0.0
6.893,2.2917868972574293,-0.2798770738944435,1.4242218322102373,0.0,6.598154116186886,6.155661637870535,93.54931356176564,91.66002330580869,0.0
6.894,2.2528492215876916,-0.27989325983554825,0.6532080855546272,0.0,6.581894356198216,6.032626011389004,92.05708308628157,91.66002330580869,0.0
6.8950000000000005,2.1768374729003264,-0.2727919547719241,1.3953527254919373,0.0,6.554175704143852,6.017585935015336,93.93113189599966,91.66002330580869,0.0
6.896,2.1457076120259218,-0.28702591797354693,0.43561723473098257,0.0,6.529361658660369,5.890949817899826,92.1785177198887,91.66002330580869,0.0
6.897,2.0766456787929246,-0.2778638340034779,1.306739378645659,0.0,6.4932152371449625,5.88720221273263,93.53024793210368,91.66002330580869,0.0
6.898000000000001,2.052614635043952,-0.2998042426342564,0.6121720262752219,0.0,6.462813763053464,5.797053891210775,92.40853007647205,91.66002330580869,0.0
6.899,2.0066208058087196,-0.3001300913413315,1.1655458863844033,0.0,6.426254043490401,5.7855160633460585,93.4689344843625,91.66002330580869,0.0
6.9,1.986155578210915,-0.3243254017673598,0.6172545706536356,0.0,6.39485473875696,5.7074214997234325,92.48573972033616,91.66002330580869,0.0
6.901,1.9473086844614493,-0.327756546105639,1.1005947885215361,0.0,6.358921380907554,5.6967153051489685,93.7729488285066,91.66002330580869,0.0
6.902,1.9295269026123338,-0.3520840350512213,0.4358609792093353,0.0,6.328152451726273,5.6070998001098955,92.44367336107993,91.66002330580869,0.0
6.9030000000000005,1.8844842292715622,-0.3534696161121247,1.0926622123699574,0.0,6.291408003986456,5.607041302646385,94.12691933043119,91.66002330580869,0.0
6.904,1.8718132285812423,-0.3749711661356032,0.22637026744810163,0.0,6.260683465966245,5.502397467224766,92.39179773101436,91.66002330580869,0.0
6.905,1.8174199095178274,-0.3769175692915667,1.0866133229044592,0.0,6.222566087052814,5.514291772182773,93.35425701333094,91.66002330580869,0.0
6.906000000000001,1.8112871560523698,-0.3938221890018673,0.5884413446709502,0.0,6.1912899206631,5.457914230283954,93.11776889551327,91.66002330580869,0.0
6.907,1.7788163017475103,-0.412801575041462,0.6921079476827403,0.0,6.159422302989729,5.423942338488561,92.77321159721387,91.66002330580869,0.0
6.908,1.7564882095320322,-0.4221816808517651,0.8532547139183846,0.0,6.128186275682889,5.409001733961824,94.15540145688051,91.66002330580869,0.0
6.909,1.7412065398218557,-0.44256329706483777,0.13720600257434712,0.0,6.100727967379398,5.313512463992839,92.56169433665491,91.66002330580869,0.0
6.91,1.6897545101577789,-0.44210332997800006,0.9250428523786862,0.0,6.066212150367672,5.32415573734827,93.13305495231313,91.66002330580869,0.0
6.9110000000000005,1.6819924379213083,-0.4560760701427602,0.6246322280845309,0.0,6.037753843481657,5.289698872145958,93.69996023575231,91.66002330580869,0.0
6.912,1.6591329581632062,-0.47563211963270513,0.32078021706550297,0.0,6.010707118806256,5.227859169857145,92.76460762926779,91.66002330580869,0.0
6.913,1.6229181445522414,-0.4787367843100412,0.7774106770731763,0.0,5.980327048989124,5.226521670740338,92.88930597029653,91.66002330580869,0.0
6.914,1.6116222275527603,-0.49245514486531095,0.7027686799139243,0.0,5.954329209256327,5.210383392999734,94.23662051186805,91.66002330580869,0.0
6.915,1.5984506345799647,-0.5097492222401104,0.0033454370675702894,0.0,5.931082490628425,5.118404938375416,92.90039916792661,91.66002330580869,0.0
6.916,1.5466809134887889,-0.5080674504718277,0.6590523504171142,0.0,5.9006046627326265,5.117984603637959,92.84661343290098,91.66002330580869,0.0
6.917,1.5315327068183546,-0.5162747308920376,0.6740793166590049,0.0,5.874052202716565,5.1108030222606144,94.00742424166418,91.66002330580869,0.0
6.918,1.5220591278535727,-0.5313726980641208,0.07019990291884914,0.0,5.851015534149103,5.035997959464984,93.11413081736092,91.66002330580869,0.0
6.9190000000000005,1.478966595862744,-0.5337032509990339,0.5023055399549599,0.0,5.822907407309943,5.024585593032886,92.70415491726223,91.66002330580869,0.0
6.92,1.460289625046208,-0.540125236763802,0.696852173889768,0.0,5.797151969416266,5.03020626539246,92.87572050061458,91.66002330580869,0.0
6.921,1.4568893201012139,-0.5540552717049134,0.5989124102655354,0.0,5.776002226533786,5.02015775022448,93.95334959901459,91.66002330580869,0.0
6.922,1.448774379800732,-0.5681421478400414,0.037164598133471616,0.0,5.757372862448213,4.949044890970369,93.16524165348461,91.66002330580869,0.0
6.923,1.407588491236282,-0.5673497065748709,0.41616638742169876,0.0,5.7332671115452625,4.934937354515222,92.72441529362804,91.66002330580869,0.0
6.924,1.3866438279951332,-0.5707809983543497,0.6259356474717916,0.0,5.710546548595489,4.941006651398804,92.8287935916927,91.66002330580869,0.0
6.925,1.382263334404973,-0.5809641295522712,0.5620587955806216,0.0,5.691790803143027,4.935345223653029,93.60950518033847,91.66002330580869,0.0
6.926,1.3760821345180199,-0.5915937396508988,0.1522081825124375,0.0,5.675411915260103,4.884565692269658,93.21502067844973,91.66002330580869,0.0
6.9270000000000005,1.3454307206595604,-0.592229466198035,0.3339004597303974,0.0,5.655556596846332,4.864620725386549,92.95904758344473,91.66002330580869,0.0
6.928,1.3244285807438652,-0.592703632292467,0.44889676445653914,0.0,5.635738114590546,4.857521115350212,93.00207919702852,91.66002330580869,0.0
6.929,1.3124015436181693,-0.5975920546808684,0.4139603987524445,0.0,5.617724504358484,4.84526960750189,92.98068869085948,91.66002330580869,0.0
6.93,1.3005074922777982,-0.6025729351361202,0.41144899798645707,0.0,5.600786116990988,4.833703074264159,92.88699617007592,91.66002330580869,0.0
6.931,1.2889045165830726,-0.6070432214708645,0.4460255297355664,0.0,5.5848268377287384,4.826585274926529,92.77947893571545,91.66002330580869,0.0
6.932,1.2794015649830826,-0.6119606054712415,0.4885895906167348,0.0,5.570247915835646,4.823848903894927,92.59537396871004,91.66002330580869,0.0
6.933,1.2725657385714033,-0.6175288101104026,0.5712885674904267,0.0,5.557416577699007,4.829256436013756,92.47876814967084,91.66002330580869,0.0
6.934,1.2715389798904337,-0.6226147439311576,0.621404028571402,0.0,5.546912897261803,4.837570377247995,92.64571808854268,91.66002330580869,0.0
6.9350000000000005,1.2731327428825265,-0.628229627331815,0.5280721113081432,0.0,5.538857756827611,4.833049309289385,93.39012541449956,91.66002330580869,0.0
6.936,1.2679866730108487,-0.631635439861319,0.13856742724279192,0.0,5.5314745141852155,4.786844643324465,92.86947640027421,91.66002330580869,0.0
6.937,1.2385770321595673,-0.6258311615182511,0.3867974034108145,0.0,5.519536600467534,4.778906063705858,92.08856846249921,91.66002330580869,0.0
6.938,1.223762537919315,-0.6207503938542099,0.7729659207314084,0.0,5.507497778500148,4.811899285778843,92.02042783319195,91.66002330580869,0.0
6.939,1.2348538489229068,-0.6251514935080724,0.8034321901112085,0.0,5.500497089575362,4.838510718753566,92.95596501708016,91.66002330580869,0.0
6.94,1.2494059394603403,-0.6332395368937395,0.32270418105438636,0.0,5.497703286616412,4.807086378999206,93.08389792661785,91.66002330580869,0.0
6.941,1.2330448766798014,-0.6322546736155523,0.2444989800774493,0.0,5.491857214583467,4.77667503871873,92.0272011517299,91.66002330580869,0.0
6.942,1.2107249989131261,-0.6218260528462185,0.7691755890622141,0.0,5.482417316073922,4.809508280187624,91.49403202106484,91.66002330580869,0.0
6.9430000000000005,1.2194646031584906,-0.6217980185084994,1.0374200672421816,0.0,5.4773059339927626,4.86118977892397,92.43065593309078,91.66002330580869,0.0
6.944,1.2466798913812747,-0.6311202782015305,0.5614017849563927,0.0,5.478899568902968,4.849241248083275,93.23833203465259,91.66002330580869,0.0
6.945,1.244513208203309,-0.6327322134525638,0.1417806468870486,0.0,5.479223077518765,4.797759279484705,91.95502532321694,91.66002330580869,0.0
6.946,1.2153969039532413,-0.6174735228711976,0.7804839824307872,0.0,5.472671463096665,4.829092563533803,91.05178371870709,91.66002330580869,0.0
6.947,1.221281564979198,-0.6132241391461688,1.2381871805567326,0.0,5.4695934932177455,4.899659200418842,92.00379742884691,91.66002330580869,0.0
6.948,1.2578892732280282,-0.6226298118138947,0.7587425842564389,0.0,5.474957101845923,4.9015774377560835,93.03817557567457,91.66002330580869,0.0
6.949,1.266275665103574,-0.6251904447034938,0.2277719881439486,0.0,5.480163786236185,4.849671466589224,91.76390021971181,91.66002330580869,0.0
6.95,1.2397121008378595,-0.6096657580814202,0.863870896986296,0.0,5.477925883213407,4.881763202899843,90.63539407915242,91.66002330580869,0.0
6.9510000000000005,1.2473718986276165,-0.6026615613579794,1.4383702595325563,0.0,5.478505729350616,4.966147702669259,91.85259111539816,91.66002330580869,0.0
6.952,1.2914049871642366,-0.612679168335578,0.8278460633137938,0.0,5.488638019585813,4.964482040104796,92.8616318460273,91.66002330580869,0.0
6.953,1.3003661798647426,-0.6130318520185946,0.3113096125970387,0.0,5.497529133676402,4.912737004891955,91.28073682840605,91.66002330580869,0.0
6.954,1.2749794319682108,-0.5938994189723249,1.1055499861816875,0.0,5.498248538364726,4.962469544406561,90.18045011316799,91.66002330580869,0.0
6.955,1.2930996723942012,-0.5865291505595499,1.6704890757271227,0.0,5.503249851340736,5.0592545726268625,91.9933834862941,91.66002330580869,0.0
6.956,1.3456195116547192,-0.5998424708581808,0.7606887873592114,0.0,5.518967703758155,5.035537826792416,92.56218586751618,91.66002330580869,0.0
6.957,1.3453655073845188,-0.5962786811470573,0.46726597113110124,0.0,5.530216946279175,4.993139172744069,90.53594962764741,91.66002330580869,0.0
6.958,1.3246859943036204,-0.5718590383685829,1.491624827847097,0.0,5.533450876334737,5.073991217149896,90.62726173154005,91.66002330580869,0.0
6.9590000000000005,1.3606692353720693,-0.5680109379915226,1.4562963916434666,0.0,5.5442675232116345,5.128786781922798,92.37581712387319,91.66002330580869,0.0
6.96,1.396372661815954,-0.5748514392035254,0.5748607572962492,0.0,5.560272998015225,5.079012274991802,90.84769685564275,91.66002330580869,0.0
6.961,1.379778270138515,-0.5597255980463547,1.3470441559131276,0.0,5.567968227105945,5.131752713774548,89.54050402983198,91.66002330580869,0.0
6.962,1.4051093908563053,-0.548303319490197,2.0218357615782816,0.0,5.579062784936264,5.243541507029359,91.78686000597561,91.66002330580869,0.0
6.963,1.4663508762621245,-0.5641438678084427,0.8973894065047958,0.0,5.6020834494096,5.208340609439524,91.20395705468427,91.66002330580869,0.0
6.964,1.4643592978680675,-0.5556220641471556,1.1934015446617126,0.0,5.618186153790694,5.223599155281406,89.2627496880426,91.66002330580869,0.0
6.965,1.4755412976985711,-0.5355790830385576,2.187977964160205,0.0,5.632084932432534,5.344135465975177,91.72340634802386,91.66002330580869,0.0
6.966,1.5376052041104755,-0.5468423876010666,0.9570158037474266,0.0,5.65808685759253,5.301941211916362,90.87430128337694,91.66002330580869,0.0
6.9670000000000005,1.532024479009373,-0.5351637394388931,1.3894255562952043,0.0,5.675871880487181,5.327675788989051,89.37431573309581,91.66002330580869,0.0
6.968,1.5492252888693854,-0.513079854524772,2.1622754071628956,0.0,5.692139417940705,5.431356900378291,91.6395672134107,91.66002330580869,0.0
6.969,1.6033035513815623,-0.5226860215904439,1.0298542279294314,0.0,5.718425830014163,5.388225225371864,89.93161783010635,91.66002330580869,0.0
6.97,1.5983823140457367,-0.5048103997863373,1.9011129743386312,0.0,5.735708053310525,5.4602801517028325,90.3627352317669,91.66002330580869,0.0
6.971,1.6386007833216418,-0.4929345476053933,1.6985271542487703,0.0,5.757339959388486,5.491387536062656,91.23527400191087,91.66002330580869,0.0
6.972,1.6618824454648347,-0.4935225292572297,1.266505262215768,0.0,5.780102849798145,5.4738920245285705,88.97736724716712,91.66002330580869,0.0
6.973,1.6669910495460576,-0.4677221478558312,2.422285200174055,0.0,5.795995978242755,5.591549235457098,91.01684583043432,91.66002330580869,0.0
6.974,1.7280155022171857,-0.4746399530234293,1.4089776832942005,0.0,5.823084477318211,5.569346808147856,89.22076448637102,91.66002330580869,0.0
6.9750000000000005,1.7371712617882142,-0.4607036546628923,2.331410943520225,0.0,5.843641712883858,5.663277318244642,90.54075856855798,91.66002330580869,0.0
6.976,1.7925774644431902,-0.45719456480718956,1.6826065497992564,0.0,5.871289639002097,5.663274560280411,89.41730495069656,91.66002330580869,0.0
6.977,1.807741088140522,-0.44999042028673475,2.2667605422810855,0.0,5.895415131713397,5.7356679172544816,90.0490891216606,91.66002330580869,0.0
6.978,1.8575963664884472,-0.43820354327595146,1.9669777986405466,0.0,5.923142895824994,5.759084401695699,89.62862628936671,91.66002330580869,0.0
6.979,1.8811880122734195,-0.43622896981153625,2.197523184951913,0.0,5.950340197658575,5.809193305781742,89.58895837807337,91.66002330580869,0.0
6.98,1.9241047864228793,-0.41890996969575905,2.238067789875934,0.0,5.977943315439308,5.854680573622477,89.64743353032358,91.66002330580869,0.0
6.981,1.9564920036325275,-0.4205422649027718,2.22895611150568,0.0,6.007687590699972,5.893838269635675,89.37532030807715,91.66002330580869,0.0
6.982,1.9974664616658955,-0.40124487565893435,2.3878597526062113,0.0,6.036234172266998,5.945441822666808,89.33315676473543,91.66002330580869,0.0
6.9830000000000005,2.0326819508575245,-0.40339742182266214,2.4322101896878014,0.0,6.067516204950882,5.994565230988754,89.63304984213987,91.66002330580869,0.0
6.984,2.079873311074565,-0.3864303190113564,2.3025333856222727,0.0,6.098694468427693,6.022357654196912,88.41950770296894,91.66002330580869,0.0
6.985,2.1065784591822307,-0.38201229819688365,2.941709611236133,0.0,6.129217836616157,6.119629161600444,90.17448424878333,91.66002330580869,0.0
6.986,2.172567136753796,-0.3786504326677046,2.079076728899193,0.0,6.166090393726065,6.101952772717468,87.71900965203585,91.66002330580869,0.0
6.987,2.1894215319036094,-0.3569056723700931,3.3462241638106613,0.0,6.195149751259239,6.23654972840665,89.88447230770217,91.66002330580869,0.0
6.988,2.26340090138276,-0.36956942120353475,2.2812483459585677,0.0,6.236373328582667,6.222804923276178,88.63039129960634,91.66002330580869,0.0
6.989,2.2918329315922694,-0.342022227420146,2.938585170068503,0.0,6.268943238856199,6.295126035593457,88.4447507449208,91.66002330580869,0.0
6.99,2.335171990999647,-0.34420512480104704,3.0635581730201564,0.0,6.306003859983839,6.3661627135572205,89.81510833607304,91.66002330580869,0.0
6.9910000000000005,2.3952189798336816,-0.33501854280608767,2.396828527141392,0.0,6.345429733801835,6.353040016583525,87.7525392433691,91.66002330580869,0.0
6.992,2.415206857230603,-0.3087472623398796,3.467187914117757,0.0,6.376802775509329,6.467980809089869,88.56245152845828,91.66002330580869,0.0
6.993,2.4801825009936884,-0.31833162756509903,3.0932074893466694,0.0,6.417849585276148,6.5157759438817715,89.62991392616625,91.66002330580869,0.0
6.994,2.53664411018454,-0.30612094007685936,2.5797773842891085,0.0,6.458132208269514,6.504597718289181,87.77224622443984,91.66002330580869,0.0
6.995,2.5575791386403237,-0.2785036761739585,3.547489005966004,0.0,6.490352954249847,6.608409919951993,89.50515856586415,91.66002330580869,0.0
6.996,2.6019093063738965,-0.3130684092652129,2.7025814826532946,0.0,6.533811139077495,6.597779064099254,92.00888860570561,91.66002330580869,0.0
6.997,2.6069241584483196,-0.32102658941542134,1.4472278097335967,0.0,6.572390172322712,6.462808951475667,90.47875279943567,91.66002330580869,0.0
6.998,2.5332453735096117,-0.296814301745188,2.2241084179322965,0.0,6.590871357535825,6.451358971934011,91.42709066671205,91.66002330580869,0.0
6.9990000000000006,2.4898893694728526,-0.30592443722885815,1.7522688106850735,0.0,6.607603664053366,6.3872633185833125,93.08474045077826,91.66002330580869,0.0
7.0,2.443631950888388,-0.2944705463290051,0.9091967472022735,0.0,6.614902145230263,6.247885686312724,91.39126606001574,91.66002330580869,0.0
7.001,2.3515915722112926,-0.27560233745335955,1.758621515041462,0.0,6.605572050995086,6.234704977952656,93.14468965903599,91.66002330580869,0.0
7.002,2.310057282877608,-0.28596392597852627,0.867063051999063,0.0,6.597185352173949,6.118992020431958,92.32928256304359,91.66002330580869,0.0
7.003,2.242446328487312,-0.2702667019336825,1.268074007422913,0.0,6.57623571695267,6.074060340597859,92.40412978700076,91.66002330580869,0.0
7.0040000000000004,2.193389404023654,-0.2814678623038579,1.2232093306324106,0.0,6.554276977151274,6.027301793370946,93.262990264521,91.66002330580869,0.0
7.005,2.1602055156542472,-0.28455961167796884,0.7777494222851684,0.0,6.53006633743478,5.937630942212294,92.34084605627409,91.66002330580869,0.0
7.006,2.1029278909888935,-0.2901829394982427,1.2320132989039674,0.0,6.4998973251405605,5.914898437538893,93.56830607294027,91.66002330580869,0.0
7.007000000000001,2.078975146310771,-0.3001338991154202,0.5992004628995586,0.0,6.471510335888106,5.819332257044674,92.46908647896713,91.66002330580869,0.0
7.008,2.022436508963783,-0.3075465045048339,1.1407196281545473,0.0,6.437121304508141,5.802358954874114,93.37819871839433,91.66002330580869,0.0
7.009,2.0024115755286753,-0.31932326458130206,0.6689817543150898,0.0,6.405695163603632,5.727975078312112,92.72540876497764,91.66002330580869,0.0
7.01,1.9578189583667993,-0.333006657407794,0.9847228764317435,0.0,6.371360654743524,5.702040816040547,93.1016523866218,91.66002330580869,0.0
7.011,1.937261238166904,-0.3442448878586625,0.7821847748015374,0.0,6.3389655419636,5.6516453497600025,93.19558431935894,91.66002330580869,0.0
7.0120000000000005,1.9044570435073511,-0.3625860885238541,0.7198631982974601,0.0,6.306675543602276,5.601622810640929,92.87648472789907,91.66002330580869,0.0
7.013,1.8745263641926648,-0.37003932869112255,0.8672483798064936,0.0,6.27324873557693,5.573173444106684,93.77088693899368,91.66002330580869,0.0
7.014,1.8498089483763056,-0.3904546424999776,0.3989386379273361,0.0,6.24249082381799,5.4936580189481825,92.631538426134,91.66002330580869,0.0
7.015000000000001,1.8069759350635983,-0.39128199010003295,0.958897743153925,0.0,6.206744015817014,5.489761401429589,94.22639418804282,91.66002330580869,0.0
7.016,1.7930985699743545,-0.4092652403765794,0.1358061533771746,0.0,6.176152110918696,5.387638278961739,92.66913543149225,91.66002330580869,0.0
7.017,1.7374033320387405,-0.41230314504296595,0.9043444103956229,0.0,6.138561421273959,5.3914261049426635,93.08655931116188,91.66002330580869,0.0
7.018,1.7264190118710627,-0.42609424075470653,0.6813671105072772,0.0,6.106595224673418,5.359514516642207,93.581374464142,91.66002330580869,0.0
7.019,1.70510625144818,-0.4471053812332981,0.41474602243388237,0.0,6.076807803398411,5.302733481267394,92.74414375674341,91.66002330580869,0.0
7.0200000000000005,1.6732690687193865,-0.4526467651753386,0.8225201716238297,0.0,6.044720461542264,5.299462137090127,93.03020677664637,91.66002330580869,0.0
7.021,1.6629247481283507,-0.46854391380124727,0.6657868269639757,0.0,6.017207991963435,5.272810287178215,94.07823726935115,91.66002330580869,0.0
7.022,1.6442123369865613,-0.4874415158032873,0.1175894409761602,0.0,5.991701349085261,5.1892929183072365,92.72028814788703,91.66002330580869,0.0
7.023000000000001,1.5974543344457632,-0.4858737179737864,0.7859613532874352,0.0,5.960032199826542,5.195535762417728,93.02599178454524,91.66002330580869,0.0
7.024,1.5875613077156243,-0.497369565044079,0.6194498501709655,0.0,5.933434471060774,5.17360807564028,94.06563236614348,91.66002330580869,0.0
7.025,1.5703439697080654,-0.5154008348100358,0.07557346876850013,0.0,5.909172227697385,5.094847074654423,92.86604800166084,91.66002330580869,0.0
7.026,1.5254757154256595,-0.5141946005051008,0.6633054040512949,0.0,5.8791471101005515,5.096388560716936,92.85051490977162,91.66002330580869,0.0
7.027,1.5129179753741095,-0.5239929294653843,0.6591670339562778,0.0,5.85336853139833,5.08937351521308,94.0249883523259,91.66002330580869,0.0
7.0280000000000005,1.5047351666441997,-0.538370244709379,0.04828066221396199,0.0,5.830949827403183,5.014100530758457,93.19252525459954,91.66002330580869,0.0
7.029,1.461245782387342,-0.5406988864719574,0.44918719158923404,0.0,5.803358072803531,4.999023560479438,92.68911481986315,91.66002330580869,0.0
7.03,1.4404393854489976,-0.5458481012814183,0.690601493816887,0.0,5.77756092384736,5.007095429540297,92.8177860061886,91.66002330580869,0.0
7.031000000000001,1.437604719556008,-0.5593595092053263,0.6146882736503638,0.0,5.756585439416424,5.001119548837703,93.84246406310541,91.66002330580869,0.0
7.032,1.4323181688407884,-0.572770291885045,0.08052483761899043,0.0,5.738449987373853,4.936198035920235,93.27566754950809,91.66002330580869,0.0
7.033,1.3944720837334343,-0.5739890310287045,0.3477666519806588,0.0,5.715635882722799,4.914803566885009,92.77964629500987,91.66002330580869,0.0
7.034,1.37086953104899,-0.5757751015967518,0.5845810493377557,0.0,5.693148022004376,4.918862119798081,92.89217672230961,91.66002330580869,0.0
7.035,1.3645002383718168,-0.5844809372005099,0.5159943015228736,0.0,5.674254583859835,4.910817941782439,93.5657862537551,91.66002330580869,0.0
7.0360000000000005,1.3559399230251763,-0.5946697401556105,0.1601319063206632,0.0,5.657479781697207,4.864107783521172,93.03537257595389,91.66002330580869,0.0
7.037,1.3280026470515862,-0.5933952920285053,0.4115852525198216,0.0,5.637469366601183,4.854597150107326,92.94934472667576,91.66002330580869,0.0
7.038,1.3127401676725126,-0.5963316620876153,0.44170596295021336,0.0,5.618844674861151,4.846234783182577,92.95593936836417,91.66002330580869,0.0
7.039000000000001,1.3017501054134382,-0.6016625004966565,0.42544948148045414,0.0,5.6018032441270496,4.835813045765029,92.88492217042851,91.66002330580869,0.0
7.04,1.2910245414531287,-0.6066708402288319,0.44870909180208596,0.0,5.585921391711052,4.828520372378947,92.79307921469605,91.66002330580869,0.0
7.041,1.2817232290537075,-0.6117807327635978,0.4833000105794423,0.0,5.571410461979548,4.8248570747764985,92.62902334589617,91.66002330580869,0.0
7.042,1.2743171977685464,-0.6175022710304687,0.5556379445785065,0.0,5.558562565744959,4.828441927830642,92.48903293263952,91.66002330580869,0.0
7.043,1.272230150096354,-0.622151523602948,0.6173430549385255,0.0,5.547812146839547,4.836603203686613,92.30262519364959,91.66002330580869,0.0
7.0440000000000005,1.273324256835999,-0.6278085968022833,0.7041209055550806,0.0,5.539528682936475,4.8516606003125835,93.23161278034831,91.66002330580869,0.0
7.045,1.278632321069113,-0.634408772283173,0.22391121746032194,0.0,5.534248753657213,4.810120120690813,93.26834748682316,91.66002330580869,0.0
7.046,1.2538551583687212,-0.6321439329484915,0.18946062241275452,0.0,5.525027635262074,4.7759967960683865,92.38000163976876,91.66002330580869,0.0
7.047,1.2265386042274053,-0.6225411368318284,0.6264337626003516,0.0,5.512282637064722,4.795532292768336,91.90055684668783,91.66002330580869,0.0
7.048,1.2263882566733777,-0.622532698712809,0.8637508237320249,0.0,5.502860788125174,4.833318257990699,92.49851420925599,91.66002330580869,0.0
7.049,1.2442862018707663,-0.6298528474538312,0.5563872334134757,0.0,5.498965021344519,4.828229998803257,93.41514952703545,91.66002330580869,0.0
7.05,1.2429215455228695,-0.6342189442600806,0.0805183123114751,0.0,5.495357074484463,4.774318135088702,92.3975724473009,91.66002330580869,0.0
7.051,1.2121688932352654,-0.6227207712795273,0.5819313607638283,0.0,5.485410275943034,4.788719932788535,91.47157010900824,91.66002330580869,0.0
7.0520000000000005,1.2083892227348334,-0.6188296831164058,1.0468170618781638,0.0,5.477585299057596,4.846918404734465,91.96405534643081,91.66002330580869,0.0
7.053,1.236362948925569,-0.6263742673619714,0.7975341227606574,0.0,5.477231482203935,4.863329644897206,93.07657918368871,91.66002330580869,0.0
7.054,1.2501503116078554,-0.6323928251042408,0.22710664535290903,0.0,5.479140766561108,4.816573313601482,92.47440903805597,91.66002330580869,0.0
7.055,1.226371507585253,-0.6236622083064273,0.5200478608468065,0.0,5.47516293592781,4.815364894418765,91.26566429179842,91.66002330580869,0.0
7.056,1.2169046400904384,-0.6146356237922662,1.1283638241156848,0.0,5.470556428310992,4.878668445279834,91.44596281940565,91.66002330580869,0.0
7.057,1.24632372611898,-0.6181087676917993,1.0403551651760978,0.0,5.47321323821605,4.916086110038978,92.75126069599594,91.66002330580869,0.0
7.058,1.2714970066992937,-0.6252751127801761,0.3767938529790814,0.0,5.480099700127244,4.875441161556891,92.48006935020098,91.66002330580869,0.0
7.059,1.2537882647359804,-0.61777307029492,0.5041890654326389,0.0,5.481336132874848,4.862398135027761,91.01282915232528,91.66002330580869,0.0
7.0600000000000005,1.2408784871971963,-0.6035535399200426,1.2442811059053214,0.0,5.479655491778395,4.932162214863398,91.07312840356084,91.66002330580869,0.0
7.061,1.2729480584483743,-0.604233704340488,1.2200004293100184,0.0,5.4853363361651475,4.981053277162596,92.53005827574339,91.66002330580869,0.0
7.062,1.3044895106139327,-0.6123126577914038,0.4828351435194006,0.0,5.496220085578543,4.941629078973836,92.14055144225878,91.66002330580869,0.0
7.063,1.2898424810436584,-0.6036212476149982,0.6727832788972011,0.0,5.501036195577809,4.937428211069141,90.3776330860247,91.66002330580869,0.0
7.064,1.2830052310426128,-0.5887925891632511,1.5670663592120817,0.0,5.503406369458748,5.031206325640115,91.1621262890773,91.66002330580869,0.0
7.065,1.329512667306176,-0.5925979713100477,1.179798727853093,0.0,5.515484216029359,5.059117185400444,92.82019573158405,91.66002330580869,0.0
7.066,1.3546020174769544,-0.5962310449152204,0.33916228234196766,0.0,5.52950694819404,4.994552656993018,91.17764482010239,91.66002330580869,0.0
7.067,1.3266430795256379,-0.5768962944522171,1.1652615229398624,0.0,5.5335078010145295,5.040450512240036,89.69112583013357,91.66002330580869,0.0
7.0680000000000005,1.3435075110602268,-0.5650709012204198,1.9282099926810208,0.0,5.540590908326802,5.155687329661628,91.80637429105509,91.66002330580869,0.0
7.069,1.4049064087739045,-0.580420920659015,0.8691222523677965,0.0,5.560296142720574,5.1293944055072656,92.13547748208298,91.66002330580869,0.0
7.07,1.406562268027639,-0.5759342333363593,0.6998161150911121,0.0,5.574754525459651,5.100100343969641,89.94843655707001,91.66002330580869,0.0
7.071,1.3946259994343522,-0.5509963911326977,1.8104524450849815,0.0,5.582139368001885,5.200374132669575,90.99006585228433,91.66002330580869,0.0
7.072,1.4426726987054805,-0.5513510490977114,1.2963373720130646,0.0,5.599101495958075,5.218295505810134,92.30473321441877,91.66002330580869,0.0
7.073,1.4625618653389048,-0.5522047515445807,0.6325565918597422,0.0,5.616249909122208,5.166538878009145,89.71924288936673,91.66002330580869,0.0
7.074,1.4446266821265152,-0.5263226178753398,1.9447095585501866,0.0,5.623652246461743,5.274819150261847,90.51923885234987,91.66002330580869,0.0
7.075,1.496957674239982,-0.5252534584482282,1.5561194215932015,0.0,5.641283591092304,5.311209423326454,91.838594384938,91.66002330580869,0.0
7.0760000000000005,1.5272992369484306,-0.5310680172481601,0.8946559445078416,0.0,5.661441121628534,5.27403446046104,89.39362803870712,91.66002330580869,0.0
7.077,1.5213714967153686,-0.5082142027026701,2.1398030702943,0.0,5.673293337636597,5.3871290325958805,90.70771860380181,91.66002330580869,0.0
7.078,1.5789273681130565,-0.5104499863667717,1.4922808347670247,0.0,5.695744263605844,5.400030028696099,91.07555513996411,91.66002330580869,0.0
7.079,1.5991188891347061,-0.5112636935783323,1.31420724834432,0.0,5.7173073465448185,5.399127637033592,88.80981940686385,91.66002330580869,0.0
7.08,1.6114169398707514,-0.4887421095341066,2.475577153883897,0.0,5.734138370706664,5.528852347934063,91.2686415920242,91.66002330580869,0.0
7.081,1.679458370040551,-0.5004307278509903,1.2500798784415703,0.0,5.763769727397672,5.493507713995305,89.47893988034555,91.66002330580869,0.0
7.082,1.6822872303796972,-0.48641875151577474,2.1667415685355245,0.0,5.785245281445659,5.578117677448672,90.35223463336052,91.66002330580869,0.0
7.083,1.7314897966080933,-0.4777552181489708,1.7431720787525191,0.0,5.81222140752719,5.5952709455026985,90.39686686858964,91.66002330580869,0.0
7.0840000000000005,1.7504874998805144,-0.475611643657628,1.7334875255101516,0.0,5.83806608994559,5.614979171702964,88.9558444494709,91.66002330580869,0.0
7.085,1.7753038902371183,-0.45203720247586,2.4810405236328985,0.0,5.860725373957097,5.7150888929444665,90.89217456634354,91.66002330580869,0.0
7.086,1.8294695369518164,-0.4620026683838062,1.5205539525912304,0.0,5.892461647353294,5.688614460432106,88.74683976224979,91.66002330580869,0.0
7.087,1.8390660961965364,-0.43851701743338556,2.6223531900736945,0.0,5.915693773895009,5.798249915294316,90.81023778634686,91.66002330580869,0.0
7.088,1.8977884335440491,-0.44260666125361725,1.5991520332197784,0.0,5.948250950598505,5.7693114261799465,88.49513628478591,91.66002330580869,0.0
7.089,1.9057686087767882,-0.42042123548876076,2.788351654210479,0.0,5.972177267447877,5.887275877622752,90.76464231120974,91.66002330580869,0.0
7.09,1.9695264961331733,-0.42523934951286624,1.6625524509445553,0.0,6.006259244556892,5.8531730411801774,88.09413324179324,91.66002330580869,0.0
7.091,1.9775101241365451,-0.401195510657803,3.033465886292958,0.0,6.03082973689645,5.98770653580694,90.61583195291662,91.66002330580869,0.0
7.0920000000000005,2.048722572780163,-0.41126378832384936,1.78305844426019,0.0,6.067744478396544,5.952236244157132,88.11782120363281,91.66002330580869,0.0
7.093,2.0610168789824446,-0.38453596070433405,3.0674858399238527,0.0,6.0943799727668395,6.077155294569826,90.2458825579635,91.66002330580869,0.0
7.094,2.1269505931034622,-0.3949790208189864,2.0175965702369627,0.0,6.132259837630184,6.0567841302647984,88.45347454928888,91.66002330580869,0.0
7.095,2.1478720245883554,-0.367347195444956,2.9458660621394674,0.0,6.161170668184401,6.153204585360625,89.43578132629465,91.66002330580869,0.0
7.096,2.2011255388407376,-0.373799840603914,2.4769550934317275,0.0,6.197818570414003,6.1763625042724986,89.25322197574998,91.66002330580869,0.0
7.097,2.241638253510581,-0.3522730431768465,2.592302782004647,0.0,6.230685000143267,6.214322913475087,87.9438472057664,91.66002330580869,0.0
7.098,2.2721951407213528,-0.34802753378164164,3.2841519279968585,0.0,6.263809089760661,6.323767723457271,89.94425048165286,91.66002330580869,0.0
7.099,2.3453572020262703,-0.3490880092817715,2.3011080182951895,0.0,6.304724358813498,6.302784882004434,88.09000547401051,91.66002330580869,0.0
7.1000000000000005,2.3670361724276283,-0.3217679408893962,3.2639307004343454,0.0,6.336434004537608,6.402079719603391,88.60792636111344,91.66002330580869,0.0
7.101,2.423891195799844,-0.3278476496188685,3.0354912263298317,0.0,6.375844138093371,6.4538222061750465,89.75235450870707,91.66002330580869,0.0
7.102,2.479201221266481,-0.31568154459602105,2.4823538405040333,0.0,6.415088438310912,6.440255187177711,87.58800029479832,91.66002330580869,0.0
7.103,2.498082902482551,-0.2881453413272712,3.6052511775685128,0.0,6.44614428529763,6.5594954963581085,88.13629493330112,91.66002330580869,0.0
7.104,2.5655867334740052,-0.2986150143225834,3.3663411420421907,0.0,6.487445604565889,6.625171677443701,90.85701968193331,91.66002330580869,0.0
7.105,2.6183944459964588,-0.3149885810294528,2.014008803964848,0.0,6.532880805623685,6.536909105446761,90.00801496769544,91.66002330580869,0.0
7.106,2.584466326919806,-0.30266810865465454,2.4550312444649123,0.0,6.563427241747711,6.528312272814732,90.57827976178716,91.66002330580869,0.0
7.107,2.5541123052606647,-0.3148348860930962,2.1807162828592714,0.0,6.591520901238107,6.492044558068423,93.06844251409635,91.66002330580869,0.0
7.1080000000000005,2.5224664741263245,-0.3114536588719584,0.9215507146218003,0.0,6.612684820536124,6.329625419063909,91.2021325631841,91.66002330580869,0.0
7.109,2.4245736409904306,-0.2816397579715364,1.8592845975041725,0.0,6.6122447171770515,6.311758722022686,92.30935363592064,91.66002330580869,0.0
7.11,2.373893865023465,-0.29001421610958567,1.2991807578347783,0.0,6.611281283853954,6.229241770182229,92.91185402151106,91.66002330580869,0.0
7.111,2.3198304004636774,-0.2769158237645484,0.9854122578825457,0.0,6.600637930939787,6.131406856937364,91.8953188655298,91.66002330580869,0.0
7.112,2.247673578912119,-0.2738095005804032,1.4913268802759645,0.0,6.581064710365743,6.10847600891344,93.8817615769332,91.66002330580869,0.0
7.113,2.2146109507954295,-0.28237929696354347,0.47588814186301986,0.0,6.562129467880697,5.972038837062468,92.00867498292264,91.66002330580869,0.0
7.114,2.1369367672951673,-0.2714089684929115,1.4089449220971597,0.0,6.530151598363459,5.9683560252618335,93.62539376256498,91.66002330580869,0.0
7.115,2.1099535414880073,-0.2906947447023075,0.5809318277084266,0.0,6.503234373285621,5.86362311250822,92.31122152447941,91.66002330580869,0.0
7.1160000000000005,2.0549328686587987,-0.28656706081592453,1.2315059645645072,0.0,6.467888676450611,5.852297496273384,93.41543570238862,91.66002330580869,0.0
7.117,2.031126883934652,-0.30958459837495567,0.6618447516441013,0.0,6.4375181936459756,5.771469848780091,92.47234913859502,91.66002330580869,0.0
7.118,1.990199114257191,-0.3113761156680859,1.1252647752130378,0.0,6.402068885899126,5.756624727294728,93.45730685341454,91.66002330580869,0.0
7.119,1.9692473950145906,-0.3353528406537925,0.6148130823272218,0.0,6.3712995213539205,5.680830712149998,92.51010819044534,91.66002330580869,0.0
7.12,1.9310109317408446,-0.3389720218423575,1.0799115649654554,0.0,6.336186034429651,5.669801005851971,93.88891205264993,91.66002330580869,0.0
7.121,1.9131584085181799,-0.3625185837967503,0.3682207463947471,0.0,6.306034855571101,5.575007359543916,92.44162977408571,91.66002330580869,0.0
7.122,1.8647738178643376,-0.3627927267225879,1.084045820994085,0.0,6.269214120069899,5.577679406112139,94.10102855357428,91.66002330580869,0.0
7.123,1.8533972540986137,-0.38202939838944305,0.22993637877214468,0.0,6.238455955229737,5.476059461190707,92.50812498963381,91.66002330580869,0.0
7.1240000000000006,1.7990376524209593,-0.38690493281883054,1.0179071439041272,0.0,6.20095555445201,5.482609363411023,93.15586794758369,91.66002330580869,0.0
7.125,1.7904492485144057,-0.40243087708107955,0.6790772185114407,0.0,6.169519282498642,5.4400043642999645,93.31280002026027,91.66002330580869,0.0
7.126,1.7645552553013144,-0.42276613146359787,0.5840834150286338,0.0,6.13904775636896,5.394217673989866,92.73366955402675,91.66002330580869,0.0
7.127,1.7374271111680175,-0.430846212589272,0.8629121856632143,0.0,6.1077301702012345,5.384308758824974,93.7905020994144,91.66002330580869,0.0
7.128,1.725405269817587,-0.44705080654675033,0.3131911250333326,0.0,6.080255155657857,5.31005249329138,93.06100761756717,91.66002330580869,0.0
7.1290000000000004,1.682182141721234,-0.4561355453965225,0.6639285228393608,0.0,6.048939291349358,5.289187002898864,92.83884066364202,91.66002330580869,0.0
7.13,1.661041068968522,-0.4648900989821409,0.7632238262236044,0.0,6.01954061793838,5.276584871230792,94.15206652556869,91.66002330580869,0.0
7.131,1.647618171371446,-0.4817571725055865,0.08169046306267047,0.0,5.9935894312534135,5.187606570415035,92.82801632765083,91.66002330580869,0.0
7.132000000000001,1.5973793538713186,-0.4833498039486075,0.7320356318031771,0.0,5.961342051878865,5.188676324154464,92.88434224844983,91.66002330580869,0.0
7.133,1.58455012187551,-0.4936201406155937,0.6916294819772673,0.0,5.933540196534654,5.17637506375878,94.1024378017411,91.66002330580869,0.0
7.134,1.5724566565616558,-0.5118522887064901,0.05815756037230435,0.0,5.909191233608625,5.094447882854519,92.82616277233542,91.66002330580869,0.0
7.135,1.5268808296491216,-0.5119086155495707,0.6846336804098778,0.0,5.878908323356602,5.098418022475508,92.79724627735023,91.66002330580869,0.0
7.136,1.515774589437305,-0.5221235867059946,0.6877196981870608,0.0,5.853173801650656,5.093803486018484,93.97928114950943,91.66002330580869,0.0
7.1370000000000005,1.5092914135973545,-0.537338484798469,0.07350968367045008,0.0,5.8311227675482105,5.020085076202244,93.16606921953522,91.66002330580869,0.0
7.138,1.4669905420373333,-0.5405685377084454,0.46505518952029257,0.0,5.8041081527135585,5.005333773859235,92.66371142450961,91.66002330580869,0.0
7.139,1.4466731383274418,-0.5460291793189483,0.7061972058460846,0.0,5.778888239176125,5.013778212696888,92.81461487324215,91.66002330580869,0.0
7.140000000000001,1.4441162841854294,-0.5595996573685553,0.6191995658054825,0.0,5.758472907045554,5.006953135647831,93.89850074704023,91.66002330580869,0.0
7.141,1.4383345526897984,-0.5728438987494551,0.05487185449412646,0.0,5.740737762194536,4.938173383169878,93.25678301551183,91.66002330580869,0.0
7.142,1.3981699388945377,-0.5732654840071087,0.3597631231612961,0.0,5.71781208854536,4.918039698323645,92.75232459307779,91.66002330580869,0.0
7.143,1.374437461038332,-0.5750233963971108,0.6010693215056258,0.0,5.695354768286797,4.923330510154551,92.8716404199944,91.66002330580869,0.0
7.144,1.368632940550234,-0.5840501912236433,0.5292952369054591,0.0,5.6766476295442025,4.915939469962177,93.73789705945215,91.66002330580869,0.0
7.1450000000000005,1.3608137823774842,-0.5940725107871366,0.07538817964015188,0.0,5.660084287860348,4.859006846655722,93.03395222636775,91.66002330580869,0.0
7.146,1.3275221773152035,-0.5911635713526406,0.41362130697676447,0.0,5.639063811480805,4.851439751066329,92.88652853336161,91.66002330580869,0.0
7.147,1.3117506711018396,-0.5937990693959327,0.47506810120430143,0.0,5.619707667359383,4.847306083122431,92.9294907939699,91.66002330580869,0.0
7.148000000000001,1.3028860305951657,-0.6001718162090094,0.4408922960185435,0.0,5.60254841802472,4.838093756441674,92.88109836321796,91.66002330580869,0.0
7.149,1.2934525421713798,-0.606126070998454,0.45287776082042397,0.0,5.586775101514155,4.830695933997139,92.79787707548297,91.66002330580869,0.0
7.15,1.2845707650363298,-0.6115310683235542,0.4831098669911742,0.0,5.572374341568059,4.826548899777384,92.66372761085373,91.66002330580869,0.0
7.151,1.2768718644392216,-0.617569225270928,0.5401475562553468,0.0,5.559609101485558,4.828106379036676,92.48836627895592,91.66002330580869,0.0
7.152,1.2736615869475163,-0.6218458895476784,0.6195447924727766,0.0,5.548686184838205,4.836671046971182,92.32059594188466,91.66002330580869,0.0
7.1530000000000005,1.274266589517452,-0.6280819600286233,0.6968242346476472,0.0,5.540355227759176,4.850895069666953,93.04751565651473,91.66002330580869,0.0
7.154,1.279345207997586,-0.6341198104393967,0.3194894538255513,0.0,5.534881571498002,4.820031376065949,93.40106431109538,91.66002330580869,0.0
7.155,1.2598933802107763,-0.6341045419524651,0.12530471648235975,0.0,5.526806853465174,4.77631020014075,92.46801629494499,91.66002330580869,0.0
7.156000000000001,1.229183737328885,-0.6233435488680149,0.5837487946661939,0.0,5.513983933088686,4.791707908417579,91.91603035516958,91.66002330580869,0.0
7.157,1.2256127915149861,-0.6222031439907791,0.8571816940602881,0.0,5.503965240971882,4.829862439591299,92.3824625402564,91.66002330580869,0.0
7.158,1.2427911108340575,-0.6289738248584236,0.6167412091724029,0.0,5.499520050128341,4.832091541521121,93.3881910957407,91.66002330580869,0.0
7.159,1.2454188681731861,-0.634119251194726,0.09659525353093479,0.0,5.496240578650456,4.778724293787814,92.5521459996831,91.66002330580869,0.0
7.16,1.2154736535657142,-0.6244002368332519,0.5056965746209852,0.0,5.486831783703902,4.783888679736581,91.59115528024971,91.66002330580869,0.0
7.1610000000000005,1.2072792902636944,-0.6188815371201917,0.9868806145932735,0.0,5.478370440022059,4.837036906599014,91.80107100699382,91.66002330580869,0.0
7.162,1.231461901266548,-0.6244815732911311,0.8805122742093651,0.0,5.476741244370576,4.864769787721731,92.95679474848079,91.66002330580869,0.0
7.163,1.2502560136385934,-0.6318838934271844,0.28968268903916106,0.0,5.47880651124977,4.82381336395125,92.67403733458114,91.66002330580869,0.0
7.164000000000001,1.2304775074078984,-0.6260904702723499,0.42092125570125927,0.0,5.475858309315607,4.809867224239365,91.45421160626934,91.66002330580869,0.0
7.165,1.2159336553088285,-0.6149015259633417,1.0328922368525548,0.0,5.470637463961226,4.864427339233866,91.24483910102435,91.66002330580869,0.0
7.166,1.2391766251318805,-0.6158951428199783,1.1417303315228908,0.0,5.471615901939053,4.916159673594176,92.54264220627938,91.66002330580869,0.0
7.167,1.2697480960046015,-0.6255474002573419,0.48400258989067013,0.0,5.478721541704672,4.886247753692221,92.71810125593761,91.66002330580869,0.0
7.168,1.2592787556576008,-0.6213548925533114,0.38569228556026613,0.0,5.481567727081721,4.8572580758439,91.23008497307374,91.66002330580869,0.0
7.1690000000000005,1.2405352340133133,-0.6045939028631789,1.1339998103195494,0.0,5.479428542347353,4.9167060090623425,90.85537226644512,91.66002330580869,0.0
7.17,1.2652411605709297,-0.6024151146691858,1.3294026740274991,0.0,5.48337601260383,4.981101383108001,92.3226725027147,91.66002330580869,0.0
7.171,1.302369539040276,-0.6130564602378555,0.5891260639236493,0.0,5.49456060913372,4.95223044866019,92.41765981378995,91.66002330580869,0.0
7.172,1.294914288318166,-0.6076215331459491,0.5340560433062078,0.0,5.501035397130043,4.929901492507394,90.71541562262976,91.66002330580869,0.0
7.173,1.2812605547754055,-0.589517761425155,1.3946242157180921,0.0,5.502692745093086,5.0070934681234744,90.89071182282542,91.66002330580869,0.0
7.174,1.317234043212789,-0.5884341007291153,1.3146692304500949,0.0,5.511965390862074,5.055237629807112,92.52678644664368,91.66002330580869,0.0
7.175,1.349531000588787,-0.5948815329403756,0.48796428713261486,0.0,5.52584524237273,5.006163715560057,91.46075313237745,91.66002330580869,0.0
7.176,1.3310024899043291,-0.5816128555963743,1.022973646000045,0.0,5.53190568847766,5.032864362546414,89.63881070429825,91.66002330580869,0.0
7.1770000000000005,1.3405360836755675,-0.5684199111122697,1.9541569860547479,0.0,5.538711617550922,5.153347082840292,91.65982197846894,91.66002330580869,0.0
7.178,1.4036210216196117,-0.5816250048996253,0.9436533622428008,0.0,5.558469715507694,5.135150884756113,92.42799347062638,91.66002330580869,0.0
7.179,1.4094471944325275,-0.5788117515946447,0.5518879145159064,0.0,5.57399087505895,5.087750923634211,90.15930375490836,91.66002330580869,0.0
7.18,1.3890421125781498,-0.5513392001048123,1.7012399678839152,0.0,5.58022607441206,5.179292275659485,90.70112348332506,91.66002330580869,0.0
7.181,1.4307582303280955,-0.5476389968311101,1.4399191019004025,0.0,5.594859592187175,5.217271372854639,92.32746121811364,91.66002330580869,0.0
7.182,1.4592007285523465,-0.551385749619187,0.6200758553830641,0.0,5.612276812743722,5.162634850023548,89.8907171011552,91.66002330580869,0.0
7.183,1.4411577044207136,-0.5286742568849191,1.8561409759088174,0.0,5.619952927232854,5.261638454890949,90.25795796554286,91.66002330580869,0.0
7.184,1.489799527236339,-0.5248877807574397,1.686541197117649,0.0,5.636572393313132,5.314961653097203,91.90488027600205,91.66002330580869,0.0
7.1850000000000005,1.5277164466527724,-0.5331787372696084,0.8606314721861208,0.0,5.657812102583621,5.271775963228651,89.53832025912243,91.66002330580869,0.0
7.186,1.5197458081655237,-0.512140864666053,2.065128511092792,0.0,5.670212196388696,5.377042524230814,90.52394102609784,91.66002330580869,0.0
7.187,1.5739358902964637,-0.5107778981713287,1.5836789504021929,0.0,5.691959389325094,5.401977401028959,91.33242649561465,91.66002330580869,0.0
7.188,1.5986485749780686,-0.5136532356672506,1.1827121837457282,0.0,5.714355267437165,5.385125166221959,89.01814482944137,91.66002330580869,0.0
7.189,1.6033604824006609,-0.4898945974068489,2.366271801596045,0.0,5.730184130673724,5.506127785367294,90.96717292259865,91.66002330580869,0.0
7.19,1.6659099339567776,-0.49706682361514654,1.3986862588495044,0.0,5.757556900766678,5.491509702444183,89.71367071171491,91.66002330580869,0.0
7.191,1.6764298105327424,-0.4883183527425646,2.044900890232311,0.0,5.77969653149996,5.561318477794457,90.00590305948933,91.66002330580869,0.0
7.192,1.7217998198475173,-0.4766306764009302,1.9153259188082972,0.0,5.805404917006086,5.6007594432537,90.79168289049694,91.66002330580869,0.0
7.1930000000000005,1.750523746268029,-0.4789364938730997,1.5311194074576064,0.0,5.83285707719288,5.595154252370183,88.69977868449062,91.66002330580869,0.0
7.194,1.7642308259845754,-0.453704129544375,2.606673956673947,0.0,5.85420488402176,5.713787322616389,91.13123688779653,91.66002330580869,0.0
7.195,1.8265505430052416,-0.4629316758346367,1.3962327192011141,0.0,5.886548570927589,5.672069686831578,88.59028067366805,91.66002330580869,0.0
7.196,1.8287452092165883,-0.43990672848433365,2.6974082525867633,0.0,5.9088611058929175,5.793373688249937,90.92620655214284,91.66002330580869,0.0
7.197,1.8929097506788277,-0.4433629727385814,1.5367834808860235,0.0,5.94168322384502,5.757061909903326,88.36839640947287,91.66002330580869,0.0
7.198,1.8970317844047662,-0.422623029988914,2.848604821184371,0.0,5.965275996022247,5.88375833804118,90.7812804634226,91.66002330580869,0.0
7.199,1.9653613134246928,-0.4273077921235049,1.6509502226333626,0.0,5.999901857057836,5.847809153484443,88.12556285958553,91.66002330580869,0.0
7.2,1.9725171363096967,-0.4049607670004629,3.0141536290141318,0.0,6.024965193149312,5.980742548947184,90.65642622348868,91.66002330580869,0.0
7.2010000000000005,2.0435619886313314,-0.4133157769548732,1.7587579178857566,0.0,6.061958056524132,5.943420000658339,88.06013885946953,91.66002330580869,0.0
7.202,2.053931505856466,-0.3869322965506484,3.092900444358722,0.0,6.088533645788575,6.072408430187622,90.3422410012563,91.66002330580869,0.0
7.203,2.1217265073240985,-0.3974235533896505,1.9650271965108632,0.0,6.126768392135833,6.046394338173238,88.39210631307483,91.66002330580869,0.0
7.204,2.139908157593875,-0.36921983672220615,2.9727737105289336,0.0,6.155370933245121,6.147613947500487,89.56273259004985,91.66002330580869,0.0
7.205,2.194879775044019,-0.3760471735323154,2.408433479199015,0.0,6.19226822539199,6.163551898002648,89.07249986460025,91.66002330580869,0.0
7.206,2.232346233401131,-0.3528833504335307,2.6794250763359004,0.0,6.224453289465419,6.213466666422858,88.21982407761716,91.66002330580869,0.0
7.207,2.267170510247037,-0.3519941905987878,3.140164962109358,0.0,6.258545154622693,6.306123930002622,89.94608406634643,91.66002330580869,0.0
7.208,2.334465111426674,-0.34818083004004463,2.2941743601393463,0.0,6.298082981559106,6.288204125304399,87.90149767173502,91.66002330580869,0.0
7.2090000000000005,2.354630517022857,-0.3219925010652267,3.35405281378579,0.0,6.329032462750408,6.399531371086667,88.81915095936932,91.66002330580869,0.0
7.21,2.4173249659629317,-0.33090211443344375,2.9236348934330296,0.0,6.36926166116106,6.438181349307123,89.66165120608431,91.66002330580869,0.0
7.211,2.468870441975584,-0.315083195578855,2.5223684910727777,0.0,6.407503760345006,6.432111066618505,87.30353274175805,91.66002330580869,0.0
7.212,2.488721657944839,-0.29077676570422695,3.744992628876418,0.0,6.438799103244033,6.567305162302658,88.45635372106607,91.66002330580869,0.0
7.213,2.564780919183198,-0.3054013120110908,3.2006188350698355,0.0,6.482336085814072,6.611834017435009,90.72814241987585,91.66002330580869,0.0
7.214,2.6132707858083712,-0.3117383500345172,2.074043294524271,0.0,6.526523084359852,6.533210821072797,89.86789737472694,91.66002330580869,0.0
7.215,2.5824884887062227,-0.29890629632029664,2.5220870764095458,0.0,6.556954167126034,6.53129016696171,90.3766671318184,91.66002330580869,0.0
7.216,2.5565822496871466,-0.3126167626284815,2.2805357596037203,0.0,6.585786548035531,6.504095467191931,92.97504540184015,91.66002330580869,0.0
7.2170000000000005,2.53049460702554,-0.31257598598643765,0.9681964036325283,0.0,6.6088746307833945,6.343172237803894,91.17290625463826,91.66002330580869,0.0
7.218,2.4356454702668233,-0.2827880624590571,1.8741371477451751,0.0,6.610285318496076,6.323599543658393,92.12851395580986,91.66002330580869,0.0
7.219,2.3845000747728644,-0.2909639785915179,1.3916483906593626,0.0,6.610794898032782,6.248669519114894,93.03797807245601,91.66002330580869,0.0
7.22,2.333794819140066,-0.2792069497343309,0.9231367846698153,0.0,6.602385484825854,6.139638190056089,91.81613412040143,91.66002330580869,0.0
7.221,2.257004642830511,-0.2731616552908098,1.53249765255118,0.0,6.583366467933524,6.120323730947042,93.83733823449687,91.66002330580869,0.0
7.222,2.2229859723258505,-0.28314347575120324,0.5001224462165785,0.0,6.5654763600146,5.984358086676463,92.03369142448074,91.66002330580869,0.0
7.223,2.146352464079919,-0.27024593604330593,1.3982091700379244,0.0,6.534260150888038,5.977402786926752,93.38045248657724,91.66002330580869,0.0
7.224,2.1169558821259407,-0.289736103446137,0.7076243471819867,0.0,6.50774292651055,5.885543487419463,92.43033777674488,91.66002330580869,0.0
7.2250000000000005,2.0682235902174173,-0.2872978298029678,1.1749785573888065,0.0,6.474228382845306,5.863599793066864,93.14149734727245,91.66002330580869,0.0
7.226,2.040628736642452,-0.3087994865968733,0.8045840317103836,0.0,6.444260489095089,5.797630184830466,92.6243436220631,91.66002330580869,0.0
7.227,2.0058720529481064,-0.31318835885445484,1.0535176911525168,0.0,6.410960183276648,5.769894682508736,93.32927499071846,91.66002330580869,0.0
7.228,1.979928129485928,-0.3352927283329672,0.6843594899757361,0.0,6.38060394972794,5.70101222585736,92.64670154506601,91.66002330580869,0.0
7.229,1.9435433904777502,-0.3393276353133776,1.0157794304093886,0.0,6.346617889942024,5.679873049032,93.70631863173425,91.66002330580869,0.0
7.23,1.9205424970598637,-0.36143058443189513,0.46550793381601285,0.0,6.316307493785396,5.595771370766864,92.5648787438907,91.66002330580869,0.0
7.231,1.8764207569630464,-0.3625038200430064,1.027179323356966,0.0,6.280514995843954,5.588958771004485,94.19642165156215,91.66002330580869,0.0
7.232,1.8598503305394862,-0.3828790999510482,0.18604388606370903,0.0,6.249851036154194,5.482488098932158,92.45494930817432,91.66002330580869,0.0
7.2330000000000005,1.803596502110385,-0.382724221062801,1.048830797733966,0.0,6.211385615749386,5.492938229617714,93.37279568396552,91.66002330580869,0.0
7.234,1.7958951873836653,-0.3986871859538641,0.5727798860567974,0.0,6.179569225380517,5.437787942128688,93.22027931082191,91.66002330580869,0.0
7.235,1.763445427963622,-0.41766404807217394,0.6334355125784714,0.0,6.147347270483735,5.3998961327747725,92.76975033102435,91.66002330580869,0.0
7.236,1.7390539996680294,-0.426221210475929,0.8476027322250916,0.0,6.115309849384467,5.387881706280798,94.0262820724792,91.66002330580869,0.0
7.237,1.7252945434435003,-0.4457286320811711,0.19567427383096136,0.0,6.087334972498271,5.301280803608215,92.67308350148782,91.66002330580869,0.0
7.238,1.6779721393203109,-0.44865924633897714,0.8621429573698607,0.0,6.0536247863857415,5.305441213178797,93.07235571090219,91.66002330580869,0.0
7.239,1.6683206124758172,-0.4618388699438907,0.6483835286117441,0.0,6.0251221122954846,5.276224783093947,93.82491976051887,91.66002330580869,0.0
7.24,1.6477745289037005,-0.48139250105099973,0.2504525392563022,0.0,5.998567165791502,5.207608467991528,92.77158162102606,91.66002330580869,0.0
7.2410000000000005,1.6085921780746126,-0.48305464062213943,0.7660060258505328,0.0,5.9677933814694315,5.207993080923351,92.93851426315146,91.66002330580869,0.0
7.242,1.5974578783503164,-0.4959312576240711,0.6697547952144036,0.0,5.941535243347249,5.190351633355251,94.24269907765947,91.66002330580869,0.0
7.243,1.5830041441171196,-0.5135243730747143,-0.00816436975810686,0.0,5.9179452508100265,5.099718488659535,92.83355955668111,91.66002330580869,0.0
7.244,1.5321436973741185,-0.5109848217568679,0.6846700282223477,0.0,5.887195661257486,5.104230746406641,92.86559717569484,91.66002330580869,0.0
7.245,1.51971168002664,-0.520127532895896,0.6565954800166185,0.0,5.861003350173381,5.096059192582141,94.03370422453482,91.66002330580869,0.0
7.246,1.5102575365381443,-0.5357423521736595,0.048805146409371725,0.0,5.8382393178244,5.0204250074272,93.05802631898754,91.66002330580869,0.0
7.247,1.4671054645016541,-0.5370586008813808,0.522664069051219,0.0,5.810176909359895,5.012932408868659,92.70102779570986,91.66002330580869,0.0
7.248,1.4502778639561278,-0.5439524676426477,0.6907532857910481,0.0,5.784916644742651,5.018553569274131,92.85711543592036,91.66002330580869,0.0
7.2490000000000006,1.4473667593053317,-0.557877356432043,0.6007385443846809,0.0,5.764207321726894,5.00965601896136,93.93625183595971,91.66002330580869,0.0
7.25,1.4398925188831422,-0.5719640925916537,0.03840805906349809,0.0,5.746089468071103,4.93941414080696,93.16887561393588,91.66002330580869,0.0
7.251,1.3992916358904486,-0.5710289578059258,0.4070076469941397,0.0,5.722515479777424,4.9249452793529755,92.7315044495037,91.66002330580869,0.0
7.252,1.3781904861209,-0.5741545608136983,0.6149784177732789,0.0,5.700205171846426,4.930671811766146,92.84122693648389,91.66002330580869,0.0
7.253,1.3735607438412496,-0.5837588742159032,0.5483051379764323,0.0,5.6817237663940094,4.924479151812519,93.57244640005639,91.66002330580869,0.0
7.2540000000000004,1.3669082543512354,-0.59392881702134,0.16357117524770493,0.0,5.665493886066049,4.876089090627928,93.19116038107339,91.66002330580869,0.0
7.255,1.3374426036118305,-0.594440077503701,0.3389028139865604,0.0,5.64600252687743,4.857223564103997,92.95423243161092,91.66002330580869,0.0
7.256,1.3173354507796986,-0.5949079266147849,0.44442469745977276,0.0,5.626620101752676,4.850066675412401,92.98529482027783,91.66002330580869,0.0
7.257000000000001,1.3055129980968911,-0.5995573731418697,0.4156407879816262,0.0,5.608966990898107,4.838565182466949,92.93388916321258,91.66002330580869,0.0
7.258,1.2938545375660098,-0.604673043768732,0.42860495794021003,0.0,5.592445271138132,4.8293266316523775,92.82242125949898,91.66002330580869,0.0
7.259,1.2836452920363022,-0.60912719377804,0.4727149302601086,0.0,5.577090668067455,4.825088651601831,92.73201834440864,91.66002330580869,0.0
7.26,1.2754530980643652,-0.6153612423215964,0.5071964374192774,0.0,5.563488931138485,4.8238899241951945,92.5020364843908,91.66002330580869,0.0
7.261,1.2708573393241338,-0.6193345754405218,0.6137672356423785,0.0,5.5515022213193985,4.833252480090981,92.2005723793803,91.66002330580869,0.0
7.2620000000000005,1.2711604052169914,-0.6266926042861273,0.7590937974119101,0.0,5.5424200879136265,4.855321028392081,92.82433490999449,91.66002330580869,0.0
7.263,1.281171687796734,-0.6335017782511877,0.43556941606295885,0.0,5.537128451526241,4.836135350531571,93.54632677469714,91.66002330580869,0.0
7.264,1.2692631400931038,-0.636511823668314,0.05571044902275202,0.0,5.5307104242477765,4.781199887330637,92.70784955312338,91.66002330580869,0.0
7.265000000000001,1.2343857189053205,-0.6255257520448797,0.46447079733648233,0.0,5.518202085044317,4.783595826560482,92.02632256701473,91.66002330580869,0.0
7.266,1.2226993619734745,-0.621283874769464,0.8015712977787471,0.0,5.506827427900127,4.818431514563136,92.14127955704333,91.66002330580869,0.0
7.267,1.2358387273288094,-0.6259990965972071,0.7392802402520995,0.0,5.500634898444425,4.836860952960343,93.13280077914229,91.66002330580869,0.0
7.268,1.246404769682319,-0.6329208165521474,0.22879185446928707,0.0,5.497618802750781,4.796266511706084,92.88208932433885,91.66002330580869,0.0
7.269,1.224572842245999,-0.6285972224517474,0.3419269216857037,0.0,5.490300059950482,4.779486818701051,91.85871622972421,91.66002330580869,0.0
7.2700000000000005,1.2077437910399587,-0.6198386026045832,0.851626539753869,0.0,5.481115009887525,4.8202217043901285,91.5161727113856,91.66002330580869,0.0
7.271,1.2227412774941335,-0.6215729115296821,1.0243368048674077,0.0,5.477200313580005,4.868047715463789,92.6311620030333,91.66002330580869,0.0
7.272,1.249457202902409,-0.6314137400472801,0.45713077207131025,0.0,5.479524836058288,4.843791112610258,93.07568889441826,91.66002330580869,0.0
7.273000000000001,1.2405952238661022,-0.6306488294662398,0.22071067049273085,0.0,5.479008697554297,4.803100448392301,91.76143955194483,91.66002330580869,0.0
7.274,1.215651008831708,-0.6154645046598295,0.876821179268085,0.0,5.4728124798560165,4.843618837590236,91.0587006510091,91.66002330580869,0.0
7.275,1.2278565832632322,-0.6127943193123425,1.2342038562839448,0.0,5.4711458457071975,4.910624700144728,92.21492171894864,91.66002330580869,0.0
7.276,1.263787881109725,-0.6231977985034415,0.650544338182775,0.0,5.477517545793207,4.899156552248803,92.99827416343437,91.66002330580869,0.0
7.277,1.2648882765458325,-0.6231756142532446,0.24548560736365377,0.0,5.481998786021588,4.850990793422475,91.50811563611425,91.66002330580869,0.0
7.2780000000000005,1.2391367378591693,-0.6053935629600021,0.9920839477206578,0.0,5.479259522544744,4.897109812458971,90.60876243644651,91.66002330580869,0.0
7.279,1.2545387691145347,-0.6003663959296063,1.4522731562481512,0.0,5.481030919458823,4.97954609395363,92.0546671964758,91.66002330580869,0.0
7.28,1.299075707819883,-0.6123052482070506,0.7253743373268333,0.0,5.4922323502517845,4.964610081878577,92.87908238429642,91.66002330580869,0.0
7.281000000000001,1.301183464306567,-0.6105627959705766,0.30097615263164634,0.0,5.500508978489155,4.913086518136588,90.99863982362933,91.66002330580869,0.0
7.282,1.2751717117688255,-0.5882835838934102,1.2478112677869857,0.0,5.500372298722468,4.978821188450592,90.33305864700814,91.66002330580869,0.0
7.283,1.3015038467268043,-0.5832270153601148,1.5938715026855852,0.0,5.506489323545961,5.063410346073064,92.0716443569639,91.66002330580869,0.0
7.284,1.349178059813159,-0.5970717492135461,0.7204624371961548,0.0,5.5220270480585585,5.035635848772894,92.08229769707415,91.66002330580869,0.0
7.285,1.3460777371762955,-0.5915211368137853,0.710913023228374,0.0,5.532484535687373,5.02069400639336,90.11283390335693,91.66002330580869,0.0
7.2860000000000005,1.338294514005529,-0.5727370715256022,1.711116814111504,0.0,5.538391349257649,5.119235159473898,91.05904572197042,91.66002330580869,0.0
7.287,1.3870286265207465,-0.5746581343127682,1.2440206806431409,0.0,5.553960754338421,5.141691681404676,92.64606455452787,91.66002330580869,0.0
7.288,1.4093577309336367,-0.5767827551599678,0.4406508518772254,0.0,5.570433368769516,5.077790911460623,90.42755364985588,91.66002330580869,0.0
7.289000000000001,1.3831989159531985,-0.5527402208097134,1.5622310007727471,0.0,5.576202719776095,5.156435755312225,90.01298556628218,91.66002330580869,0.0
7.29,1.4184618557717017,-0.5442819639191179,1.7859854199548613,0.0,5.588569637152714,5.237049722970564,91.8580425313282,91.66002330580869,0.0
7.291,1.4661910124707587,-0.5563918446793629,0.8614767451766601,0.0,5.609177929010037,5.202007909344598,90.52981510173484,91.66002330580869,0.0
7.292,1.4621415061380394,-0.5436607405032456,1.536892542014076,0.0,5.622699690052059,5.256994667930448,89.73431157910102,91.66002330580869,0.0
7.293,1.4933387002670861,-0.5310860420319665,1.953901420598064,0.0,5.639112045058381,5.343479559020254,91.73141943499422,91.66002330580869,0.0
7.2940000000000005,1.5421476053661514,-0.5422093629984712,0.9546335313596063,0.0,5.663880965964078,5.303810632280037,90.17210398938542,91.66002330580869,0.0
7.295,1.5368846089332935,-0.5256386590446821,1.7491704473282403,0.0,5.680272091460605,5.369044248611951,90.15458630792456,91.66002330580869,0.0
7.296,1.5731962611357995,-0.5126887311483748,1.7729836580375113,0.0,5.700288681011615,5.420020788172056,91.73399139050468,91.66002330580869,0.0
7.297,1.605163800378088,-0.5166354092908955,0.9825414359004896,0.0,5.723964899438172,5.3775612433944575,89.31541444206218,91.66002330580869,0.0
7.298,1.59709826490246,-0.4911380682964957,2.215275998759208,0.0,5.738183367253507,5.4864273833678485,90.79738896120377,91.66002330580869,0.0
7.299,1.6518902239468858,-0.4910663174765569,1.4829150826344635,0.0,5.762113683104397,5.486833938873481,90.25720524174837,91.66002330580869,0.0
7.3,1.666019858052876,-0.4867641431908094,1.7670351230027663,0.0,5.783219101257529,5.527163343854184,89.31997220396316,91.66002330580869,0.0
7.301,1.6994068610522182,-0.468552014408024,2.2590521529138243,0.0,5.804286605670168,5.613319749049796,90.98477292517254,91.66002330580869,0.0
7.3020000000000005,1.749205176107454,-0.4780067498428799,1.4334042961154987,0.0,5.833085142346769,5.592081884994102,88.98671130631611,91.66002330580869,0.0
7.303,1.758984056208746,-0.45740957273068183,2.459168225538637,0.0,5.854519802113448,5.696360478155575,90.79133283399489,91.66002330580869,0.0
7.304,1.8160182662248767,-0.45961322581414693,1.5655443664173871,0.0,5.884687228829909,5.677622439879239,88.94477132232704,91.66002330580869,0.0
7.305,1.8259419074642271,-0.4432982640879075,2.515977642086125,0.0,5.908147426726372,5.776737588580792,90.62815501328615,91.66002330580869,0.0
7.306,1.883133015172162,-0.44145600781416044,1.6846044795317985,0.0,5.939133621130492,5.76114007612869,88.71729015509572,91.66002330580869,0.0
7.307,1.8941808677222085,-0.4258087324286587,2.6694642401341393,0.0,5.963758667119322,5.866205886950586,90.7074791662196,91.66002330580869,0.0
7.308,1.955436194834326,-0.4249043389128232,1.6838951759680931,0.0,5.996484779058573,5.838338819168055,88.18754534828024,91.66002330580869,0.0
7.309,1.9629935186277863,-0.40511025563763003,2.978586864513058,0.0,6.020983267800534,5.968584093393148,90.64738721291938,91.66002330580869,0.0
7.3100000000000005,2.034166015644367,-0.4118901197411023,1.7587922931223785,0.0,6.057000160974939,5.933376967897616,88.00848409184795,91.66002330580869,0.0
7.311,2.0448208824997915,-0.38727451053265116,3.1147592457977042,0.0,6.0831191366283885,6.066186244393338,90.39890655993054,91.66002330580869,0.0
7.312,2.115334512968837,-0.39828093248992463,1.9321591792151904,0.0,6.1213640048734455,6.037030863270962,88.3161524318609,91.66002330580869,0.0
7.313,2.132436430807401,-0.37031217185308807,3.0069749519894873,0.0,6.149682220292138,6.143495168098777,89.67281997635126,91.66002330580869,0.0
7.314,2.1898538934645417,-0.3780931183573611,2.3485132130388795,0.0,6.186950636373582,6.152821013259468,88.91850937839605,91.66002330580869,0.0
7.315,2.224762313767564,-0.35372622076214133,2.753083651290612,0.0,6.218666627162433,6.212762729502673,88.45145924390265,91.66002330580869,0.0
7.316,2.263402888209196,-0.355245408469816,3.018694359156375,0.0,6.253615970120514,6.291151967697608,89.9210480326426,91.66002330580869,0.0
7.317,2.325561684031583,-0.34747340059339143,2.301289717518058,0.0,6.2920391898588,6.277175536913938,87.72765707276682,91.66002330580869,0.0
7.3180000000000005,2.3449570499794663,-0.3227497051045741,3.4373088597863695,0.0,6.322580558119883,6.399063320952318,89.03280945156602,91.66002330580869,0.0
7.319,2.4130302133862997,-0.33407670910122583,2.8110048089291926,0.0,6.363749775353217,6.4242687320807255,89.50368615012242,91.66002330580869,0.0
7.32,2.460305725257781,-0.31459470455074845,2.597129831207858,0.0,6.401066321435534,6.429287742107053,87.12732085139058,91.66002330580869,0.0
7.321,2.4825428310350857,-0.2946331572734852,3.8306395051179596,0.0,6.4331521637572635,6.573387993129518,88.7513047156461,91.66002330580869,0.0
7.322,2.564875277446302,-0.3106617349129015,3.0477347588918247,0.0,6.4784022059621735,6.59899798641047,90.55368867810328,91.66002330580869,0.0
7.323,2.609398636296199,-0.30658196596522314,2.1576061239402864,0.0,6.521079182914048,6.532412637192037,89.40831281131298,91.66002330580869,0.0
7.324,2.581271965868692,-0.2969569211469955,2.752811162280395,0.0,6.551811970008364,6.554666528493085,90.74494364283083,91.66002330580869,0.0
7.325,2.569087894669419,-0.3161359362640432,2.0936465431512477,0.0,6.58390280963441,6.500367132013495,92.72528556622783,91.66002330580869,0.0
7.3260000000000005,2.535367774165462,-0.3083336828123623,1.0928229588485605,0.0,6.606304587619038,6.354795183605909,90.93696512631728,91.66002330580869,0.0
7.327,2.4426763805455685,-0.28446334316260524,1.9942137605987493,0.0,6.609361278137488,6.34504068396624,92.52382890548901,91.66002330580869,0.0
7.328,2.3985025409295218,-0.29395601936362037,1.192143815016078,0.0,6.612419747418734,6.243257909732355,92.54869294340264,91.66002330580869,0.0
7.329,2.3359087017912525,-0.2767137486437502,1.1708250996833232,0.0,6.603002515807272,6.164078484528255,91.88253564663448,91.66002330580869,0.0
7.33,2.2694885937725786,-0.2766774362066932,1.5016786246591463,0.0,6.586777493175671,6.135162627074759,93.76206715257439,91.66002330580869,0.0
7.331,2.2355513998900056,-0.2830677601650311,0.540892433221535,0.0,6.5699866858216645,6.001589727042452,92.01694494662308,91.66002330580869,0.0
7.332,2.15798578129819,-0.272620275117639,1.4098843197890434,0.0,6.5403045426050355,5.993084851821052,93.67160274959734,91.66002330580869,0.0
7.333,2.1283785009658565,-0.2902020527917704,0.5624396238640288,0.0,6.514778596582554,5.88303455903334,92.3083247225451,91.66002330580869,0.0
7.3340000000000005,2.06949471872593,-0.2840016596867344,1.2375956232227876,0.0,6.479942354865257,5.870359451053935,93.32891896019505,91.66002330580869,0.0
7.335,2.043544382201752,-0.3059476440288388,0.7106095478539445,0.0,6.449798288730429,5.793013900611839,92.51457842124256,91.66002330580869,0.0
7.336,2.0036750779585972,-0.3080970306986806,1.1092342661758523,0.0,6.414951046855135,5.773633198471075,93.3841468733605,91.66002330580869,0.0
7.337,1.9806256333293915,-0.33138638093837675,0.6572088044413613,0.0,6.384190793612966,5.701133540249625,92.55181202759334,91.66002330580869,0.0
7.338,1.943534891167748,-0.33530261092828534,1.064458340107097,0.0,6.349454491669357,5.685975013258169,93.81118221250486,91.66002330580869,0.0
7.339,1.923636928813374,-0.35870012877039453,0.41326165858437625,0.0,6.3192105318837,5.594972446884704,92.49262294961483,91.66002330580869,0.0
7.34,1.8769819713660525,-0.35907991150212304,1.0642152935913318,0.0,6.28269851236133,5.593095673531675,94.17313030509511,91.66002330580869,0.0
7.341,1.8628273858712734,-0.3793574827394451,0.19883054585832394,0.0,6.251876752464682,5.487143971790962,92.43660391639243,91.66002330580869,0.0
7.3420000000000005,1.8069184754983039,-0.3809309655445604,1.0593279341038293,0.0,6.213512305779817,5.498022258705071,93.29584024734613,91.66002330580869,0.0
7.343,1.7998006788220056,-0.3972461217729896,0.6133515992116017,0.0,6.181851064811925,5.446537770069345,93.2150091183021,91.66002330580869,0.0
7.344,1.7696544926687576,-0.4167613530206956,0.638217305608682,0.0,6.150191022952214,5.4074754997631,92.75033061664874,91.66002330580869,0.0
7.345,1.7451254662586861,-0.4256883686317271,0.8596534833269651,0.0,6.1185775776525855,5.395659505830124,94.00328211511635,91.66002330580869,0.0
7.346,1.7316805645602724,-0.4447231514933619,0.20974514600008343,0.0,6.0909484334482915,5.3093931368000655,92.69655022928286,91.66002330580869,0.0
7.347,1.684156386945649,-0.44829848234140596,0.8527458196820847,0.0,6.05765850532609,5.311312858251499,93.05859055701775,91.66002330580869,0.0
7.348,1.6733330102001585,-0.4609666879103465,0.6577399833025499,0.0,6.0292472914653565,5.282546295672857,93.83354914469723,91.66002330580869,0.0
7.349,1.6526423519552338,-0.48035656264408216,0.24852543107392533,0.0,6.002806746897852,5.212919464224138,92.7614447102584,91.66002330580869,0.0
7.3500000000000005,1.6129013460856567,-0.48172679506396915,0.773563434248842,0.0,5.972004400461076,5.213622191398273,92.94599761729219,91.66002330580869,0.0
7.351,1.6017760015958846,-0.4945713706891696,0.6684272376171119,0.0,5.945751762379964,5.195185427385255,94.21760103837559,91.66002330580869,0.0
7.352,1.5867646044097472,-0.5123337170718879,0.007049749749743706,0.0,5.92210612405151,5.1058069145119145,92.83301153769655,91.66002330580869,0.0
7.353,1.5365449974985483,-0.5098742498287482,0.6876146177703859,0.0,5.891439033407994,5.1098516422423765,92.87530371770862,91.66002330580869,0.0
7.354,1.5240008682680175,-0.5191565231681479,0.6543157236453523,0.0,5.865288769341641,5.100834319247726,94.06078976894334,91.66002330580869,0.0
7.355,1.5140931266634654,-0.5346470694122483,0.03756503339664641,0.0,5.842462936735915,5.023558525443995,93.05407445325716,91.66002330580869,0.0
7.356,1.469950108367621,-0.5356394931729249,0.5269821797652514,0.0,5.814146369161621,5.016487775359593,92.7028781269822,91.66002330580869,0.0
7.357,1.4530929584370997,-0.5425194774242665,0.6921517946909959,0.0,5.788701257366361,5.021979786013747,92.86806941586616,91.66002330580869,0.0
7.3580000000000005,1.450175768257247,-0.556464176084704,0.597475689148441,0.0,5.767814974826171,5.012464336084501,93.96892501104585,91.66002330580869,0.0
7.359,1.4422590981280905,-0.5708199617257312,0.023958874506221806,0.0,5.74950546498099,4.940513376151353,93.1388219948278,91.66002330580869,0.0
7.36,1.4008429447966155,-0.5693999778563077,0.4242223957250615,0.0,5.725532054044962,4.928167326872663,92.7181408601263,91.66002330580869,0.0
7.361,1.3806176951240055,-0.5729504141534956,0.6239817875326334,0.0,5.703126127106055,4.934440055245558,92.83005221961345,91.66002330580869,0.0
7.362,1.3765204695393658,-0.5830602841378563,0.5563258186510098,0.0,5.684664647033632,4.9286536099098015,93.56039577832686,91.66002330580869,0.0
7.363,1.3701622561873004,-0.5937309207270911,0.17215031456912078,0.0,5.668543341759852,4.880675346553068,93.1891959191687,91.66002330580869,0.0
7.364,1.3411270346583826,-0.5942854144800189,0.3424585180146047,0.0,5.649190628624703,4.861588728659113,92.97572411445961,91.66002330580869,0.0
7.365,1.3208895621813415,-0.5949743041617096,0.4360374122826389,0.0,5.6299347579411325,4.853001867333253,93.00622937979476,91.66002330580869,0.0
7.3660000000000005,1.308302276766103,-0.5993254360215938,0.4073227188752029,0.0,5.612217523801103,4.840435926525028,92.95524608246969,91.66002330580869,0.0
7.367,1.2959485338456365,-0.6039437130230099,0.4198621397711304,0.0,5.595479918145811,4.830254378483349,92.85504517394932,91.66002330580869,0.0
7.368,1.2847960490347772,-0.6085397507251775,0.45801237534990613,0.0,5.579857299629104,4.824591592285005,92.72421101997134,91.66002330580869,0.0
7.369,1.2756545642138095,-0.6145040850535055,0.5127875751972728,0.0,5.565840780743328,4.824470630964445,92.50813547362293,91.66002330580869,0.0
7.37,1.2716108176343772,-0.6182811102066992,0.6123442266933337,0.0,5.553569647037642,4.833716990828983,92.33869358335279,91.66002330580869,0.0
7.371,1.2720725864761127,-0.625713530234224,0.6902784690529604,0.0,5.544230058640474,4.848297569442714,92.78154263252802,91.66002330580869,0.0
7.372,1.2780114967308576,-0.6316877049071297,0.4576387511981559,0.0,5.537865321958139,4.833467757528122,93.54466549553943,91.66002330580869,0.0
7.373,1.2675853575103164,-0.6347148610819291,0.05723089779513957,0.0,5.530927323185078,4.778972250857782,92.6898523927064,91.66002330580869,0.0
7.3740000000000006,1.2334066547392823,-0.6242902947087889,0.4743391583426797,0.0,5.518056599759494,4.782773878084036,92.01899353145792,91.66002330580869,0.0
7.375,1.2227079820880304,-0.6207723872047652,0.8061788867104254,0.0,5.506570387237387,4.818074624724012,92.13504690270234,91.66002330580869,0.0
7.376,1.2364113417809275,-0.6259952934518004,0.7434019651192794,0.0,5.500372569393699,4.8368584604963445,93.12532904003149,91.66002330580869,0.0
7.377,1.2473307904346127,-0.6332461156496694,0.2336078391124784,0.0,5.497418278290907,4.79663044050726,92.88587176965592,91.66002330580869,0.0
7.378,1.2257542368140122,-0.6291818925522494,0.3410779896617897,0.0,5.490217041536795,4.779532066612104,91.8692737578248,91.66002330580869,0.0
7.3790000000000004,1.2087791912147627,-0.6204990292742325,0.8472844910571891,0.0,5.48111161833897,4.819682909558762,91.52327096471564,91.66002330580869,0.0
7.38,1.2233575410907125,-0.6221943157735823,1.021653411022702,0.0,5.4772051319033,4.867253273130878,92.63115077333701,91.66002330580869,0.0
7.381,1.2497741252458696,-0.6319775881555092,0.4580022320367304,0.0,5.4795055375654265,4.843170592055795,93.08719353666491,91.66002330580869,0.0
7.382000000000001,1.2408721767636939,-0.6312572687127561,0.21570914806421804,0.0,5.478990566691312,4.801953872381907,91.77991926101258,91.66002330580869,0.0
7.383,1.215578974222033,-0.6160663168496162,0.8681473263383455,0.0,5.472741619426701,4.8416916908326355,91.07190857567767,91.66002330580869,0.0
7.384,1.227218007905262,-0.6133119462895185,1.2280338163071118,0.0,5.470940277490645,4.908360739095082,92.21042902388484,91.66002330580869,0.0
7.385,1.2628258174934757,-0.6235844479867084,0.6532695350227633,0.0,5.477143493466732,4.897559343778841,93.00084314928658,91.66002330580869,0.0
7.386,1.264167249418922,-0.6236970885523019,0.24465427388711491,0.0,5.481555913758829,4.849466894263839,91.53685882868608,91.66002330580869,0.0
7.3870000000000005,1.2384279019083557,-0.6061787772338652,0.9778780789585924,0.0,5.478789706419534,4.894210445444183,90.62850728337361,91.66002330580869,0.0
7.388,1.253081135119259,-0.6010374125302813,1.4423690118391783,0.0,5.480384107927989,4.976095536210406,92.04262944714779,91.66002330580869,0.0
7.389,1.2971613182685693,-0.6127361343471096,0.731481868538697,0.0,5.49134585140911,4.9624067751446805,92.86233071608154,91.66002330580869,0.0
7.390000000000001,1.299789908793537,-0.6111853987230278,0.30960815996909075,0.0,5.499554976298728,4.912037484897732,91.03938970197278,91.66002330580869,0.0
7.391,1.2743687317777672,-0.5895240462983959,1.2272850030618319,0.0,5.499539018264224,4.9755118413673225,90.32684606784404,91.66002330580869,0.0
7.392,1.2996912278963735,-0.5842360726740721,1.596888592505846,0.0,5.505507028105697,5.061077106451216,92.0745448481519,91.66002330580869,0.0
7.393,1.3476028704947123,-0.5980621690145632,0.7188939869284854,0.0,5.521008513805111,5.0333901477782845,92.14924268302777,91.66002330580869,0.0
7.394,1.3445518007009807,-0.5926288325080076,0.6766528757183631,0.0,5.531455227088161,5.0149701914685405,90.20063462829053,91.66002330580869,0.0
7.3950000000000005,1.3350818168149086,-0.5730179546618913,1.6655507898621624,0.0,5.5369124102139295,5.1096492713155275,91.00448271002931,91.66002330580869,0.0
7.396,1.3813469836701113,-0.5738897038866482,1.2701821549505672,0.0,5.551583784205001,5.136842764315745,92.64184893142516,91.66002330580869,0.0
7.397,1.4055154792120366,-0.5765623082212394,0.4416807879964769,0.0,5.567792639081544,5.073406698558153,90.47475737648254,91.66002330580869,0.0
7.398000000000001,1.379892880759755,-0.5535457419325025,1.537079224761046,0.0,5.573478453559567,5.149774137362791,89.94121089735314,91.66002330580869,0.0
7.399,1.4142579730995246,-0.5448941469110333,1.821040588410301,0.0,5.585510920680779,5.23531879322664,91.81913114870166,91.66002330580869,0.0
7.4,1.464221883311502,-0.5579991168691889,0.8804893843071148,0.0,5.606422669321866,5.202059604928463,90.62091229106075,91.66002330580869,0.0
7.401,1.4615461352952535,-0.5463171093545075,1.4899899232750493,0.0,5.620501253742831,5.2514620530356275,89.63033516218825,91.66002330580869,0.0
7.402,1.4902343287228834,-0.5328519375423307,2.005575369147505,0.0,5.6367478757082194,5.344769049673257,91.76298632150666,91.66002330580869,0.0
7.4030000000000005,1.5417974394198546,-0.5447311130518643,0.9382201593313183,0.0,5.662141896165006,5.302420021062768,90.25734343169111,91.66002330580869,0.0
7.404,1.5357844982128004,-0.5280668248323481,1.7050684029802678,0.0,5.678809748255821,5.363049210898297,90.11399571380994,91.66002330580869,0.0
7.405,1.5694598848446213,-0.5139257483987287,1.7922025378408404,0.0,5.698484858595608,5.41743411741596,91.7671769582603,91.66002330580869,0.0
7.406000000000001,1.602377902585467,-0.5179626911404714,0.9645403790911484,0.0,5.7222164230191055,5.373149637419588,89.3787418705903,91.66002330580869,0.0
7.407,1.593305410112404,-0.4927161953722765,2.181570737278327,0.0,5.736328899038701,5.479143877202736,90.77084564702997,91.66002330580869,0.0
7.408,1.646712352410434,-0.4914108331391651,1.4944106256462801,0.0,5.759738426546687,5.482226536170614,90.40970991540122,91.66002330580869,0.0
7.409,1.661427229730945,-0.48788720430128885,1.6874816253647296,0.0,5.780740721650831,5.51436672599558,89.16384738730974,91.66002330580869,0.0
7.41,1.6909500031450593,-0.4681435673803135,2.3353746485954585,0.0,5.80072024245413,5.611630292604314,91.08701884107334,91.66002330580869,0.0
7.4110000000000005,1.7454573144427363,-0.47911425417230136,1.3795189663610115,0.0,5.829832379754296,5.5838418228458,89.00303331895478,91.66002330580869,0.0
7.412,1.752977864901454,-0.4585346019018638,2.4480816272888344,0.0,5.850880987730928,5.68856167588008,90.77407862989023,91.66002330580869,0.0
7.413,1.8100330596550784,-0.4599654114991878,1.5714184185802944,0.0,5.880659905791736,5.671594958923063,88.99551078305335,91.66002330580869,0.0
7.414000000000001,1.820341134285226,-0.44474719886073477,2.487347467226287,0.0,5.904075948864557,5.768258296644196,90.58953236324908,91.66002330580869,0.0
7.415,1.8769691767280963,-0.441850744430059,1.7010415865540187,0.0,5.934650293541219,5.755817963617673,88.77876464365085,91.66002330580869,0.0
7.416,1.8886905062011627,-0.4278280440108132,2.635238032974713,0.0,5.959409637945755,5.857580700456858,90.66211188708522,91.66002330580869,0.0
7.417,1.9493748700978477,-0.4252413254412041,1.7035435254447622,0.0,5.9917250095552905,5.833256671026175,88.24829324870939,91.66002330580869,0.0
7.418,1.957478147888137,-0.4074493960806831,2.94457014520367,0.0,6.016445196016842,5.960141938030325,90.64603407616565,91.66002330580869,0.0
7.4190000000000005,2.0280853978917377,-0.41247520554610584,1.75583962377197,0.0,6.052112648867455,5.9259543087026465,87.9904349103722,91.66002330580869,0.0
7.42,2.0382030729126956,-0.3889517181322051,3.1203350906230582,0.0,6.078156751790054,6.060327122408465,90.45239624196408,91.66002330580869,0.0
7.421,2.109900984291705,-0.39965227136731385,1.9014306954655646,0.0,6.1164460215209795,6.0283570333986445,88.24550949607125,91.66002330580869,0.0
7.422000000000001,2.1255229208493005,-0.37166514878292345,3.0390192065093546,0.0,6.144523766361194,6.139735226521745,89.79176799413695,91.66002330580869,0.0
7.423,2.185052765367284,-0.38023979922271944,2.2845725105932235,0.0,6.182154638803918,6.142026289623942,88.79589466741946,91.66002330580869,0.0
7.424,2.2170084239962065,-0.3546272519195729,2.8111504603358592,0.0,6.213348403604847,6.210399551087043,88.6554351552702,91.66002330580869,0.0
7.425,2.2588534771304025,-0.3576587093749173,2.911426097915876,0.0,6.248849703865113,6.2765360042618275,89.89294060303105,91.66002330580869,0.0
7.426,2.3163888927019287,-0.34669719976635904,2.310344201063226,0.0,6.286178438785331,6.266576731934043,87.54813519150342,91.66002330580869,0.0
7.4270000000000005,2.3352819516722674,-0.3236575037151296,3.523865787970094,0.0,6.316353621511206,6.399341571528323,89.22619283652435,91.66002330580869,0.0
7.428,2.4092014453652504,-0.33716698312760884,2.709175270152473,0.0,6.358504209619802,6.412154058890225,89.35356191964728,91.66002330580869,0.0
7.429,2.4525513048267547,-0.3147485362170088,2.6685553424526227,0.0,6.395119863699439,6.427549779854157,87.12338299541976,91.66002330580869,0.0
7.43,2.4770976619900873,-0.29883639089804037,3.8290112076702707,0.0,6.428087372951523,6.570857237887244,88.98086828301744,91.66002330580869,0.0
7.431,2.5610155229379155,-0.3135732734786236,2.9270601140993415,0.0,6.473869055618764,6.583326020964628,89.99391918232408,91.66002330580869,0.0
7.432,2.602187045741857,-0.3010622237902457,2.43719570568087,0.0,6.514795864035493,6.55057083111172,88.95769631921034,91.66002330580869,0.0
7.433,2.587960836890481,-0.30032044517839773,2.982330407103722,0.0,6.5483979874748375,6.592023900528165,91.20676961438274,91.66002330580869,0.0
7.434,2.5909561799043366,-0.3246183279969823,1.8623262964317844,0.0,6.585465390408052,6.503568326338717,92.2124115784027,91.66002330580869,0.0
7.4350000000000005,2.545519929762818,-0.30812923799906067,1.3539814316958656,0.0,6.607923716901045,6.387975096793011,90.94003443680612,91.66002330580869,0.0
7.436,2.461371084346801,-0.2917520996519485,1.9973698911841806,0.0,6.614940293471964,6.3708452125365955,92.9477897916265,91.66002330580869,0.0
7.437,2.4176410750754793,-0.2981777123032111,0.9806145489158078,0.0,6.620412812735264,6.2418218146841955,92.24907221535521,91.66002330580869,0.0
7.438,2.3401661291712856,-0.27454434609745193,1.3240828479559887,0.0,6.609771813877845,6.182282018817217,92.0385133469388,91.66002330580869,0.0
7.439,2.278026946251872,-0.27775825779010876,1.4255773817528943,0.0,6.5948307992677195,6.141422379040545,93.58376711837444,91.66002330580869,0.0
7.44,2.241014339535961,-0.27953167058042017,0.633713057909417,0.0,6.577460858430947,6.01848457572933,92.07214810447833,91.66002330580869,0.0
7.441,2.1661648973746837,-0.2729479524894649,1.3854013168707748,0.0,6.548792188228823,6.004571222960329,93.93473997887942,91.66002330580869,0.0
7.442,2.136152443217775,-0.2878720657737386,0.4313582129395226,0.0,6.523306539412189,5.8792735899616115,92.18287770664647,91.66002330580869,0.0
7.4430000000000005,2.068241102955289,-0.2794241555573539,1.3020608050476226,0.0,6.486761180920704,5.876444994439607,93.5635418510356,91.66002330580869,0.0
7.444,2.0452348091512853,-0.301701116194257,0.5926935474007886,0.0,6.456122443498385,5.785358877274236,92.39319571335164,91.66002330580869,0.0
7.445,1.999015340458809,-0.3021624671365365,1.1705348921673342,0.0,6.41926694709905,5.775827797202096,93.57531842223891,91.66002330580869,0.0
7.446,1.9796180028565882,-0.3266647855970249,0.5603205865594005,0.0,6.3878345338536615,5.692333800882013,92.44331904156779,91.66002330580869,0.0
7.447,1.9382684954703846,-0.32915029522497713,1.1184873195373684,0.0,6.3512243451752735,5.68590091898952,93.89460714151839,91.66002330580869,0.0
7.448,1.9222757528029966,-0.35340746388440686,0.37049743120497025,0.0,6.320275320631735,5.589935457991643,92.37310905342609,91.66002330580869,0.0
7.449,1.874096232456491,-0.35433603733913505,1.1241156177749467,0.0,6.282684223836185,5.595989359856663,94.05528320980686,91.66002330580869,0.0
7.45,1.8647878585777615,-0.3749068141429044,0.25907594054458105,0.0,6.251711126620563,5.495530341417782,92.44923125898202,91.66002330580869,0.0
7.4510000000000005,1.8120436416053736,-0.3805288671150433,1.0542098364252652,0.0,6.214202155341509,5.5038438205485765,93.18073335229951,91.66002330580869,0.0
7.452,1.8049995433795676,-0.39695047888168156,0.6732516893016132,0.0,6.18302558586805,5.457965728131098,93.23124854087366,91.66002330580869,0.0
7.453,1.7779438017638243,-0.417151696340188,0.632281842663887,0.0,6.152436781902959,5.415766376944578,92.72959027550158,91.66002330580869,0.0
7.454,1.7524410707007563,-0.4259572659064548,0.8724153056530013,0.0,6.121453523693429,5.404087202876163,94.03389941255847,91.66002330580869,0.0
7.455,1.739291162106426,-0.44360990004455103,0.19652197605705846,0.0,6.094254407957539,5.314919482142936,92.75529946496773,91.66002330580869,0.0
7.456,1.689296436226385,-0.44782329082629185,0.8248691882608352,0.0,6.061145378366524,5.313193669308681,92.99269256958,91.66002330580869,0.0
7.457,1.6760343996019154,-0.4593208243596839,0.6928459433169889,0.0,6.03239726523204,5.288482382502778,93.88287762118829,91.66002330580869,0.0
7.458,1.656781201926185,-0.47899463577624013,0.22552487435905078,0.0,6.006101978650908,5.215267559306169,92.71037695973,91.66002330580869,0.0
7.4590000000000005,1.6156447238361018,-0.4798348722943757,0.8012716685489809,0.0,5.975010426311052,5.21908252843473,92.97988467923356,91.66002330580869,0.0
7.46,1.6059984537772445,-0.4927067785439444,0.6533191950629496,0.0,5.948817033440309,5.198024330316662,94.09554081524213,91.66002330580869,0.0
7.461,1.5895301744902055,-0.5111364209390318,0.07113595196433153,0.0,5.925035701645797,5.115607028738321,92.83756803457273,91.66002330580869,0.0
7.462,1.5429073591895097,-0.5095760094296989,0.688346895011394,0.0,5.895034831182926,5.117732187194737,92.87321641646861,91.66002330580869,0.0
7.463,1.5301941430939427,-0.5193225507280177,0.6583907729568534,0.0,5.869334287269892,5.108109685520256,94.05379225089267,91.66002330580869,0.0
7.464,1.5197929195116795,-0.5348549749346828,0.04416516629398304,0.0,5.846852648830465,5.0306311265426435,93.06806670412527,91.66002330580869,0.0
7.465,1.4754275596467363,-0.5355467802147487,0.5229475056945161,0.0,5.818792092675959,5.022236750368859,92.72807339313489,91.66002330580869,0.0
7.466,1.457709697596195,-0.5421041302974041,0.682263660316444,0.0,5.793412544975815,5.026118021038318,92.87500978605205,91.66002330580869,0.0
7.4670000000000005,1.4536212874283712,-0.5556532293368552,0.5966455990554329,0.0,5.772383906506144,5.0163346080838425,93.97913359370668,91.66002330580869,0.0
7.468,1.4452857812743694,-0.5696869191910187,0.021392592349137818,0.0,5.753888005481558,4.943881044028027,93.16224140372739,91.66002330580869,0.0
7.469,1.4034047377691663,-0.5683043126480202,0.4148165063595932,0.0,5.729703914535579,4.930375966607579,92.72688421388574,91.66002330580869,0.0
7.47,1.3825130065128595,-0.5716312179947468,0.6218264921996495,0.0,5.70696751059572,4.936519127140022,92.83566241325707,91.66002330580869,0.0
7.471,1.3782038070649285,-0.5817141264446941,0.555681001439501,0.0,5.688194913979119,4.930693322009925,93.57646621397791,91.66002330580869,0.0
7.472,1.3718321142328127,-0.5924607121836293,0.16611467199738872,0.0,5.671798291857953,4.882039790617203,93.19194277192246,91.66002330580869,0.0
7.473,1.3424647452465766,-0.5930830452454852,0.34305719836397763,0.0,5.652136969589044,4.863137985006548,92.96809644001902,91.66002330580869,0.0
7.474,1.322279861678289,-0.5939309101219629,0.4418996329735898,0.0,5.632638640791757,4.855190133776103,93.0110275190174,91.66002330580869,0.0
7.4750000000000005,1.310097517006273,-0.5985631456894103,0.40692405134231335,0.0,5.614796427014805,4.842389705541681,92.96952318597545,91.66002330580869,0.0
7.476,1.2978221802780094,-0.6032578854527285,0.41458121906162404,0.0,5.597928490810399,4.831505606611831,92.87314219068367,91.66002330580869,0.0
7.477,1.2863819357406072,-0.6077679510519465,0.45064052785876507,0.0,5.582108098151729,4.825048749776848,92.74498999917432,91.66002330580869,0.0
7.478,1.2771928321069823,-0.6128666593176011,0.5038669566797804,0.0,5.567739816328657,4.824046252396162,92.54704279308656,91.66002330580869,0.0
7.479,1.2717728401580197,-0.6179763995827405,0.5939703648508823,0.0,5.555219197296333,4.8315905952598985,92.4653450268947,91.66002330580869,0.0
7.48,1.271724855191882,-0.6242196775282973,0.626766030735955,0.0,5.545340737624977,4.839786009526461,92.68423336523763,91.66002330580869,0.0
7.481,1.273753470050131,-0.6295756222420477,0.5070797609701978,0.0,5.537796386486467,4.83245696258208,93.41903173775937,91.66002330580869,0.0
7.482,1.2669449442768619,-0.6326169089016227,0.12209049038982234,0.0,5.530554547852787,4.784723652135743,92.7943483631998,91.66002330580869,0.0
7.4830000000000005,1.2366142097037285,-0.6254393056682394,0.42308892709569446,0.0,5.518443612815571,4.781267505159435,92.06687303162926,91.66002330580869,0.0
7.484,1.22358109776747,-0.6211886542168825,0.7827580956227616,0.0,5.506802360957133,4.814629838515211,92.05510345350451,91.66002330580869,0.0
7.485,1.23550652633979,-0.6257234487757466,0.7846920832081744,0.0,5.500202801536104,4.838665732036373,93.01467604897744,91.66002330580869,0.0
7.486,1.2488457300108535,-0.6334084742706497,0.2913592580400267,0.0,5.497466792268146,4.804004071500871,93.02187000688133,91.66002330580869,0.0
7.487,1.2305467174164237,-0.6312925288265099,0.2741438120773534,0.0,5.491228613619626,4.777720888710009,91.9731871836403,91.66002330580869,0.0
7.488,1.2098148549135086,-0.6212446645411082,0.7953535849195489,0.0,5.481901828939922,4.8130449505550255,91.49277378974068,91.66002330580869,0.0
7.489,1.2204781423786983,-0.6216928433745884,1.0372327770300411,0.0,5.477189907227227,4.863918260905104,92.49292987886156,91.66002330580869,0.0
7.49,1.2477020892541544,-0.6312619034050078,0.5288256667390735,0.0,5.479084623535819,4.848001472714142,93.20642080218471,91.66002330580869,0.0
7.4910000000000005,1.2434212307261598,-0.6321274312603664,0.15661623011373849,0.0,5.4791977068582405,4.798750001954093,91.88601565656703,91.66002330580869,0.0
7.492,1.2150852878942868,-0.6165120047195811,0.8145588794149973,0.0,5.472647982574378,4.833604917517912,91.0415151611173,91.66002330580869,0.0
7.493,1.2231086105367324,-0.6127873443326388,1.2429942085867722,0.0,5.4699851638981265,4.903701903893854,92.07878279530823,91.66002330580869,0.0
7.494,1.259821758287323,-0.622792088268337,0.7201727965963142,0.0,5.475736094163889,4.90076998812777,92.99442401493404,91.66002330580869,0.0
7.495,1.265751438206769,-0.6244008881911491,0.24900817969215494,0.0,5.480695660378621,4.851821329911683,91.67498635361544,91.66002330580869,0.0
7.496,1.2403113514889472,-0.6084666069477889,0.9085773798733885,0.0,5.478495545214272,4.8883854586658115,90.638805490013,91.66002330580869,0.0
7.497,1.2507161999987384,-0.6021552135177648,1.436879989832565,0.0,5.479636943976903,4.971191823918536,91.9244522576579,91.66002330580869,0.0
7.498,1.2944285677941638,-0.6126608836549505,0.7914123164916202,0.0,5.490163577037932,4.964842910382755,92.83322898016661,91.66002330580869,0.0
7.4990000000000006,1.3008221639264146,-0.6121400050730244,0.32529189849368867,0.0,5.498840302093897,4.915096810363697,91.18563885868612,91.66002330580869,0.0
7.5,1.2761166574140381,-0.5922804312099873,1.1538308037051597,0.0,5.499495400303244,4.969775018283069,90.20167415383283,91.66002330580869,0.0
7.501,1.297081919997155,-0.5856192684083876,1.6603966476515644,0.0,5.505018677314049,5.063934535064158,92.05482566981195,91.66002330580869,0.0
7.502,1.3484511467964722,-0.5998053261943561,0.7298728660219713,0.0,5.521032656286356,5.036366191127407,92.41723308735463,91.66002330580869,0.0
7.503,1.3462157722658934,-0.5949895090067818,0.54109705943517,0.0,5.532016802499265,5.002455562039669,90.42928055376855,91.66002330580869,0.0
7.5040000000000004,1.3294223060728427,-0.5715976179429102,1.5473807537486124,0.0,5.535986521336957,5.087438302458269,90.80356991202241,91.66002330580869,0.0
7.505,1.3685029162437718,-0.5692747309787364,1.3688006085595446,0.0,5.54803594367732,5.1301462860241145,92.55885614370038,91.66002330580869,0.0
7.506,1.3990211259475887,-0.5737662911144936,0.48216916434164214,0.0,5.5636685226248055,5.0710785590896235,90.63306211350898,91.66002330580869,0.0
7.507000000000001,1.376642827887665,-0.5547934571285766,1.455335791360338,0.0,5.569699143644287,5.138162301041196,89.69864341590183,91.66002330580869,0.0
7.508,1.4077006725990637,-0.5451082806788792,1.9421589390629852,0.0,5.580959435687369,5.239319464977808,91.74881832667911,91.66002330580869,0.0
7.509,1.4648979637272455,-0.56061599939583,0.9161835334656377,0.0,5.603012115743166,5.207780292055348,90.8834286462345,91.66002330580869,0.0
7.51,1.464488797888042,-0.5514503771535415,1.3566443202836835,0.0,5.618542314867315,5.240927726190268,89.3348842484356,91.66002330580869,0.0
7.511,1.4853940305827331,-0.5351864860554664,2.154167909756868,0.0,5.634136865694176,5.353332756543171,91.83451634930954,91.66002330580869,0.0
7.5120000000000005,1.5451131209481879,-0.5481215343705697,0.90260692888489,0.0,5.660997958699284,5.304049747539566,90.54426331776203,91.66002330580869,0.0
7.513,1.5364079614677197,-0.5329627891228716,1.5588910445391104,0.0,5.678447829043121,5.348642769714023,89.68929826211787,91.66002330580869,0.0
7.514,1.5618840684995323,-0.5140007272795927,2.0060808227980975,0.0,5.696677775219736,5.430260087789063,91.60338258349938,91.66002330580869,0.0
7.515000000000001,1.6062985095343634,-0.5215502889400825,1.0496050693304362,0.0,5.722266530987284,5.391223610566712,89.7394991723892,91.66002330580869,0.0
7.516,1.6014094307579398,-0.5018480917695627,2.000752016219721,0.0,5.739150026150478,5.473822521411602,90.56427246205088,91.66002330580869,0.0
7.517,1.6462934479481022,-0.49295523421629434,1.59932287982646,0.0,5.7618238705226865,5.491195083537491,90.98998001742646,91.66002330580869,0.0
7.518,1.6642583376321292,-0.49136836872396283,1.3931695350224917,0.0,5.78388196004164,5.488907899630166,88.836783091125,91.66002330580869,0.0
7.519,1.6763059799994457,-0.46650725798151543,2.4980004003200595,0.0,5.80078666869122,5.611502579932678,91.2993690964343,91.66002330580869,0.0
7.5200000000000005,1.7407130218915339,-0.4769872851572216,1.270313939759151,0.0,5.829661788602845,5.570470145570765,89.0223404547462,91.66002330580869,0.0
7.521,1.7423966864747567,-0.4580875026474024,2.435205089113828,0.0,5.849362376739278,5.677302224985593,90.72206970455696,91.66002330580869,0.0
7.522,1.8010454003996825,-0.4569829352871604,1.5947200002209665,0.0,5.877843609419022,5.664884362114912,89.14003793399243,91.66002330580869,0.0
7.523000000000001,1.8121311804978504,-0.44599287161821266,2.4109357392213924,0.0,5.901037071213744,5.754112042306701,90.39614442571002,91.66002330580869,0.0
7.524,1.8678018648021615,-0.4390181268880603,1.7955212821635849,0.0,5.930176633564545,5.754865635519927,89.07789824897834,91.66002330580869,0.0
7.525,1.8833767189944752,-0.4311461936070351,2.4804656210977267,0.0,5.9556814337879755,5.8387993203821305,90.29193741096746,91.66002330580869,0.0
7.526,1.9391751969273154,-0.42204989963046236,1.8871268990515788,0.0,5.986107249470671,5.8387913299353515,88.66832061226252,91.66002330580869,0.0
7.527,1.95492106169357,-0.41279663449186366,2.7288523253395125,0.0,6.012562788314941,5.9391758438686955,90.43619913963607,91.66002330580869,0.0
7.5280000000000005,2.018086824274185,-0.40898330039715547,1.8571513033144618,0.0,6.046084290569083,5.921072318371291,88.06425361577682,91.66002330580869,0.0
7.529,2.0305268115143393,-0.39195450798722675,3.079081762144407,0.0,6.072608256223928,6.0505239153699755,90.49944178869104,91.66002330580869,0.0
7.53,2.1033561700147607,-0.39902074147958666,1.8730934908584718,0.0,6.110372558621414,6.016917905241877,88.00889246689616,91.66002330580869,0.0
7.531000000000001,2.1166358162931083,-0.37278120267194037,3.1548794601450405,0.0,6.138042818162578,6.1427727981951055,90.04978335102554,91.66002330580869,0.0
7.532,2.1835681386803403,-0.3836593594308494,2.150536417628181,0.0,6.176990533676506,6.1282838744375985,88.56336711744625,91.66002330580869,0.0
7.533,2.208783546329158,-0.3560238659204301,2.924711096301451,0.0,6.207445899409553,6.212236888068961,88.99314366796789,91.66002330580869,0.0
7.534,2.2567918068072657,-0.36070927963419763,2.7364916174190403,0.0,6.244042780376049,6.2573654928705915,89.76896496440717,91.66002330580869,0.0
7.535,2.306460660410454,-0.3442209883906624,2.367491552613411,0.0,6.2796322675521346,6.257949621657346,87.32484973574552,91.66002330580869,0.0
7.5360000000000005,2.3255793287013704,-0.3261501209000016,3.632900902644872,0.0,6.30989830637775,6.40331295045858,89.52107055140563,91.66002330580869,0.0
7.537,2.407883629229122,-0.3407795870554392,2.5561800223588467,0.0,6.353464024152931,6.397210873555333,88.976072030636,91.66002330580869,0.0
7.538,2.444161938741283,-0.31466621326068644,2.8555187954953856,0.0,6.389044196681291,6.436602478926744,87.3124126126283,91.66002330580869,0.0
7.539000000000001,2.4762522202014075,-0.30653898027684234,3.7308246114310455,0.0,6.424372650603683,6.565736045169919,89.3178989317079,91.66002330580869,0.0
7.54,2.5579554512927896,-0.31574968068637177,2.751502695632249,0.0,6.47017606513304,6.56034417867834,89.73779293294409,91.66002330580869,0.0
7.541,2.590676719870161,-0.2947671498062736,2.560777998742801,0.0,6.508459766159394,6.546103035556402,88.72817544995266,91.66002330580869,0.0
7.542,2.582579255337138,-0.2969319249479965,3.0949052187970767,0.0,6.541938933345312,6.598993551808569,91.21279804572303,91.66002330580869,0.0
7.543,2.594089517001751,-0.3241040258897758,1.8570661735127458,0.0,6.5803265187900335,6.507092262543854,92.00514998202155,91.66002330580869,0.0
7.5440000000000005,2.5497073935605052,-0.3077169760945466,1.457438938601359,0.0,6.603610920276918,6.401636391557858,90.85200229659756,91.66002330580869,0.0
7.545,2.4707864714847467,-0.293657259648485,2.0420929914054646,0.0,6.6126385962054,6.385600246170632,92.93650504174086,91.66002330580869,0.0
7.546,2.4292361235024296,-0.3004886958407391,0.9870768014744944,0.0,6.620051945147919,6.253953490551829,92.20263696687167,91.66002330580869,0.0
7.547000000000001,2.3507275190576102,-0.276174793204217,1.348584702298461,0.0,6.610816439982368,6.1947492193882105,92.01670751791382,91.66002330580869,0.0
7.548,2.2880351617915875,-0.2790152569596511,1.4379825846563348,0.0,6.597139648256469,6.152871586130338,93.58658326269524,91.66002330580869,0.0
7.549,2.2500902419226936,-0.2801016970514566,0.6337791126967558,0.0,6.580733876149921,6.028004693899451,92.05346254913715,91.66002330580869,0.0
7.55,2.173813172049885,-0.2725222659348928,1.3964050770425167,0.0,6.552637390207197,6.013925832965947,93.8980215272674,91.66002330580869,0.0
7.551,2.1428719895831154,-0.28735217282065595,0.45174560576280376,0.0,6.527649750833997,5.889547167419912,92.20316383220994,91.66002330580869,0.0
7.5520000000000005,2.075292098322983,-0.27851003651800255,1.2937430480275238,0.0,6.491602074781361,5.8842982940670225,93.49098035671514,91.66002330580869,0.0
7.553,2.0508539799175076,-0.30047010661420526,0.6315252152658577,0.0,6.46113830807231,5.796717998529729,92.4304421664367,91.66002330580869,0.0
7.554,2.00612159499464,-0.3011846116229252,1.1540901217987956,0.0,6.4248218833304325,5.78362985507896,93.43860246558648,91.66002330580869,0.0
7.555,1.9851919373307862,-0.3252369298798913,0.6322241806261282,0.0,6.393466896675845,5.707442919398556,92.50326231880763,91.66002330580869,0.0
7.556,1.947146240368654,-0.32896915536803417,1.0914618638855667,0.0,6.357798736739801,5.6954497132801905,93.77084721369732,91.66002330580869,0.0
7.557,1.9288700094671416,-0.353158359262851,0.4365611773618332,0.0,6.327121562359073,5.6060874878594,92.45850436490119,91.66002330580869,0.0
7.558,1.8837984074434198,-0.3544121824764319,1.0847477911689758,0.0,6.290471911388883,5.605218415840229,94.13564704399501,91.66002330580869,0.0
7.559,1.8706028598938655,-0.3757725881250671,0.22142021424020264,0.0,6.25973742470301,5.500324180535936,92.39802068501476,91.66002330580869,0.0
7.5600000000000005,1.8159698866061407,-0.37743948890388257,1.0828534199382673,0.0,6.2215567181844795,5.512114520075714,93.35988592711277,91.66002330580869,0.0
7.561,1.809679966741573,-0.39425350300976014,0.5849221726762193,0.0,6.190205988815639,5.455666547206082,93.12588280703858,91.66002330580869,0.0
7.562,1.7771097685276258,-0.4132099081652312,0.6872651377010166,0.0,6.158262599522761,5.421485159916764,92.7737799362889,91.66002330580869,0.0
7.563,1.7546555289207078,-0.4225216647347906,0.8521790067710522,0.0,6.126930139601336,5.406788932749166,94.16158829346416,91.66002330580869,0.0
7.564,1.7395265060071163,-0.44282860529987067,0.1332591783068675,0.0,6.099401948851754,5.311138412608851,92.56537264972333,91.66002330580869,0.0
7.565,1.6879665857571462,-0.4424668700732661,0.9223135067381381,0.0,6.064818664882524,5.321805600818053,93.12648917237553,91.66002330580869,0.0
7.566,1.6802089404052216,-0.45643937838639226,0.6270905867463701,0.0,6.036301021397847,5.287920419112216,93.70365486598281,91.66002330580869,0.0
7.567,1.6576808951801798,-0.47606179867108167,0.31807142434098656,0.0,6.00926536523924,5.225932621085057,92.76403087551712,91.66002330580869,0.0
7.5680000000000005,1.6214872601578634,-0.4791682069120863,0.7768433438767477,0.0,5.978879975597441,5.224751159417945,92.89170073655039,91.66002330580869,0.0
7.569,1.610290557683709,-0.4928768122238679,0.7006916390526963,0.0,5.9528918612549955,5.208554599149293,94.23414801208308,91.66002330580869,0.0
7.57,1.5970858846695366,-0.5101937590530079,0.0037267542236065765,0.0,5.9296506804180185,5.1168148101971225,92.89751611115636,91.66002330580869,0.0
7.571,1.545459045685547,-0.5084852467059405,0.6596677766334891,0.0,5.89919853294305,5.116594948927944,92.84591050828695,91.66002330580869,0.0
7.572,1.5304366075313507,-0.516737837591771,0.6736117060434141,0.0,5.8726944842095765,5.109462480856303,94.00509860655224,91.66002330580869,0.0
7.573,1.5210244056391162,-0.5318267328177801,0.07056690390333387,0.0,5.849704846108286,5.034803605015573,93.11578906924079,91.66002330580869,0.0
7.574,1.478010671179585,-0.5341668607136929,0.5006640149247368,0.0,5.821654809349342,5.0232901719541685,92.70320922703048,91.66002330580869,0.0
7.575,1.459289786523176,-0.5405502932019741,0.6965220768176719,0.0,5.795937209254904,5.028995654188628,92.87290364638064,91.66002330580869,0.0
7.5760000000000005,1.455906445232269,-0.5544583562913631,0.599546063736877,0.0,5.7748279700083085,5.019117844827818,93.94685644915373,91.66002330580869,0.0
7.577,1.4479046173865322,-0.5684934161804522,0.03970133091688033,0.0,5.756246649707194,4.948350099649159,93.17098330455103,91.66002330580869,0.0
7.578,1.406889768646416,-0.5677913544283053,0.41252830323080625,0.0,5.732229109526701,4.933842026323943,92.72622101185955,91.66002330580869,0.0
7.579,1.3857815684540686,-0.5711349386625082,0.6242474725160372,0.0,5.709537330915018,4.939855598745191,92.83299500485982,91.66002330580869,0.0
7.58,1.381332200603507,-0.5812042429914136,0.5591307590253887,0.0,5.690790275040467,4.93399695434796,93.58308932651892,91.66002330580869,0.0
7.581,1.3748704009488038,-0.5920043995264299,0.16485293798874068,0.0,5.674419384489207,4.884796379907384,93.19693013645413,91.66002330580869,0.0
7.582,1.3451356532660739,-0.5926475900866157,0.34256346471468047,0.0,5.654728274945288,4.8655759142545145,92.97242886431316,91.66002330580869,0.0
7.583,1.324695442847238,-0.5934144303717721,0.44169004520012045,0.0,5.635162150316238,4.857386278467922,93.01388387649659,91.66002330580869,0.0
7.5840000000000005,1.3122673572263064,-0.5980913751451729,0.4074239334015246,0.0,5.61724047009366,4.8444611430085,92.98090590374957,91.66002330580869,0.0
7.585,1.299875553977474,-0.6027907753210645,0.41070409379562545,0.0,5.6002886089190085,4.83297864933526,92.88427528737505,91.66002330580869,0.0
7.586,1.2881453283141509,-0.6071517385821057,0.4467768821672249,0.0,5.584316396451455,4.826050830819292,92.77314290424978,91.66002330580869,0.0
7.587,1.2786802282737728,-0.6120908644243864,0.4912118777454473,0.0,5.5697483175891,4.823669553285862,92.5791328997595,91.66002330580869,0.0
7.588,1.2720990599464934,-0.617623746185104,0.5790257840510793,0.0,5.556958144594894,4.829914052872972,92.48779140660884,91.66002330580869,0.0
7.589,1.271583677726846,-0.6228562957174668,0.6164188496184106,0.0,5.546591690489772,4.837481063712189,92.53301109742925,91.66002330580869,0.0
7.59,1.2732415315035845,-0.6278206917603223,0.5850791262919963,0.0,5.5385123409484756,4.839245910097759,93.42875089401164,91.66002330580869,0.0
7.591,1.2709701008275762,-0.6329445923431337,0.11952195211877159,0.0,5.531931396103544,4.789394880876978,92.92807698862141,91.66002330580869,0.0
7.5920000000000005,1.240597477727359,-0.6267539122464261,0.3571783679857592,0.0,5.520291229004563,4.7779869118151455,92.1438498930951,91.66002330580869,0.0
7.593,1.223418789835858,-0.6210196530207213,0.7444536498760546,0.0,5.508105419995436,4.8083653692359265,91.9715617392984,91.66002330580869,0.0
7.594,1.2324591917276289,-0.6244631680438084,0.8274823424395075,0.0,5.500612166874097,4.838581572289783,92.85857803425976,91.66002330580869,0.0
7.595,1.2485034428352841,-0.6325716735237624,0.3719886476743117,0.0,5.49774735982284,4.812417772773387,93.18434893564104,91.66002330580869,0.0
7.596,1.235241236132867,-0.6329661980348513,0.1938599406853505,0.0,5.49251496616649,4.775163936930714,92.09832560003771,91.66002330580869,0.0
7.597,1.2103190458583373,-0.6216470146173078,0.7324885855447248,0.0,5.482831372870468,4.804751502174268,91.47127890655852,91.66002330580869,0.0
7.598,1.2164626197294435,-0.6207522130831867,1.04789937627682,0.0,5.477089659093824,4.8587958370672375,92.31826511469788,91.66002330580869,0.0
7.599,1.244442006968419,-0.6297864108893031,0.6178238541182502,0.0,5.478329259958158,4.853382854890904,93.21782248715414,91.66002330580869,0.0
7.6000000000000005,1.2460652336933986,-0.6325807849812025,0.15246717607666693,0.0,5.479120641690473,4.80184789058829,92.04404185125767,91.66002330580869,0.0
7.601,1.217658884443771,-0.6185636352802522,0.7355173085704089,0.0,5.47310955861127,4.8274755729286065,91.05632867220817,91.66002330580869,0.0
7.602,1.2207913633061251,-0.6134293458410138,1.2354108444311676,0.0,5.469837751732711,4.89846853017936,91.91534193749585,91.66002330580869,0.0
7.603,1.2570271328284515,-0.6220172680774059,0.8033510254704529,0.0,5.474988435607482,4.905554885714065,93.01767551941487,91.66002330580869,0.0
7.604,1.268137652031113,-0.6251014097595653,0.23860771237488498,0.0,5.480586063010918,4.853786708414802,91.88274136888955,91.66002330580869,0.0
7.605,1.241948900283805,-0.6107272286814424,0.8038476070067317,0.0,5.47883510860867,4.878570801010498,90.59910049041505,91.66002330580869,0.0
7.606,1.245955176904077,-0.6024576745924484,1.4562772743979182,0.0,5.478971749767209,4.966113675427408,91.74870458594602,91.66002330580869,0.0
7.607,1.2909081682081645,-0.6118605286611932,0.8805884138310646,0.0,5.4889660237400335,4.970161088904966,92.8920432133497,91.66002330580869,0.0
7.6080000000000005,1.303212053920187,-0.613093793185963,0.29659890105381503,0.0,5.498407242220373,4.915417333116945,91.37381000263272,91.66002330580869,0.0
7.609,1.2768146430104885,-0.5945167395816287,1.0585776394440602,0.0,5.499374154732148,4.959776385163645,90.15935178977324,91.66002330580869,0.0
7.61,1.2918438890946338,-0.5860842670138103,1.6808134610341567,0.0,5.5039384797510005,5.058705185069506,91.90616848350646,91.66002330580869,0.0
7.611,1.3445662669925411,-0.5993333674467436,0.8049436623905675,0.0,5.5194809780318534,5.039980332312043,92.67234816300285,91.66002330580869,0.0
7.612,1.3473504340427431,-0.5961889719223733,0.41173057407043134,0.0,5.531118366696866,4.990408438333091,90.558040386214,91.66002330580869,0.0
7.613,1.323756982939478,-0.5708487613578686,1.4799042916608025,0.0,5.53387884789063,5.071011833728536,90.49856022426437,91.66002330580869,0.0
7.614,1.3589207191826185,-0.5663126537631029,1.521259003451064,0.0,5.544178050774784,5.133594273327061,92.23173100809568,91.66002330580869,0.0
7.615,1.3981033668102076,-0.57514510051985,0.6489565345125381,0.0,5.5607225075495625,5.090623116676406,90.93919350295023,91.66002330580869,0.0
7.6160000000000005,1.386055920289555,-0.5621333315505344,1.302433585113846,0.0,5.569795783927608,5.135926067217371,89.48060700786668,91.66002330580869,0.0
7.617,1.4087576280345242,-0.549956084979221,2.0535209956350418,0.0,5.581282648288793,5.251073232676209,91.82865633490249,91.66002330580869,0.0
7.618,1.4710513527717506,-0.5654572756900587,0.8778100018261992,0.0,5.604962446203649,5.21238999195745,91.30954440684893,91.66002330580869,0.0
7.619,1.4672570600886707,-0.5563805629076285,1.1408707548425776,0.0,5.621252489941968,5.221677157314455,89.2804665225999,91.66002330580869,0.0
7.62,1.4748512277501469,-0.5346386623109377,2.1792052647991826,0.0,5.634541403904342,5.342377497705062,91.67352281363748,91.66002330580869,0.0
7.621,1.5362548032759402,-0.5447753705310592,0.9825421242021042,0.0,5.659903917419722,5.3036419532563785,90.94004728066382,91.66002330580869,0.0
7.622,1.532071229270464,-0.5340137852166579,1.3564796509403814,0.0,5.677571483671908,5.325490202847142,89.31276088880686,91.66002330580869,0.0
7.623,1.5478346094255766,-0.5115403359818737,2.1935954710388774,0.0,5.693292654695272,5.433487941490382,91.63966543800261,91.66002330580869,0.0
7.6240000000000006,1.6040009743868278,-0.5215666369970151,1.0303467751190654,0.0,5.719569110084636,5.389908842275284,89.94660660407443,91.66002330580869,0.0
7.625,1.599306872238924,-0.5043000933983707,1.8940103591004964,0.0,5.736860427207552,5.461028794603669,90.30937101543171,91.66002330580869,0.0
7.626,1.639397816689584,-0.49204857830308946,1.7261346763256284,0.0,5.758359606626519,5.495205977555406,91.25583706841412,91.66002330580869,0.0
7.627,1.6641811529928106,-0.49325419718400026,1.256943512208366,0.0,5.7813817196266175,5.475857831379871,88.99542288614063,91.66002330580869,0.0
7.628,1.668686364720774,-0.4675177421927006,2.4137966075417934,0.0,5.797323740471299,5.592444723322701,90.98732436838745,91.66002330580869,0.0
7.6290000000000004,1.7291539920536874,-0.4738977517620352,1.4245728557925974,0.0,5.824289414028336,5.5719775976206325,89.22924561907949,91.66002330580869,0.0
7.63,1.7389172519737248,-0.46033978204237214,2.327920007313867,0.0,5.8449566308946075,5.665044893711428,90.52645906394136,91.66002330580869,0.0
7.631,1.7941743062642033,-0.4566451419559424,1.6906489273016065,0.0,5.872593024971018,5.665758248190459,89.42413807737948,91.66002330580869,0.0
7.632000000000001,1.8096024337959224,-0.449631055235152,2.2641682728668378,0.0,5.89680251194927,5.737479221955942,90.03344455855456,91.66002330580869,0.0
7.633,1.8592726452311086,-0.4376565835021796,1.975780819751838,0.0,5.924516096582824,5.761681791761845,89.63318850292569,91.66002330580869,0.0
7.634,1.8831846712538933,-0.43583370528691223,2.196177195595104,0.0,5.951797807847265,5.811229318176269,89.57675141673147,91.66002330580869,0.0
7.635,1.9259491337526102,-0.418408387485957,2.2452284575829875,0.0,5.979407544450753,5.8572769675212975,89.64623432017191,91.66002330580869,0.0
7.636,1.9585746425615609,-0.4201310495494761,2.2306248957191332,0.0,6.00922481833339,5.896222759823272,89.37123395965394,91.66002330580869,0.0
7.6370000000000005,1.9995328898909392,-0.40080299101210815,2.39101296943967,0.0,6.037811630998216,5.947865271893069,89.32243002977174,91.66002330580869,0.0
7.638,2.0347727610736293,-0.40294479661980154,2.4387908671411385,0.0,6.069132892805757,5.99738709867552,89.64320970225927,91.66002330580869,0.0
7.639,2.082176817943265,-0.38606291758795075,2.2985691669328663,0.0,6.10039578636121,6.024324655416725,88.3899800716576,91.66002330580869,0.0
7.640000000000001,2.108579128956619,-0.38139208477044506,2.95788441457521,0.0,6.1308811734156325,6.123191426439325,90.1791579234673,91.66002330580869,0.0
7.641,2.1751577939026254,-0.3785120123774093,2.0781041424937756,0.0,6.16793459923181,6.1047914466257955,87.73549689996842,91.66002330580869,0.0
7.642,2.1920373843700602,-0.35641981091515396,3.339179918301616,0.0,6.1970413430481015,6.238261977132956,89.85800587273428,91.66002330580869,0.0
7.643,2.2653180986364165,-0.36895620924421824,2.2959456062494317,0.0,6.2381843913643005,6.226037514222586,88.65534875981912,91.66002330580869,0.0
7.644,2.294413385601263,-0.34151930638706274,2.9273209081669083,0.0,6.2708472652602625,6.296565754342848,88.38759030057084,91.66002330580869,0.0
7.6450000000000005,2.337027207493248,-0.3434445752268223,3.0939244678434292,0.0,6.3077828243796,6.370923528847452,89.81555011308049,91.66002330580869,0.0
7.646,2.398384297156928,-0.3351701121384683,2.3983892935158835,0.0,6.347531161409349,6.3570410353966516,87.80962280686944,91.66002330580869,0.0
7.647,2.4186577508754223,-0.3085851695035977,3.4398569516108006,0.0,6.379074816332091,6.468421910115221,88.5038906848084,91.66002330580869,0.0
7.648000000000001,2.481921834833302,-0.31724371010569213,3.124284338851326,0.0,6.419820482126994,6.519935084171538,89.64488623528777,91.66002330580869,0.0
7.649,2.5394112690096855,-0.3061116601292757,2.573937934316848,0.0,6.460331787844611,6.50729793211069,88.08329864714412,91.66002330580869,0.0
7.65,2.5599124154318766,-0.27860197628085004,3.39049897497532,0.0,6.49261350306082,6.593620572580789,89.32513415008299,91.66002330580869,0.0
7.651,2.595070756419073,-0.30960799485293894,2.7929301150631423,0.0,6.5339850696838315,6.596978529484205,92.02442342623836,91.66002330580869,0.0
7.652,2.603147735626096,-0.32174136961086264,1.4396414757811613,0.0,6.572579886372534,6.460714901334783,90.64221130395201,91.66002330580869,0.0
7.6530000000000005,2.531257448500387,-0.2964764801485727,2.140925656942902,0.0,6.590788386988992,6.440599965365686,91.20213972938154,91.66002330580869,0.0
7.654,2.4838713960126015,-0.3039442316699208,1.8655402799924068,0.0,6.606238645508868,6.39150570268137,93.31557745018382,91.66002330580869,0.0
7.655,2.443124414950949,-0.2970296475689546,0.7922658781475151,0.0,6.614399170142003,6.237567869075944,91.39951149247493,91.66002330580869,0.0
7.656000000000001,2.347025567760967,-0.27378779425664945,1.7529039751353,0.0,6.603862400927939,6.2264062093617625,92.94191598782267,91.66002330580869,0.0
7.657,2.3041487734868986,-0.28522915930154036,0.9688828006412906,0.0,6.594754111351925,6.123213787431618,92.49491146361991,91.66002330580869,0.0
7.658,2.2431471291264558,-0.271793962588173,1.1840361811645554,0.0,6.574645123251577,6.067218275276296,92.28044045886077,91.66002330580869,0.0
7.659,2.1907756960500415,-0.28103055212242944,1.2850675120136084,0.0,6.552097859561634,6.0289241693094375,93.40652393563451,91.66002330580869,0.0
7.66,2.160269858799308,-0.2863082484039786,0.7045607673284784,0.0,6.528464092339627,5.930170620113227,92.29453205970069,91.66002330580869,0.0
7.6610000000000005,2.0997049349252683,-0.2897246889547223,1.254211617756471,0.0,6.4976413784179705,5.91155279336201,93.71581508500142,91.66002330580869,0.0
7.662,2.076118310707301,-0.30106480274067415,0.5230121873141744,0.0,6.469252401324299,5.80777491146605,92.36926253500235,91.66002330580869,0.0
7.663,2.0164489869589706,-0.3055221847081228,1.1891960700217752,0.0,6.433701444628959,5.798455900822714,93.52690361037362,91.66002330580869,0.0
7.664000000000001,1.9990844442183573,-0.31873414781644027,0.5917067292904892,0.0,6.4021824246610635,5.715441435730645,92.62095686532913,91.66002330580869,0.0
7.665,1.9510453240638321,-0.3311209506002871,1.035070766217529,0.0,6.3667442888558865,5.697432110409873,93.17790492209662,91.66002330580869,0.0
7.666,1.9335049774069153,-0.34385227120653056,0.7414179216709087,0.0,6.334325611338002,5.642393497701976,93.03417543310935,91.66002330580869,0.0
7.667,1.8994864279722299,-0.3616221273935994,0.799541144891533,0.0,6.301472311275631,5.602513598484062,92.9054904539701,91.66002330580869,0.0
7.668,1.874383855706132,-0.371229603692437,0.8514289629795446,0.0,6.268795475128705,5.570883884394102,93.6223549965029,91.66002330580869,0.0
7.6690000000000005,1.8494669265281578,-0.39185459459965294,0.4733733748062008,0.0,6.238396025424283,5.499534301705412,92.66606368865313,91.66002330580869,0.0
7.67,1.810696446249726,-0.39434150294974907,0.9414586249026471,0.0,6.203968872430871,5.491565249246339,94.29672245879766,91.66002330580869,0.0
7.671,1.7952558724649763,-0.41292337108396154,0.09976224830048963,0.0,6.174206665902155,5.38499369112017,92.60942689769749,91.66002330580869,0.0
7.672000000000001,1.7374687788753886,-0.4132907494693533,0.9339159929316874,0.0,6.136618117154746,5.392479118386206,93.14253256896295,91.66002330580869,0.0
7.673,1.7273355662035486,-0.427340742187574,0.6525380646674146,0.0,6.105078791423831,5.356700820953523,93.55179664578309,91.66002330580869,0.0
7.674,1.7041161734314239,-0.4477370974824846,0.42898829285760254,0.0,6.075218667678,5.302022526152794,92.75408310637734,91.66002330580869,0.0
7.675,1.6726557308398982,-0.4535268752018421,0.8169044645547903,0.0,6.043309638822857,5.297960779819691,93.01147464345571,91.66002330580869,0.0
7.676,1.661900375123351,-0.4694638266520038,0.6746941826391317,0.0,6.015880505102244,5.272460497209597,94.15946320552406,91.66002330580869,0.0
7.6770000000000005,1.6438385594559528,-0.488162949154936,0.07570550260780351,0.0,5.9905417904535,5.1841799236704045,92.7147219554666,91.66002330580869,0.0
7.678,1.5946700950435573,-0.48573311441719474,0.7875291411399552,0.0,5.958454616869534,5.191711935987801,93.02274320613502,91.66002330580869,0.0
7.679,1.5847224134695412,-0.49712993582945375,0.6198913168024831,0.0,5.931607310578427,5.170326192981635,94.04821762429765,91.66002330580869,0.0
7.68,1.5678394126309523,-0.5152404184579076,0.08327216453627795,0.0,5.907184345490822,5.092800218417569,92.84973287912919,91.66002330580869,0.0
7.681,1.5237864427373813,-0.5143036339132063,0.6706174413873014,0.0,5.8771669283293715,5.095235713457333,92.84437074851323,91.66002330580869,0.0
7.682,1.5119522403219756,-0.5244280527701889,0.6614550322682382,0.0,5.851517856307757,5.0884058320721275,94.02239933564901,91.66002330580869,0.0
7.683,1.5039684324820792,-0.5391524714554676,0.048816978401942546,0.0,5.829269145216592,5.013155346627412,93.17351556217974,91.66002330580869,0.0
7.684,1.4606687988488893,-0.5412980025487476,0.45812394257286604,0.0,5.801809020923483,4.999038306836771,92.68895453852191,91.66002330580869,0.0
7.6850000000000005,1.4403515919273282,-0.5466092227822593,0.6901151420746501,0.0,5.776245983995372,5.006814817324406,92.82154385188171,91.66002330580869,0.0
7.686,1.4374601060401315,-0.5600994415769739,0.612205279934019,0.0,5.755447713673919,5.0004822676183585,93.84802277351318,91.66002330580869,0.0
7.687,1.431913317329467,-0.5733952787392489,0.07708582444124157,0.0,5.737423655313911,4.93520033626727,93.27117222722002,91.66002330580869,0.0
7.688,1.3938015718926762,-0.5743807983872562,0.3493996083737074,0.0,5.714649258444453,4.91408672711373,92.78023351989997,91.66002330580869,0.0
7.689,1.3702244951938827,-0.5761365996290007,0.5836668598928223,0.0,5.692224223286697,4.918065659998876,92.8948699069121,91.66002330580869,0.0
7.69,1.3638053422919758,-0.584791980508347,0.5140002003757178,0.0,5.673374118817545,4.9098685270698805,93.5498489479716,91.66002330580869,0.0
7.691,1.355102169924606,-0.5949704776724809,0.16761242342434346,0.0,5.656622392381667,4.86409326554878,93.03347093440269,91.66002330580869,0.0
7.692,1.327648812300572,-0.5937626407464515,0.41206695392285875,0.0,5.636733665403763,4.854507071275522,92.9549762238403,91.66002330580869,0.0
7.6930000000000005,1.312465007658933,-0.5967231939163158,0.4383647800237336,0.0,5.61821293091427,4.845734524232252,92.95560009980377,91.66002330580869,0.0
7.694,1.301315022639687,-0.601860867381733,0.42509707410204767,0.0,5.601202553718895,4.835339392837667,92.8902496830723,91.66002330580869,0.0
7.695,1.2904765205299094,-0.606893221258892,0.4454700186951499,0.0,5.585355883295433,4.827737173209341,92.78664910355288,91.66002330580869,0.0
7.696,1.2810156330959364,-0.611845484208609,0.48600405047741946,0.0,5.570828083337183,4.824497835148261,92.62044635612655,91.66002330580869,0.0
7.697,1.2738118799733384,-0.617524440418305,0.5595011936874035,0.0,5.558004292122218,4.828506800301887,92.48315501799851,91.66002330580869,0.0
7.698,1.2719537370505094,-0.6223340566623399,0.6199155456295238,0.0,5.547336044768858,4.836875455290471,92.52037492091998,91.66002330580869,0.0
7.699,1.2733034786187252,-0.6279205407571927,0.5927020780176788,0.0,5.539137904737688,4.839575742086403,93.25964348897061,91.66002330580869,0.0
7.7,1.271998605311503,-0.632518222607225,0.2070715921607431,0.0,5.5324794875517815,4.7991960009109595,93.05842277615373,91.66002330580869,0.0
7.7010000000000005,1.2462863248812504,-0.6291022508936296,0.29369795386573105,0.0,5.522027204259927,4.7783888988948435,92.21994243361807,91.66002330580869,0.0
7.702,1.2258009024885008,-0.6220264728278492,0.7073389338554676,0.0,5.509795263225545,4.805247796591871,91.9469129448237,91.66002330580869,0.0
7.703,1.231805381306272,-0.624311805925488,0.8409847818625069,0.0,5.501794550485703,4.837896897002755,92.75528842168444,91.66002330580869,0.0
7.704,1.2483747570745676,-0.6321460656436007,0.4258443922733762,0.0,5.498697734298949,4.817716528217357,93.28778367353675,91.66002330580869,0.0
7.705,1.2383494062149005,-0.6338481576016419,0.14331916266994038,0.0,5.494001450370535,4.773586625683583,92.19124960368208,91.66002330580869,0.0
7.706,1.21070806805216,-0.6218975023360003,0.6862739346185414,0.0,5.484030211582783,4.7988906559100295,91.47338240068774,91.66002330580869,0.0
7.707,1.2136667224117677,-0.6200596356004762,1.0470739451669215,0.0,5.477503840908198,4.854323747314707,92.19701703014957,91.66002330580869,0.0
7.708,1.2417423744987597,-0.6285846517658871,0.6798866931925991,0.0,5.478129546887093,4.856503559502827,93.2088950764226,91.66002330580869,0.0
7.7090000000000005,1.2475055018266366,-0.6327523962227131,0.15845895234994,0.0,5.479283865215506,4.804489594611878,92.19133050085607,91.66002330580869,0.0
7.71,1.2194968617212034,-0.6203778953503396,0.6619281681827356,0.0,5.473718482681455,4.821526930877777,91.03535722647113,91.66002330580869,0.0
7.711,1.218339401582346,-0.613862658052976,1.246161466168578,0.0,5.46982044093341,4.895382200098015,91.80896486884203,91.66002330580869,0.0
7.712,1.2550201136908719,-0.6219681197569241,0.8578682293527994,0.0,5.4746544834426025,4.908861096258504,92.9948958055588,91.66002330580869,0.0
7.713,1.2698759575538696,-0.6258196560799671,0.25155403599691206,0.0,5.480695625695419,4.85739654244903,92.05814314556899,91.66002330580869,0.0
7.714,1.2443864296782938,-0.6128636041701947,0.7159491675942127,0.0,5.479522517268704,4.871781571159988,90.67046483163665,91.66002330580869,0.0
7.715,1.2428823747756395,-0.6033642991554109,1.4196839093021034,0.0,5.4789898595232245,4.957288207189613,91.53265794858589,91.66002330580869,0.0
7.716,1.2859427634841003,-0.6103369295890413,0.98986100439971,0.0,5.487923113553103,4.975121363578427,92.93305668027627,91.66002330580869,0.0
7.7170000000000005,1.3050332118145103,-0.6133731122779034,0.27693130480984773,0.0,5.498010611610314,4.916271146396223,91.64855813789015,91.66002330580869,0.0
7.718,1.2774739561155566,-0.5967655376104124,0.9192952276820918,0.0,5.4993471431032726,4.94532645186,90.09110984608651,91.66002330580869,0.0
7.719,1.2841384194557333,-0.5859023512038188,1.7137085081811327,0.0,5.502426677235261,5.051563018028454,91.6780055875527,91.66002330580869,0.0
7.72,1.3392955323721305,-0.5976979113324028,0.9200808146305959,0.0,5.517228058049108,5.046240064110314,92.88589533589767,91.66002330580869,0.0
7.721,1.3498589439508686,-0.5970655911705072,0.30387722015722207,0.0,5.5298294945706585,4.982473021064306,90.72436065507699,91.66002330580869,0.0
7.722,1.3201572542168654,-0.5719648556265701,1.3940011870748787,0.0,5.53203932542724,5.05579131826726,90.08995289897797,91.66002330580869,0.0
7.723,1.3503465242088195,-0.5647362655007425,1.7269057691926974,0.0,5.5408158653600585,5.1440991966029035,91.94699049185671,91.66002330580869,0.0
7.724,1.4007197799288806,-0.5788804727754508,0.7955173008928473,0.0,5.559173687834636,5.113432998334818,91.40627102854256,91.66002330580869,0.0
7.7250000000000005,1.3978892931855555,-0.571015907479538,1.0684145553225823,0.0,5.571622563979649,5.127816870910232,89.35555794741956,91.66002330580869,0.0
7.726,1.406540076189565,-0.5550226976905785,2.1168157494679773,0.0,5.582584332343876,5.2536225116564275,91.69194828225096,91.66002330580869,0.0
7.727,1.4721131998133736,-0.5665808289597992,0.9483013322878512,0.0,5.606461814483803,5.221796631564582,91.84012143308009,91.66002330580869,0.0
7.728,1.4713385407587551,-0.559974063974472,0.8724137756005756,0.0,5.623926634939474,5.19961954436436,89.55528551850887,91.66002330580869,0.0
7.729,1.4630757832080488,-0.5335165572589242,2.0358791107591827,0.0,5.634583006540699,5.311047867104078,91.23606318941059,91.66002330580869,0.0
7.73,1.51726875887316,-0.5361810415802181,1.1997298764723046,0.0,5.655874241598269,5.302744070708133,91.53757238297773,91.66002330580869,0.0
7.731,1.5254664076426927,-0.532121416744642,1.050199788917043,0.0,5.6737327699353655,5.288953148561335,89.19138709942999,91.66002330580869,0.0
7.732,1.526291664549066,-0.5069439735211672,2.2479787927547,0.0,5.685697430717845,5.411569360988612,91.24705535891508,91.66002330580869,0.0
7.7330000000000005,1.588527089507613,-0.5145272204895218,1.224274342481092,0.0,5.709813178263558,5.391697494506564,90.44417441920143,91.66002330580869,0.0
7.734,1.5949985762524008,-0.5076061125031711,1.6378733012039874,0.0,5.72869301005831,5.431867810097201,89.41270979912873,91.66002330580869,0.0
7.735,1.624923006628362,-0.4893908173860546,2.1760787463071356,0.0,5.747767418849635,5.521748714208463,91.29546067905748,91.66002330580869,0.0
7.736,1.6755285360377732,-0.4991537883542385,1.2383489326102726,0.0,5.775178556930623,5.490749270898766,89.3400314527963,91.66002330580869,0.0
7.737,1.6785435433441527,-0.47960475944638625,2.2392634642709908,0.0,5.794500613982996,5.585243186838179,90.7385513365797,91.66002330580869,0.0
7.738,1.7301373521782102,-0.47676065831963643,1.5492182420715768,0.0,5.821222496089213,5.580660628231663,89.71609381847851,91.66002330580869,0.0
7.739,1.741706417513929,-0.4680463235844844,2.0798862959954745,0.0,5.843883798314553,5.643725792751453,89.92446333922997,91.66002330580869,0.0
7.74,1.7853306919834981,-0.4537916892304503,1.993057135285531,0.0,5.869104620337747,5.683209703286171,90.41039113007491,91.66002330580869,0.0
7.7410000000000005,1.8142377639908647,-0.4554607150124095,1.7625895616203988,0.0,5.89607789039165,5.694040628297557,88.78632918064051,91.66002330580869,0.0
7.742,1.83843285774759,-0.43153022135928376,2.6033574775892836,0.0,5.91878788138164,5.798902544713258,90.68983743853741,91.66002330580869,0.0
7.743,1.8955873967301589,-0.44226791459020265,1.6613052073135453,0.0,5.951133516106131,5.777470791345851,88.6124328506492,91.66002330580869,0.0
7.744,1.9102781075833875,-0.4185547687079517,2.7304834058092453,0.0,5.975385589042073,5.887402468520888,90.64665015395066,91.66002330580869,0.0
7.745,1.9699318529637444,-0.4250911844498292,1.7235084856770957,0.0,6.009161759592358,5.860892157189218,88.27014032132696,91.66002330580869,0.0
7.746,1.9822690131031508,-0.4001816931654085,2.9456622318337615,0.0,6.0341038737557415,5.984156605162767,90.51085295866265,91.66002330580869,0.0
7.747,2.048002976997476,-0.40964671119165696,1.8367976166373767,0.0,6.070168468195874,5.9562848101951475,88.26073142949272,91.66002330580869,0.0
7.748,2.0632982212192155,-0.3829486147727934,2.995851299985502,0.0,6.0968079829088895,6.072366068263111,90.08772422568185,91.66002330580869,0.0
7.7490000000000006,2.1253498456846605,-0.3924338909798569,2.0980778926922046,0.0,6.1337020333043695,6.062484814110857,88.52242893975313,91.66002330580869,0.0
7.75,2.150916903575586,-0.3660623772900393,2.9121014793171236,0.0,6.162922833977122,6.153609558891701,89.2987009643828,91.66002330580869,0.0
7.751,2.20253212860724,-0.372820613098954,2.5475786904165445,0.0,6.199341150136566,6.1848841624418505,89.47086973373949,91.66002330580869,0.0
7.752,2.246602020825212,-0.3532430906467321,2.4833858414588925,0.0,6.233023985207246,6.208925615862936,87.66215285826443,91.66002330580869,0.0
7.753,2.272350194529796,-0.3447156194928015,3.4277229836718632,0.0,6.265000435510553,6.336058621396655,89.93532006265406,91.66002330580869,0.0
7.7540000000000004,2.351232363023768,-0.3512115569353087,2.3083864139085986,0.0,6.307292369167119,6.312686020513956,88.31521233114614,91.66002330580869,0.0
7.755,2.374664867805126,-0.3231187649915912,3.1518883894091814,0.0,6.339862682881524,6.39806970224687,88.41428399294917,91.66002330580869,0.0
7.756,2.424685222629067,-0.32617033243919435,3.1348099516362646,0.0,6.378330933736455,6.462590485285086,89.72737781133026,91.66002330580869,0.0
7.757000000000001,2.483608933282042,-0.31687635527641966,2.4975894973905035,0.0,6.418351584647332,6.4486011448920815,87.84503887038602,91.66002330580869,0.0
7.758,2.5043248434194703,-0.28864057640789165,3.4769088122168488,0.0,6.449958240523911,6.552420619794235,87.96584723065784,91.66002330580869,0.0
7.759,2.564722857736778,-0.2951615950993559,3.4534463928324453,0.0,6.489785848147797,6.630208131039755,90.85138340609495,91.66002330580869,0.0
7.76,2.6187564587321397,-0.31757483691196897,2.018764704111028,0.0,6.535809692546313,6.541279574391277,90.33605337784797,91.66002330580869,0.0
7.761,2.586423665784894,-0.3044149879386312,2.2896694175141246,0.0,6.566666581034941,6.514089536443208,90.31908902031293,91.66002330580869,0.0
7.7620000000000005,2.5475297019782075,-0.31146465634739284,2.311560939136604,0.0,6.592625838894595,6.496358219472516,93.12121201577548,91.66002330580869,0.0
7.763,2.520496374172151,-0.3144327431195256,0.8958875543056595,0.0,6.614472032132058,6.329637698857821,91.42317586905129,91.66002330580869,0.0
7.764,2.424162172278966,-0.28200685091740185,1.7472741020353295,0.0,6.613865024974355,6.299909532657111,92.01082662386922,91.66002330580869,0.0
7.765000000000001,2.3674010421335354,-0.28797217936811004,1.4499406914457595,0.0,6.611326346963948,6.237153324015617,93.31488763983579,91.66002330580869,0.0
7.766,2.321010116823678,-0.2794951604385463,0.7813615401222049,0.0,6.601773790523673,6.114383886380165,91.83752907471404,91.66002330580869,0.0
7.767,2.239758545537604,-0.2705743426678042,1.518265764994025,0.0,6.580003026198395,6.0991551567017375,93.78503217263707,91.66002330580869,0.0
7.768,2.205854172870237,-0.28253745992950297,0.5232641273642251,0.0,6.560291616414299,5.969369966451178,92.11858604831765,91.66002330580869,0.0
7.769,2.1336007717032244,-0.2705852587240827,1.351901562098846,0.0,6.52813845527834,5.959301118846067,93.2729545701319,91.66002330580869,0.0
7.7700000000000005,2.103975541107109,-0.29059802498708664,0.7585879885484896,0.0,6.500514651796454,5.87600921380389,92.49862906492075,91.66002330580869,0.0
7.771,2.0598623947592856,-0.29013239967093984,1.1373646835629452,0.0,6.467072691711129,5.850438884897137,93.12038959355846,91.66002330580869,0.0
7.772,2.031945379930032,-0.31164020252691615,0.8118807563665937,0.0,6.436788409310983,5.7871201340985206,92.69347020545766,91.66002330580869,0.0
7.773000000000001,1.998319520055686,-0.3168018886206516,1.0150059814205037,0.0,6.403553387512739,5.75612311860553,93.29693001166241,91.66002330580869,0.0
7.774,1.9712058455458732,-0.33811333313710745,0.6969070112595896,0.0,6.372834808380892,5.690526409111113,92.71033817878435,91.66002330580869,0.0
7.775,1.9359931752892954,-0.34274582709343054,0.9796997789688613,0.0,6.338924876102819,5.666307963785705,93.65123182650281,91.66002330580869,0.0
7.776,1.911792716920116,-0.3642722775751942,0.4893408699026931,0.0,6.308305677133446,5.586662885808705,92.58883088195599,91.66002330580869,0.0
7.777,1.8696041259391485,-0.3659403443240743,1.0112532664146316,0.0,6.272752113100865,5.578633088863656,94.19330330890406,91.66002330580869,0.0
7.7780000000000005,1.8527741963249973,-0.3865645892535845,0.18368425290963897,0.0,6.2422029120518,5.473028606106933,92.47310207181691,91.66002330580869,0.0
7.779,1.7970296788218758,-0.3861496074855074,1.035654083793133,0.0,6.2038962923881815,5.482885620682412,93.37154967173392,91.66002330580869,0.0
7.78,1.7890635726659914,-0.4018788318845772,0.5693150201753778,0.0,6.172140400650054,5.428428103029308,93.26295730164364,91.66002330580869,0.0
7.781000000000001,1.756784407041449,-0.420869783762683,0.6075818652621676,0.0,6.14004605878303,5.388584538720567,92.76529496585543,91.66002330580869,0.0
7.782,1.7313384584962768,-0.4289765489863026,0.8453603165558032,0.0,6.107878629327648,5.377765120531153,94.01305432060025,91.66002330580869,0.0
7.783,1.718218273831928,-0.4477522196300928,0.19795032903548027,0.0,6.079830257117447,5.2924067789026,92.73330474187824,91.66002330580869,0.0
7.784,1.6711167328663143,-0.4517414404321422,0.8270923040357867,0.0,6.046301945547196,5.29350911900069,93.02190715309406,91.66002330580869,0.0
7.785,1.6600408214894775,-0.46428453588104285,0.6691722599550234,0.0,6.017576547435139,5.268233104174856,93.89499294244939,91.66002330580869,0.0
7.7860000000000005,1.6412448158341577,-0.4839921905154998,0.21027966891095184,0.0,5.991238498707006,5.195669967954676,92.74303621641451,91.66002330580869,0.0
7.787,1.6004801290520891,-0.48494160215395415,0.775427902822335,0.0,5.960185299963554,5.198780727613869,92.94701410326526,91.66002330580869,0.0
7.788,1.590492596503467,-0.49759111385515,0.6605690514223936,0.0,5.933930449231111,5.180880117152215,94.16198882602949,219.5091306560094,0.0
7.789000000000001,1.5758572987754271,-0.5157545675774073,10.0,0.0,5.910382507318186,6.1921400829456195,100.25922338538702,219.5091306560094,0.0
7.79,2.070057691205542,-0.7850592222973952,10.0,0.0,6.019757233657868,6.952016552338021,107.08138264434533,219.5091306560094,0.0
7.791,2.5833554372015235,-1.0755957232601943,10.0,0.0,6.223448102861531,7.595322099289893,113.75668088314553,219.5091306560094,0.0
7.792,3.021608218495954,-1.3259075312711222,10.0,0.0,6.4957293737115895,8.151591349984516,120.56694150094143,219.5091306560094,0.0
7.793,3.368942979624567,-1.5292568213982598,10.0,0.0,6.816274746379978,8.645637506783478,127.65570794422557,219.5091306560094,0.0
7.7940000000000005,3.637444339674299,-1.6918688755753526,10.0,0.0,7.1700240305196346,9.096271783175204,135.180792487894,219.5091306560094,0.0
7.795,3.8444953464727996,-1.8234656079416194,10.0,0.0,7.5463113339030174,9.517126963194382,142.88630767220266,219.5091306560094,0.0
7.796,4.005674381258075,-1.9330814930287088,10.0,0.0,7.937797204985895,9.917866171791582,150.6459802501294,219.5091306560094,0.0
7.797000000000001,4.13333327545132,-2.0274544758119117,10.0,0.0,8.339493279075487,10.305249358623948,158.42528793848234,219.5091306560094,0.0
7.798,4.236824091925149,-2.11092573870886,10.0,0.0,8.74799617353019,10.68395643331185,166.25120786148213,219.5091306560094,0.0
7.799,4.322934465541242,-2.1862079297141785,10.0,0.0,9.16096581438983,11.057205857043396,174.08971936872294,219.5091306560094,0.0
7.8,4.396488703959715,-2.2549475826136547,10.0,0.0,9.576771973445545,11.427197439997885,181.9030179415481,219.5091306560094,0.0
7.801,4.461063651719681,-2.3178131036903893,10.0,0.0,9.994224485680583,11.79540277869308,189.6154626940783,219.5091306560094,0.0
7.8020000000000005,4.518985008204417,-2.3755148889647772,10.0,0.0,10.412470821731057,12.162807235006543,197.1188681235428,219.5091306560094,0.0
7.803,4.5726625678353106,-2.427229248892806,10.0,0.0,10.830744531547166,12.529970561299155,204.43253550229826,219.5091306560094,0.0
7.804,4.624459652675062,-2.4713431289481704,10.0,0.0,11.248242586217735,12.89708402220805,211.56034806828833,219.5091306560094,0.0
7.805000000000001,4.676035790939461,-2.506965156293991,7.570437133208657,0.0,11.664179465719625,12.99682862278538,216.97967359517742,219.5091306560094,0.0
7.806,4.603043968876771,-2.4625523993631093,4.886068940372436,0.0,12.043255493793202,12.865752440520641,220.7229781030159,219.5091306560094,0.0
7.807,4.390680763176134,-2.3241873460072346,3.0022782119831337,0.0,12.356540272533111,12.627948215501707,221.94830836364108,219.5091306560094,0.0
7.808,4.091664728095921,-2.141713293995952,2.3652213045942245,0.0,12.596027655709452,12.424782670131592,218.57319097813036,219.5091306560094,0.0
7.809,3.8124097057540416,-1.9435692696055005,4.0621393941283745,0.0,12.771278643868312,12.486641868645568,218.31986128427747,219.5091306560094,0.0
7.8100000000000005,3.6990126786842805,-1.796853019929542,4.2006969347721395,0.0,12.921033105842229,12.567793517453763,222.11528942614117,219.5091306560094,0.0
7.811,3.6519776755963655,-1.6997609176508934,2.2769212761389666,0.0,13.054714317745685,12.446844429791419,220.93912823050402,219.5091306560094,0.0
7.812,3.5369479752650075,-1.579542034695699,2.850701898212595,0.0,13.150679343590276,12.445894914105653,214.913078611928,219.5091306560094,0.0
7.813,3.4866772335950382,-1.4572007046622844,5.909687227941422,0.0,13.224697557807708,12.78976691720274,218.88290414547012,219.5091306560094,0.0
7.814,3.6382778774309354,-1.415806028852177,3.931036726275754,0.0,13.322371149874327,12.8412333546927,220.2042277392425,219.5091306560094,0.0
7.815,3.697689564028331,-1.3664825945505372,3.2634239585572344,0.0,13.410412395468205,12.838650329120597,213.69381871638424,219.5091306560094,0.0
7.816,3.728269752791869,-1.2641874245125047,6.576781589382613,0.0,13.478631979584312,13.213505493835047,216.87534335814794,219.5091306560094,0.0
7.817,3.937561796635227,-1.238810872546071,5.012357141479377,0.0,13.57574665274433,13.329760511976927,215.56517486812876,219.5091306560094,0.0
7.8180000000000005,4.064559542829697,-1.2066526062832459,5.706880944367773,0.0,13.671491716633287,13.524266526774412,211.70959235841096,219.5091306560094,0.0
7.819,4.239223258669717,-1.133636740225167,7.712667582202661,0.0,13.769402713009331,13.904644707333546,215.5810463910709,219.5091306560094,0.0
7.82,4.491277524132155,-1.1436328504426783,5.816221408522068,0.0,13.897390158588198,14.002129891948691,209.7182853626657,219.5091306560094,0.0
7.821,4.655518415075442,-1.0730816232101432,8.845510375658106,0.0,14.014466781972937,14.439305595432826,214.6122414763413,219.5091306560094,0.0
7.822,4.946369201193512,-1.0767804744444311,6.447501210616995,0.0,14.164665699275709,14.520046315517597,208.2812046894162,219.5091306560094,0.0
7.823,5.1204964078389885,-0.9953450739873815,9.725298863745476,0.0,14.298923914294063,14.976025203948879,212.2399104233295,219.5091306560094,0.0
7.824,5.425260730793065,-1.0040088051937648,7.818638199115629,0.0,14.46712156109099,15.125538571939819,209.3200001467971,219.5091306560094,0.0
7.825,5.654206689510803,-0.9190193259667434,9.380484642473949,0.0,14.624015299980275,15.445653670997658,206.94230972831915,219.5091306560094,0.0
7.8260000000000005,5.909595724680045,-0.9036545183767051,10.0,0.0,14.796390940843782,15.776171524651485,209.96577373716292,219.5091306560094,0.0
7.827,6.210836943143521,-0.8646902736380051,9.264799664536609,0.0,14.980448384140967,15.973225322870753,215.47514292300212,219.5091306560094,0.0
7.828,6.389203800397026,-0.9090579696439405,6.550454948947079,0.0,15.171075551938396,15.861145628124346,216.86104517384388,219.5091306560094,0.0
7.829,6.330341761111608,-0.9705356073931735,5.883984678347859,0.0,15.337750896673803,15.741426829916248,226.23490319821119,219.5091306560094,0.0
7.83,6.203460621906686,-1.009029721808559,1.1297979407421863,0.0,15.479406403323052,15.147419912491536,223.63979696789224,219.5091306560094,0.0
7.831,5.821517446845247,-0.9299823444426054,2.386044392782831,0.0,15.538415514910506,14.853453152439474,228.1408551725005,219.5091306560094,0.0
7.832,5.4935038673857735,-0.9239776296230762,0.04919804531379235,0.0,15.562256994477513,14.35743047879928,228.00763823499975,219.5091306560094,0.0
7.833,5.113634305292596,-0.8620927557913807,0.030821438274263535,0.0,15.527364769750509,13.97324677321581,229.7213369485335,219.5091306560094,0.0
7.8340000000000005,4.760031188635457,-0.8514163536693147,-0.9281499814178495,0.0,15.456987841442746,13.553786772833597,229.7339231817555,219.5091306560094,0.0
7.835,4.419286627612777,-0.8286169974160746,-1.0366910232863153,0.0,15.349301440760907,13.20083114979614,230.5794594693635,219.5091306560094,0.0
7.836,4.114431829757495,-0.8343604815141501,-1.5701624552238633,0.0,15.217947894656827,12.844932584053666,230.56119113395442,219.5091306560094,0.0
7.837,3.829815683951066,-0.8410479955640555,-1.6715488922987682,0.0,15.064818038293417,12.533929954576314,230.49839363519055,219.5091306560094,0.0
7.838,3.5770497047974956,-0.8599872026518596,-1.7500427727086443,0.0,14.89791734225777,12.256052236184841,230.11413379777767,219.5091306560094,0.0
7.839,3.355347092138682,-0.8867275854116718,-1.6639628854198847,0.0,14.722670994019246,12.02138557403576,229.64228945975722,219.5091306560094,0.0
7.84,3.1679445832465554,-0.9217251146621017,-1.52937230444714,0.0,14.545064938779609,11.825002358163385,229.09407322943974,219.5091306560094,0.0
7.841,3.012389394437313,-0.9629441407213574,-1.3511136150227037,0.0,14.369765285050711,11.663996454061339,228.48069052359224,219.5091306560094,0.0
7.8420000000000005,2.885553996584512,-1.0080491109418062,-1.134137860774783,0.0,14.20044436274816,11.536042262945353,227.82211145182455,219.5091306560094,0.0
7.843,2.7845160384228844,-1.0550801157512362,-0.8879781328490894,0.0,14.039982474391099,11.438705032659314,227.1738290505432,219.5091306560094,0.0
7.844,2.7067610391971617,-1.1020123813311997,-0.640483916153745,0.0,13.890525291006837,11.36736077345661,226.57405875567224,219.5091306560094,0.0
7.845,2.6489279260350784,-1.1466017411366567,-0.4112480497148985,0.0,13.753314906963535,11.316530317432644,226.1397541571853,219.5091306560094,0.0
7.846,2.607617394363398,-1.1857022199784593,-0.2604019854831914,0.0,13.628597674796714,11.275328404360108,225.41233888682945,219.5091306560094,0.0
7.847,2.574351743187135,-1.2194545578834792,0.04427356738653998,0.0,13.515553726920444,11.261026925864169,224.4377587322844,219.5091306560094,0.0
7.848,2.556841904344081,-1.2492703596685766,0.48227736389630893,0.0,13.415326240799528,11.283578288278546,223.46154342753573,219.5091306560094,0.0
7.849,2.5615250391297226,-1.2800696639203712,0.9308608885553848,0.0,13.330466404981983,11.338125672371946,222.19487392965758,219.5091306560094,0.0
7.8500000000000005,2.5905070749016246,-1.30777138947692,1.5373382047579804,0.0,13.262286487924234,11.437817811422892,221.4109287247635,219.5091306560094,0.0
7.851,2.649884196397493,-1.3354314586334766,1.9102928265174803,0.0,13.213659366829019,11.549441317087659,221.24107254349184,219.5091306560094,0.0
7.852,2.7245334381881325,-1.3569619070379813,1.9779014982784835,0.0,13.18314905704272,11.641129522370534,222.89191583038655,219.5091306560094,0.0
7.853,2.7923611697053734,-1.3659393394968562,1.1186520030873561,0.0,13.165630811849777,11.618689786908869,221.3767004203534,219.5091306560094,0.0
7.854,2.7951722171729863,-1.3494164696449722,1.8575840104604984,0.0,13.14571312762166,11.686986278330764,217.43051662853418,219.5091306560094,0.0
7.855,2.8344707528085973,-1.323020040071432,3.851462046644855,0.0,13.131878482403984,11.954103887648968,217.71944965927418,219.5091306560094,0.0
7.856,2.990656926749221,-1.3273887228165056,3.7248923412422084,0.0,13.146883582037585,12.142477329780338,221.00767873085923,219.5091306560094,0.0
7.857,3.133992952000538,-1.3384433148095016,2.0657923247011847,0.0,13.180397834212737,12.118073531858201,217.2594658653896,219.5091306560094,0.0
7.8580000000000005,3.166541599206584,-1.3000559104816964,3.962395405342203,0.0,13.203787120982177,12.322531887041567,212.9340222961321,219.5091306560094,0.0
7.859,3.297738997263034,-1.2624729408656716,6.19086827356972,0.0,13.241533061978517,12.720943092768003,218.04871975902233,219.5091306560094,0.0
7.86,3.5430287472579156,-1.2922318395827503,3.648123651094473,0.0,13.318994838002915,12.75563123634801,215.8334751784621,219.5091306560094,0.0
7.861,3.6405456044665887,-1.264284179237385,4.792502496150066,0.0,13.38880741915771,12.937631905560321,211.47268567110322,219.5091306560094,0.0
7.862,3.791129610104005,-1.202408295055161,7.053261699678564,0.0,13.463311938461668,13.330064417856427,216.74691330144952,219.5091306560094,0.0
7.863,4.039516952199131,-1.2184855683922868,4.443770058051012,0.0,13.571996515973735,13.355235690664909,210.836173511191,219.5091306560094,0.0
7.864,4.149835471418261,-1.1566906097214114,7.485869524628462,0.0,13.665371544828288,13.739832987990402,214.4047188673293,219.5091306560094,0.0
7.865,4.403573037055011,-1.1346847074459883,5.752640964446105,0.0,13.786066100866343,13.847423975155106,209.67447222396856,219.5091306560094,0.0
7.8660000000000005,4.551605491630829,-1.091732505818285,8.216110870446885,0.0,13.900945616860772,14.230893100122081,212.92727648127482,219.5091306560094,0.0
7.867,4.828342564295166,-1.0624479605026327,6.6555272835411055,0.0,14.039892315784007,14.362243617124847,207.44546456146236,219.5091306560094,0.0
7.868,5.003399488995925,-1.014835432922299,9.517069904392805,0.0,14.173134863934516,14.808240385491956,212.09984589225283,219.5091306560094,0.0
7.869,5.318734708891469,-1.006181038852144,7.263972086635135,0.0,14.337176976034772,14.91356924073405,206.31738302582983,219.5091306560094,0.0
7.87,5.514777624151995,-0.9285326562199799,10.0,0.0,14.486892984300377,15.329852101829967,208.7052791501415,219.5091306560094,0.0
7.871,5.811676153044672,-0.9283097336033406,9.195469029128303,0.0,14.66401764018751,15.572921182687725,209.61168527518763,219.5091306560094,0.0
7.872,6.085944987055337,-0.8660248353015151,8.841240420413461,0.0,14.84088762898466,15.751275397346262,210.25554958202943,219.5091306560094,0.0
7.873,6.271056916427588,-0.8569871447696218,8.611844077732357,0.0,15.017534743392467,15.89017025392005,215.81686933670437,219.5091306560094,0.0
7.8740000000000006,6.338854248040371,-0.9664611216606723,5.868106813587938,0.0,15.202539146380204,15.727716613464478,223.39893710626143,219.5091306560094,0.0
7.875,6.24787077189695,-0.9840537343399963,2.0381748643068898,0.0,15.353638192649425,15.216839791265667,221.1014964979688,219.5091306560094,0.0
7.876,5.90459017562327,-0.939380773565079,3.1709715100336044,0.0,15.433449700259807,14.97191853726508,229.31904048554983,219.5091306560094,0.0
7.877,5.620812252740803,-0.9369352442282584,-1.0358995820523118,0.0,15.48096565308979,14.313169538393204,224.655779296046,219.5091306560094,0.0
7.878,5.166962872521578,-0.842973501100874,1.244264526299236,0.0,15.447543774298945,14.065019450126345,229.184515059433,219.5091306560094,0.0
7.8790000000000004,4.855977464094362,-0.8506051276567661,-1.1168571994285017,0.0,15.39442817091292,13.585487053018309,227.69391811879902,219.5091306560094,0.0
7.88,4.500205861996296,-0.8143699939142738,-0.4534066037394018,0.0,15.294608707177462,13.281212140212073,229.11653671658047,219.5091306560094,0.0
7.881,4.212009435883839,-0.8284773134976186,-1.2607899632358386,0.0,15.176257855026517,12.930079987662802,229.1237532507188,219.5091306560094,0.0
7.882000000000001,3.9341073477875375,-0.8376959597073752,-1.360544456252101,0.0,15.035501850722982,12.627014069946014,229.35727018603572,219.5091306560094,0.0
7.883,3.685089185961882,-0.8596461314522239,-1.575784319210821,0.0,14.880837187507952,12.342113280495106,229.15135408882708,219.5091306560094,0.0
7.884,3.458760007326629,-0.8857850217445373,-1.5692485049346763,0.0,14.715804687884045,12.095513469899373,228.81503101523168,219.5091306560094,0.0
7.885,3.2614974457124672,-0.9183214649085149,-1.4941459717292016,0.0,14.545933077008069,11.88470190090187,228.36474561158565,219.5091306560094,0.0
7.886,3.0934002158422023,-0.9563474137506403,-1.3575594194619467,0.0,14.375824960260935,11.708775892803454,227.8285199825977,219.5091306560094,0.0
7.8870000000000005,2.953302825420769,-0.9983760332897047,-1.1726404982338545,0.0,14.209377943039545,11.566136630300235,227.2313926601559,219.5091306560094,0.0
7.888,2.839296861050563,-1.0428884610319282,-0.9512994570544233,0.0,14.049787782146225,11.45475459981916,226.61176871073275,219.5091306560094,0.0
7.889,2.7492768404261025,-1.0881945550546896,-0.7125138628900776,0.0,13.899556980359218,11.37136690386814,226.0430040511462,219.5091306560094,0.0
7.890000000000001,2.6807266363716673,-1.1322125858101453,-0.493470267048171,0.0,13.76039941159868,11.309642159174226,225.5421079853308,219.5091306560094,0.0
7.891,2.629617736730138,-1.1722439245576242,-0.30335200743368684,0.0,13.63294839219947,11.263833181592855,225.02308063543603,219.5091306560094,0.0
7.892,2.5912970674394664,-1.2068637625165848,-0.09897783228056767,0.0,13.517069445770058,11.234144161125943,224.11789289185367,219.5091306560094,0.0
7.893,2.5634801762492168,-1.2376352866076126,0.3075284171521697,0.0,13.412848161207318,11.241184745086883,223.15563375094496,219.5091306560094,0.0
7.894,2.557583857621312,-1.2669421271746981,0.7521929566571712,0.0,13.322669100718416,11.282317605183842,222.06480709017305,219.5091306560094,0.0
7.8950000000000005,2.5751331716684587,-1.2963702999685158,1.2720495227014896,0.0,13.248565262889748,11.361067462360575,221.0178939870671,219.5091306560094,0.0
7.896,2.620184777256882,-1.3234803271287514,1.7804184409438806,0.0,13.192434615821305,11.470473781908726,220.4678411388351,219.5091306560094,0.0
7.897,2.688606455436489,-1.348745258730772,2.0458577602316304,0.0,13.155365707619147,11.580365172190582,221.44745754443363,219.5091306560094,0.0
7.898000000000001,2.7656124642093105,-1.3626447790135083,1.5366662885481208,0.0,13.134269127180467,11.609108633362759,222.59191029739353,219.5091306560094,0.0
7.899,2.7950433878729273,-1.3638468746731482,0.9336121156543333,0.0,13.118149786222613,11.569156704557097,218.38616192819617,219.5091306560094,0.0
7.9,2.786695543312626,-1.3224935204440804,3.0477159875311415,0.0,13.095086296558172,11.771382574309865,215.7745525179008,219.5091306560094,0.0
7.901,2.8927463629344503,-1.3126790367433256,4.390866474059921,0.0,13.093885683170665,12.06593595431631,219.1072521592375,219.5091306560094,0.0
7.902,3.0753348603547677,-1.3422265965658502,2.7285354383592817,0.0,13.125608845540043,12.11560178967099,219.641319736186,219.5091306560094,0.0
7.9030000000000005,3.1551135416886713,-1.3317581555479527,2.460179759083265,0.0,13.157679271097754,12.143627773391257,214.01827741818545,219.5091306560094,0.0
7.904,3.2067379765141864,-1.2736880380996367,5.326609450461783,0.0,13.183062223962583,12.485168123122195,215.44923998110298,219.5091306560094,0.0
7.905,3.4082238048699103,-1.2670733368949167,4.651727075752083,0.0,13.239914000555991,12.670544178263798,218.19015397388856,219.5091306560094,0.0
7.906000000000001,3.5652912245120074,-1.266732516484873,3.294459846180502,0.0,13.30964686177116,12.685254676167734,211.46767953487935,219.5091306560094,0.0
7.907,3.639284591716855,-1.201319719162954,6.736111576896404,0.0,13.366685487153887,13.091053176881134,214.24209823853036,219.5091306560094,0.0
7.908,3.886586981986241,-1.1940893572488018,5.4015725492456905,0.0,13.458458888232359,13.25429655045516,213.99356644814412,219.5091306560094,0.0
7.909,4.050031493913886,-1.1846121515607855,5.580994086517462,0.0,13.556409097553834,13.427968813746674,209.0089643567609,219.5091306560094,0.0
7.91,4.225989807624077,-1.117951532526165,8.178296795201552,0.0,13.654693616235388,13.860256984834878,214.10524445196646,219.5091306560094,0.0
7.9110000000000005,4.505398634021759,-1.1403011975940722,5.68419560963921,0.0,13.789503569505424,13.929845245417074,207.93288383553545,219.5091306560094,0.0
7.912,4.662460007513123,-1.0699953608633241,8.886138386059454,0.0,13.909834214815616,14.368627729709836,212.79600314703103,219.5091306560094,0.0
7.913,4.951606612839432,-1.0724343105602385,6.521710005401447,0.0,14.062981386858032,14.45322296761677,206.58576362392,219.5091306560094,0.0
7.914000000000001,5.125347833447197,-0.9925206568386071,9.756063437277856,0.0,14.200458474080552,14.907876492036651,210.54463769010016,219.5091306560094,0.0
7.915,5.4281635727015916,-1.0015832503494617,7.866271333846869,0.0,14.371449226846213,15.059019387928714,207.9375043770068,219.5091306560094,0.0
7.916,5.656045177077881,-0.9172620378042922,9.285554253183573,0.0,14.531089234609441,15.365127292580638,205.12000642307112,219.5091306560094,0.0
7.917,5.903192609890716,-0.8987508421532222,10.0,0.0,14.704183012665368,15.696077208934478,208.33122876485646,219.5091306560094,0.0
7.918,6.200154130509333,-0.8605214304977054,9.32759843105004,0.0,14.889042281225496,15.899938588465956,216.66632116986005,219.5091306560094,0.0
7.9190000000000005,6.3676709964131275,-0.9262757532895851,5.1884803234097365,0.0,15.08341703050642,15.637863540706132,215.33058117287013,219.5091306560094,0.0
7.92,6.242655957694754,-0.9370256374460468,5.898135816736095,0.0,15.232671744112558,15.556313580910736,222.84121327034012,219.5091306560094,0.0
7.921,6.101310759260755,-0.9907636586098618,2.1094989418577903,0.0,15.364649673865003,15.08829529872618,223.47578033980312,219.5091306560094,0.0
7.922000000000001,5.787707455157249,-0.9319600973262858,1.7525489102883514,0.0,15.429622210470914,14.711981414478519,225.10944325692495,219.5091306560094,0.0
7.923,5.439925107628892,-0.9159917047252466,0.8797143257182838,0.0,15.449297617418186,14.322473893516278,227.38688640133785,219.5091306560094,0.0
7.924,5.105789113543481,-0.8764349768560482,-0.3377848039414504,0.0,15.423863175434908,13.881965242802229,228.06622476194445,219.5091306560094,0.0
7.925,4.7388343013990255,-0.8577064130565601,-0.7630249253041042,0.0,15.355256737839301,13.485386260303002,228.41646609731274,219.5091306560094,0.0
7.926,4.404467900036549,-0.8354740544228307,-1.0272189474012783,0.0,15.251594771941615,13.129906347105507,229.3059736416749,219.5091306560094,0.0
7.9270000000000005,4.099584878847547,-0.8395950697027983,-1.5699411494390212,0.0,15.123426646581084,12.772744194951972,229.20772613807785,219.5091306560094,0.0
7.928,3.8139914412367686,-0.8435013575195026,-1.6178033524611726,0.0,14.972747600048287,12.467010273090974,229.17781104951388,219.5091306560094,0.0
7.929,3.5631322775352006,-0.8614136706416912,-1.6995326121142336,0.0,14.80849435754795,12.19300881586225,228.81308221530387,219.5091306560094,0.0
7.930000000000001,3.3436741756894572,-0.8875318399124597,-1.6102077106021722,0.0,14.635960169063333,11.96225701143523,228.36055071558562,219.5091306560094,0.0
7.931,3.1586687510422236,-0.9221462704872669,-1.472456161338811,0.0,14.461150624654996,11.769742405699045,227.836704903966,219.5091306560094,0.0
7.932,3.005504392669338,-0.963192102506236,-1.2938089980085654,0.0,14.288739471330217,11.61227000374388,227.25090820254596,219.5091306560094,0.0
7.933,2.880846757597487,-1.008239067413995,-1.0783284227639123,0.0,14.12236690096206,11.487400814569536,226.62266199246997,219.5091306560094,0.0
7.934,2.781645538765327,-1.0552581755121053,-0.8353406310905251,0.0,13.964866300955002,11.392620696328263,226.0235312102537,219.5091306560094,0.0
7.9350000000000005,2.7053602540292316,-1.1020834806965312,-0.6009192455248362,0.0,13.818318341613823,11.322324373538548,225.45117175638566,219.5091306560094,0.0
7.936,2.6479952732328518,-1.1464604649132644,-0.3741599295945761,0.0,13.683808761139787,11.272549493030596,225.0158320881427,219.5091306560094,0.0
7.937,2.606765999424088,-1.185512472225951,-0.21155710979442865,0.0,13.561624601624592,11.233881429855751,224.3530538256122,219.5091306560094,0.0
7.938,2.574370070725134,-1.2193807161073065,0.0713927897747979,0.0,13.451127038497251,11.21951147722028,223.4228498651526,219.5091306560094,0.0
7.939,2.5565963229504334,-1.2489761370469308,0.4973575779131556,0.0,13.353159050283642,11.241186544203384,222.48254593339152,219.5091306560094,0.0
7.94,2.560179464459031,-1.2794504190820877,0.9377753910198807,0.0,13.270211584404176,11.29451173418348,221.23982589761403,219.5091306560094,0.0
7.941,2.587724982335198,-1.3066643832808271,1.5418284564925822,0.0,13.203580177352181,11.39325714209725,220.49145545733157,219.5091306560094,0.0
7.942,2.6456694647576273,-1.334051687127796,1.9061904286205889,0.0,13.156226915577935,11.50340571690609,220.35272517260972,219.5091306560094,0.0
7.9430000000000005,2.7186368893516195,-1.355380250372727,1.9671196258155081,0.0,13.126696106380471,11.593415728145672,222.0740481699679,219.5091306560094,0.0
7.944,2.785289351306367,-1.3630739552082076,1.08080895199683,0.0,13.109752401126167,11.56676609468047,220.62403719261795,219.5091306560094,0.0
7.945,2.784472656083184,-1.3468231785701437,1.7946653753057258,0.0,13.089973580572236,11.629230728432612,216.70499289664724,219.5091306560094,0.0
7.946,2.8196415199080946,-1.3191579686646753,3.782228900884701,0.0,13.07553844012568,11.891087698361776,216.74377170607897,219.5091306560094,0.0
7.947,2.971391224512298,-1.3229107336228032,3.790493085668139,0.0,13.089421966961154,12.090008103455544,219.9744100290066,219.5091306560094,0.0
7.948,3.1183024527924426,-1.3368090986073435,2.170521130474351,0.0,13.123300474121175,12.077502525739552,216.65622254076317,219.5091306560094,0.0
7.949,3.157257100705336,-1.302962542903335,3.8581439557485324,0.0,13.148678468016303,12.268657687855649,212.06588631804127,219.5091306560094,0.0
7.95,3.282524645850729,-1.2654070185202762,6.227744510489165,0.0,13.186841536608437,12.67362508243151,217.34813768198225,219.5091306560094,0.0
7.9510000000000005,3.529633817955764,-1.2947983292086613,3.608228758258943,0.0,13.265293637218496,12.704139972636172,215.4659487609247,219.5091306560094,0.0
7.952,3.623865882536541,-1.2677594901530047,4.5897550377385645,0.0,13.335683831385005,12.86571719676359,210.52376394487916,219.5091306560094,0.0
7.953,3.7621483951605295,-1.2025446135914835,7.150701112872636,0.0,13.408289480516395,13.275795767622046,216.22390679980754,219.5091306560094,0.0
7.954,4.016376234709519,-1.2191869463614822,4.333481923970469,0.0,13.51712522719081,13.29004123755306,210.2955621475647,219.5091306560094,0.0
7.955,4.12040226228363,-1.1592946549421792,7.38978993517633,0.0,13.609747370807064,13.669211223642431,213.61694543879835,219.5091306560094,0.0
7.956,4.37078860789159,-1.1338493705917205,5.788020141731618,0.0,13.728824240306263,13.786466430352364,209.48790531584496,219.5091306560094,0.0
7.957,4.519595746877814,-1.0963675273915534,7.9527524566099626,0.0,13.84385039361803,14.144177134079891,211.96062188786473,219.5091306560094,0.0
7.958,4.785811175070403,-1.0592206716846189,6.79187925828152,0.0,13.979433666275607,14.300480382089606,207.38304676734785,219.5091306560094,0.0
7.9590000000000005,4.9651268279965635,-1.022168254085877,9.201927657426577,0.0,14.113384639089606,14.714363120913395,211.28163457167068,219.5091306560094,0.0
7.96,5.270387559359172,-1.0016821014126924,7.334908716108549,0.0,14.273445835886521,14.838994591679143,205.4828475548142,219.5091306560094,0.0
7.961,5.466721846215079,-0.9343358063694467,10.0,0.0,14.422760829152296,15.260455101448729,208.8849024681135,219.5091306560094,0.0
7.962,5.769299702956268,-0.932978223997313,8.772288579667077,0.0,14.599814502957948,15.461681669119422,208.54436892262575,219.5091306560094,0.0
7.963,6.025611876594473,-0.8580844219765051,9.052202969744787,0.0,14.771060723751539,15.678390083982704,205.99011004197874,219.5091306560094,0.0
7.964,6.225754395366914,-0.8509964171019981,10.0,0.0,14.946822421436107,15.972558253537718,217.32632437761603,219.5091306560094,0.0
7.965,6.383800140092305,-0.9843588551970139,4.808953058849714,0.0,15.149165514546922,15.659009035344548,219.9044460850522,219.5091306560094,0.0
7.966,6.245972609883078,-0.9739516238594126,3.515939050841202,0.0,15.29744095669925,15.323469462582608,220.67752278971477,219.5091306560094,0.0
7.9670000000000005,5.968853905299518,-0.9678878050438691,3.1177167771728627,0.0,15.396771949603814,15.034541863490753,227.36872283384005,219.5091306560094,0.0
7.968,5.6953877449896195,-0.9439938915904706,-0.3064791666680846,0.0,15.454709391017024,14.439070883100982,224.91952565616572,219.5091306560094,0.0
7.969,5.260337768249429,-0.8795044974222983,0.86401547216752,0.0,15.440451096025967,14.117057950440152,227.08772844722108,219.5091306560094,0.0
7.97,4.925679179444179,-0.8592265137451922,-0.295871901272279,0.0,15.393831653005133,13.71898986908074,228.28004469656662,219.5091306560094,0.0
7.971,4.592617148906338,-0.8443993086520658,-0.9797391663506203,0.0,15.31063913342697,13.325730363602075,228.73533187128555,219.5091306560094,0.0
7.972,4.268916566899184,-0.8356467344173748,-1.2996447658628485,0.0,15.195625404143865,12.967403057133312,229.1168888468394,219.5091306560094,0.0
7.973,3.972114934800712,-0.8377664798277902,-1.586500835548073,0.0,15.056601014879698,12.634463170423626,229.1688329759192,219.5091306560094,0.0
7.974,3.7019317668313505,-0.8490997902103763,-1.7090699232870712,0.0,14.899410542558957,12.337052926659693,228.91389077798672,219.5091306560094,0.0
7.9750000000000005,3.4625433732161373,-0.8694998542117329,-1.675646425540605,0.0,14.730328767030215,12.08219782728756,228.50995405260244,219.5091306560094,0.0
7.976,3.257746098044632,-0.8992736947261124,-1.5636862968143932,0.0,14.555740780933705,11.8680352558149,228.0186949132535,219.5091306560094,0.0
7.977,3.086716433842701,-0.9369193936683948,-1.4031523697123705,0.0,14.381038624778084,11.691134563884315,227.46263777177617,219.5091306560094,0.0
7.978,2.946437615635522,-0.9800742959690271,-1.2046588701313685,0.0,14.210487197308616,11.548403044574883,226.85668486067763,219.5091306560094,0.0
7.979,2.8334979623451746,-1.0264469561355338,-0.97515795662878,0.0,14.04738720425046,11.43717027361879,226.21977224555494,219.5091306560094,0.0
7.98,2.7448244819046814,-1.0740090956079915,-0.7238080649628875,0.0,13.894242042142817,11.354728945716264,225.65184646856164,219.5091306560094,0.0
7.981,2.6779683931092753,-1.120411816364628,-0.5012723345917633,0.0,13.752795941344198,11.293650100780482,225.14260932054847,219.5091306560094,0.0
7.982,2.6281482977459834,-1.1629780220685324,-0.3029885472305689,0.0,13.623604821551714,11.248932039166442,224.69788982801046,219.5091306560094,0.0
7.9830000000000005,2.591472213883761,-1.199333057372808,-0.13251639268157334,0.0,13.50643439940351,11.216071939132549,223.94717677172235,219.5091306560094,0.0
7.984,2.5620229792112084,-1.2324166066863993,0.1984596743053504,0.0,13.400970649538191,11.212356107685652,222.7858108971093,219.5091306560094,0.0
7.985,2.5513690621808234,-1.2592525315933438,0.7463758092008854,0.0,13.308302807761338,11.25630393709217,221.817755390429,219.5091306560094,0.0
7.986,2.568130975834476,-1.2909884886947376,1.2073173151968328,0.0,13.23251912913491,11.329864254018746,220.6751530614586,219.5091306560094,0.0
7.987,2.6103377688061795,-1.3189979853128355,1.766958255627547,0.0,13.174433535120759,11.44096613168709,220.21773213546484,219.5091306560094,0.0
7.988,2.6789285064508546,-1.3456403152873193,1.9885827038298651,0.0,13.135917249605871,11.546808628873935,221.06764231133235,219.5091306560094,0.0
7.989,2.7538861937315295,-1.360156184135765,1.5480424993428823,0.0,13.11316716463473,11.579980142590586,222.37208207670523,219.5091306560094,0.0
7.99,2.784662954397085,-1.3635795378657745,0.8671931024494857,0.0,13.096240649754193,11.53443559802465,218.22699619726177,219.5091306560094,0.0
7.9910000000000005,2.7732018861782866,-1.3233551265340862,2.9525573867586905,0.0,13.071993413121334,11.729519906780926,215.54616368815954,219.5091306560094,0.0
7.992,2.8740082138649523,-1.3136832604134225,4.332603310988304,0.0,13.069017669867428,12.022419163092728,218.72478036430488,219.5091306560094,0.0
7.993,3.0543809098957793,-1.342697120179162,2.751138475832681,0.0,13.098917669805534,12.079136395052025,219.66322117909826,219.5091306560094,0.0
7.994,3.1367294270615482,-1.334238115595647,2.2803771632051015,0.0,13.130278763843908,12.0899481978438,214.01410196815812,219.5091306560094,0.0
7.995,3.1794933261106935,-1.2749330220210615,5.1598870555536855,0.0,13.153145958510258,12.420388087321104,214.88592858637554,219.5091306560094,0.0
7.996,3.372825982076128,-1.2653283309890593,4.770205767141311,0.0,13.206306957579931,12.627571713502755,217.98243317700855,219.5091306560094,0.0
7.997,3.53834282111479,-1.2689915167504495,3.2372204466148187,0.0,13.275369216704874,12.638347978864825,211.51546273186972,219.5091306560094,0.0
7.998,3.610552668065479,-1.2083528923707858,6.550642348425629,0.0,13.331895995914145,13.028471191233447,213.71113429259603,219.5091306560094,0.0
7.9990000000000006,3.8506074892660425,-1.1968490864028478,5.510786531696607,0.0,13.421123386026682,13.212032469565274,214.32897920434453,219.5091306560094,0.0
8.0,4.0209068149188525,-1.191444199903126,5.253665590339003,0.0,13.519304665505855,13.35194323608333,208.20818060849118,219.5091306560094,0.0
8.001,4.179238368713001,-1.1231537831870808,8.427074388740865,0.0,13.614200996715148,13.823613753474445,214.3446326276844,219.5091306560094,0.0
8.002,4.475434341148658,-1.1481296554434386,5.410493359427501,0.0,13.750204996657994,13.86305060960891,207.58653806738818,219.5091306560094,0.0
8.003,4.618187788217143,-1.0789926901768934,8.908766565461828,0.0,13.868697457318106,14.314379123627944,212.76742378577617,219.5091306560094,0.0
8.004,4.911488903175839,-1.0790671394634406,6.385740774970161,0.0,14.021173082388298,14.389072875121894,206.31760859864477,219.5091306560094,0.0
8.005,5.077539904181609,-1.0020084302612629,9.74256358910951,0.0,14.157393317595758,14.850692982472653,210.80656171445813,219.5091306560094,0.0
8.006,5.383155615036617,-1.0092161676266167,7.585112720618344,0.0,14.327716978219762,14.976928060749675,206.92230169038206,219.5091306560094,0.0
8.007,5.597033369371086,-0.921862185481869,9.653111022312652,0.0,14.483950765199495,15.336155923264442,206.1691712765756,219.5091306560094,0.0
8.008000000000001,5.86549978956527,-0.9142023380318919,10.0,0.0,14.660514916334677,15.66516965407635,208.8007413383223,219.5091306560094,0.0
8.009,6.1684006604833135,-0.8770200209862622,8.951113168853537,0.0,14.848310569037018,15.82945755411856,211.56622749781704,219.5091306560094,0.0
8.01,6.3366541799276925,-0.9020374720368645,7.64779912068809,0.0,15.036879189259361,15.847741674010345,216.47180199363729,219.5091306560094,0.0
8.011000000000001,6.3351944268047005,-0.9928528490815459,5.225385159401688,0.0,15.21815887641306,15.631464956713314,223.76030216625236,219.5091306560094,0.0
8.012,6.193324941427086,-0.9898331978723391,1.538623357991721,0.0,15.358442607718231,15.089215267179434,221.4382171859703,219.5091306560094,0.0
8.013,5.816997258791878,-0.9330510588992471,2.6803749828331402,0.0,15.424257158164538,14.817656566712198,229.2432771694799,219.5091306560094,0.0
8.014,5.511578558224221,-0.9202059226732988,-1.3194964740563684,0.0,15.455489239924379,14.158264595066164,224.47344158720225,219.5091306560094,0.0
8.015,5.050947260208367,-0.8275490062499387,1.015778207770536,0.0,15.407595106899318,13.912429214106629,228.75180530328277,219.5091306560094,0.0
8.016,4.742441615617214,-0.8363743217771694,-1.215830396742458,0.0,15.341804202953034,13.446887572550711,227.32554958186253,219.5091306560094,0.0
8.017,4.397154660027941,-0.8047815434581528,-0.5808667252908721,0.0,15.232474766475429,13.14837960332947,228.5962637497636,219.5091306560094,0.0
8.018,4.117809073042201,-0.8218542844270167,-1.3070951401789523,0.0,15.106421406013226,12.809829870042929,228.57990586802552,219.5091306560094,0.0
8.019,3.850678247444339,-0.8355102458803407,-1.3896239514300692,0.0,14.96044983661876,12.517304823895985,228.71051301862732,219.5091306560094,0.0
8.02,3.6121882126605267,-0.8604330192685105,-1.5469413503571507,0.0,14.802427865007216,12.24651809522506,228.47560313304518,219.5091306560094,0.0
8.021,3.397430490382813,-0.889962467933985,-1.5191511323364382,0.0,14.636128429309053,12.012876389334334,228.1190676774852,219.5091306560094,0.0
8.022,3.211176506609815,-0.925295840103794,-1.4269827747711998,0.0,14.46668614304366,11.81416988860709,227.66466099000527,219.5091306560094,0.0
8.023,3.0530970371092114,-0.9654529118933206,-1.2813347343711996,0.0,14.298381379507227,11.649015612001712,227.13055789303175,219.5091306560094,0.0
8.024000000000001,2.92170272369193,-1.0088859546812619,-1.090497458254661,0.0,14.134767728652683,11.515954486452944,226.53977196660608,219.5091306560094,0.0
8.025,2.8151321567613956,-1.0541308188505223,-0.8654109081477941,0.0,13.978751934959451,11.413098075352373,225.96385719150717,219.5091306560094,0.0
8.026,2.731555637358285,-1.0993931452300867,-0.6420007859533174,0.0,13.832578486785547,11.335377685397894,225.40857317046093,219.5091306560094,0.0
8.027000000000001,2.6674709409158055,-1.1426340985178836,-0.42335320057470893,0.0,13.697554226031446,11.278842674205817,224.94984670304592,219.5091306560094,0.0
8.028,2.6201367905786976,-1.1811674671384778,-0.2483971273375718,0.0,13.57418515124894,11.236083339832497,224.37949921737925,219.5091306560094,0.0
8.029,2.583579112955851,-1.2149617300188105,-0.011927070117933702,0.0,13.462209085737978,11.213073180015186,223.40833111293702,219.5091306560094,0.0
8.03,2.5599577925104944,-1.2439010173114418,0.4346649775339042,0.0,13.361974989769772,11.230159622770781,222.5173233059517,219.5091306560094,0.0
8.031,2.559372007366038,-1.2743195296037597,0.8500869545271454,0.0,13.276529591153167,11.276572731808164,221.33673355122158,219.5091306560094,0.0
8.032,2.5816639458997734,-1.30214051213747,1.4221058029400768,0.0,13.207026166257755,11.366109872545488,220.484066179095,219.5091306560094,0.0
8.033,2.633191401017362,-1.3293802385008848,1.8386901337725083,0.0,13.156144958000256,11.474401943949381,220.12143187184398,219.5091306560094,0.0
8.034,2.7026942292846563,-1.3526842489485893,2.013884275239677,0.0,13.123472121594503,11.574752163081964,221.29920071223532,219.5091306560094,0.0
8.035,2.7752215320927522,-1.3616749221197588,1.4070991544817488,0.0,13.104857524686938,11.586018796936463,221.65234516106085,219.5091306560094,0.0
8.036,2.793625528386954,-1.357567366749509,1.2090947850184683,0.0,13.088689313033134,11.577285511717083,217.54015600871458,219.5091306560094,0.0
8.037,2.798727156143894,-1.318691891907803,3.2848791076645543,0.0,13.069029367343894,11.797747913949646,215.56529224730974,219.5091306560094,0.0
8.038,2.919037907815926,-1.311893912365421,4.311749372453968,0.0,13.073022633445587,12.07321280088405,219.07389135605038,219.5091306560094,0.0
8.039,3.096144588096081,-1.3379873986914599,2.561802211083238,0.0,13.10710132492184,12.10048900802241,218.4387332084846,219.5091306560094,0.0
8.040000000000001,3.1619326302955573,-1.3224609817072002,2.8900852593413813,0.0,13.138530927232775,12.176590452677521,212.63435997291722,219.5091306560094,0.0
8.041,3.2341928642178717,-1.2713779728769419,5.861019583955986,0.0,13.168963846976641,12.564453913013782,215.82104724673962,219.5091306560094,0.0
8.042,3.4641320063233385,-1.2785168830633529,4.304556781137484,0.0,13.236435930988554,12.691083364442244,217.39460260636685,219.5091306560094,0.0
8.043000000000001,3.598934538870987,-1.270763013089116,3.5389243818202996,0.0,13.308899436943092,12.730613256073164,210.90136617562183,219.5091306560094,0.0
8.044,3.6823035063239837,-1.1989319702285013,6.871620241996682,0.0,13.370245705450344,13.139866816654656,214.45946620953862,219.5091306560094,0.0
8.045,3.929689359993392,-1.1967147402602414,5.143066869502997,0.0,13.46685711829712,13.264483064223553,212.4497885039332,219.5091306560094,0.0
8.046,4.076331647840409,-1.175348301192544,6.218499143826465,0.0,13.563940878618343,13.508225119094279,210.35152115622535,219.5091306560094,0.0
8.047,4.282602336092827,-1.118444443182071,7.359208912678236,0.0,13.669644708404038,13.830801743511222,212.64026442326895,219.5091306560094,0.0
8.048,4.515087913528147,-1.1233734495458083,6.28352594148384,0.0,13.798147046932973,13.978448157309776,206.93103981857107,219.5091306560094,0.0
8.049,4.703407354963531,-1.0530418357716234,9.263919152207164,0.0,13.920778025410074,14.444389963689336,212.3682316299254,219.5091306560094,0.0
8.05,5.007025023636404,-1.0784939018707673,6.616732236790842,0.0,14.081243130086069,14.523491445335967,207.04043351674045,219.5091306560094,0.0
8.051,5.190967456555157,-0.9903587869928643,9.405318264776001,0.0,14.223622489161563,14.926748130583723,209.2827742986618,219.5091306560094,0.0
8.052,5.467036174998327,-0.9917419280759576,8.386411437388805,0.0,14.393123077522205,15.13542333722225,209.4250364472282,219.5091306560094,0.0
8.053,5.714392987036973,-0.9187544714459364,8.416121305193418,0.0,14.558498676070503,15.329189673625546,202.882447999354,219.5091306560094,0.0
8.054,5.919877441419247,-0.8657828497097544,10.0,0.0,14.72161634457962,15.673916772132362,210.4896338819639,219.5091306560094,0.0
8.055,6.193249589254334,-0.8515461411837308,8.103210735018633,0.0,14.901858634368008,15.747981229825347,214.3753330507792,219.5091306560094,0.0
8.056000000000001,6.2890419167359015,-0.8962684560238194,6.211699126663282,0.0,15.076544962664526,15.635761651913985,215.42544613910215,219.5091306560094,0.0
8.057,6.206730494568821,-0.954059801865635,5.7274794276708825,0.0,15.228450525234447,15.527895793530991,225.2852864985474,219.5091306560094,0.0
8.058,6.080309723768774,-0.9949867268842805,0.7397976895228733,0.0,15.358302994002717,14.915287453603266,221.99923554115088,219.5091306560094,0.0
8.059000000000001,5.690135751179841,-0.9155397352647745,2.3579221193697215,0.0,15.404760943573057,14.646450628486559,226.92874922236894,219.5091306560094,0.0
8.06,5.3748657233791794,-0.9145704579994445,-0.18103090690290102,0.0,15.420377265091698,14.144455166982283,226.12971420276216,219.5091306560094,0.0
8.061,4.997630877521101,-0.8538168458029154,0.1522807674329596,0.0,15.377559203739082,13.79461783098635,228.15158115342018,219.5091306560094,0.0
8.062,4.6643569192031755,-0.8498312662436999,-0.9450772128701597,0.0,15.30420833729259,13.384327714834438,227.97695340147138,219.5091306560094,0.0
8.063,4.335564446041232,-0.8310826622731142,-0.9424415643503772,0.0,15.195141055234382,13.05182945725791,228.82517373265793,219.5091306560094,0.0
8.064,4.045984772501861,-0.8404342501457216,-1.459712160710139,0.0,15.06494683633003,12.713314014506153,228.82443794449148,219.5091306560094,0.0
8.065,3.7749784155671935,-0.8508778305578601,-1.5524973395117336,0.0,14.914975773007551,12.417511932961979,228.78112939450435,219.5091306560094,0.0
8.066,3.534181954774681,-0.8720484821751483,-1.6235630519031177,0.0,14.75264594373668,12.153181123782765,228.4507708561456,219.5091306560094,0.0
8.067,3.3225822927253343,-0.9002210401033008,-1.5478001847251037,0.0,14.583003291330902,11.928962983325388,228.01702422412401,219.5091306560094,0.0
8.068,3.1428831491826537,-0.9355508225185132,-1.4160058043954593,0.0,14.411507640606352,11.74159305400685,227.50492401472468,219.5091306560094,0.0
8.069,2.9933695066583272,-0.9764070493529355,-1.239913633282944,0.0,14.242565449150042,11.588512256809043,226.92853316697688,219.5091306560094,0.0
8.07,2.871394283119142,-1.0207626096406481,-1.0259122345187173,0.0,14.079679946482885,11.467546690502392,226.30929368588605,219.5091306560094,0.0
8.071,2.7743382059799404,-1.066801064631152,-0.7842941242720687,0.0,13.925607111897852,11.376283524949098,225.74000220472055,219.5091306560094,0.0
8.072000000000001,2.6999535424599315,-1.1123552828636072,-0.5619570991764338,0.0,13.782365823671665,11.307992036366493,225.1944469878967,219.5091306560094,0.0
8.073,2.6437430731253055,-1.1550381862105579,-0.34603265408337824,0.0,13.65085909259567,11.259173191520416,224.79917500600374,219.5091306560094,0.0
8.074,2.6030556492557837,-1.1920046729266214,-0.20129710663684142,0.0,13.531260634647966,11.219760735751843,224.05456594703864,219.5091306560094,0.0
8.075,2.569856677555963,-1.224138997554062,0.12555306993541437,0.0,13.422845887760035,11.21008085636212,223.08390152748908,219.5091306560094,0.0
8.076,2.5540368512761558,-1.252868066212854,0.5751375709954001,0.0,13.327143481928116,11.238121474747231,222.10556701283824,219.5091306560094,0.0
8.077,2.56134445637276,-1.2832599827816284,1.0383404647525314,0.0,13.24687119865388,11.2992822291899,220.86376941867093,219.5091306560094,0.0
8.078,2.5940688663953746,-1.3106841549181698,1.6456928742095709,0.0,13.183454958920663,11.404949806912063,220.23396133573002,219.5091306560094,0.0
8.079,2.6570943120815396,-1.3381931311858692,1.9533486088828202,0.0,13.13969884660107,11.514872054682922,220.35185986223252,219.5091306560094,0.0
8.08,2.7317475047664073,-1.357531486258358,1.885972053569339,0.0,13.113162699585814,11.591356891275048,222.27535554951479,219.5091306560094,0.0
8.081,2.7882611853512898,-1.3667866010539071,0.8965619609931501,0.0,13.097753330008086,11.5439083119387,219.38897932947702,219.5091306560094,0.0
8.082,2.777847304857359,-1.3387594448923124,2.3409515842773545,0.0,13.075964501128766,11.670151276725417,215.64093387351394,219.5091306560094,0.0
8.083,2.8423299541900526,-1.3204605683841255,4.253656280083849,0.0,13.067246246761755,11.970347452219867,217.8945824337094,219.5091306560094,0.0
8.084,3.019749669237708,-1.3395447309289081,3.142977482209127,0.0,13.091701682025906,12.079479127841973,220.45433844230848,219.5091306560094,0.0
8.085,3.12793864764269,-1.3393673715752707,1.8536474000465888,0.0,13.124414390171506,12.039297067895085,215.01829900045354,219.5091306560094,0.0
8.086,3.146829474888054,-1.2830706796478242,4.61657543752962,0.0,13.143646758989371,12.322223768489259,213.35617583413753,219.5091306560094,0.0
8.087,3.312282706444161,-1.2583015827410067,5.509166568906342,0.0,13.18708692724439,12.63132583278369,217.1488669424809,219.5091306560094,0.0
8.088000000000001,3.5194055308157015,-1.2809587858888238,3.6364236518699387,0.0,13.259833268418681,12.677805096921107,213.2780284900299,219.5091306560094,0.0
8.089,3.6167385423684717,-1.243678768128584,5.634153899755239,0.0,13.32562552790418,12.956753422172866,212.58033180598034,219.5091306560094,0.0
8.09,3.8129787392911147,-1.2058310783576107,6.05229023028031,0.0,13.4089429482691,13.21979074318094,215.37376692570248,219.5091306560094,0.0
8.091,4.007770590793925,-1.2078174063830793,4.696926307722306,0.0,13.510829331678849,13.292119977641986,209.38276430510712,219.5091306560094,0.0
8.092,4.13126419753504,-1.1403600881471336,7.7936912815290125,0.0,13.602319831907511,13.709966335115729,214.07205041005304,219.5091306560094,0.0
8.093,4.3992634571384714,-1.136164725126662,5.503419031515615,0.0,13.726659001110795,13.784034527136452,208.04908260641474,219.5091306560094,0.0
8.094,4.541515859548336,-1.0811670510640246,8.62950341383071,0.0,13.839963282079134,14.216934049761178,212.7431924556079,219.5091306560094,0.0
8.095,4.832839748464692,-1.071865385502182,6.350107871238148,0.0,13.984753880741941,14.305256590955228,206.29516778333962,219.5091306560094,0.0
8.096,4.998920068947051,-1.0069721386194073,9.706259836098983,0.0,14.116852433156382,14.775841013092876,211.24317233306286,219.5091306560094,0.0
8.097,5.314076262639367,-1.0127503018664354,7.314917144466829,0.0,14.284084102969144,14.882961254428729,206.27470369070178,219.5091306560094,0.0
8.098,5.516347336131336,-0.9297419939787477,9.931495735300443,0.0,14.4361159344341,15.2887314543731,207.35724594464654,219.5091306560094,0.0
8.099,5.806197952310016,-0.9301332089930425,9.511743455441696,0.0,14.614394719477447,15.56692842373199,209.20961982492477,219.5091306560094,0.0
8.1,6.09239831385821,-0.8798499163686202,8.688551623613424,0.0,14.79713024861352,15.720196462348298,210.4453657223561,219.5091306560094,0.0
8.101,6.270795534912592,-0.8632234905219844,8.1613163242343,0.0,14.97559295478073,15.809885594702651,213.940223490207,219.5091306560094,0.0
8.102,6.310464775301522,-0.9590996418163877,6.4695765119668724,0.0,15.155890944467501,15.725053413850429,223.48069774637432,219.5091306560094,0.0
8.103,6.244735557093921,-0.99708678583867,1.6596237129795597,0.0,15.312895741429884,15.162183746692902,220.47841659300855,219.5091306560094,0.0
8.104000000000001,5.890642810504523,-0.9339929755420422,3.151071430292454,0.0,15.390592901407421,14.92175321278442,226.8933449872435,219.5091306560094,0.0
8.105,5.598513004217006,-0.9382085227816725,-0.13023491013736077,0.0,15.437571940295683,14.365870624869856,225.12114964760318,219.5091306560094,0.0
8.106,5.199119652834832,-0.859358962012081,0.6997425697668613,0.0,15.415549209346612,14.035396756418503,227.7653139810297,219.5091306560094,0.0
8.107,4.86235511928228,-0.8543190330243102,-0.7049014301965997,0.0,15.362915468066355,13.606007552099321,227.52916575525936,219.5091306560094,0.0
8.108,4.521046168455351,-0.8264305769799793,-0.6670276683039313,0.0,15.269588849607203,13.266682787147287,228.73235311625376,219.5091306560094,0.0
8.109,4.219489566263791,-0.8334846654642778,-1.360853573403578,0.0,15.15271725079249,12.905016386397465,228.68768178270565,219.5091306560094,0.0
8.11,3.931345232629144,-0.8368962828211319,-1.4303034178964857,0.0,15.011670908808666,12.595808552675821,228.8791903726476,219.5091306560094,0.0
8.111,3.6758127310286817,-0.8550006084187418,-1.6197583100338413,0.0,14.855765777293229,12.308498460277482,228.63739356937566,219.5091306560094,0.0
8.112,3.446418761750799,-0.8791548676312926,-1.5901425375315346,0.0,14.689196074946913,12.062159159468626,228.27737320681334,219.5091306560094,0.0
8.113,3.248766803460775,-0.9111119563141701,-1.4978147817584118,0.0,14.517923149917324,11.853104489635163,227.81626395243876,219.5091306560094,0.0
8.114,3.081952312991035,-0.9494740617510811,-1.350331487535417,0.0,14.346772311118592,11.679500953457667,227.27829739378953,219.5091306560094,0.0
8.115,2.9439184760573087,-0.992310572253514,-1.1590398755886024,0.0,14.17970459768287,11.539225508547974,226.68570438275893,219.5091306560094,0.0
8.116,2.8321471725434377,-1.0378048601500027,-0.934509107340797,0.0,14.019892117663352,11.429970810190655,226.0747696732959,219.5091306560094,0.0
8.117,2.7441738345696045,-1.0840928986693474,-0.6946981427821428,0.0,13.86977215716821,11.348353586228075,225.51989141214784,219.5091306560094,0.0
8.118,2.677310192464482,-1.1289991022038695,-0.47736661976950323,0.0,13.730979272329924,11.287869713749863,225.02745535147312,219.5091306560094,0.0
8.119,2.6273820257705087,-1.169787125896085,-0.2863318363867804,0.0,13.60405490929845,11.24321891289291,224.53777905525484,219.5091306560094,0.0
8.120000000000001,2.5900672264801536,-1.204886454149373,-0.09178017227009594,0.0,13.488810948355368,11.213436437292513,223.65983228546625,219.5091306560094,0.0
8.121,2.562316229051987,-1.2361001926032802,0.30568619632963223,0.0,13.385195653893946,11.219563058786838,222.7013624514685,219.5091306560094,0.0
8.122,2.5558942629153503,-1.2653755669430629,0.7529987953739181,0.0,13.295462704820944,11.260374117195218,221.63197403042014,219.5091306560094,0.0
8.123,2.572871770112997,-1.2950194996373317,1.26646457215399,0.0,13.22175223534904,11.338207138857712,220.5825460865102,219.5091306560094,0.0
8.124,2.6170990353778447,-1.3222082036325666,1.7804443898039484,0.0,13.165890433103119,11.447593709473308,220.06033251752083,219.5091306560094,0.0
8.125,2.685088832161221,-1.347677247257256,2.0360391556835205,0.0,13.129083175902107,11.55639446387948,221.04950971121667,219.5091306560094,0.0
8.126,2.7611639247154245,-1.361738816658446,1.5260467682835288,0.0,13.108128802059703,11.584290944639012,222.17756183604482,219.5091306560094,0.0
8.127,2.7896410832095215,-1.363107952301018,0.9353363940691026,0.0,13.092069502904158,11.545052386139952,218.0133740915718,219.5091306560094,0.0
8.128,2.7810861030364755,-1.3222858604249499,3.0323878319499915,0.0,13.069188156351473,11.745940334888264,215.43368054508915,219.5091306560094,0.0
8.129,2.886078255695014,-1.3127513239718076,4.362989106300516,0.0,13.0680431612378,12.038212293312052,218.73641586629475,219.5091306560094,0.0
8.13,3.066972047502228,-1.342087875358146,2.7193485935948614,0.0,13.099562227494904,12.088187691668763,219.31784347094504,219.5091306560094,0.0
8.131,3.146116549964984,-1.331871821608249,2.430547663120362,0.0,13.131509795535617,12.114088802237546,213.7248893947454,219.5091306560094,0.0
8.132,3.196064907596793,-1.2739509674976284,5.284867113832825,0.0,13.15658358441446,12.452754833121759,215.0651782395509,219.5091306560094,0.0
8.133000000000001,3.3953821836540623,-1.2669534882463773,4.6591622155946535,0.0,13.21282608331732,12.641265489702132,217.8855387562468,219.5091306560094,0.0
8.134,3.5531785815617907,-1.2672921309436203,3.26521787624433,0.0,13.282402623477132,12.654108071159326,211.21934158771992,219.5091306560094,0.0
8.135,3.6256675109675363,-1.2028463371610518,6.681214351190664,0.0,13.339213344023634,13.055927285868826,213.85577812978502,219.5091306560094,0.0
8.136000000000001,3.870611838512476,-1.1946069309093637,5.419529605420358,0.0,13.430263037236575,13.224081377641943,213.86224297055398,219.5091306560094,0.0
8.137,4.035298052477038,-1.186343463090241,5.472766061890434,0.0,13.528196582907942,13.387331846967806,208.50411673988003,219.5091306560094,0.0
8.138,4.205509419266716,-1.1190872641506373,8.2618793163887,0.0,13.625346273739599,13.833244329151103,214.02888752997126,219.5091306560094,0.0
8.139,4.490326593268432,-1.143091319816456,5.55429635260347,0.0,13.760685251819055,13.888927498165584,207.56032066123305,219.5091306560094,0.0
8.14,4.64079495819074,-1.0721691787534273,8.908067886920337,0.0,13.880017172918418,14.334863598097837,212.58359494806584,219.5091306560094,0.0
8.141,4.931845179562896,-1.0746573761464966,6.46568610058338,0.0,14.032992435024937,14.41542872760485,206.2865256558978,219.5091306560094,0.0
8.142,5.1027195698734715,-0.9958577982899306,9.746446796668511,0.0,14.170033848333357,14.872656684084108,210.49188328673117,219.5091306560094,0.0
8.143,5.4062535490767605,-1.0046060473663154,7.733940454944613,0.0,14.340844219135827,15.012002687886547,207.3285720281118,219.5091306560094,0.0
8.144,5.627699478739432,-0.9182863798870868,9.43740167053327,0.0,14.498925507324817,15.340677213050117,205.3996643996442,219.5091306560094,0.0
8.145,5.883221695276154,-0.9049482525000327,10.0,0.0,14.673462121873477,15.671250634079273,208.34140650827374,219.5091306560094,0.0
8.146,6.1828003788927335,-0.8671881588490844,9.172897331546698,0.0,14.859582188042454,15.85921466460339,213.8963845169497,219.5091306560094,0.0
8.147,6.354291512131349,-0.9103184043045605,6.451535788599315,0.0,15.051008578583556,15.740047317832236,215.10964562443988,219.5091306560094,0.0
8.148,6.289887221809513,-0.9672269956750144,5.88890008516992,0.0,15.217204237989627,15.626062416112333,224.44244505290735,219.5091306560094,0.0
8.149000000000001,6.163505151193592,-1.0051434630068101,1.1731672269672062,0.0,15.358983566775903,15.040249298001552,221.88134304820733,219.5091306560094,0.0
8.15,5.786582943135281,-0.9254337802031957,2.429996105395236,0.0,15.418856421090748,14.752801551969847,226.32547627847197,219.5091306560094,0.0
8.151,5.463465828380836,-0.9197377230207887,0.13976603403829024,0.0,15.444167745908912,14.267365929881658,226.2465173769526,219.5091306560094,0.0
8.152000000000001,5.090764169415277,-0.8587660137830898,0.11187161758854369,0.0,15.411754448592122,13.890604928726871,227.96362545542374,219.5091306560094,0.0
8.153,4.743148757976233,-0.8488520594666151,-0.8312273696411707,0.0,15.344425563009091,13.479327432193745,227.98619756267846,219.5091306560094,0.0
8.154,4.4085169652238,-0.8264572874883468,-0.9272840923352197,0.0,15.240337530956614,13.134642890219968,228.91723193821406,219.5091306560094,0.0
8.155,4.109425834832506,-0.8331175108113967,-1.4868822929250678,0.0,15.113146420197316,12.782976470815887,228.87407403075082,219.5091306560094,0.0
8.156,3.828533614337553,-0.8396179464626803,-1.558952772940862,0.0,14.964156224261956,12.47933304443098,228.8823729857127,219.5091306560094,0.0
8.157,3.5801941699430833,-0.8590391234899728,-1.6568346737188313,0.0,14.801772030398125,12.205617053484053,228.55665716776616,219.5091306560094,0.0
8.158,3.3614529008992844,-0.8858825820277758,-1.584452029863134,0.0,14.631013225494874,11.973553297228213,228.1335057452013,219.5091306560094,0.0
8.159,3.1756830646663428,-0.9206289115005454,-1.4591200694726174,0.0,14.45767758711299,11.778929994607216,227.6321885595538,219.5091306560094,0.0
8.16,3.020864527632874,-0.9614653880622767,-1.2896920556843212,0.0,14.286357731434258,11.618991561034289,227.0652169247754,219.5091306560094,0.0
8.161,2.89411396543069,-1.0061772151889126,-1.0817671009827752,0.0,14.120685954184419,11.491486826601982,226.4520782002071,219.5091306560094,0.0
8.162,2.792641612305533,-1.0528578898244696,-0.8446272141406017,0.0,13.963518637154976,11.394065979115283,225.86286840794526,219.5091306560094,0.0
8.163,2.714068288101158,-1.0994359637631765,-0.6135596955290401,0.0,13.816982748466712,11.321344854984392,225.30108096115288,219.5091306560094,0.0
8.164,2.6545703441736057,-1.1437051352197458,-0.39058547518428455,0.0,13.682232164355025,11.26921778403956,224.85981718264676,219.5091306560094,0.0
8.165000000000001,2.611284282153544,-1.1828507813273386,-0.22346045119760216,0.0,13.559607260917286,11.229148859596059,224.23853252520365,219.5091306560094,0.0
8.166,2.5777691650835264,-1.2164043941646767,0.039887858832011513,0.0,13.448537396330003,11.211375203374024,223.34135991572546,219.5091306560094,0.0
8.167,2.557504850488458,-1.2463450164618446,0.45015187097394627,0.0,13.349755084903565,11.228661407985543,222.39146524496306,219.5091306560094,0.0
8.168000000000001,2.5581958620792564,-1.2762886785928547,0.8962758604656118,0.0,13.265574021692357,11.27903310529499,221.16834362258902,219.5091306560094,0.0
8.169,2.583074412999263,-1.3037676928861264,1.4912445419868345,0.0,13.197571489484165,11.374205111139494,220.36254996919567,219.5091306560094,0.0
8.17,2.638357623106418,-1.3312269828331622,1.8856071755516473,0.0,13.148632142832483,11.484657498453064,219.89419314934028,219.5091306560094,0.0
8.171,2.710652563920309,-1.3533904737902427,2.1159349605460323,0.0,13.11779536068314,11.593163530995385,221.77021179549362,219.5091306560094,0.0
8.172,2.7860334188762765,-1.3665249113231512,1.1553148260745196,0.0,13.102116013222004,11.572194844789706,220.84103732278732,219.5091306560094,0.0
8.173,2.790340627450908,-1.353906585838142,1.6065829957598945,0.0,13.084388371707735,11.61128080807494,216.96570381927216,219.5091306560094,0.0
8.174,2.8149742536760964,-1.3221409804112558,3.5696840158848424,0.0,13.06897405733131,11.853447214598093,216.36091078607421,219.5091306560094,0.0
8.175,2.953039933103163,-1.320496590291856,3.903562731183169,0.0,13.079454588185984,12.072010309038129,219.4971225213794,219.5091306560094,0.0
8.176,3.1052337897612547,-1.337598175066995,2.3355769448768786,0.0,13.112640993625647,12.078587256034833,217.0245962938704,219.5091306560094,0.0
8.177,3.154905972216525,-1.310117177792628,3.5966854022527723,0.0,13.139972527673086,12.238284935546748,211.90450351485757,219.5091306560094,0.0
8.178,3.266191736767164,-1.2701137010540327,6.232778063170702,0.0,13.17641510379847,12.650360396363405,217.11899498125243,219.5091306560094,0.0
8.179,3.5149034068496077,-1.2954756243976537,3.6494336867208412,0.0,13.253610814728164,12.68809833462871,215.93632055512987,219.5091306560094,0.0
8.18,3.6114654033723186,-1.2715872766718639,4.276499000790917,0.0,13.323979410908152,12.816457975555993,210.01229302012803,219.5091306560094,0.0
8.181000000000001,3.7320756661733263,-1.2031583979365357,7.3334811446506505,0.0,13.392858818379235,13.256714385749529,216.19259619543743,219.5091306560094,0.0
8.182,3.999078113484073,-1.2198429483267803,4.276494901601668,0.0,13.501395515452842,13.264830620920659,210.60162127135007,219.5091306560094,0.0
8.183,4.09943391301271,-1.1666725868501575,7.161057457491943,0.0,13.593874581069871,13.622491532385414,213.0620447366958,219.5091306560094,0.0
8.184000000000001,4.3419647212872725,-1.1316842033248995,5.995316584012208,0.0,13.709554812698668,13.770882306708812,210.40128543560903,219.5091306560094,0.0
8.185,4.5002756258701835,-1.1036561393089335,7.416774686759604,0.0,13.825772895390411,14.069030935378386,211.07642311172813,219.5091306560094,0.0
8.186,4.7434562162554705,-1.0505440751042312,7.163532924142863,0.0,13.954621986257585,14.281748578638307,208.45480997601032,219.5091306560094,0.0
8.187,4.938730138111371,-1.0290979659663497,8.584882698801758,0.0,14.090029981000917,14.625911933997303,210.69784853033568,219.5091306560094,0.0
8.188,5.219853111311517,-0.9897164229219384,7.551476242895819,0.0,14.242196003162304,14.792340757565036,205.0760295777283,219.5091306560094,0.0
8.189,5.421274780753281,-0.9398418022225021,10.0,0.0,14.39069591261783,15.217669824926059,209.41654277503594,219.5091306560094,0.0
8.19,5.735011741170276,-0.9330486696334568,8.427251675538589,0.0,14.566630239486113,15.385331574283281,206.8151806844749,219.5091306560094,0.0
8.191,5.976933341301341,-0.8510350087107952,9.854872220534446,0.0,14.732783737227678,15.70311231817552,206.55674757548917,219.5091306560094,0.0
8.192,6.220331005665745,-0.8691125285681296,10.0,0.0,14.916908623377854,15.983063660665174,217.7567994492176,219.5091306560094,0.0
8.193,6.4018364060654,-0.9791506091780773,4.528837728919574,0.0,15.12253956883049,15.632621612507057,217.967799419206,219.5091306560094,0.0
8.194,6.245884285380068,-0.9640985759839349,4.438751056293411,0.0,15.269807110464601,15.401558739711326,221.2888198128008,219.5091306560094,0.0
8.195,6.012493021505061,-0.984339561381331,2.7604439679280937,0.0,15.38161863938138,15.04872951318405,225.84580860573485,219.5091306560094,0.0
8.196,5.727849618530575,-0.9404881815497821,0.4185827919638143,0.0,15.44194003111831,14.530519565417212,225.1729181521145,219.5091306560094,0.0
8.197000000000001,5.32062045085925,-0.89695681455741,0.6983901438129339,0.0,15.44005835233402,14.166308946477894,227.2044365036822,219.5091306560094,0.0
8.198,4.978198244514465,-0.8625181001287614,-0.3943220904476359,0.0,15.398590834616995,13.748928953288136,228.2021265854182,219.5091306560094,0.0
8.199,4.626222546378094,-0.8470660652239381,-0.9800970906097293,0.0,15.318176732657454,13.350925184701982,228.4087053581907,219.5091306560094,0.0
8.2,4.296735145916454,-0.830199333027308,-1.1723822240177935,0.0,15.20430284384267,13.002110625174643,229.0595982965682,219.5091306560094,0.0
8.201,4.000390061732603,-0.835595703484463,-1.5933333696121288,0.0,15.067697156028888,12.66171144329287,229.02353806164996,219.5091306560094,0.0
8.202,3.7272025255370242,-0.8449536463769312,-1.6704473262094153,0.0,14.911687528821908,12.364505765187808,228.85508617271648,219.5091306560094,0.0
8.203,3.4864119512732707,-0.8655692097493825,-1.6796809369097483,0.0,14.743732429067157,12.10493022236855,228.4543425204723,219.5091306560094,0.0
8.204,3.2785859707148544,-0.8947941114867835,-1.5687612294322832,0.0,14.569623868563347,11.887263179904052,227.97651428171932,219.5091306560094,0.0
8.205,3.10467147881965,-0.9319935006277329,-1.4145209463128943,0.0,14.394959143651603,11.706861554006874,227.43440659823784,219.5091306560094,0.0
8.206,2.9615966903731223,-0.9748873219866738,-1.2227198639944405,0.0,14.22406705509939,11.560588416242245,226.83782469986605,219.5091306560094,0.0
8.207,2.8459397826656727,-1.0211069742468197,-0.9977158552471095,0.0,14.060292085160956,11.445977325501225,226.2067425841503,219.5091306560094,0.0
8.208,2.7546974313474166,-1.0686629227029993,-0.7491509166706476,0.0,13.906202460949844,11.36042203956434,225.63642154157031,219.5091306560094,0.0
8.209,2.6854562860463362,-1.1152729073526508,-0.5252633042362609,0.0,13.763617809393056,11.296859410251985,225.11020317205632,219.5091306560094,0.0
8.21,2.6335882482065074,-1.1583912690035503,-0.31816484463973094,0.0,13.633212279995812,11.25094960585583,224.6980384903727,219.5091306560094,0.0
8.211,2.5958092592106388,-1.1953683603690801,-0.16397158214156082,0.0,13.514892619532382,11.215117511649552,223.91070737397348,219.5091306560094,0.0
8.212,2.565403114925823,-1.227362338437067,0.18567820887841346,0.0,13.407971282368486,11.21092309118614,222.9596900419609,219.5091306560094,0.0
8.213000000000001,2.553035913894662,-1.25669568738951,0.6266812810251898,0.0,13.314229365478726,11.242526149749205,221.92293156508967,219.5091306560094,0.0
8.214,2.563425020958008,-1.286719327053223,1.1209225103700011,0.0,13.236031213007733,11.310284741486171,220.67993868819016,219.5091306560094,0.0
8.215,2.6004449554770717,-1.314349654051026,1.7307108684979466,0.0,13.175167834530656,11.421613664176501,220.1756121567069,219.5091306560094,0.0
8.216,2.667872821863789,-1.3416011846429083,1.9762093192326007,0.0,13.13424505126545,11.529583436792276,220.69857569578417,219.5091306560094,0.0
8.217,2.743643458025426,-1.3579274123658038,1.7028330992962193,0.0,13.109734893331943,11.582477093805693,222.59183413746052,219.5091306560094,0.0
8.218,2.785526164108294,-1.3655057183599983,0.7253768436435326,0.0,13.093635468275258,11.518994552094489,218.5346611694631,219.5091306560094,0.0
8.219,2.766714188787545,-1.3261410040077701,2.763708022507704,0.0,13.068391829914438,11.696729458626429,215.46540980523335,219.5091306560094,0.0
8.22,2.855835813124847,-1.3139637169239502,4.338770913130343,0.0,13.062500191607192,11.997048618418633,218.41043472918622,219.5091306560094,0.0
8.221,3.037772825549327,-1.3415541389394896,2.877245410422139,0.0,13.09038635240244,12.071106409073444,220.04893840432615,219.5091306560094,0.0
8.222,3.1294734929525303,-1.3367126060701287,2.052595495369007,0.0,13.122081203347857,12.056183097823428,214.30455619048578,219.5091306560094,0.0
8.223,3.1601295477634346,-1.2768772269991242,4.976832346944427,0.0,13.142580761704618,12.373378996261614,214.25807780691298,219.5091306560094,0.0
8.224,3.3444526358267455,-1.2619277798321566,5.052582067221794,0.0,13.191703868671869,12.620026382267563,217.69976409283996,219.5091306560094,0.0
8.225,3.5266409068786544,-1.273319138923986,3.3498325898899988,0.0,13.261981947514752,12.64066392172529,212.0864302000237,219.5091306560094,0.0
8.226,3.6062651061488107,-1.2218967425613898,6.230726540857985,0.0,13.32152559522832,12.993254565292132,213.3434352502508,219.5091306560094,0.0
8.227,3.8313552364476524,-1.2014745489977146,5.663880969802024,0.0,13.408641725198837,13.201414884607638,214.86347235501646,219.5091306560094,0.0
8.228,4.008542046124033,-1.1982049208777004,4.950319000429122,0.0,13.507706836946285,13.307407776306775,208.49301077236305,219.5091306560094,0.0
8.229000000000001,4.148368628732968,-1.128843017792067,8.245710990592288,0.0,13.599867613630686,13.768727572632207,214.1700656314147,219.5091306560094,0.0
8.23,4.438038781459864,-1.1432681970598424,5.46057421131241,0.0,13.731224681029499,13.823347050397235,207.73351906874404,219.5091306560094,0.0
8.231,4.582000814436768,-1.08185836456602,8.796603608520392,0.0,13.848008656097935,14.267515766511135,212.75661035939555,219.5091306560094,0.0
8.232,4.875274018805206,-1.0782993981101923,6.352583166160777,0.0,13.99775371728572,14.34592303373809,206.22027883749618,219.5091306560094,0.0
8.233,5.040296130454567,-1.0060589083463463,9.753637445295594,0.0,14.132454134867949,14.814800555251807,210.9945867228313,219.5091306560094,0.0
8.234,5.351100316705733,-1.0132417474256976,7.451628941959823,0.0,14.302084780039698,14.930490648842962,206.52847371684913,219.5091306560094,0.0
8.235,5.558953552123745,-0.9273278173381718,9.814492014342502,0.0,14.456799009352961,15.31475400655416,206.7361358574014,219.5091306560094,0.0
8.236,5.838553003651365,-0.9239803568648624,9.838390892052452,0.0,14.634959070154835,15.62638528993597,209.0791265190476,219.5091306560094,0.0
8.237,6.136546621029343,-0.8828281428554932,8.771195602598965,0.0,14.821972984278407,15.777055677046503,210.33901300691352,219.5091306560094,0.0
8.238,6.303901738786461,-0.8908175574366708,8.232953535156966,0.0,15.006642903444694,15.867396615554751,217.60296016958196,219.5091306560094,0.0
8.239,6.345362088240931,-0.9818621039562028,4.620041658687019,0.0,15.191814930516518,15.57224547912911,220.67624667662454,219.5091306560094,0.0
8.24,6.176142775150009,-0.9656717131355954,3.0717272449595767,0.0,15.326263252783129,15.209969920242441,221.46217408367042,219.5091306560094,0.0
8.241,5.876452042297151,-0.9546537044293615,2.659233107160029,0.0,15.409989109884933,14.89874932593333,226.6139887425169,219.5091306560094,0.0
8.242,5.58845224715438,-0.9232765331777357,0.012277196871708806,0.0,15.450879013095033,14.36866623814877,225.79793284587313,219.5091306560094,0.0
8.243,5.179826318362254,-0.8809929564672037,0.357417123294959,0.0,15.430334195480016,14.002184254688817,227.58026277203808,219.5091306560094,0.0
8.244,4.838440976105618,-0.8503100696873833,-0.6144591609478018,0.0,15.372243379501839,13.593404325642735,228.39128309661564,219.5091306560094,0.0
8.245000000000001,4.495025268941461,-0.8385418498056114,-1.1087908476426418,0.0,15.27809597689767,13.20939745957493,228.6057135384476,219.5091306560094,0.0
8.246,4.1774727599458625,-0.8283588457818611,-1.306971897382999,0.0,15.153960179703343,12.869016560166871,229.0905291710077,219.5091306560094,0.0
8.247,3.892130820458573,-0.8371044884258383,-1.6451936988130318,0.0,15.00926372301872,12.543249671573928,228.95807908344673,219.5091306560094,0.0
8.248,3.6313584309397493,-0.8511208882934274,-1.6734581393069279,0.0,14.847914570702262,12.261694499183989,228.69927663630187,219.5091306560094,0.0
8.249,3.4040199031511333,-0.8755520251897502,-1.635958375537423,0.0,14.67709207743837,12.018967061382543,228.27353256928825,219.5091306560094,0.0
8.25,3.2099300142522273,-0.908417274251829,-1.5107303611633993,0.0,14.502449955748592,11.815906704479291,227.7710382136235,219.5091306560094,0.0
8.251,3.0483131943948507,-0.9481780681786134,-1.3421022589071723,0.0,14.329011045378792,11.648821933497153,227.21014957332488,219.5091306560094,0.0
8.252,2.9160524679966726,-0.9926157144284877,-1.138668127931013,0.0,14.160698082095973,11.514725733666292,226.60017328220235,219.5091306560094,0.0
8.253,2.809870157902729,-1.039530383418757,-0.9045904086316745,0.0,14.000523032284786,11.411279512149758,225.98536860096493,219.5091306560094,0.0
8.254,2.7270781150015964,-1.0868855532357642,-0.6619504474625222,0.0,13.850760787293025,11.334555327957546,225.42573890797397,219.5091306560094,0.0
8.255,2.6646222816443323,-1.1324433584926472,-0.44130168348668386,0.0,13.712840155261313,11.278414523351326,224.95391166605793,219.5091306560094,0.0
8.256,2.6185513116640973,-1.1733547286696182,-0.25983587262915364,0.0,13.587142178639045,11.236293735921375,224.43039788119586,219.5091306560094,0.0
8.257,2.5837496204521706,-1.2082586210754427,-0.04729165244998068,0.0,13.473232235398878,11.210747912016837,223.52740882676193,219.5091306560094,0.0
8.258000000000001,2.559019550570027,-1.2393135385123852,0.3640200930594597,0.0,13.371225706086282,11.2218568167579,222.57518439717356,219.5091306560094,0.0
8.259,2.555795689367563,-1.2691736092594463,0.8094717704420029,0.0,13.283504778786861,11.266648069184033,221.44452068463295,219.5091306560094,0.0
8.26,2.576154534333684,-1.2982114193674705,1.3554497264260723,0.0,13.211930627864405,11.351519450463734,220.50874052300992,219.5091306560094,0.0
8.261000000000001,2.6249670291209233,-1.3256605032592428,1.8133437085675816,0.0,13.158730051289178,11.460489051022009,219.92825000058707,219.5091306560094,0.0
8.262,2.6940383776777717,-1.3502106984161184,2.0993977763332294,0.0,13.124172523055645,11.57301891810636,221.2183504071058,219.5091306560094,0.0
8.263,2.7718959542089796,-1.3643211241932676,1.4372553755629065,0.0,13.105630379237812,11.587270220963667,221.84770181514878,219.5091306560094,0.0
8.264,2.79396743914727,-1.3619858241463505,1.0991939599500165,0.0,13.089969592824563,11.566027559865843,217.73524388283514,219.5091306560094,0.0
8.265,2.7932599627080643,-1.3218357826003928,3.173161793838582,0.0,13.069357467373269,11.777158699378042,215.4905072105093,219.5091306560094,0.0
8.266,2.9064306228334877,-1.3133678180623387,4.335716364456505,0.0,13.0713896927346,12.059800989444794,218.99587721574116,219.5091306560094,0.0
8.267,3.0854237662497512,-1.339641492224616,2.588163896243253,0.0,13.1044577083697,12.09196841665683,218.8475800372092,219.5091306560094,0.0
8.268,3.153706975885545,-1.3263144079938982,2.6689279916972293,0.0,13.135706949155498,12.144864256267464,213.2068754738887,219.5091306560094,0.0
8.269,3.2147595101471476,-1.2715395288822138,5.5523028251787,0.0,13.1632288839638,12.505926080051623,215.40120536423933,219.5091306560094,0.0
8.27,3.4284111393331016,-1.2710227006165293,4.496217132921077,0.0,13.224595705351579,12.6657395865872,217.60830738435246,219.5091306560094,0.0
8.271,3.575516083114793,-1.2678788085089803,3.411674355581084,0.0,13.295466535404962,12.69292454849905,211.0462773288935,219.5091306560094,0.0
8.272,3.6545579876956,-1.1998028056588046,6.7773179165817234,0.0,13.354511857251751,13.098320756642451,214.1665989214724,219.5091306560094,0.0
8.273,3.9006786532402193,-1.1952808862797228,5.270582437637642,0.0,13.448375616625006,13.243401683698238,213.20210568455033,219.5091306560094,0.0
8.274000000000001,4.055730238890192,-1.1804300660393725,5.815899305813266,0.0,13.545772721733863,13.443818636508482,209.32518849804654,219.5091306560094,0.0
8.275,4.243133744518678,-1.116317093691082,7.856197320644789,0.0,13.646567892856948,13.833849347735658,213.27069964317482,219.5091306560094,0.0
8.276,4.503873639060579,-1.1325058672112924,5.945826058208995,0.0,13.778708512801147,13.937605332592849,207.49432649751154,219.5091306560094,0.0
8.277000000000001,4.673879890661167,-1.0649051993261929,8.954160672625617,0.0,13.90041270803409,14.378127012438286,212.45653919286065,219.5091306560094,0.0
8.278,4.9660819662292495,-1.0724919256025074,6.54358023958255,0.0,14.055509198297525,14.461077584247086,206.51028752161614,219.5091306560094,0.0
8.279,5.141879196501791,-0.9904976263120857,9.646694506548737,0.0,14.194295856530784,14.900275447023763,209.9116225515458,219.5091306560094,0.0
8.28,5.436571855233484,-0.9970287318937663,8.042002072628538,0.0,14.364661999825273,15.07122665878745,208.22834787474906,219.5091306560094,0.0
8.281,5.671388870023362,-0.9168743206889167,8.996447238839513,0.0,14.526204353678331,15.34027231128706,204.11734079712247,219.5091306560094,0.0
8.282,5.903910548028854,-0.8888791078801143,10.0,0.0,14.696219108099129,15.67618477155485,208.48232114188914,219.5091306560094,0.0
8.283,6.196475598677261,-0.8531396894385025,9.109529225474711,0.0,14.879172249204135,15.857663209637286,215.4891558193886,219.5091306560094,0.0
8.284,6.347372337035721,-0.921982834366556,5.646311635091191,0.0,15.069908060133386,15.653566900112102,215.0535230491411,219.5091306560094,0.0
8.285,6.244546491315058,-0.949886702421002,5.908684096283628,0.0,15.223541653053902,15.565266759680215,223.5406681377772,219.5091306560094,0.0
8.286,6.109924830927856,-1.0017850572724012,1.6247961771478945,0.0,15.358411652992288,15.041088721052098,222.919140779019,219.5091306560094,0.0
8.287,5.767614104982171,-0.9326260335108488,1.901459755296906,0.0,15.41925037291174,14.692395322318538,225.63555900694934,219.5091306560094,0.0
8.288,5.424431796089235,-0.9188479786778397,0.4819863578223331,0.0,15.438311885171874,14.260073372665353,226.81671497030808,219.5091306560094,0.0
8.289,5.071081751576868,-0.8693233045624728,-0.18166746700002756,0.0,15.406925117636312,13.849519264255218,228.0482186367488,219.5091306560094,0.0
8.290000000000001,4.7128812613478965,-0.8554563769488898,-0.8828101800277794,0.0,15.336591500716954,13.44226128322777,228.2112455334619,219.5091306560094,0.0
8.291,4.377167456989474,-0.8317390117869303,-1.05134477715885,0.0,15.230095206495113,13.090514873634131,229.03541105875442,219.5091306560094,0.0
8.292,4.074201989609541,-0.8364601547591244,-1.558690343832564,0.0,15.099830400114648,12.739139872583083,228.95225023662817,219.5091306560094,0.0
8.293000000000001,3.792698054763971,-0.8418783336840375,-1.6115411285756291,0.0,14.948003362519142,12.4370715385033,228.90819012263205,219.5091306560094,0.0
8.294,3.5454288555862115,-0.8610153335540333,-1.6835016662437936,0.0,14.783203083471665,12.167024755336982,228.5381140896439,219.5091306560094,0.0
8.295,3.3294209239798698,-0.8881662292582098,-1.5887534840860624,0.0,14.610673382541057,11.939932708481498,228.08801496180095,219.5091306560094,0.0
8.296,3.1475315837639446,-0.9236140935310634,-1.449492763222505,0.0,14.436315203130937,11.7505158417996,227.5677101215155,219.5091306560094,0.0
8.297,2.99697966738757,-0.9652346789002774,-1.269926137734835,0.0,14.264674940741521,11.595706382839138,226.98626584780857,219.5091306560094,0.0
8.298,2.874465504572254,-1.010625175215064,-1.0539753527993656,0.0,14.099294507435935,11.47314380236972,226.36366687540962,219.5091306560094,0.0
8.299,2.777014326981753,-1.0578026385487442,-0.8112212287938947,0.0,13.942931475417527,11.380337370314738,225.77898814734675,219.5091306560094,0.0
8.3,2.702169913758009,-1.1045893264993043,-0.5815804396758337,0.0,13.797598864436685,11.311266597505053,225.21820171537837,219.5091306560094,0.0
8.301,2.6457442360661507,-1.148702019869301,-0.35827793428533283,0.0,13.664276966664152,11.262294888993887,224.8183387633187,219.5091306560094,0.0
8.302,2.605197857011409,-1.1871269983387116,-0.21143853932859402,0.0,13.54317570851569,11.222703314867028,224.12514197612535,219.5091306560094,0.0
8.303,2.5723961090391603,-1.2201862810745534,0.08899974106692587,0.0,13.433477690085638,11.209743317718353,223.1968482825442,219.5091306560094,0.0
8.304,2.554942967228614,-1.2497245101778929,0.5162694115921473,0.0,13.336372086157727,11.232696627514786,222.2272067502916,219.5091306560094,0.0
8.305,2.5592918285663266,-1.2799578294122536,0.9739094167756299,0.0,13.254302656427008,11.289058843638472,220.98729321362092,219.5091306560094,0.0
8.306000000000001,2.5885567384465418,-1.3074027308479372,1.579084559534857,0.0,13.1887929972473,11.390395109354941,220.27650741654907,219.5091306560094,0.0
8.307,2.6482998161018756,-1.3350306872089686,1.926803690465385,0.0,13.142732556742569,11.500965046113283,220.25421443965905,219.5091306560094,0.0
8.308,2.7220552014255777,-1.3559601395974603,1.930499341073896,0.0,13.11436111416327,11.58528561379389,222.08636335235258,219.5091306560094,0.0
8.309000000000001,2.7842427720410505,-1.3649323113293177,0.9886525577637011,0.0,13.098036516976585,11.548593798863838,219.91063221194747,219.5091306560094,0.0
8.31,2.7789637610625695,-1.3431680724220159,2.072503112406873,0.0,13.07719141001844,11.643783301465763,215.97878827965957,219.5091306560094,0.0
8.311,2.8283424527942387,-1.322107059158109,4.0737285023143235,0.0,13.065850694946342,11.931181184254795,217.23785598364603,219.5091306560094,0.0
8.312,2.9967790401338146,-1.3339364068465986,3.4669073970447273,0.0,13.085895678038732,12.083908394088947,220.54161471476561,219.5091306560094,0.0
8.313,3.125108812812095,-1.3398595959568649,1.8047031908973716,0.0,13.119742141130542,12.034161220504199,215.82284204327726,219.5091306560094,0.0
8.314,3.1410431355697583,-1.2915920757600898,4.200952412768869,0.0,13.13986058144195,12.272513389277885,212.43275432132205,219.5091306560094,0.0
8.315,3.28386915918558,-1.2582605360635146,5.966760037093349,0.0,13.178618600434929,12.643767012292152,217.1605465100924,219.5091306560094,0.0
8.316,3.5170533657157943,-1.2877455608096642,3.6263497841673504,0.0,13.254202847949076,12.682445868357021,214.36976996567859,219.5091306560094,0.0
8.317,3.6143034381855337,-1.2580646221538048,5.073131663277559,0.0,13.322536802818696,12.898999706891834,211.1565811902926,219.5091306560094,0.0
8.318,3.7810797520631936,-1.2049245013795793,6.763251545627721,0.0,13.400144142156226,13.254804031525696,215.68289788017563,219.5091306560094,0.0
8.319,4.013856555955528,-1.2194893881499302,4.5383555284445425,0.0,13.507704718775868,13.297211211626896,209.98883626395377,219.5091306560094,0.0
8.32,4.128949598544242,-1.157930999794756,7.480589280476028,0.0,13.601832884156897,13.6816959376294,213.72776972607025,219.5091306560094,0.0
8.321,4.381677544643736,-1.139243709414311,5.668936158717181,0.0,13.723556687541771,13.78179168301091,208.83552613692794,219.5091306560094,0.0
8.322000000000001,4.526472369859045,-1.0931346975604888,8.22179399847915,0.0,13.838232566726195,14.169580976471476,212.3917725525113,219.5091306560094,0.0
8.323,4.80176110188104,-1.0668374222958956,6.514844371722452,0.0,13.977788177177665,14.287932078893299,206.65621408205064,219.5091306560094,0.0
8.324,4.970610258647351,-1.0149430112130216,9.51115277269237,0.0,14.109777924359705,14.739246532568274,211.5139905307846,219.5091306560094,0.0
8.325,5.283970894422289,-1.0094805256546584,7.162215949577631,0.0,14.273618212890442,14.837501202674053,205.74936208090577,219.5091306560094,0.0
8.326,5.476088369160648,-0.930011855995432,10.0,0.0,14.422213010771758,15.259960732536465,208.1170878429053,219.5091306560094,0.0
8.327,5.773393476234811,-0.9319643592806681,9.108542850193999,0.0,14.599203743909147,15.497813275187113,208.98480558064833,219.5091306560094,0.0
8.328,6.044569301903405,-0.8692172016137705,8.7799272320761,0.0,14.77535894562165,15.67549020063872,205.97167437804416,219.5091306560094,0.0
8.329,6.235976433798633,-0.8460220166330839,10.0,0.0,14.94974232093686,15.972166088117438,216.59914510427228,219.5091306560094,0.0
8.33,6.383539690325434,-0.989011000007026,5.12879454063799,0.0,15.152315687489358,15.694261509271747,221.04622864436365,219.5091306560094,0.0
8.331,6.263516208087251,-0.9834042867709898,2.8898817907087615,0.0,15.304794631212333,15.281514592678748,220.70971035657968,219.5091306560094,0.0
8.332,5.953568535983862,-0.9602680541355797,3.0461351375950465,0.0,15.398262070446183,14.997761266883122,227.26556283999184,219.5091306560094,0.0
8.333,5.67021088537089,-0.9355439904006944,-0.3093554259508613,0.0,15.451519148492592,14.40913338697792,224.82721266186098,219.5091306560094,0.0
8.334,5.236731085277828,-0.871992189149988,0.8566388430560532,0.0,15.433844273243619,14.091357479598212,226.9918631090903,219.5091306560094,0.0
8.335,4.905502419481962,-0.8536509334112234,-0.3005137050894158,0.0,15.384777274662811,13.696745307682114,228.160417845861,219.5091306560094,0.0
8.336,4.575973304275896,-0.8406667991102879,-0.9713039453732755,0.0,15.299910916532767,13.307408168164493,228.60904691697223,219.5091306560094,0.0
8.337,4.2559000886442435,-0.8336528666990446,-1.2866176435385248,0.0,15.183955789041727,12.952454264957701,228.99798700195836,219.5091306560094,0.0
8.338000000000001,3.9623304459846658,-0.8371669595859428,-1.5759762494910805,0.0,15.044557473520793,12.6218158581856,229.04841256997764,219.5091306560094,0.0
8.339,3.694540953843267,-0.8494572770123355,-1.696581852640402,0.0,14.887351942862772,12.326449577960677,228.79469660143903,219.5091306560094,0.0
8.34,3.457050250483361,-0.8704929847516089,-1.6625795278253914,0.0,14.718521361925117,12.073291766901761,228.39499303854032,219.5091306560094,0.0
8.341,3.253728770543648,-0.9006749253081051,-1.5515863702013464,0.0,14.544367714359158,11.860426358705233,227.90735473795044,219.5091306560094,0.0
8.342,3.0837827534861058,-0.9385256429463427,-1.3917494607258174,0.0,14.370204650264778,11.684565102114766,227.35433655725205,219.5091306560094,0.0
8.343,2.9442959963413653,-0.9817409361115521,-1.19369242938905,0.0,14.20024694199259,11.542705652241539,226.75125976690842,219.5091306560094,0.0
8.344,2.8319510705602755,-1.0280810430288883,-0.9645753253262224,0.0,14.037764318389543,11.432221761926435,226.1176123274511,219.5091306560094,0.0
8.345,2.7437410258023673,-1.07554878294361,-0.7138364223119789,0.0,13.88523961843674,11.35040776223903,225.5561419197261,219.5091306560094,0.0
8.346,2.6772558152496764,-1.1217948469185817,-0.49357133108664053,0.0,13.744398378148578,11.289675736242952,225.05339053072157,219.5091306560094,0.0
8.347,2.6276463298970167,-1.1641219724091503,-0.29763823533150413,0.0,13.615761582453832,11.245074969721736,224.60281670410498,219.5091306560094,0.0
8.348,2.590974803493646,-1.2002644836242349,-0.12328818250416473,0.0,13.499080794655198,11.212827548187473,223.83115173232974,219.5091306560094,0.0
8.349,2.5618633007335414,-1.2330340686318497,0.21932409262025043,0.0,13.394086572721687,11.210916189801761,222.70673314645842,219.5091306560094,0.0
8.35,2.5519891784520183,-1.2602803724059004,0.7495573606514232,0.0,13.302070034708027,11.254391120216825,221.72341975000649,219.5091306560094,0.0
8.351,2.5688017895467614,-1.2916649747761582,1.219071167937419,0.0,13.226782486760223,11.328712961466918,220.58004407846428,219.5091306560094,0.0
8.352,2.611048778243283,-1.3200339313303633,1.7800498694839715,0.0,13.16926261692947,11.440607340248821,220.17810983352493,219.5091306560094,0.0
8.353,2.680430825693097,-1.3460174379207746,1.9743272001784935,0.0,13.13125866811939,11.544111458197872,221.0827558672964,219.5091306560094,0.0
8.354000000000001,2.754371887989266,-1.3597279938195865,1.506267931179881,0.0,13.10865385206818,11.572595780196137,222.19653736305293,219.5091306560094,0.0
8.355,2.7821892710031713,-1.3622536139924055,0.9225031162311899,0.0,13.091298662481943,11.534117149926516,218.07999392299072,219.5091306560094,0.0
8.356,2.773709236557764,-1.3226921132784863,2.995066203592477,0.0,13.067454107547114,11.732781429103596,215.50988913397032,219.5091306560094,0.0
8.357,2.877368107388334,-1.3138758145544043,4.320111013323071,0.0,13.065286258170959,12.022736846930423,218.73291635239727,219.5091306560094,0.0
8.358,3.0567778651412776,-1.3430286842999752,2.7163595471457174,0.0,13.095625714174359,12.075118344015614,219.44481681648037,219.5091306560094,0.0
8.359,3.1365284319183626,-1.3336672934995175,2.3610524534994575,0.0,13.126848092600431,12.095270906585366,213.8635279807058,219.5091306560094,0.0
8.36,3.183373838681144,-1.2755837895887971,5.2081528981397724,0.0,13.150667917918696,12.428909081511513,214.97729919522882,219.5091306560094,0.0
8.361,3.3792414469411542,-1.267471048484993,4.696585605486072,0.0,13.20515801171544,12.625745031997589,217.94935662821769,219.5091306560094,0.0
8.362,3.5401840894753622,-1.2693092485797886,3.226154629269558,0.0,13.274166020602577,12.635969647761282,211.3740250923668,219.5091306560094,0.0
8.363,3.611266787860431,-1.2066809057243488,6.595171452831431,0.0,13.33038819046233,13.031159092794281,213.7447074095505,219.5091306560094,0.0
8.364,3.853005485088299,-1.1964963433908151,5.467474526704166,0.0,13.42001306941127,13.208834550489124,214.15773402710406,219.5091306560094,0.0
8.365,4.021016673898719,-1.1901585902332548,5.314475184216442,0.0,13.517847699010805,13.356088148100126,208.23355731120773,219.5091306560094,0.0
8.366,4.182925726112145,-1.1221624133699923,8.38931927561262,0.0,13.6132080234881,13.82203280853307,214.32061744778198,219.5091306560094,0.0
8.367,4.476571458096212,-1.1474856057035034,5.397674339407768,0.0,13.749092294486282,13.860407711477837,207.46622110593887,219.5091306560094,0.0
8.368,4.618875980871373,-1.0767956499507592,8.94530160583003,0.0,13.867196501622987,14.315971959711014,212.70120405713047,219.5091306560094,0.0
8.369,4.913513920386581,-1.078542939050884,6.395889396223021,0.0,14.019945814227881,14.390891459994638,206.28780095174216,219.5091306560094,0.0
8.370000000000001,5.080660480424274,-1.0012765730264372,9.73480424595985,0.0,14.156395372446955,14.850928954868511,210.7246026071878,219.5091306560094,0.0
8.371,5.38549986407674,-1.0086647234229775,7.6042486987252484,0.0,14.326789084535374,14.978996530782336,206.94789866449057,219.5091306560094,0.0
8.372,5.600334254772662,-0.9212860687588051,9.618212989989049,0.0,14.483264649489303,15.333554958684953,206.02336000288494,219.5091306560094,0.0
8.373,5.866651273875648,-0.9128337302461076,10.0,0.0,14.659492530048357,15.663015500286908,208.69718229125417,219.5091306560094,0.0
8.374,6.169068137965725,-0.8756353516208844,8.982241566239583,0.0,14.847036378448045,15.830778793111932,211.8907572973954,219.5091306560094,0.0
8.375,6.338398390041199,-0.902309805849002,7.4616377967551095,0.0,15.035908345041618,15.827829152101335,215.7837959030395,219.5091306560094,0.0
8.376,6.3267489189890025,-0.9886861959290214,5.552371841462754,0.0,15.21483280924129,15.652223198800336,224.41171672070024,219.5091306560094,0.0
8.377,6.199506104444854,-0.9978845929280342,1.189385571985477,0.0,15.35845229145999,15.065114672049162,221.2890216969758,219.5091306560094,0.0
8.378,5.808731532556958,-0.9288725566164429,2.7329341734380366,0.0,15.421315664817435,14.806211929811758,228.53851666863508,219.5091306560094,0.0
8.379,5.5005534092068284,-0.9227118242595531,-0.982107172517865,0.0,15.452014866419253,14.185387612913797,224.9498699583903,219.5091306560094,0.0
8.38,5.062747263848984,-0.8334991620313787,0.7578087895807126,0.0,15.407809930649565,13.90333371191208,228.12081675300576,219.5091306560094,0.0
8.381,4.742628967399344,-0.8360138848536323,-0.9137814686969739,0.0,15.340988844489399,13.474625570557915,227.5931060212773,219.5091306560094,0.0
8.382,4.4101855452486785,-0.8133236570788116,-0.730765856485422,0.0,15.235457980526384,13.152321348121276,228.65782833737674,219.5091306560094,0.0
8.383000000000001,4.123258125245077,-0.8264420139487956,-1.3546139913488195,0.0,15.109919702249453,12.809478592553802,228.6619184562874,219.5091306560094,0.0
8.384,3.851018043253369,-0.8375196075475344,-1.4481869288069262,0.0,14.963738327970628,12.511388877762673,228.75536337146247,219.5091306560094,0.0
8.385,3.607959304586303,-0.8600807790312868,-1.587371713548992,0.0,14.804737072567795,12.238129460509185,228.49221525413216,219.5091306560094,0.0
8.386000000000001,3.390574692275182,-0.8881914784034899,-1.5456285008650679,0.0,14.637176566196006,12.003761180650972,228.11490417211698,219.5091306560094,0.0
8.387,3.203343502893408,-0.9229343711820941,-1.4430306950185523,0.0,14.466475893687498,11.805363589366562,227.6451197089136,219.5091306560094,0.0
8.388,3.0454133705583386,-0.9630495248678014,-1.2894983539459033,0.0,14.297070767279042,11.641098272082308,227.10046640938504,219.5091306560094,0.0
8.389,2.914830627005438,-1.006759910793365,-1.093085061715378,0.0,14.13258661269796,11.509173913087734,226.50267488609725,219.5091306560094,0.0
8.39,2.809377391373778,-1.052428882935252,-0.8641247423723657,0.0,13.97594492075188,11.407509105223891,225.9204209226832,219.5091306560094,0.0
8.391,2.7269882637897322,-1.0981586202846243,-0.6371106633320807,0.0,13.82937449860104,11.331036826130752,225.3635923435255,219.5091306560094,0.0
8.392,2.664096750455313,-1.1418430211377633,-0.41724099062839404,0.0,13.694161877476317,11.275564431129789,224.90786004847834,219.5091306560094,0.0
8.393,2.617811237017094,-1.1807379673560612,-0.24336213702949827,0.0,13.570764879039452,11.233508482030153,224.33463755391764,219.5091306560094,0.0
8.394,2.5819977909818306,-1.2148143665537812,-0.005005958728232507,0.0,13.458861439985876,11.211275443003444,223.36325489243677,219.5091306560094,0.0
8.395,2.559082275578083,-1.2439038428855078,0.4421441296479305,0.0,13.358784119339502,11.229040884146471,222.4743921233568,219.5091306560094,0.0
8.396,2.559050656576519,-1.2745063685975089,0.8569228995144385,0.0,13.273566457937067,11.275950535848244,221.28913707539456,219.5091306560094,0.0
8.397,2.581814093417244,-1.3023355699465484,1.4317503593017085,0.0,13.204316714736333,11.366226394875039,220.44769638709226,219.5091306560094,0.0
8.398,2.633859391447849,-1.3296343271508502,1.8430850461420296,0.0,13.15374410303733,11.474550886218685,220.09987872956293,219.5091306560094,0.0
8.399000000000001,2.703601235344731,-1.352736658055172,2.0110863941711608,0.0,13.121329470470027,11.574201318824514,221.36950356690488,219.5091306560094,0.0
8.4,2.7756665199899686,-1.3617073631352459,1.3576702463912307,0.0,13.102877098669795,11.57985969230494,221.4903101663243,219.5091306560094,0.0
8.401,2.7911499685477046,-1.356264863180558,1.2774551515783767,0.0,13.086147419351827,11.579834965810786,217.426380561313,219.5091306560094,0.0
8.402000000000001,2.7998735919194666,-1.3186144777147155,3.3302474550309813,0.0,13.067001117914533,11.803944284276849,215.67861315150552,219.5091306560094,0.0
8.403,2.9232903795125917,-1.3128143586617016,4.242436334979768,0.0,13.071918869226405,12.070052284110893,219.16466948412724,219.5091306560094,0.0
8.404,3.0968137484854084,-1.3368212575108134,2.5028527803877245,0.0,13.10565440545442,12.091711776577025,218.21046827476988,219.5091306560094,0.0
8.405,3.1583847336068835,-1.319816241651449,2.992940008878802,0.0,13.13607171657323,12.18084672942565,212.35864609984674,219.5091306560094,0.0
8.406,3.2359517663884727,-1.2711115532279091,5.990355941902,0.0,13.167173326297029,12.581008134694176,215.9844694716045,219.5091306560094,0.0
8.407,3.4734556224167763,-1.282183231828454,4.2126908678671615,0.0,13.236885847105594,12.693396489098875,217.20621592073587,219.5091306560094,0.0
8.408,3.6030746008593244,-1.2728985581939862,3.624846790654217,0.0,13.309733920387975,12.74274801332248,210.81523563303682,219.5091306560094,0.0
8.409,3.6901464732508718,-1.2012523399703452,6.907275884733469,0.0,13.372444101496221,13.153113117394163,214.62727828980724,219.5091306560094,0.0
8.41,3.938516188127538,-1.200011379086769,5.050073080010282,0.0,13.470499731385859,13.265146179796645,212.18009012712272,219.5091306560094,0.0
8.411,4.079498977786966,-1.1751055225332574,6.346957566641405,0.0,13.567225869914726,13.523986410810725,210.7382770872583,219.5091306560094,0.0
8.412,4.291080744673886,-1.1206279873969007,7.15557262226113,0.0,13.674419947392657,13.820729877367178,212.5373162602327,219.5091306560094,0.0
8.413,4.5122678180019475,-1.1207545955193283,6.325771179731696,0.0,13.801127666023262,13.976939335384126,207.23950742514074,219.5091306560094,0.0
8.414,4.702493491093902,-1.0488113518269742,9.097371829586361,0.0,13.922870535705119,14.424659752064914,212.0331573648535,219.5091306560094,0.0
8.415000000000001,4.99690856097981,-1.0717918976534349,6.775306592641537,0.0,14.08045845256471,14.526155830526793,207.0751521349814,219.5091306560094,0.0
8.416,5.190302561651861,-0.9867529550751979,9.378648992787866,0.0,14.222853096442654,14.924520219838929,209.04158399694273,219.5091306560094,0.0
8.417,5.466478304416072,-0.9898185347033668,8.50010852839787,0.0,14.392032318048905,15.146169367825943,209.63478583705776,219.5091306560094,0.0
8.418000000000001,5.720006636901495,-0.921164691534781,8.302251056529872,0.0,14.558875953748396,15.324466246767539,202.6286484021003,219.5091306560094,0.0
8.419,5.921839647749531,-0.8625365778839038,10.0,0.0,14.721102359702193,15.670682412016896,210.35426918928644,219.5091306560094,0.0
8.42,6.19118159958434,-0.8529860284157319,8.163380325690902,0.0,14.901263462280557,15.751884663134646,214.82456837001305,219.5091306560094,0.0
8.421,6.290841694815745,-0.897994848682383,5.9750763581875574,0.0,15.07657515543687,15.61236636875907,215.37857481432138,219.5091306560094,0.0
8.422,6.197217224934533,-0.9477184792538187,5.739378694450274,0.0,15.225423361000185,15.511582662439862,224.6964795651244,219.5091306560094,0.0
8.423,6.06768254307378,-0.9934335614133196,1.0285528299576123,0.0,15.353839798107078,14.93324084915796,222.25231858134222,219.5091306560094,0.0
8.424,5.696288366999583,-0.9194379390637195,2.223201442595375,0.0,15.402983740895046,14.64365247949957,226.54980145995057,219.5091306560094,0.0
8.425,5.376052776447121,-0.916491209039759,0.004053295251789102,0.0,15.418670268359232,14.163396531951673,226.33690586199484,219.5091306560094,0.0
8.426,5.007585791559485,-0.8602517967691226,0.04222334216980261,0.0,15.378605680272685,13.796454030971518,228.15164245111816,219.5091306560094,0.0
8.427,4.668244260715906,-0.8534771820915795,-0.951570070342949,0.0,15.305670487404946,13.386143243979058,228.036670284721,219.5091306560094,0.0
8.428,4.337130840127757,-0.833470877983662,-0.9793593834314818,0.0,15.196864787819642,13.049480187040722,228.87027856943564,219.5091306560094,0.0
8.429,4.044499148941005,-0.8413426086504402,-1.4897750049230658,0.0,15.066339305913463,12.70861339242916,228.85087393485313,219.5091306560094,0.0
8.43,3.771313908475891,-0.8506094375474679,-1.5734901204202458,0.0,14.91572032660875,12.41180028213765,228.79367347532735,219.5091306560094,0.0
8.431000000000001,3.529371461037144,-0.8711548649014007,-1.6377353188505386,0.0,14.752649262925317,12.147258581086081,228.45028674031073,219.5091306560094,0.0
8.432,3.317441900291466,-0.8990924322739496,-1.5554535121852409,0.0,14.582298813642517,11.923450221696442,228.0080602102917,219.5091306560094,0.0
8.433,3.1380181679473718,-0.9344684453274984,-1.4193295427185428,0.0,14.410214559111193,11.736755786842565,227.49042677906047,219.5091306560094,0.0
8.434000000000001,2.9891043996461635,-0.9755217503271282,-1.2403257883334442,0.0,14.240831389967042,11.58443782049833,226.9102743775918,219.5091306560094,0.0
8.435,2.867855749552664,-1.0201277896329932,-1.024261024814935,0.0,14.077650872376523,11.464238634144559,226.28869429023698,219.5091306560094,0.0
8.436,2.7715385806762525,-1.066415508588538,-0.7812666174797962,0.0,13.923414076601734,11.373692453914268,225.71801699913885,219.5091306560094,0.0
8.437,2.697841294962987,-1.1121866413297155,-0.5580168353620296,0.0,13.780118289793378,11.306048273828823,225.17391714926958,219.5091306560094,0.0
8.438,2.6422461808023705,-1.1550283748671148,-0.34261477535999685,0.0,13.648642543019005,11.257679151550668,224.77815357312846,219.5091306560094,0.0
8.439,2.6020171070653477,-1.1920965816224045,-0.19742321646062688,0.0,13.529126544101961,11.218685664671268,224.03246926097847,219.5091306560094,0.0
8.44,2.5691420625409656,-1.2243875267930362,0.1301855535646772,0.0,13.420844118289903,11.209438939862208,223.05295287055384,219.5091306560094,0.0
8.441,2.5537144693943885,-1.2530810617576555,0.5845055266315504,0.0,13.325298641972543,11.238356039090828,222.07792006857017,219.5091306560094,0.0
8.442,2.561565734193329,-1.283614780268227,1.0463340334977795,0.0,13.245271196896299,11.300066901730116,220.83739206546068,219.5091306560094,0.0
8.443,2.594753809380204,-1.3110758259025264,1.6533154209580112,0.0,13.182132960426278,11.406181425527251,220.21939494999705,219.5091306560094,0.0
8.444,2.6581475138661874,-1.3385679011792746,1.9552113357499463,0.0,13.13866951780707,11.51586798330859,220.23662598691985,219.5091306560094,0.0
8.445,2.733432771452402,-1.356628103350166,1.9393208639794448,0.0,13.112232776713943,11.597825188717572,222.4466607037195,219.5091306560094,0.0
8.446,2.7919191785687696,-1.36819982201408,0.8049282051025237,0.0,13.097727717302357,11.53863805951065,219.30754538942847,219.5091306560094,0.0
8.447000000000001,2.7767873758113426,-1.3372725110974568,2.376501714913842,0.0,13.075236729523768,11.670385512325762,215.70100210157352,219.5091306560094,0.0
8.448,2.842621855683702,-1.3190313040604624,4.217854644385675,0.0,13.06647232613964,11.966149097411751,217.9261311225538,219.5091306560094,0.0
8.449,3.017885496759978,-1.338008506305434,3.1211201292300856,0.0,13.090430625919844,12.073784901969235,220.33105003711395,219.5091306560094,0.0
8.45,3.1248378261292444,-1.337396546449598,1.9104414781389694,0.0,13.122499588571186,12.040833529760663,214.9407575538643,219.5091306560094,0.0
8.451,3.1473549743625426,-1.282180019059232,4.651271450785247,0.0,13.141998819322145,12.32657491152811,213.42096802891854,219.5091306560094,0.0
8.452,3.3152729714877522,-1.2587190135017343,5.472047839529037,0.0,13.186093719837343,12.630323373027831,217.14647895536785,219.5091306560094,0.0
8.453,3.520429788174073,-1.2807025996034076,3.6329188933107943,0.0,13.258806780977752,12.676706460593412,213.18320780314394,219.5091306560094,0.0
8.454,3.617264778025897,-1.2428103437758011,5.677813697951404,0.0,13.324498860758618,12.96045198277228,212.64659597952345,219.5091306560094,0.0
8.455,3.815577294960759,-1.2061005030544758,6.014744956526508,0.0,13.408337124858221,13.218159624143896,215.36979035145282,219.5091306560094,0.0
8.456,4.008332693897233,-1.2073509581064286,4.694541173607391,0.0,13.510066975147952,13.290668630367785,209.3102509140461,219.5091306560094,0.0
8.457,4.131676945456181,-1.139006641958789,7.826299689730387,0.0,13.601344361704339,13.712154881918861,214.10918358359757,219.5091306560094,0.0
8.458,4.401179348350358,-1.135870108193713,5.4808328256787675,0.0,13.725981059207513,13.782889484960798,207.95228570521323,219.5091306560094,0.0
8.459,4.542423165167449,-1.08027549748976,8.6748502143789,0.0,13.839143505424776,14.220969083025441,212.72442725393563,219.5091306560094,0.0
8.46,4.835797109468609,-1.072285460635829,6.356626474038437,0.0,13.984474708879887,14.308753484875938,206.28658287187721,219.5091306560094,0.0
8.461,5.002492252249243,-1.007270550955316,9.707774142908967,0.0,14.11697949247822,14.778698321603201,211.2175356346767,219.5091306560094,0.0
8.462,5.317301896596667,-1.0130965924321176,7.325213711722554,0.0,14.2845192950487,14.886343919447956,206.27829267351527,219.5091306560094,0.0
8.463000000000001,5.519866614450193,-0.9298342359578702,9.927143572128209,0.0,14.43685255751967,15.290882804201352,207.30616220359022,219.5091306560094,0.0
8.464,5.809070293755505,-0.9299831823149616,9.535238491614924,0.0,14.615255389882904,15.57128551172094,209.2000160418705,219.5091306560094,0.0
8.465,6.096005683906484,-0.8803153573304567,8.691402718616175,0.0,14.79839325954991,15.723914491376604,210.50426762421841,219.5091306560094,0.0
8.466,6.2734256809577875,-0.8651427909064271,8.129325557760126,0.0,14.977307936158983,15.8095573842951,214.06134972363378,219.5091306560094,0.0
8.467,6.3108892220664865,-0.9600158614550791,6.405262317376199,0.0,15.157483197823586,15.718154481197532,223.49604192602519,219.5091306560094,0.0
8.468,6.241264947828071,-0.995845070353111,1.648047103480339,0.0,15.31349312528527,15.155889659028787,220.46178496246958,219.5091306560094,0.0
8.469,5.8857956893010215,-0.9330842351836814,3.15564904219354,0.0,15.390413593826297,14.91726605291609,227.0095958651626,219.5091306560094,0.0
8.47,5.5945390759562725,-0.9374325356645563,-0.19326106124449982,0.0,15.436885576306544,14.355224258386103,225.05072969836306,219.5091306560094,0.0
8.471,5.192300373036662,-0.8576284096122875,0.7307560317317332,0.0,15.4136842442152,14.030498514006606,227.7921134350813,219.5091306560094,0.0
8.472,4.857717888670746,-0.8535891663810383,-0.7227656644181026,0.0,15.360684195400138,13.599579339600748,227.50299565523426,219.5091306560094,0.0
8.473,4.516509969402834,-0.8257482094437092,-0.6581454244868352,0.0,15.26687012119519,13.262282567383709,228.7110657272222,219.5091306560094,0.0
8.474,4.2161247605402705,-0.8332923357226831,-1.3541998111929368,0.0,15.149816040649103,12.901752173813097,228.67056310942672,219.5091306560094,0.0
8.475,3.928977848141214,-0.8371756010151165,-1.4255628268293687,0.0,15.008766046719941,12.593262331967269,228.8620969513275,219.5091306560094,0.0
8.476,3.67416250978642,-0.8555547297587505,-1.6148594107329313,0.0,14.852954939507981,12.306565698935112,228.62269441161402,219.5091306560094,0.0
8.477,3.44529903699034,-0.8798856922689745,-1.5862937784322444,0.0,14.686547894302695,12.060619632501108,228.26408823961435,219.5091306560094,0.0
8.478,3.2479874022618818,-0.9119159003726838,-1.4945402682684596,0.0,14.515466960240841,11.851850343077158,227.80401265991947,219.5091306560094,0.0
8.479000000000001,3.081386265485826,-0.9502817979057543,-1.3474512984601166,0.0,14.344517137290376,11.678465149464774,227.2667219135558,219.5091306560094,0.0
8.48,2.9434866088532337,-0.9930804537000997,-1.156381837853754,0.0,14.17764797043577,11.538373194749024,226.67455499239435,219.5091306560094,0.0
8.481,2.831807378097064,-1.0385141201780879,-0.9319526206368716,0.0,14.018026241549686,11.429285756924035,226.0654454516209,219.5091306560094,0.0
8.482,2.743913893288007,-1.0847208900429375,-0.6929609982062566,0.0,13.868086349790067,11.347741167309573,225.51073860895315,219.5091306560094,0.0
8.483,2.6770763006037526,-1.1295338749951362,-0.47562365640182325,0.0,13.729453348891052,11.28734743920195,225.01926242862217,219.5091306560094,0.0
8.484,2.627183397255045,-1.1702127666826276,-0.2849868839624623,0.0,13.60267082350728,11.242746298806992,224.5248924258442,219.5091306560094,0.0
8.485,2.58989655303614,-1.205189532348532,-0.08795950027182498,0.0,13.487547091928763,11.213296288225319,223.64992418679807,219.5091306560094,0.0
8.486,2.562281089521157,-1.2364129950388696,0.30811668394335134,0.0,13.384075545689207,11.21954184451518,222.68945889418188,219.5091306560094,0.0
8.487,2.555949843414944,-1.2656519807738085,0.7565460478697221,0.0,13.294479763506539,11.260602441178388,221.61669312076458,219.5091306560094,0.0
8.488,2.5730917201334447,-1.2952372886246597,1.2718533099308216,0.0,13.220911613214696,11.338847986244367,220.57469565729147,219.5091306560094,0.0
8.489,2.6175754400661226,-1.322422718982887,1.7821963916545553,0.0,13.165219376719536,11.448175037718155,220.0483157362162,219.5091306560094,0.0
8.49,2.6855965273322018,-1.3478332338457468,2.0399945013901175,0.0,13.1285523713526,11.557217039248775,221.0537168053562,219.5091306560094,0.0
8.491,2.761780930063382,-1.3618884894576357,1.5218481053266535,0.0,13.1077482396441,11.584413981997539,222.15725362440787,219.5091306560094,0.0
8.492,2.7899318431443496,-1.3630585500266374,0.9435984661168342,0.0,13.091732369487797,11.546050064536537,217.994312016276,219.5091306560094,0.0
8.493,2.781762162069639,-1.3222371736539447,3.0402174565800975,0.0,13.068979642594337,11.747511711198088,215.42828131145708,219.5091306560094,0.0
8.494,2.887192069192338,-1.312751823360881,4.364041302435085,0.0,13.068013178287872,12.039527367049308,218.74278558682553,219.5091306560094,0.0
8.495000000000001,3.06803883379721,-1.342099906444227,2.714452615442699,0.0,13.099668068639271,12.088712971821737,219.28482014434567,219.5091306560094,0.0
8.496,3.1467656243311026,-1.3316856127180128,2.445678441799267,0.0,13.131636977292054,12.116224753608535,213.69543772778664,219.5091306560094,0.0
8.497,3.19743469461946,-1.273947442704206,5.29850657936101,0.0,13.156913117493986,12.455894755123776,215.0866430461421,219.5091306560094,0.0
8.498,3.3974430103325512,-1.2672598374438975,4.647128796281962,0.0,13.213470388948753,12.642451308967814,217.87695603908904,219.5091306560094,0.0
8.499,3.554434576634208,-1.267283248490993,3.268294045977689,0.0,13.283097039910226,12.655580900734199,211.19868823702762,219.5091306560094,0.0
8.5,3.6269748823069694,-1.2024710399354097,6.690532371198213,0.0,13.33994440790061,13.058185243736407,213.8724948075375,219.5091306560094,0.0
8.501,3.8722044961254642,-1.1944926918501468,5.409995444427999,0.0,13.43113797718835,13.224882589577192,213.82238330374167,219.5091306560094,0.0
8.502,4.036313788074278,-1.1859155212643904,5.491918669848585,0.0,13.529018218847817,13.390246755850452,208.54449845570548,219.5091306560094,0.0
8.503,4.20754582239735,-1.1187908830731268,8.240507415869722,0.0,13.626348914473478,13.833193628614406,213.97554875200294,219.5091306560094,0.0
8.504,4.49104963372541,-1.1425043178339813,5.580318086761058,0.0,13.761520952018579,13.89199907109951,207.58627650858344,219.5091306560094,0.0
8.505,4.642894559507336,-1.071819647230314,8.894182749945067,0.0,13.881043881943668,14.335700275609213,212.56842933106037,219.5091306560094,0.0
8.506,4.933135976416562,-1.0741882869640396,6.472513351956089,0.0,14.033952036403964,14.417053265647626,206.283412388661,219.5091306560094,0.0
8.507,5.1043581979281365,-0.9952118135003303,9.747279005829263,0.0,14.170993575943726,14.874070657836988,210.4572201457589,219.5091306560094,0.0
8.508000000000001,5.407781949684841,-1.0041376097159265,7.750894232382817,0.0,14.341804303066802,15.015076092665426,207.37622755311406,219.5091306560094,0.0
8.509,5.630132979578708,-0.91811718493752,9.412719559734185,0.0,14.500082996272631,15.340402314695687,205.32108034484824,219.5091306560094,0.0
8.51,5.884315289488804,-0.9041118605905702,10.0,0.0,14.674386060930523,15.671269835208063,208.30162457809752,219.5091306560094,0.0
8.511000000000001,6.183579339251527,-0.8663406933106677,9.192333137793616,0.0,14.860330796016546,15.861387528514829,214.52415512734808,219.5091306560094,0.0
8.512,6.354833178322689,-0.9120635494975162,6.130917618454947,0.0,15.052100052778,15.70656360569413,214.9037940922864,219.5091306560094,0.0
8.513,6.27500957494056,-0.9575160048813336,5.987151501623015,0.0,15.213752533111577,15.611692017936258,223.8617204843416,219.5091306560094,0.0
8.514,6.1499376980854255,-1.0027184867756112,1.4646624073121006,0.0,15.354270355090554,15.059396368201902,222.16120718016077,219.5091306560094,0.0
8.515,5.79337038914181,-0.9285588555808051,2.288398294160995,0.0,15.416897245647817,14.75018958935061,225.93947455669942,219.5091306560094,0.0
8.516,5.465083007412678,-0.9211686317667787,0.3349611668847694,0.0,15.442269440956636,14.287596673472066,226.4444959103738,219.5091306560094,0.0
8.517,5.10167589977854,-0.8650215998507496,0.013096837503935532,0.0,15.412742853874095,13.894621471775597,227.93981033234098,219.5091306560094,0.0
8.518,4.74842877614217,-0.8529535472077745,-0.8188671702429704,0.0,15.346105389858588,13.484916846505827,228.0647251062514,219.5091306560094,0.0
8.519,4.412663638328148,-0.8293478932855114,-0.9668805017005928,0.0,15.242685268312643,13.134958804901796,228.9769743100589,219.5091306560094,0.0
8.52,4.110077257244382,-0.834632911881596,-1.5176835401448403,0.0,15.115428763345676,12.780473204930349,228.9058327936416,219.5091306560094,0.0
8.521,3.826659730881783,-0.8396651918585418,-1.5760798033125125,0.0,14.965950049489766,12.4759450199844,228.90986312429058,219.5091306560094,0.0
8.522,3.577028363845745,-0.8584509356292085,-1.672102293319818,0.0,14.802982497539857,12.201568545988671,228.57000002902012,219.5091306560094,0.0
8.523,3.3576416684667434,-0.8849427285016402,-1.592779439414695,0.0,14.631600293163629,11.969654925848488,228.13913495776077,219.5091306560094,0.0
8.524000000000001,3.1718789085823706,-0.9196403180436379,-1.4636469468025353,0.0,14.457716764131897,11.775445829566472,227.63267515875077,219.5091306560094,0.0
8.525,3.017415660510893,-0.9605983534865257,-1.291652492324948,0.0,14.285959086378433,11.616030684764924,227.0618451742628,219.5091306560094,0.0
8.526,2.891177500517037,-1.0054992197410448,-1.0817646452634957,0.0,14.119965176853734,11.489090570418774,226.44613960468337,219.5091306560094,0.0
8.527000000000001,2.7902667219448682,-1.0523860296767016,-0.8432819499605189,0.0,13.962585187277265,11.392217098610484,225.8548650296691,219.5091306560094,0.0
8.528,2.7122361142566045,-1.0991576833638774,-0.6111020061899821,0.0,13.815931863283845,11.320022200947088,225.29237558447426,219.5091306560094,0.0
8.529,2.6532434991319827,-1.1435900723936343,-0.38768973287720954,0.0,13.68114422817983,11.26834389286422,224.85249486981053,219.5091306560094,0.0
8.53,2.61039344222363,-1.1828532599695736,-0.22118301768335602,0.0,13.558542152520983,11.228559848126103,224.22094595485254,219.5091306560094,0.0
8.531,2.577130733421557,-1.2165716200351766,0.047473286807207415,0.0,13.447538267685673,11.211611524037085,223.32751179514293,219.5091306560094,0.0
8.532,2.5574360605041218,-1.2465924462503304,0.4560065552706791,0.0,13.348905046208,11.22934352729241,222.3842584787032,219.5091306560094,0.0
8.533,2.558493991149465,-1.2766707234388768,0.8988819352636024,0.0,13.26491674943221,11.279756648088858,221.1580940578566,219.5091306560094,0.0
8.534,2.583536171181664,-1.3040682619701263,1.495474511668431,0.0,13.1970815408802,11.375181996235595,220.35855303994813,219.5091306560094,0.0
8.535,2.63898433982756,-1.3314837685333172,1.8867507967832768,0.0,13.148314118334701,11.485506877560317,219.94307804733995,219.5091306560094,0.0
8.536,2.7113191568000414,-1.3534271023930222,2.0901488191740625,0.0,13.117595537835163,11.590981199929338,221.8212229234189,219.5091306560094,0.0
8.537,2.7851356846912707,-1.3658780667024801,1.1279554584604932,0.0,13.101646420357925,11.567564512210797,220.7504206075937,219.5091306560094,0.0
8.538,2.7878475041019146,-1.3523665151000956,1.6509437168572525,0.0,13.083339765537195,11.612485088690903,216.87657102688792,219.5091306560094,0.0
8.539,2.8149419245157095,-1.3217149262714014,3.6141941035013576,0.0,13.06811927459142,11.858857333936403,216.43540163469757,219.5091306560094,0.0
8.540000000000001,2.9559670271621252,-1.32134725309874,3.865516089809649,0.0,13.079324129104064,12.071841403103273,219.58397349925818,219.5091306560094,0.0
8.541,3.106314271842069,-1.337537721341884,2.2904817290968573,0.0,13.112491533320606,12.073752605374905,216.88939356749836,219.5091306560094,0.0
8.542,3.1531666416672284,-1.3084939398761635,3.663969065861877,0.0,13.139176596698995,12.241973090258337,211.83658980562333,219.5091306560094,0.0
8.543000000000001,3.2680177035453988,-1.2696091411158517,6.26709635530325,0.0,13.176028312178913,12.656484068353823,217.21417573999182,219.5091306560094,0.0
8.544,3.518593912274452,-1.2967423905531432,3.6012529372791855,0.0,13.254019459346084,12.687540198969266,215.79289257599666,219.5091306560094,0.0
8.545,3.6125582298053227,-1.271567374422095,4.34905690007689,0.0,13.324276520589303,12.824376388486773,210.10893825659988,219.5091306560094,0.0
8.546,3.736958467460431,-1.203719735024773,7.285035983769374,0.0,13.393980004487554,13.257289941788295,216.27750420076322,219.5091306560094,0.0
8.547,4.000710320125043,-1.2201790434692985,4.233069276240169,0.0,13.502493495649004,13.261037658067796,210.45734928152527,219.5091306560094,0.0
8.548,4.098695205890954,-1.1644727156301393,7.2336645496039855,0.0,13.594238120175504,13.627706280073202,213.20798820078707,219.5091306560094,0.0
8.549,4.344240247476621,-1.131961467203783,5.921356514525307,0.0,13.71045597040139,13.766492560021659,210.13241837048787,219.5091306560094,0.0
8.55,4.499326501221665,-1.101799486230851,7.552908552530123,0.0,13.825937958176773,14.081011764033072,211.31171375595775,219.5091306560094,0.0
8.551,4.748814460227333,-1.0530131320767773,7.045235028795698,0.0,13.956258788428542,14.27757482547688,208.17136984943534,219.5091306560094,0.0
8.552,4.938991371534059,-1.027799375345952,8.728784590122647,0.0,14.09091819210066,14.639356270131104,210.81831082263832,219.5091306560094,0.0
8.553,5.226190334034608,-0.9927235500754601,7.492222301854865,0.0,14.24468359665855,14.795878046602406,205.16738123100887,219.5091306560094,0.0
8.554,5.426534079230716,-0.9386399143615685,10.0,0.0,14.393126196731954,15.221179533214437,209.28996709602978,219.5091306560094,0.0
8.555,5.7377504863097055,-0.9338916830515173,8.492781203170544,0.0,14.569273216372252,15.395692919213191,207.2884840374287,219.5091306560094,0.0
8.556000000000001,5.983032358885527,-0.8526933473630687,9.615729198656892,0.0,14.736372538035768,15.685097294135337,206.0642099454453,219.5091306560094,0.0
8.557,6.213680941520124,-0.8640038749703615,10.0,0.0,14.917758506418833,15.970392946560446,217.6620355627579,219.5091306560094,0.0
8.558,6.39192051444095,-0.9765384044634319,4.574627284995367,0.0,15.121801136174271,15.627364056722477,218.12847761264396,219.5091306560094,0.0
8.559000000000001,6.240230236139929,-0.9620357488490243,4.355212790485988,0.0,15.268415976557847,15.387628777940181,220.98422153253074,219.5091306560094,0.0
8.56,6.004004311162929,-0.9809625066652147,2.9125899217773856,0.0,15.378622774940766,15.054502089426077,226.17058775286398,219.5091306560094,0.0
8.561,5.727972206883414,-0.9423260184243232,0.2527922406422194,0.0,15.440056943349317,14.515558505584867,225.0297560139719,219.5091306560094,0.0
8.562,5.314019501400537,-0.8944279473014282,0.768001856508632,0.0,15.436570913591789,14.162698208085615,227.10494529889922,219.5091306560094,0.0
8.563,4.974386495720943,-0.8626148415350449,-0.34555093238392587,0.0,15.395126996137014,13.750352537993619,228.2401665374631,219.5091306560094,0.0
8.564,4.62645595599834,-0.8482989567484177,-1.0004719104803987,0.0,15.315336287149648,13.349067292776343,228.4046576178653,219.5091306560094,0.0
8.565,4.296315166049962,-0.831491454366857,-1.1716727203000583,0.0,15.201690458125189,13.000484803379962,229.03799316987343,219.5091306560094,0.0
8.566,3.9999724189162364,-0.8365246756287568,-1.5836291214427654,0.0,15.065272692426158,12.661089078278492,229.02026532591583,219.5091306560094,0.0
8.567,3.7271234601879026,-0.8460737035584627,-1.6698765461630294,0.0,14.909557191646535,12.363673454398246,228.84802448880782,219.5091306560094,0.0
8.568,3.4862896735052535,-0.8665718822193119,-1.67714506593701,0.0,14.741830987930243,12.104254006847935,228.44988770613827,219.5091306560094,0.0
8.569,3.2784588010628326,-0.8957027846761602,-1.5674842451035222,0.0,14.5679348773142,11.886592317272289,227.9725384104385,219.5091306560094,0.0
8.57,3.10448282219995,-0.93279050544931,-1.4134436747979224,0.0,14.393450549062667,11.70621408906838,227.43015913612356,219.5091306560094,0.0
8.571,2.961350202215603,-0.9755694955384637,-1.2214643224416015,0.0,14.222711642517979,11.560007402325489,226.83344504885207,219.5091306560094,0.0
8.572000000000001,2.845667225518786,-1.0216902241784902,-0.9963504227342814,0.0,14.059071448202982,11.44548403028348,226.20230180003574,219.5091306560094,0.0
8.573,2.754428903596708,-1.06916142960097,-0.7477105097663803,0.0,13.905103561425353,11.36002761308802,225.63255007746488,219.5091306560094,0.0
8.574,2.6852168317650453,-1.1156932573089804,-0.5240688426955069,0.0,13.762630610599599,11.296535177864719,225.10735458737912,219.5091306560094,0.0
8.575000000000001,2.6333800760983768,-1.1587282375602705,-0.31745333696632194,0.0,13.632324240884653,11.2506459024457,224.69345323364794,219.5091306560094,0.0
8.576,2.595604168114177,-1.1956299519964515,-0.16234588587711896,0.0,13.514088419384763,11.214947564481196,223.9046632986422,219.5091306560094,0.0
8.577,2.565252992235422,-1.2275825788195642,0.18809375519942906,0.0,13.407252118044594,11.210953634437505,222.95233991109532,219.5091306560094,0.0
8.578,2.5530000115400617,-1.2568939029822355,0.6298233564220044,0.0,13.313604773223735,11.24280564310559,221.91350173020513,219.5091306560094,0.0
8.579,2.563555263976466,-1.286900614173312,1.125198736125145,0.0,13.23551498874116,11.310898104604947,220.67057834005473,219.5091306560094,0.0
8.58,2.6007952368179037,-1.3145415127245084,1.7350459543598893,0.0,13.174783860585507,11.422510937226697,220.174520437003,219.5091306560094,0.0
8.581,2.6684489061728156,-1.3417719178116823,1.9764210080758207,0.0,13.13400606408166,11.530272653596484,220.725471412366,219.5091306560094,0.0
8.582,2.744183609966565,-1.357984629842497,1.6887821128307507,0.0,13.1095933131377,11.581472108941028,222.60970953621157,219.5091306560094,0.0
8.583,2.785113665800959,-1.3652700132394626,0.7156572621059474,0.0,13.093381047875955,11.51719803992561,218.4930858903401,219.5091306560094,0.0
8.584,2.7657989962647713,-1.3253278750875852,2.7841295326983757,0.0,13.067896113208155,11.697527263765288,215.43884096187548,219.5091306560094,0.0
8.585,2.8561323917465113,-1.3135043081309181,4.351954893872021,0.0,13.062091423407395,11.998921318579047,218.426988820093,219.5091306560094,0.0
8.586,3.038867333639366,-1.341725556647431,2.8687023831224345,0.0,13.09022918107447,12.071561959483763,220.04608416452848,219.5091306560094,0.0
8.587,3.130103075032576,-1.3367731676312025,2.053785175819497,0.0,13.121990251788354,12.056735362234559,214.27468826321964,219.5091306560094,0.0
8.588000000000001,3.160816233440592,-1.2766168746255684,4.991827550401813,0.0,13.14252488736548,12.37543527504781,214.28377582365923,219.5091306560094,0.0
8.589,3.3458190795142393,-1.2620252371281846,5.0395373185055234,0.0,13.191872533471553,12.620143129399004,217.71942305670478,219.5091306560094,0.0
8.59,3.5272631682171793,-1.2730774796257198,3.339610777975791,0.0,13.262117863451845,12.639737124489795,212.04326582400083,219.5091306560094,0.0
8.591,3.6062593365344586,-1.2211068299873713,6.252348042647855,0.0,13.321470766057995,12.99492147996089,213.35941806389275,219.5091306560094,0.0
8.592,3.8323631252065016,-1.2012749549667396,5.655769048623061,0.0,13.40874501419475,13.20169017308528,214.82202535030424,219.5091306560094,0.0
8.593,4.009205791030377,-1.1979121305759435,4.971336458474364,0.0,13.507797114897492,13.309995971380905,208.44812118991248,219.5091306560094,0.0
8.594,4.15024263418309,-1.1287570379592369,8.268898633331213,0.0,13.600201153415588,13.77320693896442,214.18232998886091,219.5091306560094,0.0
8.595,4.440967130593087,-1.1440875211510364,5.455062240528483,0.0,13.732063788917495,13.826270262510947,207.72955474394468,219.5091306560094,0.0
8.596,4.5846909421652855,-1.0821642879699525,8.79924562210725,0.0,13.849081632742028,14.270309678845862,212.76159657707862,219.5091306560094,0.0
8.597,4.8776206463822,-1.0786026662738766,6.350700046329585,0.0,13.999029087762835,14.348080061430274,206.22086865022396,219.5091306560094,0.0
8.598,5.042358489648663,-1.0058911723449273,9.753946629814768,0.0,14.133796187424778,14.816718865482326,210.98456001769526,219.5091306560094,0.0
8.599,5.352822754794849,-1.0130566556791287,7.457346652462261,0.0,14.303465775631791,14.932808345018326,206.54606603590693,219.5091306560094,0.0
8.6,5.5609040579587985,-0.9270034389595674,9.80622428955745,0.0,14.458239844299204,15.31581407457885,206.70716679604874,219.5091306560094,0.0
8.601,5.8399177970735385,-0.9234259758202972,9.853693548086154,0.0,14.636304090277807,15.629118781846284,209.06844055609048,219.5091306560094,0.0
8.602,6.138520436271881,-0.8827017599025,8.777463569064473,0.0,14.823448493265726,15.779983299786497,210.05433282912628,219.5091306560094,0.0
8.603,6.304978490121421,-0.89291364012212,8.379065410815404,0.0,15.008495456732213,15.886089949082834,217.991871144952,219.5091306560094,0.0
8.604000000000001,6.355001955746024,-0.9862484012872232,4.425468848013118,0.0,15.195813093707647,15.565340988790211,220.48259710669328,219.5091306560094,0.0
8.605,6.174425967670767,-0.96675813521737,3.170371202635641,0.0,15.329246794076942,15.217237506205421,221.49434952208807,219.5091306560094,0.0
8.606,5.87828163354763,-0.9572555290107292,2.6446428062774565,0.0,15.4136763921288,14.902778711643208,227.00125038296517,219.5091306560094,0.0
8.607,5.590058156957331,-0.9250367503183157,-0.18372882143064873,0.0,15.454768111325146,14.351088300341786,225.6994952186439,219.5091306560094,0.0
8.608,5.170851293792723,-0.8768382251866662,0.4052451151036385,0.0,15.43160196749416,13.994977471568202,227.5481452705298,219.5091306560094,0.0
8.609,4.830795108107374,-0.8478942011534762,-0.5994700569845142,0.0,15.372439497776579,13.58896681478758,228.40283481059996,219.5091306560094,0.0
8.61,4.489932971530264,-0.8368302808238187,-1.1157518685654972,0.0,15.277664618356761,13.204991402326865,228.6146844996684,219.5091306560094,0.0
8.611,4.173204045191891,-0.8274720383813553,-1.3127322515363167,0.0,15.153050918167486,12.864862579690712,229.08074066218575,219.5091306560094,0.0
8.612,3.888550076618161,-0.8363676664912607,-1.6414764328567464,0.0,15.007957807250031,12.540237860463431,228.9544263732343,219.5091306560094,0.0
8.613,3.6286248788171815,-0.8508476661744703,-1.6727722455532712,0.0,14.84641537918565,12.25915643655609,228.69078599560106,219.5091306560094,0.0
8.614,3.401890427250822,-0.8755246747426249,-1.632768610132569,0.0,14.675488722482637,12.017083807950574,228.26609881157643,219.5091306560094,0.0
8.615,3.208369529944698,-0.9086067328207743,-1.5079946996759226,0.0,14.500839724892288,11.814470824519347,227.76410820712226,219.5091306560094,0.0
8.616,3.047180512026243,-0.9485119410093669,-1.339549172959969,0.0,14.327453081037818,11.647731091504362,227.20337552025694,219.5091306560094,0.0
8.617,2.91523479582797,-0.9930283018584579,-1.1361252781697835,0.0,14.159228875878815,11.513920979167821,226.59367094786052,219.5091306560094,0.0
8.618,2.809289490725324,-1.0399781472204443,-0.9021183948900826,0.0,13.99916539938338,11.410710502161201,225.9801745408001,219.5091306560094,0.0
8.619,2.726681604511731,-1.0873296698069992,-0.6600806302077844,0.0,13.849526391867723,11.334126224920427,225.42074731170405,219.5091306560094,0.0
8.620000000000001,2.664337883728506,-1.132853941414159,-0.43948318221670135,0.0,13.711727012030487,11.27811354670838,224.9500296510155,219.5091306560094,0.0
8.621,2.6183580521223604,-1.173705095235384,-0.25853334182249466,0.0,13.586144686560026,11.236055050566108,224.42375587764838,219.5091306560094,0.0
8.622,2.5835891498263788,-1.208564518039442,-0.044542707355315514,0.0,13.472340768992616,11.210738423814961,223.51978099914663,219.5091306560094,0.0
8.623,2.5589959896856276,-1.239556655731776,0.3673382284641833,0.0,13.370446121424953,11.222097623170184,222.56968930563863,219.5091306560094,0.0
8.624,2.5559055082027773,-1.2694421942986638,0.8117784887218908,0.0,13.28285434641501,11.266995078464975,221.43472124719548,219.5091306560094,0.0
8.625,2.576379537691631,-1.2984058888573984,1.3600066120316052,0.0,13.211398645451329,11.352221253632186,220.49247126563293,219.5091306560094,0.0
8.626,2.625349017340801,-1.3259368300004755,1.821298196716647,0.0,13.158349898680902,11.461857131802045,219.95403291571606,219.5091306560094,0.0
8.627,2.6949321268671644,-1.350365057046585,2.086068349078017,0.0,13.123981409968131,11.572571901139368,221.2725216543846,219.5091306560094,0.0
8.628,2.771987239827436,-1.364065080383601,1.4091900697599908,0.0,13.105383967356984,11.58389380109271,221.76921607101372,219.5091306560094,0.0
8.629,2.792266619305096,-1.3610774339379343,1.1382420072953923,0.0,13.089312817659895,11.567728082098746,217.68424530647553,219.5091306560094,0.0
8.63,2.793702352779321,-1.3216333228288226,3.198976243059823,0.0,13.06892323527557,11.781006929705814,215.5602925866489,219.5091306560094,0.0
8.631,2.9087331014728637,-1.3137501088729122,4.3004409836667445,0.0,13.071427783466321,12.05883368840131,219.049628010311,219.5091306560094,0.0
8.632,3.085397092653195,-1.3399478693517999,2.5603682982926723,0.0,13.104425138499796,12.088422851706214,218.69792524310267,219.5091306560094,0.0
8.633000000000001,3.1519857753010063,-1.3254186140531463,2.744331736025908,0.0,13.135221478672761,12.150431424008914,213.00148430839104,219.5091306560094,0.0
8.634,3.2171118040151163,-1.2722093496425164,5.657628666857907,0.0,13.163431315526523,12.521443824780755,215.57813131888977,219.5091306560094,0.0
8.635,3.436725273566172,-1.2747466036179227,4.408615154979738,0.0,13.226732599353493,12.6681452921824,217.64518390108833,219.5091306560094,0.0
8.636000000000001,3.5788288063930427,-1.2698121268871794,3.3937283314296702,0.0,13.297805736557793,12.6939240718394,210.99490064845074,219.5091306560094,0.0
8.637,3.6562017995331386,-1.1992847669277837,6.804012257824054,0.0,13.356640773179137,13.102422393472873,214.24717805888375,219.5091306560094,0.0
8.638,3.9027533694626015,-1.195498922668578,5.230493078578805,0.0,13.45073096903278,13.24241749486338,213.04456655181323,219.5091306560094,0.0
8.639,4.0556591508096425,-1.1793937046997902,5.8964444731560235,0.0,13.54767793990613,13.452457830647257,209.55178264106547,219.5091306560094,0.0
8.64,4.247273731880088,-1.1168664887142241,7.742409908679344,0.0,13.649217305691803,13.8280369677976,213.09182267233163,219.5091306560094,0.0
8.641,4.501980973459754,-1.130782020608198,6.036562972883042,0.0,13.780316629282144,13.944007659755584,207.2153086261169,219.5091306560094,0.0
8.642,4.676947024362392,-1.0638949317041666,9.097758216289336,0.0,13.902406354610864,14.398581967825969,212.52423758809599,219.5091306560094,0.0
8.643,4.976449973870233,-1.0770463444341984,6.513142665978924,0.0,14.059860064503098,14.473792490717146,206.64359287457944,219.5091306560094,0.0
8.644,5.151551893712007,-0.9932559488273967,9.582120400551496,0.0,14.199740998051173,14.904394856926995,209.8973086360958,219.5091306560094,0.0
8.645,5.441178287077801,-0.9975333476792987,8.051380739992453,0.0,14.370002492695201,15.076746055791629,208.36133583135913,219.5091306560094,0.0
8.646,5.674998163007756,-0.9167683184545607,8.930845090607292,0.0,14.531546030558058,15.338112836988794,204.0192041827094,219.5091306560094,0.0
8.647,5.9038242384570285,-0.8861494206729539,10.0,0.0,14.70051146429061,15.675477020839445,208.65347583515515,219.5091306560094,0.0
8.648,6.195360027614251,-0.8512128579271931,9.02309469805752,0.0,14.882779940110755,15.848069521317898,215.17936885364003,219.5091306560094,0.0
8.649000000000001,6.342238439264013,-0.9174038425940778,5.803445806838774,0.0,15.071711192337544,15.663996026925972,215.11316648501574,219.5091306560094,0.0
8.65,6.245451087013864,-0.9541835723801215,5.880506632860856,0.0,15.226725830332258,15.57001157983455,224.0482338465351,219.5091306560094,0.0
8.651,6.112861252053518,-1.0026491539140596,1.3675819201959118,0.0,15.36180397648923,15.017351722921507,222.60262657109013,219.5091306560094,0.0
8.652000000000001,5.755476021602339,-0.9283375637803521,2.059450598767597,0.0,15.41944939160916,14.692686945085041,226.0279819323081,219.5091306560094,0.0
8.653,5.419724398670445,-0.9184105841228516,0.28158440539561935,0.0,15.438514935572453,14.237128044705571,226.62047146426005,219.5091306560094,0.0
8.654,5.057672763191049,-0.86464677285552,-0.08577376866285746,0.0,15.404303285658646,13.842869015221073,228.1041541236245,219.5091306560094,0.0
8.655,4.705401076104514,-0.852900660423177,-0.9135653330212392,0.0,15.33333246353288,13.432360602579541,228.15415834966538,219.5091306560094,0.0
8.656,4.369953339833617,-0.8300405061973459,-1.0250177229782338,0.0,15.226010726515021,13.085200635856825,228.98507834154907,219.5091306560094,0.0
8.657,4.069886649115827,-0.8356765668689727,-1.5352371957754753,0.0,15.095553734742818,12.736667732612721,228.92983683507174,219.5091306560094,0.0
8.658,3.790699967729613,-0.8424101073401993,-1.6018235043274336,0.0,14.943973480668538,12.435429989348368,228.8811932049015,219.5091306560094,0.0
8.659,3.5446713112382007,-0.8620336139767699,-1.6712223147312386,0.0,14.779518728000562,12.166461274344316,228.5210507358812,219.5091306560094,0.0
8.66,3.3295445079766717,-0.889514896127187,-1.5812702810198047,0.0,14.607439285069162,11.939736329180027,228.0752506419822,219.5091306560094,0.0
8.661,3.148028980910894,-0.9250479160812854,-1.4440314339300278,0.0,14.433529111287916,11.750488127026403,227.55752938633142,219.5091306560094,0.0
8.662,2.997577143512811,-0.9666051925106824,-1.265654793407863,0.0,14.262301104877128,11.59575731653969,226.978153662862,219.5091306560094,0.0
8.663,2.875028822929346,-1.0118664270690472,-1.0506571617416833,0.0,14.09728598109587,11.473218556428822,226.3569513803974,219.5091306560094,0.0
8.664,2.7774839801590545,-1.0588841249954701,-0.8085342277532521,0.0,13.941237828107976,11.380420155871885,225.77483951005314,219.5091306560094,0.0
8.665000000000001,2.702539135905514,-1.1054945150573394,-0.5801353811215648,0.0,13.796171616290719,11.311267908301636,225.21553300431827,219.5091306560094,0.0
8.666,2.645980994389615,-1.1494157070881705,-0.35754615173722026,0.0,13.663062028120935,11.262197038196863,224.81724762375117,219.5091306560094,0.0
8.667,2.6052981974309644,-1.1876526261295364,-0.21148463113108695,0.0,13.542123160931894,11.222472697508714,224.121295571793,219.5091306560094,0.0
8.668000000000001,2.572320589437818,-1.2205946701136288,0.09036974569015621,0.0,13.432547002040783,11.209590979324409,223.18431130193315,219.5091306560094,0.0
8.669,2.5548699840762157,-1.2499710735058067,0.5221100741608504,0.0,13.335542271153644,11.23310249994283,222.21596327759264,219.5091306560094,0.0
8.67,2.5594749277720044,-1.2802378352700778,0.9792157601152751,0.0,13.253624745177216,11.289845567720825,220.97611969887296,219.5091306560094,0.0
8.671,2.5890231463723836,-1.3076813455365919,1.5844676590464757,0.0,13.188289397087898,11.391524973537184,220.27222999949316,219.5091306560094,0.0
8.672,2.64902113802154,-1.3353086838035368,1.9287815153015382,0.0,13.14242009649585,11.502020612266312,220.26713789670586,219.5091306560094,0.0
8.673,2.722830208783985,-1.3561113737743458,1.9237474942882242,0.0,13.114199312350038,11.585363858321934,222.1074050299157,219.5091306560094,0.0
8.674,2.78436953874972,-1.3650498940908322,0.977631183944244,0.0,13.097910141559474,11.547497011841099,219.84622390604068,219.5091306560094,0.0
8.675,2.7785153207670468,-1.3426140049721935,2.1048508133814408,0.0,13.07690587019367,11.646502612548577,215.93379063661467,219.5091306560094,0.0
8.676,2.829678421083556,-1.32209539706856,4.09682084828839,0.0,13.06586989805698,11.935665250379472,217.3111060033129,219.5091306560094,0.0
8.677,2.999380647341924,-1.334772197219717,3.4301434114662483,0.0,13.08645342101271,12.083398194928849,220.59276967735482,219.5091306560094,0.0
8.678,3.1255236504518478,-1.3399002994962754,1.7784751842318256,0.0,13.120189209376715,12.031220758611788,215.7178376984552,219.5091306560094,0.0
8.679,3.139939371707445,-1.2901331292372002,4.253854103257173,0.0,13.139808005521354,12.276118708820952,212.51407545400957,219.5091306560094,0.0
8.68,3.2856114681925095,-1.2577625978654463,5.925685777499992,0.0,13.178891630324141,12.641756665199319,217.17363520875682,219.5091306560094,0.0
8.681000000000001,3.516647512472815,-1.2868946992545933,3.6192608545988936,0.0,13.25415892475101,12.680356886252596,214.22676987895372,219.5091306560094,0.0
8.682,3.6135982803776074,-1.2564793940879988,5.145517127271002,0.0,13.322122507258301,12.905222029839452,211.30533737717943,219.5091306560094,0.0
8.683,3.7843899774769785,-1.2051289750793044,6.688271310946447,0.0,13.40043185283426,13.251019835794045,215.57829218725925,219.5091306560094,0.0
8.684000000000001,4.013081635982374,-1.2187842058053449,4.591102290594036,0.0,13.507505624018036,13.300504496170653,209.96539468760838,219.5091306560094,0.0
8.685,4.131003588585925,-1.1574649206931196,7.492988400103481,0.0,13.601938810451484,13.685242731676208,213.75210223580336,219.5091306560094,0.0
8.686,4.384164970672499,-1.139958253439408,5.657204910208051,0.0,13.724089961245362,13.78332688478747,208.76648470792696,219.5091306560094,0.0
8.687,4.528851657353047,-1.0924472650481116,8.257440133627075,0.0,13.838783270220471,14.174817525428045,212.47991187098162,219.5091306560094,0.0
8.688,4.805087781890793,-1.067863349818628,6.471018739950022,0.0,13.978927191570792,14.287180620531062,206.58415545535738,219.5091306560094,0.0
8.689,4.97229887807188,-1.0133759506394286,9.548146699768667,0.0,14.110545255538973,14.743039228441091,211.5125984090447,219.5091306560094,0.0
8.69,5.286186778671943,-1.0100999207196582,7.163890545394652,0.0,14.274771884601954,14.84057876727341,205.85384931117625,219.5091306560094,0.0
8.691,5.47902255197902,-0.929669816731999,10.0,0.0,14.423515253502423,15.26252856062135,208.04480221082773,219.5091306560094,0.0
8.692,5.775897845710693,-0.931844696000215,9.146388384247743,0.0,14.600622802607017,15.504171414668322,209.02200687403604,219.5091306560094,0.0
8.693,6.048622984032559,-0.8703349949806332,8.76265729046332,0.0,14.777396066301016,15.678655421784203,206.47994445583552,219.5091306560094,0.0
8.694,6.239307859105393,-0.846036333063043,10.0,0.0,14.951882648536461,15.975065278669978,216.48693967163058,219.5091306560094,0.0
8.695,6.385421519360833,-0.9901959284470505,5.18742505628027,0.0,15.154662100348354,15.703360483308822,221.29859245502087,219.5091306560094,0.0
8.696,6.2680778727856445,-0.986071358250889,2.763704046595013,0.0,15.308097828767531,15.274989488762605,220.74157105314336,219.5091306560094,0.0
8.697000000000001,5.951195846273345,-0.9595347838495655,3.0298903435624265,0.0,15.40047510740798,14.992000455726812,227.41042053396703,219.5091306560094,0.0
8.698,5.665671484818327,-0.9343823816742481,-0.38354729562898315,0.0,15.452814356385538,14.396646910072835,224.77936619240313,219.5091306560094,0.0
8.699,5.2284842853477915,-0.8688999916097322,0.8792775197890279,0.0,15.433432787014597,14.08434309829711,226.9801233220686,219.5091306560094,0.0
8.700000000000001,4.898668286810185,-0.852044968545286,-0.29581097170430226,0.0,15.383559764766733,13.691351416387857,228.12830562040523,219.5091306560094,0.0
8.701,4.571176023449376,-0.8391692508297696,-0.9560938705165718,0.0,15.298127097834668,13.304517355474633,228.63598594621595,219.5091306560094,0.0
8.702,4.252768540922476,-0.8336269617272916,-1.3012025863239995,0.0,15.182073396880366,12.948214204653182,228.97800970172597,219.5091306560094,0.0
8.703,3.9593912988507713,-0.8369208100174789,-1.566903254536172,0.0,15.042412497142301,12.619247434275804,229.04104602219803,219.5091306560094,0.0
8.704,3.6924679552812734,-0.8496746634248596,-1.693740568434091,0.0,14.885190995732206,12.324343948487632,228.78366766306257,219.5091306560094,0.0
8.705,3.455536977417672,-0.8709125633509134,-1.6577967589368932,0.0,14.716409926342102,12.071824027450239,228.3866314961479,219.5091306560094,0.0
8.706,3.2527168598604264,-0.9012607823337769,-1.5480536838809487,0.0,14.542380896876121,11.859331194891418,227.90031723551544,219.5091306560094,0.0
8.707,3.0830997784764707,-0.9391936324661688,-1.3888084193597745,0.0,14.368374618425591,11.683733968765319,227.34785634924444,219.5091306560094,0.0
8.708,2.943822713549148,-0.9824232908370132,-1.1909652331566214,0.0,14.198585179126972,11.542090441572073,226.7452935353921,219.5091306560094,0.0
8.709,2.8316194411517435,-1.0287404090567118,-0.9620454550242834,0.0,14.036272917459353,11.431784656215257,226.1121745803361,219.5091306560094,0.0
8.71,2.7435105962801334,-1.0761610632989194,-0.7115164167395478,0.0,13.883914404207257,11.35011715986926,225.55191675227385,219.5091306560094,0.0
8.711,2.677103422718366,-1.122339179618984,-0.49181536367106826,0.0,13.743230378898556,11.289466087930421,225.0508068827339,219.5091306560094,0.0
8.712,2.627538712489037,-1.1645734415446252,-0.29667719116833347,0.0,13.614733636575464,11.244867955488818,224.59674034641438,219.5091306560094,0.0
8.713000000000001,2.590843426811924,-1.2006440183893416,-0.12052001991262529,0.0,13.498172176074178,11.212846703494355,223.81626651557482,219.5091306560094,0.0
8.714,2.5618679344383937,-1.233291526680086,0.2266455369114979,0.0,13.393295256567114,11.211618421491623,222.7056154644326,219.5091306560094,0.0
8.715,2.5522994932124803,-1.2607053652316336,0.7500062143983719,0.0,13.301472247968245,11.254886068304893,221.71553674602652,219.5091306560094,0.0
8.716,2.569135342161566,-1.2919528179577746,1.2229815127012489,0.0,13.226321386324948,11.329490697818732,220.57952096795339,219.5091306560094,0.0
8.717,2.611568056015595,-1.320182815864522,1.7802854986183743,0.0,13.168938899039844,11.441194223650264,220.1697521932623,219.5091306560094,0.0
8.718,2.6808249053415594,-1.3461568183793444,1.9785636705913894,0.0,13.131039853363967,11.545032780940673,221.0775207373039,219.5091306560094,0.0
8.719,2.7549017331045684,-1.3598589825817724,1.5089954977576436,0.0,13.108562066021841,11.573606414642342,222.19587368291846,219.5091306560094,0.0
8.72,2.7828279002563168,-1.3623115202902272,0.9229515946812725,0.0,13.09132217829,11.534974648520507,218.07457689911206,219.5091306560094,0.0
8.721,2.7743102389151097,-1.3226413108225932,2.9979455241534465,0.0,13.067554854300635,11.733808045929424,215.50154400168478,219.5091306560094,0.0
8.722,2.8780629697175697,-1.313760295041484,4.3245378394103335,0.0,13.06546739280985,12.024058609580365,218.7311450083124,219.5091306560094,0.0
8.723,3.0576477768288335,-1.3429419312375388,2.7175171925734873,0.0,13.095912523972617,12.076320374938302,219.43609428671635,219.5091306560094,0.0
8.724,3.1374065622435525,-1.333528514769624,2.3657729170644455,0.0,13.127212026381464,12.096801194714581,213.8530641800454,219.5091306560094,0.0
8.725,3.1844514741204355,-1.2754333746030369,5.213848635159559,0.0,13.15113332927342,12.430792302047365,214.98190701849128,219.5091306560094,0.0
8.726,3.380558393830288,-1.267383927197106,4.694699452311802,0.0,13.205757124796463,12.627087949592546,217.94355321308763,219.5091306560094,0.0
8.727,3.541304043214743,-1.2691181290787712,3.229532129442849,0.0,13.274819362202765,12.637518546013215,211.36065522532954,219.5091306560094,0.0
8.728,3.6125101082457705,-1.2063600415186446,6.602465877628691,0.0,13.331097703860076,13.033261481402011,213.7525162181525,219.5091306560094,0.0
8.729000000000001,3.854527840757461,-1.1963286135977784,5.464101525595782,0.0,13.420846628694832,13.210198651286197,214.13386510252874,219.5091306560094,0.0
8.73,4.022287945220276,-1.1898467002973316,5.327179738942464,0.0,13.5187016818507,13.358705809488123,208.25091212521656,219.5091306560094,0.0
8.731,4.1848629405591415,-1.1218888214899678,8.381238412906486,0.0,13.614211397975362,13.823257780745365,214.31294724473995,219.5091306560094,0.0
8.732,4.47789614532485,-1.1471624702763725,5.402182687257486,0.0,13.750085019767866,13.86206090735748,207.45363695404748,219.5091306560094,0.0
8.733,4.620425875152213,-1.0762318678655134,8.952392769623337,0.0,13.868196489289272,14.318136811571017,212.69225963773627,219.5091306560094,0.0
8.734,4.915262723766228,-1.078286132180863,6.401250137961673,0.0,14.021039677378687,14.393281725959634,206.288296462346,219.5091306560094,0.0
8.735,5.082755644028933,-1.0009249658816655,9.735440067593437,0.0,14.15758276716195,14.852992933551675,210.70866514689214,219.5091306560094,0.0
8.736,5.387455923818201,-1.0083892678535737,7.6132603804115435,0.0,14.328037353605998,14.981763562902325,206.97338242714622,219.5091306560094,0.0
8.737,5.6027184911486145,-0.9210087228647679,9.606259222573138,0.0,14.484637041372222,15.33452237786346,205.97935196744575,219.5091306560094,0.0
8.738,5.868256159946943,-0.9122244869451999,10.0,0.0,14.66076018135667,15.663990259305926,208.66956446498284,219.5091306560094,0.0
8.739,6.170439636170227,-0.874966433317037,8.997090207664549,0.0,14.848207251947017,15.833281375974845,212.0956919535963,219.5091306560094,0.0
8.74,6.339947250203566,-0.902841568030585,7.358160850381957,0.0,15.037277572499992,15.818510953876736,215.54574157913453,219.5091306560094,0.0
8.741,6.322831226315166,-0.9862278809874281,5.672769928381586,0.0,15.21485756186598,15.658698736964585,224.69258399630343,219.5091306560094,0.0
8.742,6.200270679381388,-1.0007300827779009,1.0475141863941957,0.0,15.359459709671539,15.054012018205473,221.2567745169203,219.5091306560094,0.0
8.743,5.80384223205608,-0.9266453907610939,2.747942487476649,0.0,15.42083863268087,14.799935380378212,228.13623493178946,219.5091306560094,0.0
8.744,5.494959108804858,-0.9223723666926285,-0.7780587627157307,0.0,15.450942813879179,14.202552737187006,225.1740616223011,219.5091306560094,0.0
8.745000000000001,5.069713740595926,-0.8375311625567627,0.6463785823655268,0.0,15.409008510424279,13.903555056166086,228.0743763795735,219.5091306560094,0.0
8.746,4.744891103429479,-0.8377286028184753,-0.8894312535063058,0.0,15.342237999682924,13.478558293911272,227.6604000847014,219.5091306560094,0.0
8.747,4.412175263919428,-0.8156374705183318,-0.7639558003571754,0.0,15.237212864834593,13.151895070987372,228.69228056440852,219.5091306560094,0.0
8.748,4.123062607210504,-0.8274278510524555,-1.3717275392947301,0.0,15.111541774360456,12.807761244899286,228.701744553464,219.5091306560094,0.0
8.749,3.8493184346467078,-0.8378274616975536,-1.4683856727970217,0.0,14.965050463690542,12.508139747491642,228.77819400693625,219.5091306560094,0.0
8.75,3.605046280161212,-0.8597325142649405,-1.5993010330424084,0.0,14.805551694022821,12.23452965573357,228.50647969374663,219.5091306560094,0.0
8.751,3.3871654001080516,-0.8875532073238455,-1.553417366824971,0.0,14.637483017856868,12.0002112283319,228.12181274178744,219.5091306560094,0.0
8.752,3.1999092429829816,-0.9222317197711476,-1.4472107117031565,0.0,14.466325796005956,11.802161039938246,227.64688304936175,219.5091306560094,0.0
8.753,3.0422662769280744,-0.9624235866582798,-1.2911233894238352,0.0,14.296553597733892,11.638375851793173,227.09875536106355,219.5091306560094,0.0
8.754,2.912129177470132,-1.0062812764085178,-1.092955792325279,0.0,14.131802527678172,11.506968176373267,226.4985530200366,219.5091306560094,0.0
8.755,2.8071737207340073,-1.052116592809745,-0.8627488454520797,0.0,13.974989104992668,11.405810978921245,225.91445519944014,219.5091306560094,0.0
8.756,2.72527368572454,-1.0980035156447296,-0.6347531805881528,0.0,13.828330513178347,11.329825061895848,225.35690817345414,219.5091306560094,0.0
8.757,2.6628404869541207,-1.1418188410160006,-0.41445744276960195,0.0,13.693100005405409,11.274773103417617,224.90265812235805,219.5091306560094,0.0
8.758000000000001,2.616955748857976,-1.1808039284460619,-0.24126769188504005,0.0,13.569737558925537,11.232974194431902,224.32688178856765,219.5091306560094,0.0
8.759,2.5814027918636615,-1.2149568157981123,-0.0015570363154222555,0.0,13.457898432929506,11.211107184188998,223.35383273358715,219.5091306560094,0.0
8.76,2.558792079804501,-1.2440575389827324,0.4465204703990464,0.0,13.35791606918557,11.22926603031024,222.46589587458706,219.5091306560094,0.0
8.761000000000001,2.5590411049890838,-1.27473088050077,0.8609212477133159,0.0,13.272830886763295,11.276460565991492,221.27746234853257,219.5091306560094,0.0
8.762,2.5820647157385253,-1.3025372541497453,1.4374546938153325,0.0,13.20372564383758,11.36717169422988,220.44247599360594,219.5091306560094,0.0
8.763,2.634411037527107,-1.3298527511529175,1.8456144179026808,0.0,13.153328678962135,11.47550556125119,220.10289534990702,219.5091306560094,0.0
8.764,2.7042939683534777,-1.3528146280786564,2.0094670928131664,0.0,13.12105744876816,11.574744882909096,221.42673496458633,219.5091306560094,0.0
8.765,2.7760786069022494,-1.3617830159441646,1.3283712423877394,0.0,13.102694177655327,11.577076598153809,221.40681242275733,219.5091306560094,0.0
8.766,2.7898608196151704,-1.3554982592172635,1.3193556956347625,0.0,13.08561939805963,11.58235986611126,217.3702647561402,219.5091306560094,0.0
8.767,2.800797419927459,-1.3186230655289257,3.359018187942024,0.0,13.066786999480803,11.808795155027504,215.76213733663946,219.5091306560094,0.0
8.768,2.926169642589547,-1.3134485808092224,4.20055183088609,0.0,13.072280928269198,12.069194172505306,219.10967961418112,219.5091306560094,0.0
8.769,3.096295760143954,-1.3382408681027707,2.5307752025335413,0.0,13.106044262376024,12.094551764861588,218.00471571581573,219.5091306560094,0.0
8.77,3.159780215459275,-1.3201963288387812,3.0983013011181697,0.0,13.136734200115818,12.194593539611615,212.12557464116185,219.5091306560094,0.0
8.771,3.2432235041312256,-1.2736643888376633,6.111707398593589,0.0,13.16942125354915,12.604955623196304,216.29444617035912,219.5091306560094,0.0
8.772,3.4869919716728393,-1.2882703356892797,4.059418478851454,0.0,13.241947783551307,12.695684263076611,216.99537261710938,219.5091306560094,0.0
8.773,3.6072501507590045,-1.2753591837838831,3.734092835865325,0.0,13.314728238363173,12.758539045413986,210.5990616245571,219.5091306560094,0.0
8.774000000000001,3.6986156935095544,-1.203710076070713,7.021349022455992,0.0,13.378763835598194,13.178390204041948,215.04700297821455,219.5091306560094,0.0
8.775,3.9523405170128596,-1.2051683952022314,4.841999622405213,0.0,13.47925789515411,13.263062735501274,211.81033415037479,219.5091306560094,0.0
8.776,4.081619800340819,-1.1740518567682376,6.53732200138144,0.0,13.574732399481308,13.545912902527096,211.35765212746483,219.5091306560094,0.0
8.777000000000001,4.300859108995816,-1.1232927926608656,6.845177798121863,0.0,13.6836721384109,13.804112886015979,212.4434341512651,219.5091306560094,0.0
8.778,4.504808258839745,-1.117024474097948,6.372943751269168,0.0,13.807355977395574,13.972120528531445,207.9447569662683,219.5091306560094,0.0
8.779,4.6975250883764295,-1.042517577494893,8.737926080664984,0.0,13.927339121292619,14.381406827645304,211.29491716367056,219.5091306560094,0.0
8.78,4.973435039850474,-1.057986559039268,7.144988116887242,0.0,14.078699237647257,14.534466885561196,207.53229438074115,219.5091306560094,0.0
8.781,5.188552117590195,-0.9806418870611207,9.14606787110463,0.0,14.221566744424981,14.902501322886021,208.31841379451507,219.5091306560094,0.0
8.782,5.455604785471316,-0.9830517122896969,8.864915332832615,0.0,14.387989471752341,15.169856867714513,209.95495533005274,219.5091306560094,0.0
8.783,5.727060063834005,-0.9285458241897211,8.142186318323345,0.0,14.558485734886533,15.32324091063851,202.94660710929685,219.5091306560094,0.0
8.784,5.929415303278586,-0.8567041102646287,10.0,0.0,14.71991324634894,15.670378447157777,209.5387814804368,219.5091306560094,0.0
8.785,6.19188635661077,-0.8556014105648333,8.5793622570708,0.0,14.900508880489312,15.797248429160287,216.0217041618449,219.5091306560094,0.0
8.786,6.312645985625692,-0.9122882261611278,5.372775181308397,0.0,15.08197852612848,15.58031392681368,215.46329252739835,219.5091306560094,0.0
8.787,6.191375086874042,-0.9394643907648583,5.6924393798177775,0.0,15.226030266919526,15.484996167012147,223.7313062040412,219.5091306560094,0.0
8.788,6.049190573670721,-0.9900445651104324,1.5162107860160345,0.0,15.351437115183288,14.965461157431431,222.86573643440678,219.5091306560094,0.0
8.789,5.707622709896755,-0.9241448890671999,1.9154296130492705,0.0,15.404595011554388,14.632247310429943,225.8653050738769,219.5091306560094,0.0
8.790000000000001,5.3740782671670635,-0.9158518598298837,0.3520835491355392,0.0,15.41886249713256,14.19498459252739,226.65600135993483,219.5091306560094,0.0
8.791,5.022154874440993,-0.8682931726715708,-0.11473330093268386,0.0,15.382828437067614,13.802534630877119,228.1789612982712,219.5091306560094,0.0
8.792,4.67474727295175,-0.8587140749176554,-0.9629115765234801,0.0,15.310574672962792,13.391790419807629,228.1558361722212,219.5091306560094,0.0
8.793000000000001,4.340750415615082,-0.8365244327214176,-1.0378160686606028,0.0,15.202126794497456,13.048403120347572,228.97227147010344,219.5091306560094,0.0
8.794,4.043281199504549,-0.8424470275931952,-1.5406651257426613,0.0,15.071058355790502,12.703327056828124,228.90951949513814,219.5091306560094,0.0
8.795,3.766529792788929,-0.8497279739854706,-1.6032930266513015,0.0,14.919330832756733,12.405259139838407,228.83861965978684,219.5091306560094,0.0
8.796,3.522888657654592,-0.8694416354037808,-1.6611379990134267,0.0,14.755064963619462,12.140121605091164,228.47329311134007,219.5091306560094,0.0
8.797,3.310355846850033,-0.8970482112734419,-1.5681163493433465,0.0,14.583551514652674,11.9168242659294,228.01827005779128,219.5091306560094,0.0
8.798,3.131279891855836,-0.9325258649129107,-1.4256962165867728,0.0,14.41048615280803,11.731014340834973,227.4924553672094,219.5091306560094,0.0
8.799,2.983197362224283,-0.9739096431573657,-1.2426221184078319,0.0,14.240343773708906,11.57969114024717,226.90634996734616,219.5091306560094,0.0
8.8,2.8629585542748157,-1.0189174121030802,-1.023541611589578,0.0,14.076620329262493,11.46049958015458,226.28087333969876,219.5091306560094,0.0
8.801,2.7676688635591042,-1.0656016783900208,-0.7785207246027706,0.0,13.922035264853573,11.370895802026212,225.7070526564541,219.5091306560094,0.0
8.802,2.6949232128311786,-1.111723660013661,-0.5535896029848861,0.0,13.77855490438844,11.304135234450799,225.16412732189139,219.5091306560094,0.0
8.803,2.6401940952491256,-1.1548389640953376,-0.3386769023623506,0.0,13.647027986845027,11.256386519865462,224.7651967146374,219.5091306560094,0.0
8.804,2.6006174835013667,-1.1921042461651428,-0.19177225932163688,0.0,13.527546917584283,11.218076504829002,224.02192875241553,219.5091306560094,0.0
8.805,2.568263937807781,-1.2246789296122045,0.13473374082523426,0.0,13.419393516104446,11.20925912186468,223.02891231612827,219.5091306560094,0.0
8.806000000000001,2.5533310841192836,-1.2533232114821056,0.5960441423676768,0.0,13.323998840647377,11.239306299665806,222.05879390491944,219.5091306560094,0.0
8.807,2.5618842944889186,-1.2840569820784524,1.0556067154829916,0.0,13.244242622463029,11.301657889490823,220.81976249432515,219.5091306560094,0.0
8.808,2.595641833545619,-1.3115697823263448,1.6620161023969806,0.0,13.181416255400922,11.408280308151754,220.21581992819227,219.5091306560094,0.0
8.809000000000001,2.659473952209195,-1.339036459228041,1.9569204927415882,0.0,13.138280973367827,11.51764927964672,220.30660826913837,219.5091306560094,0.0
8.81,2.7347593431408908,-1.3568235208342845,1.903551546137253,0.0,13.112078026695208,11.59530512594311,222.454900676506,219.5091306560094,0.0
8.811,2.7907064746359245,-1.3679154793061268,0.7999476422484624,0.0,13.097303204135331,11.536311022425734,219.22885040684713,219.5091306560094,0.0
8.812,2.77513498722673,-1.3364415262753107,2.4157755795695275,0.0,13.074533399061597,11.672788294078277,215.55042081496137,219.5091306560094,0.0
8.813,2.8438290758443894,-1.3181324363850795,4.294577473922887,0.0,13.065989041302863,11.976138722441814,218.06389790140074,219.5091306560094,0.0
8.814,3.0231252737703835,-1.3399098822334023,3.0522912582492916,0.0,13.091212772098586,12.073824528639815,220.34952843091995,219.5091306560094,0.0
8.815,3.126096171644108,-1.3382923622679148,1.901072015740581,0.0,13.123287008779844,12.04051903599151,214.8170722409118,219.5091306560094,0.0
8.816,3.1479728109805816,-1.2810719843420475,4.714220694895624,0.0,13.142545206155955,12.333333342060033,213.58953339507505,219.5091306560094,0.0
8.817,3.3189480979522696,-1.2589553712970383,5.387186090423348,0.0,13.18729839074562,12.626098228802295,217.19987367602002,219.5091306560094,0.0
8.818,3.519585559844173,-1.2790448874336495,3.605108519750758,0.0,13.259283758456014,12.670943390661641,213.01820664605472,219.5091306560094,0.0
8.819,3.6146215570468523,-1.2396886054546519,5.7608512748329535,0.0,13.324025019402253,12.965007466798486,212.7800443464971,219.5091306560094,0.0
8.82,3.817323902809532,-1.2054739090191247,5.947223287706883,0.0,13.408328508079439,13.213735857219705,215.35576166223908,219.5091306560094,0.0
8.821,4.007065668173429,-1.205800120714378,4.700898319773603,0.0,13.509452517181858,13.288217720132726,209.19846496786113,219.5091306560094,0.0
8.822000000000001,4.131230728169815,-1.136486166884847,7.882653323844059,0.0,13.600284514627127,13.716059358845804,214.11659084729962,219.5091306560094,0.0
8.823,4.403558114912886,-1.1357531813280817,5.477515782211912,0.0,13.725429987326239,13.785102991870087,207.886905105219,219.5091306560094,0.0
8.824,4.545449237946033,-1.0797227815886397,8.708580908760124,0.0,13.838809261942096,14.226340598532266,212.7210561423774,219.5091306560094,0.0
8.825000000000001,4.840103111440542,-1.073066472865451,6.359386135317249,0.0,13.984802479800422,14.313077280791545,206.27064196756285,219.5091306560094,0.0
8.826,5.0071107247222875,-1.0073993749108845,9.716978109608984,0.0,14.117713226411077,14.783142382791201,211.18605675910922,219.5091306560094,0.0
8.827,5.321660271210036,-1.0135654918893273,7.342501452804802,0.0,14.285674352407806,14.891793323279744,206.2986423947316,219.5091306560094,0.0
8.828,5.5249510553885015,-0.9299521777353108,9.918313517606396,0.0,14.438445334126989,15.294242885220575,207.23208339469318,219.5091306560094,0.0
8.829,5.81311943001216,-0.9297778139277852,9.574363490238763,0.0,14.617001126991052,15.578466352113962,209.1945838025197,219.5091306560094,0.0
8.83,6.10138139957581,-0.8811903169022359,8.696258754860398,0.0,14.80078080622331,15.730143898080708,210.6136678598994,219.5091306560094,0.0
8.831,6.277640748255721,-0.8678607408698354,8.075671354131645,0.0,14.980369893735709,15.80904218198847,214.18733372238373,219.5091306560094,0.0
8.832,6.311481708943976,-0.9611187032928739,6.342056392225743,0.0,15.160281572514503,15.711557862265431,223.54318669181345,219.5091306560094,0.0
8.833,6.237609971632299,-0.9948812604087467,1.6237893471528428,0.0,15.315234953101626,15.148604217764781,220.47486703799873,219.5091306560094,0.0
8.834,5.880062847242776,-0.9320922171765491,3.148291810240305,0.0,15.391153210853277,14.910910683472988,227.11610258156455,219.5091306560094,0.0
8.835,5.5890132537006,-0.9363114646171521,-0.24839568079815288,0.0,15.436802297051367,14.344137663786178,225.00795828446297,219.5091306560094,0.0
8.836,5.184444542394,-0.8558713150614846,0.750688191468099,0.0,15.412318563735445,14.024065017855838,227.81595133520247,219.5091306560094,0.0
8.837,4.851732520615762,-0.8526571115494734,-0.7363765406935805,0.0,15.358726778267307,13.59253593920903,227.49029955690295,219.5091306560094,0.0
8.838000000000001,4.510985141533916,-0.825094787724409,-0.653362340552758,0.0,15.264341549895672,13.256957890698413,228.69933119004935,219.5091306560094,0.0
8.839,4.211769987049088,-0.833127629745852,-1.3497801624663555,0.0,15.14699627537075,12.897569214992313,228.66265377249977,219.5091306560094,0.0
8.84,3.9256365383925518,-0.8374961331794782,-1.4229766848564673,0.0,15.005846867685186,12.589779967967916,228.85197347648932,219.5091306560094,0.0
8.841,3.671556417928298,-0.8561438424884149,-1.6110649650560438,0.0,14.85004103905539,12.303784438043854,228.6136970111929,219.5091306560094,0.0
8.842,3.443290126063615,-0.8806668852717979,-1.582972395959667,0.0,14.683727297909247,12.058347434552292,228.2554738639271,219.5091306560094,0.0
8.843,3.2464152922549667,-0.9127932078834684,-1.4913242544059497,0.0,14.512789895588018,11.849996695975522,227.79574893756833,219.5091306560094,0.0
8.844,3.0801394109386977,-0.9511886644077728,-1.3443279740421517,0.0,14.342013396632789,11.676961999055482,227.25859612214953,219.5091306560094,0.0
8.845,2.942486955127019,-0.9939720420739765,-1.1532462209941494,0.0,14.175333294859115,11.537181163289699,226.6664207308093,219.5091306560094,0.0
8.846,2.8310076969678994,-1.0393618792187969,-0.928731426072039,0.0,14.015908167995498,11.428382404673457,226.05906847504053,219.5091306560094,0.0
8.847,2.7432954388600734,-1.085495903517863,-0.6905546763779631,0.0,13.866166522258073,11.347008859559878,225.5042804901043,219.5091306560094,0.0
8.848,2.676568855204558,-1.1302149711577525,-0.47311218225079177,0.0,13.72771944378043,11.286798212861987,225.01422133512,219.5091306560094,0.0
8.849,2.6267898537214602,-1.1707727312279426,-0.2831335115497504,0.0,13.60111017141208,11.242295576148555,224.5145869904823,219.5091306560094,0.0
8.85,2.589500248760955,-1.2057494620972564,-0.08337090257562307,0.0,13.486153425404147,11.213260442680594,223.63036726564567,219.5091306560094,0.0
8.851,2.5621579986933094,-1.236822993958831,0.3175265937463201,0.0,13.382857161846292,11.220368997922147,222.67952468470924,219.5091306560094,0.0
8.852,2.5562765929860722,-1.266209915618592,0.7612439439275409,0.0,13.293523206232333,11.261610536967591,221.60144289719938,219.5091306560094,0.0
8.853,2.573686346610744,-1.295693704539132,1.2793617152705705,0.0,13.22019614764898,11.340376420937233,220.57412846541257,219.5091306560094,0.0
8.854000000000001,2.6185013058629183,-1.3228451793837075,1.782368953069942,0.0,13.164770207664622,11.449327081114582,220.03491006819627,219.5091306560094,0.0
8.855,2.6863876284177604,-1.3481150441921184,2.0467203575562247,0.0,13.128290098076912,11.558869317502745,221.05733136431766,219.5091306560094,0.0
8.856,2.762755843645223,-1.362154560688008,1.5200277024124453,0.0,13.107703871253257,11.585507972733172,222.14565799311376,219.5091306560094,0.0
8.857,2.7906980413032363,-1.3630817052724207,0.9494991146433538,0.0,13.091801723374337,11.54762296206492,217.97968151595936,219.5091306560094,0.0
8.858,2.7827455826942558,-1.3221475613940639,3.047781844621055,0.0,13.06918926194402,11.749606816274415,215.4212039629099,219.5091306560094,0.0
8.859,2.888546777337617,-1.3126307577808873,4.367899888076771,0.0,13.068398925119011,12.04164354040341,218.74921832514266,219.5091306560094,0.0
8.86,3.0694840174760945,-1.3419982124629135,2.711491830269064,0.0,13.100216882440566,12.090146407174807,219.25593863342897,219.5091306560094,0.0
8.861,3.1479081622337812,-1.3313937931737172,2.460663596351716,0.0,13.132243170038466,12.119136474326421,213.66660898189195,219.5091306560094,0.0
8.862,3.199285616897776,-1.2737929313580563,5.313753638861397,0.0,13.157735784984911,12.459911071972448,215.10895381677093,219.5091306560094,0.0
8.863,3.400047335697738,-1.267406894201229,4.636582989814292,0.0,13.214630142732224,12.64456778500688,217.86695047123567,219.5091306560094,0.0
8.864,3.5562918674025035,-1.2671221313383192,3.2740064644296623,0.0,13.284333272464892,12.658157269911236,211.17652214801686,219.5091306560094,0.0
8.865,3.6290208120528735,-1.2019447900933644,6.702546711118993,0.0,13.341258377806412,13.061685573093605,213.89372011056,219.5091306560094,0.0
8.866,3.8746420145372453,-1.194281276061608,5.400101835301918,0.0,13.432652589800973,13.226708174858338,213.77421346085208,219.5091306560094,0.0
8.867,4.038120825485569,-1.1853335101500444,5.517204332107449,0.0,13.530502021662603,13.394747203873363,208.59826692098324,219.5091306560094,0.0
8.868,4.210675938449887,-1.118386477653007,8.214286239392134,0.0,13.628095717324003,13.83392898368971,213.90899904369695,219.5091306560094,0.0
8.869,4.492536757897321,-1.141707801607557,5.614921494158399,0.0,13.763083037360879,13.896771875032439,207.61892287088025,219.5091306560094,0.0
8.870000000000001,4.646174887277868,-1.071332332686333,8.878861658418039,0.0,13.882881399707456,14.33777468872809,212.55134323151114,219.5091306560094,0.0
8.871,4.935475990449648,-1.073579535068678,6.482229352347579,0.0,14.03575115414021,14.420101361923397,206.28342093591849,219.5091306560094,0.0
8.872,5.107172705627784,-0.9943503682101655,9.748447597344816,0.0,14.17282892007096,14.876739045614972,210.40841601541476,219.5091306560094,0.0
8.873,5.4104069512773005,-1.0034753378616335,7.776957204002626,0.0,14.343658716108035,15.020255811943182,207.4527825905773,219.5091306560094,0.0
8.874,5.634092855824721,-0.9179196185676937,9.375337397075675,0.0,14.50225483035538,15.340467499370021,205.20623463606867,219.5091306560094,0.0
8.875,5.886238452264307,-0.9028474239980242,10.0,0.0,14.676210117710955,15.671747557306977,208.24693803245466,219.5091306560094,0.0
8.876,6.184993632157012,-0.8650563375336766,9.22107775588136,0.0,14.861891584559284,15.865025451479694,215.19620253822978,219.5091306560094,0.0
8.877,6.356129254008133,-0.9141480264173503,5.789574784171597,0.0,15.05411069078189,15.67203023186839,214.848349079979,219.5091306560094,0.0
8.878,6.259421614750058,-0.9482335524851622,6.010109329057299,0.0,15.211066855399734,15.588479471031905,223.34225846150167,219.5091306560094,0.0
8.879,6.132126961908814,-0.9975347184247689,1.724823360241034,0.0,15.349054600464829,15.068427936142157,222.45122944658644,219.5091306560094,0.0
8.88,5.793209045684262,-0.9295712072396036,2.14091687979288,0.0,15.41326941964467,14.73881150034305,225.5236297258129,219.5091306560094,0.0
8.881,5.46030194039906,-0.9202504925994346,0.5445717494816167,0.0,15.437755469828055,14.30204989293121,226.58851936069448,219.5091306560094,0.0
8.882,5.108106730672899,-0.8696708035613927,-0.05866695500602459,0.0,15.410646195604125,13.896432647105385,227.9219027132206,219.5091306560094,0.0
8.883000000000001,4.7516130988164145,-0.8569671743999002,-0.8094863518411928,0.0,15.344794521902624,13.48780079923971,228.11230591512359,219.5091306560094,0.0
8.884,4.415450826743347,-0.8323010356243595,-0.9907197053838326,0.0,15.242078591811019,13.13443240747859,229.0191268770792,219.5091306560094,0.0
8.885,4.11048938963773,-0.8367672628614994,-1.5392301485723392,0.0,15.115035361936297,12.777789582029998,228.9182727077745,219.5091306560094,0.0
8.886000000000001,3.82521847328654,-0.840595719005192,-1.5828944844376345,0.0,14.96540864040762,12.47311893005307,228.92588153640355,219.5091306560094,0.0
8.887,3.5748116175872333,-0.8589386472620877,-1.6808664075561053,0.0,14.802256963380943,12.198304447899996,228.577087312593,219.5091306560094,0.0
8.888,3.3549655884966265,-0.8851153122162178,-1.5971488622166627,0.0,14.630635009704012,11.96652389012106,228.14143697747718,219.5091306560094,0.0
8.889,3.1691638235545527,-0.9196857863796627,-1.4656467578734356,0.0,14.456538181125314,11.772626982629413,227.63169859677774,219.5091306560094,0.0
8.89,3.014896853999639,-0.960633429194145,-1.292003246931396,0.0,14.284619880623287,11.613607197190868,227.05812318875627,219.5091306560094,0.0
8.891,2.888974515187571,-1.0055756064375296,-1.0807054682481305,0.0,14.118525594696234,11.487112668365494,226.44051914327255,219.5091306560094,0.0
8.892,2.788436217646362,-1.052525675909341,-0.8412173303789037,0.0,13.961106370348812,11.390688870550147,225.84840550232437,219.5091306560094,0.0
8.893,2.710789874489374,-1.0993580031129568,-0.6085532583679614,0.0,13.814468743952276,11.318899411395954,225.2851537996822,219.5091306560094,0.0
8.894,2.652152482481539,-1.143832713324429,-0.3846876384836082,0.0,13.679739829131199,11.267597362673994,224.84672665142463,219.5091306560094,0.0
8.895,2.609630479843326,-1.183108713610488,-0.21885002430897327,0.0,13.557229213849386,11.228047155072613,224.2197842221109,219.5091306560094,0.0
8.896,2.5765606495407742,-1.2168788871367868,0.04751465468688343,0.0,13.44633659842065,11.211055106557884,223.31126936160874,219.5091306560094,0.0
8.897,2.556958692266431,-1.246748860265127,0.4637506978819661,0.0,13.347782034992171,11.229620836310406,222.3685390599624,219.5091306560094,0.0
8.898,2.5584542425706855,-1.2769198054183872,0.906521764665611,0.0,13.263959605117366,11.28065646355287,221.1418582369574,219.5091306560094,0.0
8.899000000000001,2.583977951039004,-1.3043632689601947,1.5035349003586225,0.0,13.196340052492351,11.376657366913529,220.3528331192562,219.5091306560094,0.0
8.9,2.6398639000623403,-1.3318309191035884,1.889610434576762,0.0,13.147829552346263,11.486902184774802,220.02163716440637,219.5091306560094,0.0
8.901,2.712359162287587,-1.3535527690307636,2.0500833469177016,0.0,13.117309310991464,11.587647116496115,221.9058581111538,219.5091306560094,0.0
8.902000000000001,2.7837122790608606,-1.3650713260228433,1.0840055989925408,0.0,13.100965409714135,11.560268359291836,220.59909497320723,219.5091306560094,0.0
8.903,2.7839320624347024,-1.3500349374562775,1.7264875247938498,0.0,13.081748834531869,11.615016231994256,216.72517334052455,219.5091306560094,0.0
8.904,2.8151784048844526,-1.3213017704495802,3.691287914290039,0.0,13.066918419652998,11.86863598365904,216.57274867062125,219.5091306560094,0.0
8.905,2.9612226093658593,-1.3231630667546959,3.796864069095569,0.0,13.07942509569212,12.071623692734645,219.759314131558,219.5091306560094,0.0
8.906,3.108184054905502,-1.3376344515250524,2.2010795038717093,0.0,13.112553114396585,12.06426591781938,216.72272871375438,219.5091306560094,0.0
8.907,3.1493689101979436,-1.3057717422162662,3.74723623219607,0.0,13.1379829418674,12.243931088407233,211.900152946938,219.5091306560094,0.0
8.908,3.2687992699327184,-1.2675913041067797,6.234613892694977,0.0,13.17495508255097,12.653597209037116,217.22442931800032,219.5091306560094,0.0
8.909,3.5173607005636827,-1.2960342321223628,3.595322720543905,0.0,13.252707147691973,12.684650672358703,215.63666154482812,219.5091306560094,0.0
8.91,3.6113585416377996,-1.2703506448052087,4.42793129824182,0.0,13.322679728765994,12.830499702918669,210.16071841112674,219.5091306560094,0.0
8.911,3.7408195858737097,-1.2035353231339163,7.259386987541335,0.0,13.39314710527794,13.258594392120802,216.35154391740858,219.5091306560094,0.0
8.912,4.0029718852150165,-1.220642327912998,4.195550101786424,0.0,13.501927136801317,13.258047593242692,210.30412113293383,219.5091306560094,0.0
8.913,4.0990092965921106,-1.1629217551710407,7.311311589254553,0.0,13.59325415223514,13.63386301762571,213.33070351588077,219.5091306560094,0.0
8.914,4.347933906415608,-1.1326885485070473,5.859804669182369,0.0,13.710281561558261,13.763984892064373,209.88089193565966,219.5091306560094,0.0
8.915000000000001,4.5002214858985035,-1.1006340554444367,7.6809928464964194,0.0,13.82539475522269,14.093380701051863,211.50681810891803,219.5091306560094,0.0
8.916,4.755343679392364,-1.055859698651679,6.948052885338152,0.0,13.957331576102845,14.275972405517003,207.89300579476347,219.5091306560094,0.0
8.917,4.941281556756882,-1.0271178739575633,8.87112029102789,0.0,14.091620028193079,14.654463491285943,210.9346938461486,219.5091306560094,0.0
8.918000000000001,5.234233832570517,-0.9963157222932266,7.436020633433929,0.0,14.247227925215046,14.80107730572892,205.26266258228998,219.5091306560094,0.0
8.919,5.433164063687647,-0.9382394412179909,10.0,0.0,14.395856044577474,15.226026452663252,209.17382662873243,219.5091306560094,0.0
8.92,5.741906978860886,-0.9348553640347141,8.553981944229973,0.0,14.572324781017695,15.406669298682159,207.68927729192862,219.5091306560094,0.0
8.921,5.989763587904244,-0.8547517305361025,9.414455146272687,0.0,14.740433369502762,15.671830168682549,205.8331655971951,219.5091306560094,0.0
8.922,6.209745430751648,-0.8597614956483639,10.0,0.0,14.919599296636699,15.961371575798202,217.54382657410517,219.5091306560094,0.0
8.923,6.384694877688268,-0.9747682438139287,4.634007783707045,0.0,15.122403416415896,15.626716221851629,218.28437862099148,219.5091306560094,0.0
8.924,6.237291685631358,-0.9615671283400338,4.27597928061407,0.0,15.268859398638735,15.378047447695977,220.8261594463037,219.5091306560094,0.0
8.925,5.998196870136772,-0.9789421230418744,2.9919185800550117,0.0,15.377846165795663,15.056051154931424,226.37412833409184,219.5091306560094,0.0
8.926,5.726395828955772,-0.9434018653147391,0.14928415938012263,0.0,15.439651448663444,14.504811155265344,224.9651233796322,219.5091306560094,0.0
8.927,5.308276698066573,-0.8928125185650906,0.799226709373718,0.0,15.434942777712648,14.1580708025447,227.05740844978678,219.5091306560094,0.0
8.928,4.96994078547132,-0.8624793569148257,-0.32239860364135,0.0,15.393200184270832,13.748691167146022,228.25884436566722,219.5091306560094,0.0
8.929,4.624367459282944,-0.8487794640482356,-1.010613698678147,0.0,15.313490230034505,13.346217535373908,228.410877044745,219.5091306560094,0.0
8.93,4.29425410349954,-0.8321977096022355,-1.1756475021043986,0.0,15.199816913984213,12.997605439803149,229.03303697932188,219.5091306560094,0.0
8.931000000000001,3.997998727230454,-0.8370691813581015,-1.5819665326259589,0.0,15.06335139941947,12.658729424693087,229.02121295126437,219.5091306560094,0.0
8.932,3.7253814473114395,-0.8467209091365167,-1.6711753415497568,0.0,14.907657810138272,12.361370027989562,228.84462668361883,219.5091306560094,0.0
8.933,3.484656609727419,-0.8671790762192426,-1.6762371680030772,0.0,14.73995152121615,12.102266058542687,228.44656717278434,219.5091306560094,0.0
8.934000000000001,3.277007925731734,-0.8963034482070626,-1.5665817777535835,0.0,14.566104563489388,11.884848675203953,227.96847543929144,219.5091306560094,0.0
8.935,3.1032016075043476,-0.9333759957727197,-1.4121293588399526,0.0,14.391687299713775,11.704723754769478,227.42526540228175,219.5091306560094,0.0
8.936,2.960239743082215,-0.9761324317333856,-1.219685687797833,0.0,14.22103175275229,11.558781621530546,226.82797496013018,219.5091306560094,0.0
8.937,2.844732324124953,-1.0222293888451377,-0.9942289097632528,0.0,14.057490648085748,11.444520153233817,226.19651989286749,219.5091306560094,0.0
8.938,2.753670013134365,-1.06967285102182,-0.7453752685004877,0.0,13.903635318324506,11.359311834078062,225.62731004529607,219.5091306560094,0.0
8.939,2.6846301237826617,-1.11616567190856,-0.5219521386076469,0.0,13.761284465299582,11.296010586456118,225.10364235695323,219.5091306560094,0.0
8.94,2.6329406706503633,-1.159136922524797,-0.3160634114456653,0.0,13.631100482173876,11.250213347933803,224.68743277192564,219.5091306560094,0.0
8.941,2.5952422842957095,-1.1959705107003984,-0.15974164009103387,0.0,13.512977155701666,11.214743870496228,223.89729644500295,219.5091306560094,0.0
8.942,2.5650192907062888,-1.2278845577309996,0.19144486548037687,0.0,13.406261423424528,11.21102385148579,222.9428785086702,219.5091306560094,0.0
8.943,2.552938708411156,-1.2571741502013736,0.634316355120149,0.0,13.312747977175494,11.243234894069909,221.90068507549205,219.5091306560094,0.0
8.944,2.5637385411530245,-1.287157947846816,1.1314975275143935,0.0,13.234812301626075,11.31182591441313,220.65777355571137,219.5091306560094,0.0
8.945,2.601305840458911,-1.3148201628858192,1.741466858407712,0.0,13.174272301343754,11.423864675245177,220.17395930702165,219.5091306560094,0.0
8.946,2.6692978243941656,-1.3420241312666135,1.9767256962424522,0.0,13.133705991544362,11.531320893578862,220.76623542879784,219.5091306560094,0.0
8.947000000000001,2.744978928852164,-1.3580779280100392,1.6680165876264708,0.0,13.109435812516251,11.580019267122104,222.58247539154758,219.5091306560094,0.0
8.948,2.7844730421555246,-1.36498428325104,0.7291631588962222,0.0,13.093061649854352,11.517646457915252,218.44376482642448,219.5091306560094,0.0
8.949,2.7659250657298267,-1.3248812937205112,2.809172099753617,0.0,13.067607230137188,11.700498249684372,215.4390095524073,219.5091306560094,0.0
8.950000000000001,2.857833586109015,-1.3134834291576547,4.352250947798231,0.0,13.062130696362043,12.001162587175227,218.46078950849807,219.5091306560094,0.0
8.951,3.0404825850598,-1.3420228804114884,2.85184438122796,0.0,13.09052156799705,12.071565022055516,220.0274763163018,219.5091306560094,0.0
8.952,3.1305434218335995,-1.3366487123141442,2.063317520723169,0.0,13.12223704295334,12.05795220956584,214.23150998415025,219.5091306560094,0.0
8.953,3.161771977852029,-1.2761173227990765,5.014076893517537,0.0,13.142814977999345,12.378806492638901,214.33970511356964,219.5091306560094,0.0
8.954,3.3478521016719145,-1.262163435237991,5.011673584232241,0.0,13.19249093411149,12.619704655099927,217.76100593998942,219.5091306560094,0.0
8.955,3.527778199754989,-1.272518178079583,3.3185044181825503,0.0,13.262567671446709,12.637324952202512,211.96759919154152,219.5091306560094,0.0
8.956,3.6055602053181652,-1.2195191280156765,6.290623107051175,0.0,13.321465321823212,12.997298881133286,213.3899326906155,219.5091306560094,0.0
8.957,3.8335336869870855,-1.2007939725474017,5.640648337168129,0.0,13.408940823454275,13.201647507704864,214.7498403724199,219.5091306560094,0.0
8.958,4.009830444212344,-1.1973138240979053,5.008287399101823,0.0,13.50790807280463,13.314135957815832,208.3703062656292,219.5091306560094,0.0
8.959,4.153089623436561,-1.1285670780520018,8.309442696400968,0.0,13.600700101650492,13.780727437791903,214.20689958070872,219.5091306560094,0.0
8.96,4.445713480273385,-1.1455573734398317,5.44416834961422,0.0,13.733428475562492,13.83099120907561,207.72490492883009,219.5091306560094,0.0
8.961,4.589005273114659,-1.0827426870031136,8.80300793282533,0.0,13.850830870749755,14.274790679599064,212.7722899233756,219.5091306560094,0.0
8.962,4.8813259702850775,-1.0791710493219782,6.346683842878907,0.0,14.001108240190066,14.351444038102342,206.2242098424082,219.5091306560094,0.0
8.963000000000001,5.0455484562754185,-1.0056575753120938,9.75357309149863,0.0,14.135972442772404,14.819639589459737,210.97015848463423,219.5091306560094,0.0
8.964,5.355409482690251,-1.0127757247540423,7.465988492099363,0.0,14.305687911410965,14.936356319473774,206.57648992962146,219.5091306560094,0.0
8.965,5.56383308274406,-0.9264872007636171,9.792149176869625,0.0,14.460540587053702,15.317298458927208,206.66205476869374,219.5091306560094,0.0
8.966,5.841874176352128,-0.9225341293560416,9.877837516206643,0.0,14.638430256462579,15.6332954781826,209.05210143439615,219.5091306560094,0.0
8.967,6.141454346770899,-0.8824887330453697,8.787384475571569,0.0,14.825765197976011,15.784501636780128,209.69610808415902,219.5091306560094,0.0
8.968,6.30789577286763,-0.8938434890229616,8.563511376408638,0.0,15.011136738318491,15.910286408001216,218.20510889350223,219.5091306560094,0.0
8.969,6.366670437543658,-0.9935311826955069,4.322051189362106,0.0,15.201401700493049,15.572907167697567,220.66463756820633,219.5091306560094,0.0
8.97,6.181066507408777,-0.9706907208232138,3.080731782888085,0.0,15.335392914677092,15.215165993761653,221.57886080832586,219.5091306560094,0.0
8.971,5.87808308506546,-0.9576802381716112,2.602922861305158,0.0,15.419008141576196,14.897924408484771,226.97985127117124,219.5091306560094,0.0
8.972,5.585947602447166,-0.9240187096825939,-0.17227957626915336,0.0,15.458965023950421,14.34937939437272,225.79534128722125,219.5091306560094,0.0
8.973,5.167043954240914,-0.8763655678325305,0.3571133093937253,0.0,15.435166486357407,13.988827858184466,227.6039927244035,219.5091306560094,0.0
8.974,4.8251615520647615,-0.8464411675282966,-0.62816102988134,0.0,15.374877496289896,13.581695543436162,228.41955249107505,219.5091306560094,0.0
8.975,4.48324582217723,-0.8350747991858856,-1.1250451315677736,0.0,15.278953117239688,13.198634959629041,228.6391678555563,219.5091306560094,0.0
8.976,4.166894837447629,-0.8259118821602424,-1.3261531858038715,0.0,15.15342086052439,12.858514402369892,229.095095171661,219.5091306560094,0.0
8.977,3.8825828113278034,-0.8350199023816338,-1.649976489012733,0.0,15.007523285149318,12.534354005380393,228.95594309450087,219.5091306560094,0.0
8.978,3.6232086799637733,-0.8497637468536541,-1.6748685748175807,0.0,14.84533017030251,12.254208028334741,228.68678899790143,219.5091306560094,0.0
8.979000000000001,3.3973049411310283,-0.8747946157031237,-1.632068109936783,0.0,14.673947726364542,12.013069979461877,228.2594779745622,219.5091306560094,0.0
8.98,3.204662977207416,-0.9082397480312725,-1.5059160714526962,0.0,14.499018377800684,11.811287789310207,227.75589642231333,219.5091306560094,0.0
8.981,3.0442808716747303,-0.9484489884272357,-1.3365929529912979,0.0,14.32549231019832,11.645270517932591,227.19440645762523,219.5091306560094,0.0
8.982,2.9130280328059452,-0.9931987633145644,-1.1327007286634099,0.0,14.157237505052079,11.5120712716442,226.58428798105132,219.5091306560094,0.0
8.983,2.8076534441622383,-1.0403115913679364,-0.8983930636268713,0.0,13.997223169128617,11.409380066742877,225.97172726910497,219.5091306560094,0.0
8.984,2.725513548540534,-1.0877571301783258,-0.6567386737846546,0.0,13.847689027295981,11.33317709760357,225.41243477841311,219.5091306560094,0.0
8.985,2.6635170164439628,-1.1333158250365911,-0.43612546966276167,0.0,13.710025003778984,11.277490139324323,224.943738468341,219.5091306560094,0.0
8.986,2.61781862724603,-1.1741445507123804,-0.2561233927500184,0.0,13.584594259661515,11.235606428431293,224.41305880239958,219.5091306560094,0.0
8.987,2.5831973459304263,-1.2089850438583032,-0.03982284124321023,0.0,13.470942385855778,11.210712411165172,223.50788038852028,219.5091306560094,0.0
8.988,2.558890050522858,-1.2399129805601539,0.37277886837133023,0.0,13.36921996580975,11.222493380469302,222.56104368853957,219.5091306560094,0.0
8.989,2.55605103207917,-1.2698566712580628,0.8156780880363823,0.0,13.281832411308491,11.267586126980156,221.41931328185234,219.5091306560094,0.0
8.99,2.5767364423201893,-1.2987144797851056,1.3674414651215678,0.0,13.210567808939441,11.353392037361566,220.46639704506362,219.5091306560094,0.0
8.991,2.6259480108588726,-1.3264265079079,1.8343269196253877,0.0,13.15777000285367,11.464124244255661,219.99972910185295,219.5091306560094,0.0
8.992,2.6963725862901065,-1.3506608257827883,2.0627549067722857,0.0,13.123713852750896,11.571707086280838,221.35530081148383,219.5091306560094,0.0
8.993,2.7720569138103768,-1.3636175821644514,1.3665073504021015,0.0,13.105004501884151,11.57863348774811,221.6490840601416,219.5091306560094,0.0
8.994,2.7896112640898747,-1.3595837526188737,1.1982161920318921,0.0,13.088285437436978,11.570272626869418,217.60474139354295,219.5091306560094,0.0
8.995000000000001,2.794320377985774,-1.3212764352667978,3.2394314179558825,0.0,13.06822872673338,11.786950073043466,215.66607538095224,219.5091306560094,0.0
8.996,2.9122536756288597,-1.314337976339552,4.247194977001811,0.0,13.071465274409071,12.05747037116378,219.12492597099154,219.5091306560094,0.0
8.997,3.0859879214263968,-1.339475407928156,2.5216117288323385,0.0,13.104264699193244,12.083439067289232,218.51121176810489,219.5091306560094,0.0
8.998,3.1498556304575427,-1.3237372959090568,2.8384480191547112,0.0,13.134398484473559,12.156910555162263,212.7592999832217,219.5091306560094,0.0
8.999,3.2198945848480216,-1.272689644632154,5.781902218324184,0.0,13.163408179492873,12.5395942638888,215.77039309449745,219.5091306560094,0.0
9.0,3.4466108363367827,-1.2788607446595568,4.313743038301426,0.0,13.228974573398698,12.671740121330558,217.53776317149448,219.5091306560094,0.0
9.001,3.5832179787000773,-1.2721732745339647,3.449771674648062,0.0,13.300401580944019,12.704113151072004,210.9964274009136,219.5091306560094,0.0
9.002,3.662844455449466,-1.200636145571699,6.8055665924894555,0.0,13.360120981224362,13.110775892174125,214.3646071335925,219.5091306560094,0.0
9.003,3.908260860609891,-1.1972715939148144,5.172921961374177,0.0,13.454879986194255,13.243395900792818,212.83156103233836,219.5091306560094,0.0
9.004,4.057585658887685,-1.178610550223211,6.006220708237959,0.0,13.551406022239519,13.466247553753849,209.879946374276,219.5091306560094,0.0
9.005,4.254340153933715,-1.1180901920941675,7.578319880086477,0.0,13.654093991019074,13.820914819985715,212.90534930906117,219.5091306560094,0.0
9.006,4.500052704750053,-1.1284441394456424,6.131656226163371,0.0,13.783724027333822,13.95046932718299,206.832145477161,219.5091306560094,0.0
9.007,4.680412447285422,-1.0610181041411464,9.295027993901941,0.0,13.905826107379804,14.425086472111753,212.60220818599564,219.5091306560094,0.0
9.008000000000001,4.98940819285666,-1.0823933364330338,6.479065864184758,0.0,14.066205229819223,14.490876624018489,206.82325603467527,219.5091306560094,0.0
9.009,5.164336540569343,-0.9962258480329607,9.495400686058282,0.0,14.207433279158444,14.909929963889061,209.85641630553565,219.5091306560094,0.0
9.01,5.447279909888735,-0.9978411435686503,8.075347694132832,0.0,14.377483214943723,15.08545711022796,208.57703768133248,219.5091306560094,0.0
9.011000000000001,5.680497504866938,-0.9166666701677741,8.824357935981181,0.0,14.53913552675492,15.334203690279665,203.84607472811388,219.5091306560094,0.0
9.012,5.9036678223163515,-0.8818068014701064,10.0,0.0,14.70647442456743,15.673854809161249,208.9054077577727,219.5091306560094,0.0
9.013,6.19349952317792,-0.8483112004925446,8.895911286585005,0.0,14.887708627066289,15.833418742899807,214.25046201227,219.5091306560094,0.0
9.014,6.334978080838234,-0.909738236104064,6.275970845773756,0.0,15.073867732616158,15.70533281782529,215.7220092402711,219.5091306560094,0.0
9.015,6.2583574727364955,-0.9689271966018418,5.5780684459305885,0.0,15.234498850402234,15.567944588706379,224.91423986814416,219.5091306560094,0.0
9.016,6.118752817117303,-0.9998918651093016,0.9279020398727047,0.0,15.368142257428653,14.970409319647109,222.07542025419596,219.5091306560094,0.0
9.017,5.72985452025108,-0.9210418752509892,2.3216489508649407,0.0,15.419684651277015,14.687188508565235,226.84595502288926,219.5091306560094,0.0
9.018,5.407331351751118,-0.9156362297771241,-0.13698667715050572,0.0,15.437944603528813,14.1846451953511,226.22462326383578,219.5091306560094,0.0
9.019,5.026975148375063,-0.8526915226506855,0.10652427629796835,0.0,15.397254367904843,13.824168720529405,228.13313158971556,219.5091306560094,0.0
9.02,4.686831651983537,-0.8457547592984289,-0.9339698959789828,0.0,15.324451911463623,13.412393623711846,228.0132385681634,219.5091306560094,0.0
9.021,4.355045703111551,-0.825674707617166,-0.9590644643244364,0.0,15.21561275293335,13.07525534954869,228.8530439183925,219.5091306560094,0.0
9.022,4.062101788995191,-0.834111790802843,-1.4724062720628242,0.0,15.085072562507031,12.733636304845135,228.85473675458144,219.5091306560094,0.0
9.023,3.788691682044304,-0.8438913633965709,-1.566708751143013,0.0,14.934415868806429,12.435030963571299,228.81388122578758,219.5091306560094,0.0
9.024000000000001,3.5458919240916185,-0.8648976773000614,-1.6393284924438674,0.0,14.77117720915196,12.168149212607783,228.47832729420426,219.5091306560094,0.0
9.025,3.3326367858756005,-0.8931026852073677,-1.5612434930341559,0.0,14.60046672809735,11.941977385747482,228.04640962061916,219.5091306560094,0.0
9.026,3.1516960136422116,-0.928734162658079,-1.430657445887701,0.0,14.427847524902678,11.752706242223276,227.537312924991,219.5091306560094,0.0
9.027000000000001,3.001093484328592,-0.9700196032742614,-1.2563909207634376,0.0,14.257748211368323,11.597720620526392,226.96414821643776,219.5091306560094,0.0
9.028,2.878059810311753,-1.0148493193213182,-1.0443587420911036,0.0,14.093678681376735,11.474832182897192,226.34717037605648,219.5091306560094,0.0
9.029,2.779916237254984,-1.0613820606216238,-0.804250219100934,0.0,13.938397565003946,11.381682708070022,225.77135221959406,219.5091306560094,0.0
9.03,2.704395870076295,-1.1074964741176496,-0.5789633565055712,0.0,13.793936870857276,11.312026343402968,225.2146461935804,219.5091306560094,0.0
9.031,2.6472369109218374,-1.15092229193252,-0.35766549887444565,0.0,13.661272305483244,11.262511723336624,224.8180604105159,219.5091306560094,0.0
9.032,2.6060215982383514,-1.1887096591935964,-0.21246190488726313,0.0,13.54064508686055,11.222403620305432,224.11348048281278,219.5091306560094,0.0
9.033,2.5725940429470486,-1.2212823645332085,0.0937845606962644,0.0,13.431274903711758,11.209743558944615,223.17508906017113,219.5091306560094,0.0
9.034,2.555058382350006,-1.2504765759200505,0.5263206879754687,0.0,13.334461368940914,11.233523641862636,222.20252298009757,219.5091306560094,0.0
9.035,2.5597518977509055,-1.2806294034125985,0.9856698047713683,0.0,13.252732064849273,11.29075576128646,220.9618472853942,219.5091306560094,0.0
9.036,2.589571961093798,-1.308024411924517,1.591480485829198,0.0,13.187610825770555,11.392904150293433,220.265227073075,219.5091306560094,0.0
9.037,2.6498895741186597,-1.3356273848304554,1.9322296278181437,0.0,13.141978926434954,11.503413138500733,220.28472459944962,219.5091306560094,0.0
9.038,2.7238224359739194,-1.356283203821637,1.9147249251964378,0.0,13.113957226213609,11.585445590571636,222.13162793241773,219.5091306560094,0.0
9.039,2.784512978695873,-1.3651855751661144,0.9650482859482992,0.0,13.097713643879464,11.546246613041369,219.76157062824115,219.5091306560094,0.0
9.040000000000001,2.7780174664728596,-1.3419055966714675,2.1475525383142737,0.0,13.076524700677858,11.650236820955215,215.91186645077718,219.5091306560094,0.0
9.041,2.831652923710088,-1.3219237123549217,4.108377269098577,0.0,13.065888465097917,11.939609936201798,217.41072224840767,219.5091306560094,0.0
9.042,3.0018909728922325,-1.3354056436506907,3.3799334543593527,0.0,13.086935995886334,12.08105521859891,220.6468992559976,219.5091306560094,0.0
9.043000000000001,3.1250179341578046,-1.3393851529678384,1.7504672645645059,0.0,13.120326228547547,12.026662297857717,215.57381867945858,219.5091306560094,0.0
9.044,3.137912199647858,-1.287889389888051,4.32636067259952,0.0,13.13923381683657,12.28050352964732,212.62248488582907,219.5091306560094,0.0
9.045,3.287653248125772,-1.25700886659078,5.870894027116082,0.0,13.178752869543754,12.638648559325658,217.4009830608211,219.5091306560094,0.0
9.046,3.5170772685007,-1.2838389446071294,3.5027264155719533,0.0,13.253394633762815,12.665247988735402,214.209790065109,219.5091306560094,0.0
9.047,3.606135764167382,-1.2527020724137765,5.151316319337008,0.0,13.31953880777952,12.894176022836087,211.21354790498003,219.5091306560094,0.0
9.048,3.7773876942674,-1.201105750430797,6.73239322691178,0.0,13.396597141108426,13.246311104369617,215.4237343822644,219.5091306560094,0.0
9.049,4.010112325971844,-1.2157193029948212,4.668153951007047,0.0,13.503286603259667,13.30417423147093,209.935657352319,219.5091306560094,0.0
9.05,4.1329200823599725,-1.158075876141246,7.507927199016651,0.0,13.598606519426383,13.688755835231683,213.69815421551195,219.5091306560094,0.0
9.051,4.388194159629645,-1.140739385637497,5.68478853182515,0.0,13.721522024665624,13.78861621342609,208.7870144247956,219.5091306560094,0.0
9.052,4.53362122075462,-1.0947303642494821,8.24757958949547,0.0,13.83724438975274,14.177476271389585,212.38289579390724,219.5091306560094,0.0
9.053,4.809353617706406,-1.0686736452732377,6.520901253560666,0.0,13.97787437525399,14.29458373948246,206.62721967752557,219.5091306560094,0.0
9.054,4.977790843526771,-1.015962624726758,9.527558421536337,0.0,14.110614463944046,14.746271760282124,211.50126814995522,219.5091306560094,0.0
9.055,5.290780435424821,-1.0106007118102853,7.170612810382053,0.0,14.275186645629717,14.843989916113516,205.77238406971406,219.5091306560094,0.0
9.056000000000001,5.482667562829375,-0.9304384872155556,10.0,0.0,14.424309199153704,15.265217833404332,208.07066093547718,219.5091306560094,0.0
9.057,5.7790940212283655,-0.9319753338748336,9.134220134362039,0.0,14.601612964432846,15.505017518052266,208.99088488607984,219.5091306560094,0.0
9.058,6.050812414525957,-0.8696346638769827,8.779290616760004,0.0,14.778293479482508,15.68125840380473,207.4384226385741,219.5091306560094,0.0
9.059000000000001,6.240575876969507,-0.8479748283059592,9.676228820687221,0.0,14.953170856389614,15.941598953159117,216.1944762881674,219.5091306560094,0.0
9.06,6.370095748781075,-0.9818160967744967,5.331348539568994,0.0,15.1515336884287,15.694137421031659,221.33977591264062,219.5091306560094,0.0
9.061,6.258853141266149,-0.9818008127640208,2.740392274766076,0.0,15.303973990125293,15.263233824548475,220.69371637175297,219.5091306560094,0.0
9.062,5.94279833503299,-0.9570483337084448,3.051576188052464,0.0,15.3953572821479,14.984458013603296,227.2302081137251,219.5091306560094,0.0
9.063,5.660273213466441,-0.9330319877354873,-0.293880457510757,0.0,15.447330390607263,14.399503258120081,224.80011149015516,219.5091306560094,0.0
9.064,5.22904214554319,-0.8710419129181264,0.8682580459327545,0.0,15.429031967902185,14.084141257121418,226.96221642862028,219.5091306560094,0.0
9.065,4.900213958418396,-0.8534093619674286,-0.2873252810259146,0.0,15.379707507511341,13.691608852856719,228.1580736864875,219.5091306560094,0.0
9.066,4.5722291391863585,-0.8418216431038281,-0.971743340264311,0.0,15.294963929167626,13.302457137977052,228.56306396072986,219.5091306560094,0.0
9.067,4.253050487847875,-0.834720768783149,-1.2647778104326917,0.0,15.179114318183677,12.950186429079757,228.9885096217551,219.5091306560094,0.0
9.068,3.9609082554032176,-0.8390178667968426,-1.5722944306027666,0.0,15.040166286933108,12.619605205512299,229.0352246966056,219.5091306560094,0.0
9.069,3.693586076790872,-0.8513323851665087,-1.690912908433984,0.0,14.883366562491371,12.3246984521397,228.78803038435822,219.5091306560094,0.0
9.07,3.4563525593338937,-0.8723436026398521,-1.6601047495937786,0.0,14.71494422389492,12.071599949045071,228.38875807708993,219.5091306560094,0.0
9.071,3.253034238908561,-0.9023615627084631,-1.5492648701704388,0.0,14.54114613228147,11.858846047620647,227.90124288852002,219.5091306560094,0.0
9.072000000000001,3.083046213756221,-0.9400152296333686,-1.3894283982105873,0.0,14.367294183447973,11.683126839861169,227.34795380434554,219.5091306560094,0.0
9.073,2.9435315388982706,-0.9830411471962046,-1.1911720876067085,0.0,14.197611822984543,11.541450921423973,226.74430464508023,219.5091306560094,0.0
9.074,2.8312007186193524,-1.0292102834548305,-0.9616992478647655,0.0,14.03537845253655,11.431195051531823,226.11041166990677,219.5091306560094,0.0
9.075000000000001,2.7430562252141963,-1.076527697637412,-0.7107655704170055,0.0,13.883086056341646,11.349621993777706,225.549885379717,219.5091306560094,0.0
9.076,2.676676081532762,-1.1226309835526975,-0.49090997255920366,0.0,13.742463781299676,11.289072152040294,225.04950695803092,219.5091306560094,0.0
9.077,2.627171023116065,-1.1647995888520404,-0.29612452473637196,0.0,13.614026263311931,11.244524665243386,224.59236781149167,219.5091306560094,0.0
9.078,2.59050472096425,-1.2008341463593517,-0.11838732302157018,0.0,13.497519863716082,11.212729655690321,223.80480364907834,219.5091306560094,0.0
9.079,2.561688903603632,-1.2334094730392178,0.23243802825440651,0.0,13.392707543484226,11.212080000644342,222.70455591973916,219.5091306560094,0.0
9.08,2.552409135898616,-1.2609765821607601,0.7506076402866957,0.0,13.30101811850753,11.25523709916451,221.7089480114586,219.5091306560094,0.0
9.081,2.569313972369675,-1.2921361760559855,1.2264134208724844,0.0,13.225965230117772,11.330114155390241,220.57927954314255,219.5091306560094,0.0
9.082,2.6119409303165724,-1.3202738397338791,1.7805461661591804,0.0,13.16868888325519,11.441674844320655,220.16206644713813,219.5091306560094,0.0
9.083,2.68111990045654,-1.3462512140470921,1.9826233562501017,0.0,13.13087237450958,11.545855575992974,221.0740564595697,219.5091306560094,0.0
9.084,2.7553484110932667,-1.3599725195639802,1.510979091998712,0.0,13.108505159669487,11.574461596186296,222.1949112205669,219.5091306560094,0.0
9.085,2.783359806678067,-1.3623595790261347,0.9236939058545421,0.0,13.091360631818398,11.535746396634975,218.0698263074408,219.5091306560094,0.0
9.086,2.7748338147723004,-1.3226024033606296,3.0006294059032794,0.0,13.067661876879463,11.73474199418596,215.49524818443135,219.5091306560094,0.0
9.087,2.878683562142962,-1.313671184919567,4.328057292123782,0.0,13.06564769491766,12.02520713684189,218.73067174040028,219.5091306560094,0.0
9.088000000000001,3.0584015243336173,-1.3428743323415981,2.718130103295406,0.0,13.096183103818461,12.077327599035454,219.42778658315802,219.5091306560094,0.0
9.089,3.138141560431651,-1.3334075440212119,2.3703861226450487,0.0,13.127543639859077,12.098162765567613,213.84370771689305,219.5091306560094,0.0
9.09,3.185387330411475,-1.2753129210825946,5.219079785168699,0.0,13.151555898308803,12.432484577397922,214.98731991898038,219.5091306560094,0.0
9.091,3.3817208292748555,-1.2673303028614356,4.692491791495327,0.0,13.20630197032165,12.628239590785688,217.939052188943,219.5091306560094,0.0
9.092,3.542264037307862,-1.2689630131616254,3.232326441184674,0.0,13.275408360787218,12.638844983543528,211.34915607490845,219.5091306560094,0.0
9.093,3.6135687544582744,-1.2060801363788065,6.608874244012963,0.0,13.3317312079329,13.035084301080147,213.76010038015116,219.5091306560094,0.0
9.094,3.855830763616063,-1.1961868815616985,5.460892394150191,0.0,13.421586272855624,13.211352716228626,214.1130375604763,219.5091306560094,0.0
9.095,4.023360851453843,-1.1895743930625708,5.338384734942951,0.0,13.51945423161419,13.36097808276979,208.2674073637514,219.5091306560094,0.0
9.096,4.186525903658033,-1.1216540720785795,8.37361706622798,0.0,13.615092820727769,13.824255486702032,214.30313827300822,219.5091306560094,0.0
9.097,4.478993635183681,-1.146881073908182,5.407811535429586,0.0,13.750949464734305,13.863638277505956,207.44689579600984,219.5091306560094,0.0
9.098,4.62181909627248,-1.0757738503505534,8.95655512252877,0.0,13.869084658810946,14.319902180114525,212.6845352190656,219.5091306560094,0.0
9.099,4.916728052920977,-1.0780555612345262,6.40598136537033,0.0,14.021994784173602,14.395290932091031,206.28895946210315,219.5091306560094,0.0
9.1,5.084518092763919,-1.0006013341537727,9.735970955790615,0.0,14.158609990109913,14.85472859910773,210.69459008214866,219.5091306560094,0.0
9.101,5.3890976421992045,-1.0081404574189348,7.621301051506464,0.0,14.329111287984233,14.984144584601475,206.99683602922246,219.5091306560094,0.0
9.102,5.6047512757192335,-0.9207691220986022,9.595301024237433,0.0,14.48581781650262,15.335279693183683,205.93993520251095,219.5091306560094,0.0
9.103,5.8695887924778605,-0.91168710470796,10.0,0.0,14.661841894467615,15.664773240857835,208.64522197995947,219.5091306560094,0.0
9.104000000000001,6.171572719086341,-0.8743785305230989,9.01025022232185,0.0,14.849199796417096,15.835430519499493,212.26537449537153,219.5091306560094,0.0
9.105,6.341287796719684,-0.9032490515053282,7.2726115262221995,0.0,15.03843647908569,15.810866282404177,215.40027547093683,219.5091306560094,0.0
9.106,6.319738444193613,-0.9840284422676239,5.746249590290274,0.0,15.214890097551923,15.661226290847933,224.9042692839318,219.5091306560094,0.0
9.107,6.199547256950266,-1.0023883980922605,0.9403012975135687,0.0,15.359946156248997,15.04381050451933,221.21884285042347,219.5091306560094,0.0
9.108,5.7988569319476,-0.9244426483533872,2.765917392323591,0.0,15.419997398413976,14.794393179928022,227.8916937148859,219.5091306560094,0.0
9.109,5.490174206502443,-0.9215390434327754,-0.6543336704963831,0.0,15.449561844859454,14.211387130702988,225.2843592705314,219.5091306560094,0.0
9.11,5.072773566429601,-0.8397082396428038,0.5915812655356358,0.0,15.408896889370185,13.90371852779029,228.07389085190388,219.5091306560094,0.0
9.111,4.745951879713629,-0.8391100308885153,-0.888832127109545,0.0,15.342284074213506,13.479222046206663,227.6890148532779,219.5091306560094,0.0
9.112,4.41259762307956,-0.8169538658198087,-0.7781929697692438,0.0,15.237451696344113,13.150889123862214,228.70914993854592,219.5091306560094,0.0
9.113,4.122448906214604,-0.8280969582172651,-1.380260705228613,0.0,15.111716565841629,12.806155229780138,228.7193507654578,219.5091306560094,0.0
9.114,3.847991779655458,-0.8381556020807435,-1.477463319779032,0.0,14.965076578882186,12.505938398562925,228.78779058794967,219.5091306560094,0.0
9.115,3.6032062149145943,-0.8597547579811357,-1.6044698303443758,0.0,14.80535422820738,12.232262402610711,228.51212596070724,219.5091306560094,0.0
9.116,3.3851552661305835,-0.8874452498923995,-1.556667469770137,0.0,14.637066475556068,11.998047844673891,228.12387560980466,219.5091306560094,0.0
9.117,3.197943410543971,-0.922093016809552,-1.4486897438567992,0.0,14.465720391817976,11.800238288137031,227.6464369099244,219.5091306560094,0.0
9.118,3.0404868763059483,-0.9623162377510562,-1.2913434564558228,0.0,14.295806037434403,11.636751493445336,227.09657742392346,219.5091306560094,0.0
9.119,2.910606515876122,-1.006235258878391,-1.092288181134493,0.0,14.130963299134603,11.505656834500693,226.49515541617598,219.5091306560094,0.0
9.120000000000001,2.80592977581429,-1.0521384591218585,-0.8614374248624155,0.0,13.974105530585835,11.404806035859753,225.91043857023587,219.5091306560094,0.0
9.121,2.7243037432285417,-1.098085316403607,-0.6330920810346261,0.0,13.827443581326403,11.329096116670176,225.3524797443543,219.5091306560094,0.0
9.122,2.662119303908621,-1.1419438489341196,-0.41254615897728986,0.0,13.692241805079496,11.274291620460982,224.8992936165092,219.5091306560094,0.0
9.123,2.6164568163214543,-1.180948946833265,-0.23985472465973734,0.0,13.568931732279964,11.232639024043761,224.32140135662988,219.5091306560094,0.0
9.124,2.581039148704428,-1.2151271604043958,0.0009686982737178162,0.0,13.457156959632496,11.211023660729813,223.34672722108817,219.5091306560094,0.0
9.125,2.558622468108177,-1.2442102003493005,0.4499298003937824,0.0,13.357255480176608,11.229481501675806,222.45952561343154,219.5091306560094,0.0
9.126,2.5590688464484996,-1.274925246597395,0.8640266546478785,0.0,13.272277757448748,11.27689118510496,221.26870437383246,219.5091306560094,0.0
9.127,2.5822829375706933,-1.3027060818649414,1.4418415372691853,0.0,13.203287516753534,11.36793171022418,220.4387524178598,219.5091306560094,0.0
9.128,2.6348536249504884,-1.3300292754887626,1.8475212976370115,0.0,13.153028095585718,11.47626514887565,220.1054520162878,219.5091306560094,0.0
9.129,2.704839200269592,-1.3528769852930704,2.0082082848202223,0.0,13.120867976542055,11.575185366120358,221.47101186631238,219.5091306560094,0.0
9.13,2.776395499082957,-1.3618553842319399,1.305809547704909,0.0,13.10257503791247,11.574955481665437,221.34131844671492,219.5091306560094,0.0
9.131,2.788878118101442,-1.3549006737458198,1.352334379596583,0.0,13.085233602557489,11.584403485568389,217.32560378796086,219.5091306560094,0.0
9.132,2.801546815259573,-1.318655599891036,3.3820269776541,0.0,13.066653700109136,11.812704752515748,215.82793829022287,219.5091306560094,0.0
9.133000000000001,2.9284711765537903,-1.3139864923374858,4.167671650180957,0.0,13.072610763508006,12.068606897750128,219.12670163038615,219.5091306560094,0.0
9.134,3.096614760000788,-1.3382446762851716,2.522114270355552,0.0,13.106277426400213,12.093420225728668,217.88037569242758,219.5091306560094,0.0
9.135,3.1594243536297117,-1.3194644281909047,3.161564788970657,0.0,13.136750346671203,12.200686398579778,212.01937465871487,219.5091306560094,0.0
9.136000000000001,3.246319384877643,-1.274196534058113,6.166962865799958,0.0,13.170110926326545,12.615542171936964,216.43799040525602,219.5091306560094,0.0
9.137,3.493021439863196,-1.2907418115616036,3.9883663950369166,0.0,13.243893684818783,12.696280557635811,216.87576268968584,219.5091306560094,0.0
9.138,3.609080895328764,-1.2761559538086866,3.795813932485239,0.0,13.316602108903824,12.766629054889584,210.42177179402748,219.5091306560094,0.0
9.139,3.7031228365859095,-1.2047783129891767,7.11368296893424,0.0,13.381368858393126,13.194920644477763,215.33960177532458,219.5091306560094,0.0
9.14,3.961707691053012,-1.208195324010937,4.696463267092538,0.0,13.483577739512898,13.260282977910162,211.60039333799227,219.5091306560094,0.0
9.141,4.082819781694946,-1.1732055158524983,6.645154858938863,0.0,13.57821891685629,13.557121756806866,211.6698835640894,219.5091306560094,0.0
9.142,4.3060502317057425,-1.1245643130942322,6.6888022168095045,0.0,13.688079220133194,13.795710840400789,212.21870251059002,219.5091306560094,0.0
9.143,4.5013402365266595,-1.1149967454256229,6.487297025013383,0.0,13.810246381025827,13.979575405256526,208.44932324615402,219.5091306560094,0.0
9.144,4.700045398147192,-1.0416358206825385,8.482584731329936,0.0,13.930609256269719,14.35886226159869,210.7752545137795,219.5091306560094,0.0
9.145,4.962940713905586,-1.0513719609822114,7.406957858939503,0.0,14.078669114303835,14.547053453687695,208.38231059769805,219.5091306560094,0.0
9.146,5.191320411869091,-0.9807646123645932,8.714698017563334,0.0,14.222877935992502,14.863346384925341,207.55816670654178,219.5091306560094,0.0
9.147,5.437073434599677,-0.9743883349060003,9.246279602636143,0.0,14.3842998516018,15.183078442459117,209.80389112741346,219.5091306560094,0.0
9.148,5.726826115372349,-0.9312719070167554,8.220469787486262,0.0,14.556873737110312,15.339409325625553,204.21517364517902,219.5091306560094,0.0
9.149000000000001,5.940141134832583,-0.8583059868596494,10.0,0.0,14.720228235446234,15.682803805221305,209.38192954813002,219.5091306560094,0.0
9.15,6.201530410074142,-0.8601392707708353,8.662306796340848,0.0,14.90251805233994,15.816633062081465,216.35274463211593,219.5091306560094,0.0
9.151,6.324622729226518,-0.9196765445049937,5.208463114586827,0.0,15.086492580501924,15.577836239634276,215.57829915883798,219.5091306560094,0.0
9.152000000000001,6.194105066422209,-0.9400403109384696,5.634994166197516,0.0,15.229834615173345,15.478361270842727,223.59624546353268,219.5091306560094,0.0
9.153,6.045207757050558,-0.98972338293978,1.5851498657749317,0.0,15.354156449754273,14.968493346237715,223.04602326198219,219.5091306560094,0.0
9.154,5.707046901761045,-0.9245255632363927,1.824892040490452,0.0,15.407390717529223,14.624623200762363,225.73557387650303,219.5091306560094,0.0
9.155,5.369281927878765,-0.9142153647280578,0.4178523010250963,0.0,15.420432400340262,14.197064242097849,226.76788992449332,219.5091306560094,0.0
9.156,5.020785396617937,-0.8686026281933601,-0.17089331565488886,0.0,15.384499719970012,13.797830695840616,228.146401209519,219.5091306560094,0.0
9.157,4.6711514410273445,-0.8582357004891341,-0.9465216637028324,0.0,15.311552718328945,13.390470343855966,228.19545971852855,219.5091306560094,0.0
9.158,4.338301680200928,-0.8364130299118521,-1.0579142088327944,0.0,15.20286755716706,13.045171564556854,228.99221398621225,219.5091306560094,0.0
9.159,4.040223305663337,-0.8422390758292873,-1.551122175976671,0.0,15.071380125948135,12.69985531972781,228.92214026919424,219.5091306560094,0.0
9.16,3.7632991825870605,-0.8493226154870563,-1.610215413599517,0.0,14.919230742271392,12.401834649585721,228.8479010041596,219.5091306560094,0.0
9.161,3.5196897002924405,-0.8690444154762764,-1.666483484563702,0.0,14.754592792550344,12.13683035448198,228.4753058015092,219.5091306560094,0.0
9.162,3.307332490866918,-0.8966837511843817,-1.5698476346934922,0.0,14.582761317219022,11.91397851632573,228.01719209844737,219.5091306560094,0.0
9.163,3.1286254857351423,-0.9322724858165561,-1.4258713975869588,0.0,14.409466173057675,11.728633940505233,227.48929512648522,219.5091306560094,0.0
9.164,2.9809699027651453,-0.9737904708252425,-1.241724556310642,0.0,14.239177176735044,11.577765742095366,226.901557243498,219.5091306560094,0.0
9.165000000000001,2.861156543679747,-1.018922542951497,-1.021779880691914,0.0,14.07537960828749,11.459010823469205,226.27510816683204,219.5091306560094,0.0
9.166,2.766266463109814,-1.0657112795565227,-0.7762151174671659,0.0,13.920781745127357,11.369804092331279,225.7010763133888,219.5091306560094,0.0
9.167,2.6938794342931662,-1.1119087743232967,-0.5511186473193375,0.0,13.777336832227748,11.30337688443928,225.15937226157115,219.5091306560094,0.0
9.168000000000001,2.6394571677231182,-1.1550582232814905,-0.33676903746613185,0.0,13.645878154266633,11.255837977463433,224.75949810512677,219.5091306560094,0.0
9.169,2.6000911189897518,-1.1923273059145048,-0.18933563373511397,0.0,13.526479558004095,11.217767314395914,224.01685175595682,219.5091306560094,0.0
9.17,2.5678718878477014,-1.2249964606473356,0.13691032985038465,0.0,13.418434671255335,11.209127034904274,223.01186498809435,219.5091306560094,0.0
9.171,2.5531441837992475,-1.2535201212637763,0.6043763704607734,0.0,13.323141156352774,11.240002954652118,222.0458892897429,219.5091306560094,0.0
9.172,2.562152002407322,-1.2843795524097346,1.061996633299167,0.0,13.243573885735142,11.302787362353673,220.80823571439018,219.5091306560094,0.0
9.173,2.596284952692394,-1.3119233001147315,1.667832370391714,0.0,13.180963000885518,11.409737784329826,220.21432334013517,219.5091306560094,0.0
9.174,2.66040097852941,-1.339366721247878,1.9577366306779629,0.0,13.13805158556607,11.518851753544743,220.350867616479,219.5091306560094,0.0
9.175,2.7356596813558793,-1.3569598433452639,1.8810471229013461,0.0,13.112003517919439,11.593790998795388,222.46447014423177,219.5091306560094,0.0
9.176,2.7900048131646145,-1.3677171028179274,0.7946924641427424,0.0,13.097061548883552,11.534674017899937,219.1071495093186,219.5091306560094,0.0
9.177,2.7745245281481603,-1.3349975481774239,2.47737259306624,0.0,13.073995355056526,11.678179181629504,215.67821725124304,219.5091306560094,0.0
9.178,2.8466144055617595,-1.3181796924409483,4.230147856151678,0.0,13.066063528400557,11.972920997887918,218.1137100275032,219.5091306560094,0.0
9.179,3.0223524536684385,-1.3391615549619826,3.0263556743066586,0.0,13.090875249470702,12.068840270703484,220.21346983676435,219.5091306560094,0.0
9.18,3.1233362370057987,-1.3368960967855368,1.9694323778685376,0.0,13.12233870669077,12.044074311868727,214.75001228777342,219.5091306560094,0.0
9.181000000000001,3.1493813448921397,-1.2806465545631782,4.748752336046363,0.0,13.142014427242657,12.33937059896927,213.7160576708415,219.5091306560094,0.0
9.182,3.322669815503572,-1.2599090825352315,5.323660374363996,0.0,13.187533577948562,12.623750233359711,217.26862727296765,219.5091306560094,0.0
9.183,3.5198606509663355,-1.2784880198691353,3.5697806071313423,0.0,13.25918983484993,12.665609857408143,212.88417864182134,219.5091306560094,0.0
9.184000000000001,3.612558799277371,-1.2375508701907425,5.828254442846379,0.0,13.323177552628039,12.968195176383261,212.87494127436636,219.5091306560094,0.0
9.185,3.8185720174216327,-1.2052252403698718,5.8992150203902955,0.0,13.407878582742338,13.210407187898602,215.3146622334536,219.5091306560094,0.0
9.186,4.006155302552996,-1.204889259628173,4.721299225072242,0.0,13.508617009413362,13.2880137288304,209.1193776550569,219.5091306560094,0.0
9.187,4.131710407283717,-1.135283864826111,7.922839044280114,0.0,13.59938901388966,13.719946767733111,214.11508383467128,219.5091306560094,0.0
9.188,4.40601010357924,-1.1363356896687637,5.4789264226863015,0.0,13.725088876489306,13.78800050108058,207.86352363679626,219.5091306560094,0.0
9.189,4.548486070891419,-1.0798840288736982,8.721162591815943,0.0,13.838803925227857,14.229974592732084,212.72538105100384,219.5091306560094,0.0
9.19,4.843267955536083,-1.0738115491443618,6.358071380762212,0.0,13.98524142209542,14.315759137547284,206.2598557246677,219.5091306560094,0.0
9.191,5.0101387026438715,-1.007462498133293,9.723326793243704,0.0,14.118375952943826,14.786010021715816,211.16569072589434,219.5091306560094,0.0
9.192,5.32441991401523,-1.0138487838479855,7.353843691931528,0.0,14.286588101062971,14.89535134950341,206.31612464919485,219.5091306560094,0.0
9.193,5.5282053916988305,-0.9299625940148153,9.910556790349418,0.0,14.439621823410166,15.29623944073177,207.1803935707602,219.5091306560094,0.0
9.194,5.815591145711039,-0.9295584713335558,9.601709700419233,0.0,14.618235391048866,15.583227206031001,209.19021988775947,219.5091306560094,0.0
9.195,6.104816210049463,-0.881753604078928,8.699985649602098,0.0,14.802431884282427,15.734335477336495,210.69946689430003,219.5091306560094,0.0
9.196,6.280441116369211,-0.869563380313835,8.033458783948912,0.0,14.982456679381569,15.808025367069327,214.2325441793032,219.5091306560094,0.0
9.197000000000001,6.31156014818291,-0.9615663491717306,6.319686006214387,0.0,15.162090212756087,15.708832166008214,223.59462461422248,219.5091306560094,0.0
9.198,6.2357640297364165,-0.994738829163639,1.5977908491726174,0.0,15.316570015797588,15.14389966224067,220.48904653359017,219.5091306560094,0.0
9.199,5.876589917345556,-0.9314220930526274,3.140780730712966,0.0,15.391812022386048,14.906607418872417,227.1417013702816,219.5091306560094,0.0
9.200000000000001,5.585333212443665,-0.9355769599164385,-0.26187239477546864,0.0,15.436890806694965,14.339293354296,225.00772626566282,219.5091306560094,0.0
9.201,5.180470804235887,-0.8551884305708026,0.7501292014373822,0.0,15.411846019218693,14.020187579300252,227.8242548558089,219.5091306560094,0.0
9.202,4.8482922964239386,-0.8522197106645182,-0.7412863356336521,0.0,15.357872459094235,13.588803189793744,227.49154613772288,219.5091306560094,0.0
9.203,4.507858625430004,-0.8248649021032677,-0.6547561314077743,0.0,15.263178474288901,13.253718279792214,228.69776838932972,219.5091306560094,0.0
9.204,4.209084234309496,-0.833067186532533,-1.3497536345444008,0.0,15.145621196336775,12.894818281236331,228.66241479384632,219.5091306560094,0.0
9.205,3.9233741346999342,-0.8376385424971575,-1.4236096781810694,0.0,15.004350472636094,12.587318732018003,228.84890010475277,219.5091306560094,0.0
9.206,3.6696187755185035,-0.8563896566945304,-1.6102500281217278,0.0,14.848473775385711,12.301706175808196,228.61008585982913,219.5091306560094,0.0
9.207,3.441668127753522,-0.8810070991432415,-1.5818524576981021,0.0,14.682143899766775,12.056594359402675,228.2512260475098,219.5091306560094,0.0
9.208,3.245068674585008,-0.9131957601094352,-1.489843505453437,0.0,14.511230408350967,11.84854417948937,227.79116792331232,219.5091306560094,0.0
9.209,3.0790339629275483,-0.951628537128426,-1.3426348160277293,0.0,14.340508966947837,11.675778358490835,227.2537334175716,219.5091306560094,0.0
9.21,2.9415891001176426,-0.9944276997982902,-1.1513635907729913,0.0,14.173906667708668,11.536243311128116,226.6613110368324,219.5091306560094,0.0
9.211,2.8302908800788478,-1.0398161043920402,-0.9266742042116172,0.0,14.014575826535749,11.427673014423124,226.05479904908944,219.5091306560094,0.0
9.212,2.7427438952796517,-1.0859289083123533,-0.6888748942709433,0.0,13.864939564194927,11.346454879626728,225.49990263787643,219.5091306560094,0.0
9.213000000000001,2.6761357496655855,-1.1306097080481783,-0.4713344084831097,0.0,13.726598874540285,11.286397818582696,225.01085851780172,219.5091306560094,0.0
9.214,2.6264685823203284,-1.1711079030539961,-0.2818296270636784,0.0,13.600094541199985,11.2419798227277,224.50627728694977,219.5091306560094,0.0
9.215,2.589196487681756,-1.2061097077194636,-0.07951047794710497,0.0,13.485244058171354,11.213316510449594,223.61699245163894,219.5091306560094,0.0
9.216000000000001,2.562099576538577,-1.237102388186875,0.32405332175201584,0.0,13.382071469022543,11.22101124685154,222.67374190657407,219.5091306560094,0.0
9.217,2.556538740325687,-1.26660609118058,0.7640324817788047,0.0,13.292921092953435,11.262322043176345,221.59186312728863,219.5091306560094,0.0
9.218,2.5741097464603886,-1.296010238602354,1.2841445467087285,0.0,13.219756253310175,11.341410838766839,220.57434370439208,219.5091306560094,0.0
9.219,2.6191256230240794,-1.3231308481232755,1.7822521276731793,0.0,13.16450600276338,11.450088947730094,220.02600350502632,318.095774004942,0.0
9.22,2.6869045792979676,-1.3482992865775516,10.0,0.0,13.128145910302349,12.434339884464153,226.7771849317754,318.095774004942,0.0
9.221,3.174771929456453,-1.5922218384922937,10.0,0.0,13.220426717086903,13.181364620600739,233.01432714983724,318.095774004942,0.0
9.222,3.661841551075784,-1.8408677744062638,10.0,0.0,13.403093744238053,13.814215978925585,238.11344093138246,318.095774004942,0.0
9.223,4.078054708221799,-2.029537617258811,10.0,0.0,13.649046427861213,14.361136153063192,243.0696362597724,318.095774004942,0.0
9.224,4.4162866384620445,-2.1516121628491325,10.0,0.0,13.936637362122223,14.844916197394387,247.70843709031746,318.095774004942,0.0
9.225,4.688311825346586,-2.2203659292451663,10.0,0.0,14.25018937623792,15.282536879463663,251.67671793619263,318.095774004942,0.0
9.226,4.917727126916142,-2.2386667701847314,10.0,0.0,14.577473811988362,15.685235263433782,256.2179961014458,318.095774004942,0.0
9.227,5.120077569404614,-2.2175970242883722,10.0,0.0,14.909798962102778,16.06042785692389,259.00040086266495,318.095774004942,0.0
9.228,5.29471330270602,-2.187210927474678,10.0,0.0,15.243279083364223,16.41414727983817,252.32534872654662,318.095774004942,0.0
9.229000000000001,5.478357556202313,-2.1089317979608753,10.0,0.0,15.570476291512557,16.747388262035578,259.7903134059521,318.095774004942,0.0
9.23,5.665413899201651,-2.0062633459030224,10.0,0.0,15.887767138634587,17.061285111633115,262.5209202839448,318.095774004942,0.0
9.231,5.8417365305243125,-1.9130952926051512,10.0,0.0,16.19549678466198,17.3579964349676,253.2118413247515,318.095774004942,0.0
9.232,6.036837044970555,-1.7893185105733107,10.0,0.0,16.48944083292955,17.636111760295517,260.34566199629995,318.095774004942,0.0
9.233,6.237701175157435,-1.660098472863357,10.0,0.0,16.768825572575388,17.895665908741314,253.85223420034976,318.095774004942,0.0
9.234,6.441617539833626,-1.5329712399450142,10.0,0.0,17.03353545785729,18.1367809574946,258.5253382119349,318.095774004942,0.0
9.235,6.660777039942056,-1.3897754885647937,10.0,0.0,17.281405599163698,18.358187108535578,250.8610132659209,318.095774004942,0.0
9.236,6.888878692870009,-1.2405189143400763,10.0,0.0,17.511643075792648,18.55934007178211,250.76735704366902,318.095774004942,0.0
9.237,7.105866606888562,-1.1193561253424422,10.0,0.0,17.727136760035854,18.741813832354122,251.81562967744273,318.095774004942,0.0
9.238,7.350558397254703,-0.9605464089865209,10.0,0.0,17.92307101100278,18.902843367493166,254.65779150933443,318.095774004942,0.0
9.239,7.4539168761655,-1.038573910850957,10.0,0.0,18.125685912755557,19.058440859438463,267.5758734545438,318.095774004942,0.0
9.24,7.501847494253844,-1.1912326098004402,10.0,0.0,18.33961125539339,19.2145013091639,274.0879298186053,318.095774004942,0.0
9.241,7.5408595622727965,-1.3353165629826,10.0,0.0,18.562072756600525,19.372536226879383,283.2006138506171,318.095774004942,0.0
9.242,7.525081449616132,-1.550418607117489,10.0,0.0,18.800311984781505,19.53913951601646,293.2352245442313,318.095774004942,0.0
9.243,7.526090951780965,-1.7134274614264797,10.0,0.0,19.04716757259074,19.712637572693215,303.8056345604598,318.095774004942,0.0
9.244,7.476239646573907,-1.9414721116992155,10.0,0.0,19.310142230273634,19.898965121077648,310.6881622274921,318.095774004942,0.0
9.245000000000001,7.44134163002607,-2.120253292853585,8.903773019668785,0.0,19.582837660450938,19.975712681323685,325.4265510387581,318.095774004942,0.0
9.246,7.310742872756224,-2.3095669734131454,1.4612708436976423,0.0,19.854974996685115,19.27835894214354,325.10681032203007,318.095774004942,0.0
9.247,6.768331207919733,-2.2936362933739156,1.5510308388907639,0.0,20.02651771376796,18.820612227295097,329.03353934274804,318.095774004942,0.0
9.248,6.227991786370038,-2.240126308806236,-0.5217113248462821,0.0,20.129404696155618,18.250908437398877,333.43172246468305,318.095774004942,0.0
9.249,5.633272314426995,-2.1708002619514213,-2.874162370411196,0.0,20.15794183600654,17.570437279054516,332.8599914797235,318.095774004942,0.0
9.25,4.998525022909407,-2.0414445230849645,-2.7359390526792247,0.0,20.102042275231167,17.06347103328335,332.5634197882954,318.095774004942,0.0
9.251,4.458803987837912,-1.9287307162680436,-2.7323296647987165,0.0,19.989931084595028,16.65364809644399,331.5793001258269,318.095774004942,0.0
9.252,4.022921504593545,-1.8340769050361958,-2.375105094773308,0.0,19.83876393817122,16.35540480585511,329.6242383184776,318.095774004942,0.0
9.253,3.696638308688524,-1.7618174992937559,-1.5128588342340157,0.0,19.665887180811556,16.194676299358903,326.88735582919173,318.095774004942,0.0
9.254,3.4906128181146476,-1.7188583499433991,-0.2323334078335897,0.0,19.490222336167133,16.18436827407909,324.0979590488188,318.095774004942,0.0
9.255,3.413571108196237,-1.7037367062946436,1.102343131914119,0.0,19.329859384151302,16.297948065156348,321.2422767117326,318.095774004942,0.0
9.256,3.448145849829931,-1.7132783692132694,2.4987192733893098,0.0,19.19809150580232,16.519814553410193,318.3370463344756,318.095774004942,0.0
9.257,3.5819360092951626,-1.7336899747033052,3.948921738722472,0.0,19.10383692408834,16.83750494465081,317.639667293118,318.095774004942,0.0
9.258000000000001,3.8026248745710918,-1.75610454251312,4.302172326519501,0.0,19.053038326074002,17.115418505014617,319.7442990322296,318.095774004942,0.0
9.259,4.027733219463549,-1.7649251291547328,3.2333712066908262,0.0,19.03585706274995,17.216805191196077,313.84812343565994,318.095774004942,0.0
9.26,4.16724874030266,-1.7228645642054272,6.223935510668478,0.0,19.02581772636561,17.632889543219427,306.8521881230932,318.095774004942,0.0
9.261000000000001,4.4641030843811365,-1.6849120431863895,9.834339025770344,0.0,19.054636587159436,18.342341447383205,313.33485406691096,318.095774004942,0.0
9.262,4.942283165296317,-1.7342221685536379,6.640615253241766,0.0,19.157322391290847,18.54668513162093,308.95060286779443,318.095774004942,0.0
9.263,5.224956655066494,-1.6998246365700769,8.924192564171507,0.0,19.265897153661033,18.99768148671002,303.18793544923403,318.095774004942,0.0
9.264,5.612001677786685,-1.6148882361825319,10.0,0.0,19.399715046580308,19.470190509757533,306.3846930003846,318.095774004942,0.0
9.265,6.009389043247307,-1.58103116110936,10.0,0.0,19.564527138258235,19.85823018546048,296.08884735811,318.095774004942,0.0
9.266,6.403957747974073,-1.4940825818556625,10.0,0.0,19.74243621537149,20.184518418895582,300.98168235751626,318.095774004942,0.0
9.267,6.766445250955015,-1.3885335361259896,10.0,0.0,19.924442298879196,20.46004079841786,290.90026095211425,318.095774004942,0.0
9.268,7.1169440085747375,-1.2441310122289,10.0,0.0,20.10097122481698,20.691281560030312,289.92678999702366,318.095774004942,0.0
9.269,7.431686744164493,-1.1172663488964498,10.0,0.0,20.270460246594638,20.885934424736643,287.037726486998,318.095774004942,0.0
9.27,7.764901715150002,-0.9322917663854087,10.0,0.0,20.42338709522227,21.044564685697587,285.4057533959415,318.095774004942,0.0
9.271,8.005764650409256,-0.8835823623226431,10.0,0.0,20.573375996461436,21.179461832256525,297.38185333690853,318.095774004942,0.0
9.272,8.085878413412116,-1.0666445649114737,10.0,0.0,20.742479658557983,21.30946426970578,308.6478705491794,318.095774004942,0.0
9.273,8.136771555808144,-1.2531236621641506,10.0,0.0,20.9263552768617,21.438579721586223,314.45393709990793,318.095774004942,0.0
9.274000000000001,8.118763513106208,-1.5129644418253172,7.2026690379627745,0.0,21.1314725733133,21.267954600406078,326.2650591518719,318.095774004942,0.0
9.275,7.950930008383183,-1.6580071511114562,1.2154151605114798,0.0,21.312371918226585,20.522560709182343,328.2357861087251,318.095774004942,0.0
9.276,7.40127861190595,-1.695749763935864,0.12865156104705644,0.0,21.403343199843988,19.86890800297101,332.3482690101836,318.095774004942,0.0
9.277000000000001,6.802795517581676,-1.6693339883897522,-2.07011483973462,0.0,21.416568921240202,19.1190576538621,335.6476057460671,318.095774004942,0.0
9.278,6.132429254330971,-1.632526784583866,-3.8953015250876,0.0,21.349702400922734,18.334487498437035,336.12230706948185,318.095774004942,0.0
9.279,5.445964494020218,-1.5640508092691834,-4.31291751744038,0.0,21.203901231847926,17.662809275219125,336.45744600862344,318.095774004942,0.0
9.28,4.825648632702309,-1.509913545581804,-4.664103707047988,0.0,21.000242018106352,17.070634533624077,335.60147730599385,318.095774004942,0.0
9.281,4.284610367051614,-1.469799271912517,-4.411176388743716,0.0,20.753860054112685,16.60195626233232,334.1506940123437,318.095774004942,0.0
9.282,3.8492127719171796,-1.4474046276867836,-3.8463339419926594,0.0,20.483186191261073,16.25759437053823,332.21740562474486,318.095774004942,0.0
9.283,3.523059475523024,-1.44693632390448,-3.020906064391263,0.0,20.205315958541416,16.037272810359042,329.9861628584531,318.095774004942,0.0
9.284,3.306144085573999,-1.4643148688742627,-2.024188569780496,0.0,19.9351169160603,15.933180188487427,327.7267419252047,318.095774004942,0.0
9.285,3.1907768475310117,-1.4963600146451719,-0.99078778235892,0.0,19.684879696225238,15.926705078510366,325.04928196092726,318.095774004942,0.0
9.286,3.1605063931683004,-1.5404285836782567,0.2784071202199434,0.0,19.463545778511904,16.027307266556434,322.3335028873778,318.095774004942,0.0
9.287,3.2162212682434483,-1.590776793722724,1.59391936817032,0.0,19.27950308878908,16.221298901473425,319.41437092602854,318.095774004942,0.0
9.288,3.3477796538614726,-1.645400910531305,3.04029937963408,0.0,19.138769002278725,16.509519509040697,316.86911852221095,318.095774004942,0.0
9.289,3.5559003376391543,-1.6952341920312854,4.325192136370183,0.0,19.045865804973054,16.86014135896719,316.8308117449052,318.095774004942,0.0
9.290000000000001,3.8218363514148654,-1.7346976918966461,4.356995147623433,0.0,19.00115776456078,17.129888353163405,319.2562940254082,318.095774004942,0.0
9.291,4.05486153880339,-1.7552647429040158,3.132648807167276,0.0,18.989762968221516,17.210220305861085,311.11884986518896,318.095774004942,0.0
9.292,4.196306418909108,-1.6980003474375711,7.271140128674414,0.0,18.981036092774573,17.73562840748767,307.55497459763666,318.095774004942,0.0
9.293000000000001,4.550931170450531,-1.675521247201885,9.15848575652362,0.0,19.02382265796371,18.336251843386744,312.2190555610644,318.095774004942,0.0
9.294,4.987721638187315,-1.717068586191548,6.88521245924852,0.0,19.12718790851506,18.56765736930044,305.3912190640635,318.095774004942,0.0
9.295,5.281666736872132,-1.6689827768671417,10.0,0.0,19.237652274187074,19.123652173955367,304.94279025083597,318.095774004942,0.0
9.296,5.720108104629897,-1.611695182969549,10.0,0.0,19.38684890652188,19.558656959837958,305.06696719368415,318.095774004942,0.0
9.297,6.111078404673639,-1.586147644057415,10.0,0.0,19.562389000870112,19.926458611038562,296.75722359462105,318.095774004942,0.0
9.298,6.510309157865981,-1.4683163110275115,10.0,0.0,19.744449279659403,20.235028426703185,297.6439342118817,318.095774004942,0.0
9.299,6.848702615287042,-1.3771485863413462,10.0,0.0,19.93031037575105,20.497716315895893,291.8045110863325,318.095774004942,0.0
9.3,7.202198832708534,-1.2083045065431248,10.0,0.0,20.106192979621866,20.71722087643634,285.505926208743,318.095774004942,0.0
9.301,7.5036199764891975,-1.0884892466331588,10.0,0.0,20.274946541367534,20.902741877668166,286.623891100598,318.095774004942,0.0
9.302,7.823972054983673,-0.9154233277746195,10.0,0.0,20.42753774858647,21.054361617754793,286.8044341197788,318.095774004942,0.0
9.303,8.026172347833015,-0.9225379149374162,10.0,0.0,20.582545072868665,21.18703999312616,300.6296480498448,318.095774004942,0.0
9.304,8.094525483651356,-1.1116003998171289,10.0,0.0,20.75604522972493,21.316454421377095,308.6031882006198,318.095774004942,0.0
9.305,8.134743338931717,-1.303557836951129,9.854604483278578,0.0,20.9443615069566,21.430543482926552,318.12067658915277,318.095774004942,0.0
9.306000000000001,8.098617015321443,-1.5666962493982282,5.095611263169985,0.0,21.152280713617884,21.03439604114942,324.2036587066062,318.095774004942,0.0
9.307,7.81180361031394,-1.6563952775952422,1.9930413574266366,0.0,21.307028764412532,20.436150718100176,330.3903639759267,318.095774004942,0.0
9.308,7.296891592460038,-1.7088701759696905,-1.2232571769434593,0.0,21.391352726362012,19.6442097806259,331.7744505848567,318.095774004942,0.0
9.309000000000001,6.641424466996639,-1.6571014764025844,-2.0520872472076235,0.0,21.381830892432983,18.947839274331074,335.62810961585967,318.095774004942,0.0
9.31,5.983991186904154,-1.6196501243768853,-4.154240118818282,0.0,21.300022229540225,18.162968109653843,335.9561192283621,318.095774004942,0.0
9.311,5.304056341995871,-1.5520165469086014,-4.496848377303712,0.0,21.140842136467768,17.499956315576753,335.887999969009,318.095774004942,0.0
9.312,4.694653863618241,-1.4971154576706158,-4.64071100726782,0.0,20.92591608925335,16.935163809061386,335.0140712509883,318.095774004942,0.0
9.313,4.175628335772016,-1.4588169898065748,-4.372929620717936,0.0,20.672339575536164,16.487251310575548,333.34418579440216,318.095774004942,0.0
9.314,3.7602760061417437,-1.4406817139724937,-3.690471010319466,0.0,20.397717567679013,16.171663544825776,331.24714150386785,318.095774004942,0.0
9.315,3.4583868258894457,-1.444260006775281,-2.7734625400415682,0.0,20.11957394899925,15.983272987023298,329.0407368163442,318.095774004942,0.0
9.316,3.2676835943261002,-1.4665918271499574,-1.7797098243937537,0.0,19.852826353720396,15.904008300821024,326.7651608759471,318.095774004942,0.0
9.317,3.1743508645432916,-1.5029327165179767,-0.7286157229052748,0.0,19.60860122897593,15.920037715678813,324.06011227748354,318.095774004942,0.0
9.318,3.163733078680709,-1.5489593485797208,0.5642651936010981,0.0,19.39510107882481,16.041982265524258,321.38960657727876,318.095774004942,0.0
9.319,3.236167186610639,-1.6019806820281282,1.8665797179801231,0.0,19.22051747903205,16.252634204155747,318.3082803649324,318.095774004942,0.0
9.32,3.3821536513713144,-1.6560796666751858,3.405117760553403,0.0,19.08987810805841,16.56564445833971,316.2774470543091,318.095774004942,0.0
9.321,3.608598025325771,-1.70468756369881,4.438717685371372,0.0,19.008409578426654,16.909151344824778,317.41196027855034,318.095774004942,0.0
9.322000000000001,3.8753924145617678,-1.7405105785931922,3.878299210514672,0.0,18.972893043074734,17.11109571913933,317.7460183839271,318.095774004942,0.0
9.323,4.071138304790717,-1.748879265595104,3.714767714036443,0.0,18.96168492411072,17.258045618590373,309.16797279736795,318.095774004942,0.0
9.324,4.242680827141136,-1.6867023416041078,8.093068519391753,0.0,18.959369458479184,17.855515901197514,309.0039974305564,318.095774004942,0.0
9.325000000000001,4.639282837139156,-1.683793803484763,8.265973968541381,0.0,19.017334397718304,18.32633340445742,312.47064604967693,318.095774004942,0.0
9.326,5.025424821135379,-1.7019587063093065,6.588900938533771,0.0,19.118611818051388,18.531148965383306,302.698045439352,318.095774004942,0.0
9.327,5.298436739745314,-1.6275334518147007,10.0,0.0,19.22187462542111,19.09143244810415,304.6712901630133,318.095774004942,0.0
9.328,5.729344327405366,-1.5731562659185765,10.0,0.0,19.365602262422314,19.527233157218706,302.58733166991266,318.095774004942,0.0
9.329,6.122453820339989,-1.5492875719443402,10.0,0.0,19.536455422156635,19.89489359077572,296.7228444194332,318.095774004942,0.0
9.33,6.529129501055366,-1.4279070316440607,10.0,0.0,19.713876136779945,20.202070067001124,295.0725890918065,318.095774004942,0.0
9.331,6.867529460899756,-1.3449028773827139,10.0,0.0,19.896355775997723,20.463113728290594,291.8297831104493,318.095774004942,0.0
9.332,7.225647796927694,-1.1753890384559216,10.0,0.0,20.068875336683337,20.680291970008255,282.659480179006,318.095774004942,0.0
9.333,7.532856559228321,-1.0508706580306213,10.0,0.0,20.233858882014633,20.862792563129926,284.48236111946574,318.095774004942,0.0
9.334,7.84527656340505,-0.894617272362798,10.0,0.0,20.38465144350577,21.012247338636126,291.23524932291855,318.095774004942,0.0
9.335,8.028587982619234,-0.9319651523013059,10.0,0.0,20.540981027048318,21.14479583666902,296.9536782977544,318.095774004942,0.0
9.336,8.081992347196902,-1.1413257983934626,10.0,0.0,20.717588694310656,21.275681077341474,312.76598122038257,318.095774004942,0.0
9.337,8.108804616730842,-1.3516870725350532,7.590049824642941,0.0,20.91067025260866,21.143628735380705,314.44346447386545,318.095774004942,0.0
9.338000000000001,7.9644446002092835,-1.5271906677163107,6.787831293212269,0.0,21.088440203609306,20.996092971254704,329.2541015759177,318.095774004942,0.0
9.339,7.744728332318257,-1.6843280955469364,-0.7290705335236005,0.0,21.24920966420685,20.08497595231754,326.8127581840208,318.095774004942,0.0
9.34,7.112770286631586,-1.6601112924077044,0.40443132063403553,0.0,21.2985552542273,19.548220025905152,331.80572787995237,318.095774004942,0.0
9.341000000000001,6.542380043975146,-1.6538975190720817,-2.2291530660818424,0.0,21.288849345568927,18.82546829629107,334.72939233566143,318.095774004942,0.0
9.342,5.90329143605426,-1.6234813686021488,-3.857321477243566,0.0,21.20455521599666,18.085854311856668,335.24837110625623,318.095774004942,0.0
9.343,5.253148310000926,-1.5660682524163754,-4.2883368335541086,0.0,21.048717819662443,17.44576716561259,335.25538135982833,318.095774004942,0.0
9.344,4.664795835770898,-1.5173461908496224,-4.463438033889025,0.0,20.839670152726754,16.897371356790536,334.26154778254,318.095774004942,0.0
9.345,4.15948531174172,-1.4826825525285596,-4.128178983020835,0.0,20.593361892002772,16.471240502656876,332.72910900496544,318.095774004942,0.0
9.346,3.7593969411393466,-1.4652460248523935,-3.5082929442337916,0.0,20.32749999027666,16.16688339714805,330.7619598795267,318.095774004942,0.0
9.347,3.4665152096082266,-1.4682152675771745,-2.651380240260284,0.0,20.058289550148768,15.982653455829102,328.62848881825704,318.095774004942,0.0
9.348,3.2797771928829063,-1.4869380945154438,-1.6899718577585912,0.0,19.799606978437723,15.904723624189192,326.2219259963819,318.095774004942,0.0
9.349,3.1868718578049817,-1.519446739642221,-0.5679519667354267,0.0,19.562388403428365,15.930878829421015,323.5538823185914,318.095774004942,0.0
9.35,3.18115395863848,-1.5621750800791925,0.7114887890233468,0.0,19.355882237439918,16.059914856409492,320.8938140717095,318.095774004942,0.0
9.351,3.2576809219567284,-1.6133432231281024,2.013542511796596,0.0,19.18813150308017,16.277353021091066,317.6883465718513,318.095774004942,0.0
9.352,3.408319139514962,-1.664800012233003,3.620350536056618,0.0,19.064048223995613,16.604195707011165,316.0120138567686,318.095774004942,0.0
9.353,3.6437233676366976,-1.711374680717483,4.479354495079706,0.0,18.989666187053764,16.93998006876292,317.89175929343975,318.095774004942,0.0
9.354000000000001,3.907268931567967,-1.7458971456430075,3.5415219238591495,0.0,18.959632514438233,17.096360198469608,315.99695464956034,318.095774004942,0.0
9.355,4.079850333494849,-1.7414220357440366,4.5099124393526715,0.0,18.947402735316786,17.333651731787924,307.45809936484017,318.095774004942,0.0
9.356,4.29037663256685,-1.6916492244699364,8.885716828113775,0.0,18.95469482929815,17.996213632592386,310.1932690900069,318.095774004942,0.0
9.357,4.7295900798145265,-1.708672912104643,7.59715701467977,0.0,19.029884237714384,18.361540713142666,312.1279772478013,318.095774004942,0.0
9.358,5.074203833518446,-1.710992737150192,6.689480903353959,0.0,19.13417235722269,18.577379873933094,301.822965114061,318.095774004942,0.0
9.359,5.34725710969383,-1.6176604925781548,10.0,0.0,19.239325835705824,19.128708069497378,304.8802881611957,318.095774004942,0.0
9.36,5.767253485626617,-1.5659608273322216,10.0,0.0,19.38434314516574,19.55884453379624,300.60375987494837,318.095774004942,0.0
9.361,6.160662621532827,-1.5323696235703417,10.0,0.0,19.55469433434821,19.92139404142084,297.5501009234274,318.095774004942,0.0
9.362,6.564530549588495,-1.4097847028625572,10.0,0.0,19.731116926134646,20.224232336474167,293.2953857526527,318.095774004942,0.0
9.363,6.901368388312818,-1.3261475485005652,10.0,0.0,19.91220685047504,20.481415578221696,292.14404327459414,318.095774004942,0.0
9.364,7.2570630006614865,-1.1590980882049013,10.0,0.0,20.083367037467237,20.695231459257393,281.31690838169305,318.095774004942,0.0
9.365,7.569438255755273,-1.0252314266675362,10.0,0.0,20.24573795569763,20.87397743895191,282.577921211365,318.095774004942,0.0
9.366,7.87591727327918,-0.8785331006993635,10.0,0.0,20.39494823083332,21.020496973123322,294.45717236800544,318.095774004942,0.0
9.367,8.031715800580693,-0.9586297082882873,10.0,0.0,20.554167041967034,21.153212533563238,297.45721505593355,318.095774004942,0.0
9.368,8.091092439214409,-1.1533532543437377,10.0,0.0,20.73135415202158,21.283604974095844,312.5746329561214,318.095774004942,0.0
9.369,8.099053274904412,-1.3913404645466607,7.629368080294806,0.0,20.928093152785713,21.157625444873503,316.76151516910625,318.095774004942,0.0
9.370000000000001,7.965226422294419,-1.549132896710079,5.549269562160728,0.0,21.107537595987125,20.87361381299611,327.2468839164477,318.095774004942,0.0
9.371,7.663301903080621,-1.6969270037096857,0.21507408937494432,0.0,21.255315859128988,20.101860700388922,327.62169730135986,318.095774004942,0.0
9.372,7.089586524279116,-1.6728547074034834,-0.06759183604531405,0.0,21.30701509103227,19.5043988747643,333.53519551574647,318.095774004942,0.0
9.373,6.494613457495885,-1.6754902575307318,-3.1787351583466625,0.0,21.294328850659817,18.692163932251663,334.07401228456536,318.095774004942,0.0
9.374,5.812288865497679,-1.6095768509843007,-3.6079259255523413,0.0,21.194410909851964,18.0128902832354,335.4657513567005,318.095774004942,0.0
9.375,5.17717422645885,-1.558193974293156,-4.477495235137488,0.0,21.031564415852714,17.36323085303196,335.2155854338505,318.095774004942,0.0
9.376,4.5912695199418945,-1.50875594914667,-4.52361038800158,0.0,20.815112274233847,16.823974114056213,334.15535396258645,318.095774004942,0.0
9.377,4.094924686701325,-1.4725604074277556,-4.154090451946001,0.0,20.56289254354167,16.406845063902203,332.45307985334927,318.095774004942,0.0
9.378,3.7036993170268713,-1.4569488565349742,-3.4465264558114836,0.0,20.292826565722287,16.118415128240404,330.34418329013005,318.095774004942,0.0
9.379,3.424184618933541,-1.4620361091631848,-2.514562267053755,0.0,20.0216399054167,15.954096372258375,328.23259707113255,318.095774004942,0.0
9.38,3.2535678644556856,-1.484282103773431,-1.5601373882169098,0.0,19.763536222424314,15.890730616640095,325.78216924396156,318.095774004942,0.0
9.381,3.17417589088732,-1.520009112233268,-0.41178742702161397,0.0,19.528613843153817,15.931692264775256,323.11637493869966,318.095774004942,0.0
9.382,3.181201397855289,-1.565007471582054,0.8709037162717581,0.0,19.325872416067654,16.073111310818017,320.42214782202564,318.095774004942,0.0
9.383000000000001,3.2684828072947782,-1.6177377463706146,2.194753536437936,0.0,19.162897382927635,16.303380178364556,317.2498277065185,318.095774004942,0.0
9.384,3.429851435287194,-1.6693591165504302,3.7893730571757445,0.0,19.04439778782817,16.63961656993718,315.95439195088426,318.095774004942,0.0
9.385,3.673454121896047,-1.7159224041943375,4.458504755533437,0.0,18.975977539334945,16.962855045207505,318.0418205879174,318.095774004942,0.0
9.386000000000001,3.9329709624807876,-1.7464749562023556,3.415329971187105,0.0,18.949618311062522,17.099376279241564,314.90836177797627,318.095774004942,0.0
9.387,4.095222489080467,-1.7340209460290885,5.013933498427335,0.0,18.937871662381593,17.390635103364758,306.1699779175545,318.095774004942,0.0
9.388,4.330589108216299,-1.691017129474941,9.502383389512097,0.0,18.951819681261863,18.10506902011551,310.9321324892455,318.095774004942,0.0
9.389,4.801440337684371,-1.7239270954699455,7.192942518823571,0.0,19.039866424354173,18.401091383342493,311.19936021647385,318.095774004942,0.0
9.39,5.1204276538642155,-1.7160964613083327,7.128292793094065,0.0,19.14752026004222,18.66191903094756,300.8155924242831,318.095774004942,0.0
9.391,5.4122047579447266,-1.6190736114308406,10.0,0.0,19.259897269777067,19.19505797909081,305.53757413369317,318.095774004942,0.0
9.392,5.826000781503252,-1.5662231792756434,10.0,0.0,19.409507154314458,19.614803869773517,298.77197056370306,318.095774004942,0.0
9.393,6.216209263534536,-1.5228050522827314,10.0,0.0,19.581883149818704,19.96875118705384,298.9136237152313,318.095774004942,0.0
9.394,6.611155851412123,-1.401771740604529,10.0,0.0,19.75953679448589,20.264999332310346,291.2649099616881,318.095774004942,0.0
9.395,6.94776682799659,-1.3089899798181177,10.0,0.0,19.940054228642275,20.51631028596239,292.7327923263593,318.095774004942,0.0
9.396,7.2955999074611295,-1.1483534991652316,10.0,0.0,20.110908819484283,20.725646358689623,281.43150156420006,318.095774004942,0.0
9.397,7.615979232099558,-0.9968961052448391,10.0,0.0,20.270557609990103,20.899370888312752,283.84876134632566,318.095774004942,0.0
9.398,7.910542087158069,-0.867194070753889,10.0,0.0,20.418861324552847,21.04248972321409,292.72759348187844,318.095774004942,0.0
9.399000000000001,8.048216327593586,-0.9714938842625358,10.0,0.0,20.579416550980305,21.17392850818425,299.64184028622054,318.095774004942,0.0
9.4,8.086993249548971,-1.1964503459713898,10.0,0.0,20.76076234591493,21.305390218289403,314.95697539310146,318.095774004942,0.0
9.401,8.110741299478201,-1.4019675917609646,6.393513358552869,0.0,20.95747706478637,21.042902290045664,316.20007016554445,318.095774004942,0.0
9.402000000000001,7.889151369787669,-1.5588824416386928,5.790923010725351,0.0,21.123476979974953,20.82072692743214,328.8674108856197,318.095774004942,0.0
9.403,7.6165403703804655,-1.6727862307489918,-0.6504637181190418,0.0,21.26161963568667,19.962613766542095,328.76901277251596,318.095774004942,0.0
9.404,6.982039381824022,-1.6695351559510092,-0.7079970492429251,0.0,21.29864005361933,19.32928038692418,332.1221008130227,318.095774004942,0.0
9.405,6.371449716981589,-1.6364768598769164,-2.524804337577107,0.0,21.265021189976768,18.624528771902913,334.84929251158553,318.095774004942,0.0
9.406,5.730196372405988,-1.603483444284994,-4.055935371924953,0.0,21.160990358441964,17.901066062379478,335.05300070321687,318.095774004942,0.0
9.407,5.092532661420327,-1.5471393723663676,-4.327361734723369,0.0,20.98914842535316,17.28873142585322,334.8224578193001,318.095774004942,0.0
9.408,4.526888570554387,-1.5032572772516466,-4.3793571309085655,0.0,20.76899363217719,16.77328504260374,333.8097543857949,318.095774004942,0.0
9.409,4.050588029508743,-1.4736289841968384,-4.030145217964504,0.0,20.51648938870898,16.37303770135365,332.0902100110632,318.095774004942,0.0
9.41,3.6755374813931256,-1.4622019096267602,-3.3103173906598684,0.0,20.24825014019043,16.09974616663809,329.98991169316935,318.095774004942,0.0
9.411,3.409580374538055,-1.469772271040486,-2.379109608595206,0.0,19.980452673553373,15.947699214569191,327.91574367245494,318.095774004942,0.0
9.412,3.249818334169966,-1.4931207797390127,-1.4402252949131307,0.0,19.726722890715838,15.892956661099804,325.4397194986882,318.095774004942,0.0
9.413,3.177814011527493,-1.529490220610441,-0.2756526629672198,0.0,19.496658984224,15.94335238615782,322.7280552260766,318.095774004942,0.0
9.414,3.192230202936551,-1.573666642916132,1.0338566611272264,0.0,19.299136752932043,16.095796623110353,320.01354882116516,318.095774004942,0.0
9.415000000000001,3.2872355631038723,-1.626163333194506,2.371932115420718,0.0,19.141944040172106,16.33703099226547,316.9143662678145,318.095774004942,0.0
9.416,3.4563039884372007,-1.6778132920885966,3.933337469467322,0.0,19.029750564179253,16.67914901444629,315.79961389558815,318.095774004942,0.0
9.417,3.705753503916354,-1.7222114777407855,4.513675256674034,0.0,18.96735553883655,16.998310227412617,318.2291694397342,318.095774004942,0.0
9.418000000000001,3.9636900881085784,-1.7511272857378917,3.2975635302530772,0.0,18.945852894347915,17.113861619663325,313.9723412676489,318.095774004942,0.0
9.419,4.116588956715616,-1.729386394678837,5.467211943668661,0.0,18.935374997436757,17.45229054127518,305.53613989757855,318.095774004942,0.0
9.42,4.374592724634384,-1.6892247588546176,9.810908969777477,0.0,18.955587411347814,18.18508754398755,311.5565807057258,318.095774004942,0.0
9.421,4.858364163998128,-1.7318837501047692,6.866080498696004,0.0,19.052152389534765,18.42862316508891,309.9823936884464,318.095774004942,0.0
9.422,5.155824149862368,-1.7138002290519392,7.734307810500673,0.0,19.160998654784848,18.75453212685673,300.0131876980776,318.095774004942,0.0
9.423,5.478600870270854,-1.6171345459877615,10.0,0.0,19.28109879976017,19.26674784731337,306.42469728756777,318.095774004942,0.0
9.424,5.885355903305641,-1.5701694783728355,9.752697907807299,0.0,19.436211001676615,19.648376571755936,297.4091140318055,318.095774004942,0.0
9.425,6.262705621061546,-1.506072134261747,10.0,0.0,19.607393798669612,19.999588976386214,299.3677492312196,318.095774004942,0.0
9.426,6.643131958194631,-1.3938760298117072,10.0,0.0,19.78487895837794,20.292251999423762,290.29248029492567,318.095774004942,0.0
9.427,6.9896998840474165,-1.2784730444210268,10.0,0.0,19.962309537070716,20.53907902765591,291.61331822931203,318.095774004942,0.0
9.428,7.3213869954644215,-1.1416650166779214,10.0,0.0,20.132784907519603,20.74594650793678,283.8145803656869,318.095774004942,0.0
9.429,7.653054803051419,-0.9711862718311411,10.0,0.0,20.28951490729597,20.91600818951405,283.9416435085531,318.095774004942,0.0
9.43,7.921920565262125,-0.8847013344614443,10.0,0.0,20.43976951959022,21.058478147143923,297.1946060206504,318.095774004942,0.0
9.431000000000001,8.051544205156919,-0.9991518804435454,10.0,0.0,20.60270007584977,21.190156627473907,299.95986646945914,318.095774004942,0.0
9.432,8.099783819326117,-1.2029790873287582,10.0,0.0,20.783781911813914,21.3209501942372,315.0475270774568,318.095774004942,0.0
9.433,8.0987405175991,-1.4467676918886139,6.341991583248732,0.0,20.9846133952907,21.054988821409584,318.12481013801005,318.095774004942,0.0
9.434000000000001,7.888690809027029,-1.5739800753618207,4.803059691641416,0.0,21.150321069273502,20.726099345228782,328.7534522727693,318.095774004942,0.0
9.435,7.539016373953552,-1.6996065298814584,-0.6178381584164949,0.0,21.279115814402374,19.902123830246403,328.4175372845465,318.095774004942,0.0
9.436,6.923128081248146,-1.6598172738338777,-0.5530982971011209,0.0,21.30700045080968,19.299006672367273,333.5490593283453,318.095774004942,0.0
9.437,6.317733604737419,-1.651223751660171,-3.2733921722345736,0.0,21.27123751290972,18.519544478528097,334.4823854546871,318.095774004942,0.0
9.438,5.650187583109305,-1.5937521036796043,-3.903921349902923,0.0,21.154868703359718,17.839673057104633,335.34489752003,318.095774004942,0.0
9.439,5.02528369448317,-1.5420514778990841,-4.507668617725231,0.0,20.97703728026631,17.21810895671734,334.8679218654943,318.095774004942,0.0
9.44,4.461160812047494,-1.4969311452765401,-4.436902269062907,0.0,20.750386359112845,16.710544373272178,333.6668004164173,318.095774004942,0.0
9.441,3.991903370527824,-1.466504962982249,-3.992051808639164,0.0,20.492748395004064,16.325274132958988,331.87896747541055,318.095774004942,0.0
9.442,3.628694489738022,-1.4568378322163418,-3.2359672728404796,0.0,20.22158808071353,16.06674831707152,329.7369276358895,318.095774004942,0.0
9.443,3.375891226171963,-1.4666412815441512,-2.2813588893894385,0.0,19.952866266997013,15.928581398349753,327.631447454815,318.095774004942,0.0
9.444,3.2288088496979395,-1.4921849496524753,-1.3239755333508985,0.0,19.699911711778622,15.886776104234723,325.1301330586006,318.095774004942,0.0
9.445,3.1679976418585074,-1.5312475734755098,-0.14366192578030734,0.0,19.472113534610013,15.949334956379337,322.3325861727191,318.095774004942,0.0
9.446,3.1934478078304926,-1.5761856269784797,1.212743395482672,0.0,19.277903620019824,16.11685192452053,319.60279656745604,318.095774004942,0.0
9.447000000000001,3.3000644802404713,-1.6302891382718703,2.562567972489071,0.0,19.125368399410014,16.371639522341283,316.68035811463403,318.095774004942,0.0
9.448,3.4810953561796287,-1.681389583844935,4.037941357803154,0.0,19.018645474543362,16.715640435304255,316.05326278432915,318.095774004942,0.0
9.449,3.73443841404073,-1.7257000761835588,4.371914135161724,0.0,18.961358083161194,17.010494808535242,318.3075704077493,318.095774004942,0.0
9.450000000000001,3.9803022765883034,-1.7498976217487765,3.2426423594235625,0.0,18.941503493329133,17.11806378789851,312.6704767138452,318.095774004942,0.0
9.451,4.129410023302558,-1.7179267061093046,6.115442179286605,0.0,18.930632484240608,17.526247894771462,305.54452122405365,318.095774004942,0.0
9.452,4.424167511776268,-1.6846165547887766,9.80393245199125,0.0,18.95832257925936,18.23860017558218,312.05429567363393,318.095774004942,0.0
9.453,4.903034554288263,-1.7358593125647757,6.609460010514191,0.0,19.060448697725878,18.444481566732605,308.3046305449265,318.095774004942,0.0
9.454,5.1839849716536515,-1.7056491016752693,8.582204009468056,0.0,19.169114792685182,18.862818119429253,301.4829661717586,318.095774004942,0.0
9.455,5.5521700301258194,-1.6168285225217727,10.0,0.0,19.299279771820242,19.348726893062867,305.63236939373587,318.095774004942,0.0
9.456,5.9501479905273165,-1.5830363616367755,10.0,0.0,19.462190198499325,19.744787602281853,296.27485857429315,318.095774004942,0.0
9.457,6.343165351597163,-1.5056539821713613,10.0,0.0,19.64024151330006,20.078281153133187,300.22359975099005,318.095774004942,0.0
9.458,6.710593274454446,-1.398970963243487,10.0,0.0,19.82287574341844,20.35974358247585,290.0065041567803,318.095774004942,0.0
9.459,7.058445727593821,-1.263840290868024,10.0,0.0,20.001595249687238,20.59673370127934,289.98596957267375,318.095774004942,0.0
9.46,7.375905767937416,-1.1355772183212833,10.0,0.0,20.173384185953108,20.796454678922956,285.70036162748715,318.095774004942,0.0
9.461,7.709213457549755,-0.9517205937060251,10.0,0.0,20.329024728374545,20.959893206974872,281.98073670136705,318.095774004942,0.0
9.462,7.9582355685107515,-0.8905763456875264,10.0,0.0,20.480557768323145,21.09849258115415,298.0661394893592,318.095774004942,0.0
9.463000000000001,8.061879429799683,-1.0392282763678744,10.0,0.0,20.647760596549837,21.229474718278198,303.8778050595553,318.095774004942,0.0
9.464,8.115768915482487,-1.2251196374656597,10.0,0.0,20.83030288608021,21.359187519700278,314.5120441379401,318.095774004942,0.0
9.465,8.101108096818166,-1.484530962907712,6.627307192294963,0.0,21.034238558987415,21.125338645995548,321.2596925065358,318.095774004942,0.0
9.466000000000001,7.908592192525966,-1.6090357153821928,3.221843822981165,0.0,21.205497186751185,20.615424325690036,327.67614669649225,318.095774004942,0.0
9.467,7.468943519441986,-1.6974668641045711,-0.08218699891255099,0.0,21.317120898542758,19.890674738472597,330.0671725385855,318.095774004942,0.0
9.468,6.872917495250263,-1.668117231212173,-1.3974139052956147,0.0,21.340994509328027,19.19909420560311,334.41128160110594,318.095774004942,0.0
9.469,6.230149727814584,-1.6439689850300379,-3.7326235125174696,0.0,21.290959894996725,18.400082493544538,334.85957483783096,318.095774004942,0.0
9.47,5.543275431138404,-1.5754139018354787,-4.12440813920887,0.0,21.158727994203108,17.72535277335488,335.4493413536766,318.095774004942,0.0
9.471,4.918179757632629,-1.520619304060714,-4.5928270706190215,0.0,20.966904456546608,17.119156380035495,334.7835987962529,318.095774004942,0.0
9.472,4.365408680253009,-1.477807841593907,-4.426834039820282,0.0,20.729482318430218,16.63189455676106,333.45408028006034,318.095774004942,0.0
9.473,3.9138399971053834,-1.451766361851717,-3.915657844475197,0.0,20.46463976365105,16.268330997554845,331.598744673893,318.095774004942,0.0
9.474,3.5703285846661763,-1.4474596074668438,-3.123019748081042,0.0,20.189711780244263,16.02998853597808,329.4227102950337,318.095774004942,0.0
9.475,3.3365709796706686,-1.4619590206930722,-2.1482719215523103,0.0,19.92008035201922,15.909561624597638,327.2628329132159,318.095774004942,0.0
9.476,3.206136577955641,-1.491612469820771,-1.1600038197261453,0.0,19.668486260750413,15.885186482607027,324.6600999930528,318.095774004942,0.0
9.477,3.1605593434024977,-1.5340786444305008,0.07571938047428484,0.0,19.443988809125223,15.967845468476082,321.9420316522047,318.095774004942,0.0
9.478,3.2017292734333394,-1.582347335969972,1.3962909744257104,0.0,19.255091895572694,16.14770998927944,319.16846761546003,318.095774004942,0.0
9.479000000000001,3.320217898124578,-1.6373529119952863,2.7723460566928737,0.0,19.108639051903154,16.41623666034135,316.40700845212245,318.095774004942,0.0
9.48,3.512685323340357,-1.6880497375960446,4.169963293889857,0.0,19.008710754762586,16.763256194672284,316.2964368364687,318.095774004942,0.0
9.481,3.7709143078712057,-1.7308340760726515,4.243242473401481,0.0,18.957676549745585,17.033184969184155,318.15747949661016,318.095774004942,0.0
9.482,4.003213426311879,-1.7516926513553526,3.312104088414053,0.0,18.940605242577814,17.144888818416238,311.383589592938,318.095774004942,0.0
9.483,4.1552928819446295,-1.7099501927263727,6.766170884370178,0.0,18.931611194847996,17.618568134478178,306.49015093005954,318.095774004942,0.0
9.484,4.486074508560139,-1.683250269545758,9.328946446558229,0.0,18.968364916533787,18.256479573670696,311.9781901545909,318.095774004942,0.0
9.485,4.933972565089183,-1.7295327532703886,6.646102672796065,0.0,19.07059248241176,18.467573700424783,306.0031156963903,318.095774004942,0.0
9.486,5.215691767479149,-1.685971193533468,9.75456648498188,0.0,19.178452107969044,19.010030496471714,303.9528901439434,318.095774004942,0.0
9.487,5.643313353673227,-1.62476833444154,10.0,0.0,19.323474751672542,19.460719441542366,305.4850931210514,318.095774004942,0.0
9.488,6.037239771453196,-1.6006912106999993,10.0,0.0,19.497027570492108,19.839331731232253,295.62293248046086,318.095774004942,0.0
9.489,6.434381471556081,-1.4962663816501474,10.0,0.0,19.679840376440637,20.157691751001607,298.9831428060034,318.095774004942,0.0
9.49,6.779705881228834,-1.4024765788182942,10.0,0.0,19.866935273750244,20.428482781325897,290.79902772666725,318.095774004942,0.0
9.491,7.131052851943434,-1.2430203299602147,10.0,0.0,20.045797495015247,20.655709275666837,287.8294160613947,318.095774004942,0.0
9.492,7.43461517864648,-1.1234520476752254,10.0,0.0,20.217938195025084,20.84822095647001,286.95951846350056,318.095774004942,0.0
9.493,7.761228851120387,-0.9416667758779229,10.0,0.0,20.37331529603939,21.005803658488734,286.58458269160457,318.095774004942,0.0
9.494,8.003474323441385,-0.8843708389290774,10.0,0.0,20.524428256807745,21.13978493517645,295.2325282326078,318.095774004942,0.0
9.495000000000001,8.077591274823257,-1.0721494121282817,10.0,0.0,20.69505665158944,21.269748970343443,309.62122384717986,318.095774004942,0.0
9.496,8.123812356578203,-1.263212204760062,9.03678250035335,0.0,20.880757731867163,21.293482367031537,312.20804473513664,318.095774004942,0.0
9.497,8.06138297510565,-1.4826481754344596,7.802249349073017,0.0,21.072489372633786,21.214575503213748,327.4102542906002,318.095774004942,0.0
9.498,7.912435845063641,-1.659307599213708,0.10799976848464343,0.0,21.25439533985095,20.3444702579924,325.741120250596,318.095774004942,0.0
9.499,7.320752411667807,-1.6572927459331068,0.8661133260302147,0.0,21.329111957725598,19.80349682752391,331.0308996694041,318.095774004942,0.0
9.5,6.760584976423612,-1.6554533699523697,-1.9081276400184617,0.0,21.342077387940854,19.067046343591823,334.4490462306487,318.095774004942,0.0
9.501,6.1136848577262946,-1.6261385295603121,-3.780733642897835,0.0,21.276894988058064,18.29285053912249,335.06107183191153,318.095774004942,0.0
9.502,5.440055149814418,-1.5633559216672184,-4.256399421798937,0.0,21.13419830925229,17.623589166144814,335.3810353953165,318.095774004942,0.0
9.503,4.825409219741376,-1.5105936590183957,-4.589233817405153,0.0,20.9336691382169,17.036003892085578,334.5767615412481,318.095774004942,0.0
9.504,4.288280034555543,-1.4712181132947044,-4.351906765734037,0.0,20.690630669475997,16.569496299038327,333.1750287417074,318.095774004942,0.0
9.505,3.8546958064925314,-1.4491730912954481,-3.801832913331343,0.0,20.42321409134178,16.225793444904355,331.2787787150876,318.095774004942,0.0
9.506,3.528893546921823,-1.4485864172562763,-2.9855379471228796,0.0,20.148324801683277,16.005513332401424,329.09258399270414,318.095774004942,0.0
9.507,3.311473551713147,-1.4657420682089786,-2.0024086858087773,0.0,19.880789418085513,15.900411748142641,326.87963837990065,318.095774004942,0.0
9.508000000000001,3.1947737730636767,-1.4974558651589658,-0.9837745231566242,0.0,19.63281437557663,15.891948024927913,324.2436867386222,318.095774004942,0.0
9.509,3.162389304437452,-1.541124092237634,0.2727221701457925,0.0,19.4132768320063,15.989956758182906,321.5630624176466,318.095774004942,0.0
9.51,3.215460039821338,-1.5910367271936874,1.5783614465065439,0.0,19.23054762369289,16.18110459164354,318.68627023414945,318.095774004942,0.0
9.511000000000001,3.344054062421445,-1.645367644173858,3.0108525759630558,0.0,19.090683394075143,16.465767717271202,316.1527507034475,318.095774004942,0.0
9.512,3.548689143663914,-1.6950552970666903,4.2970425743289695,0.0,18.99819423263035,16.813910177189335,316.24273675235145,318.095774004942,0.0
9.513,3.811418911733151,-1.7349159739620108,4.270579922402906,0.0,18.953656031251406,17.075362759600456,318.3766861868373,318.095774004942,0.0
9.514,4.038662996693798,-1.754506724123199,3.200796083341038,0.0,18.94147328400024,17.16643511619005,310.4633444544493,318.095774004942,0.0
9.515,4.183310583019861,-1.6993359504963301,7.233791245039939,0.0,18.933351354532586,17.687870474926807,307.0609392369517,318.095774004942,0.0
9.516,4.535783949234957,-1.6780830369937483,9.045342201468657,0.0,18.976399041136357,18.277965164012883,311.6111278460821,318.095774004942,0.0
9.517,4.965799129697959,-1.718331695080257,6.83509435849204,0.0,19.078791309512894,18.50833544437025,304.84885280617914,318.095774004942,0.0
9.518,5.2562181809652175,-1.6701856329229146,10.0,0.0,19.188282825669347,19.068504078690392,304.42608516430454,318.095774004942,0.0
9.519,5.694424255995251,-1.6149645954426015,10.0,0.0,19.33724920014091,19.506657467038472,304.71682163536826,318.095774004942,0.0
9.52,6.085924345639637,-1.591276403483005,10.0,0.0,19.51308078525937,19.877209204888302,296.21908221849066,318.095774004942,0.0
9.521,6.48489598275995,-1.4760711329313936,10.0,0.0,19.695948687809885,20.18831704827821,297.4659031672667,318.095774004942,0.0
9.522,6.823716926151563,-1.3855601224758292,10.0,0.0,19.88283642599975,20.453320310182306,291.2482934041639,318.095774004942,0.0
9.523,7.176548397959017,-1.2183733358527835,10.0,0.0,20.060050280137045,20.67508876725008,285.60909089695923,318.095774004942,0.0
9.524000000000001,7.476951076059056,-1.1002794807968166,10.0,0.0,20.23040113837748,20.86288578415186,286.43849499994883,318.095774004942,0.0
9.525,7.7981953314226145,-0.9253559178560198,10.0,0.0,20.384435959111112,21.016605343878528,287.0219211489228,318.095774004942,0.0
9.526,8.01447717986572,-0.9090544557140761,10.0,0.0,20.538395328537835,21.149777868930787,298.01752696014563,318.095774004942,0.0
9.527000000000001,8.081469614536159,-1.1024372027554068,10.0,0.0,20.71171113032308,21.279822729091162,309.4278325631611,318.095774004942,0.0
9.528,8.126122223313889,-1.289392536996946,9.143759844318284,0.0,20.89933109724201,21.315766403670203,314.3369130192738,318.095774004942,0.0
9.529,8.056798426391103,-1.5275597022384755,6.7268082261185915,0.0,21.096112269761083,21.117647574787362,326.1470388447133,318.095774004942,0.0
9.53,7.857084739408033,-1.6590556747187484,0.7412326650011503,0.0,21.26548632746039,20.3460502181027,327.8082806160611,318.095774004942,0.0
9.531,7.285061610604421,-1.6853723356994046,-0.18651328678395007,0.0,21.342343116704367,19.687279111069817,331.59403343562326,318.095774004942,0.0
9.532,6.678512230252934,-1.6541914292424789,-2.214372290871844,0.0,21.341944050000592,18.949283963283435,334.72177268635915,318.095774004942,0.0
9.533,6.014794671617817,-1.6170545279285848,-3.9445019030539585,0.0,21.264012125108597,18.1819561939525,335.1220409076756,318.095774004942,0.0
9.534,5.341947340571678,-1.5517662845872886,-4.3148986827395355,0.0,21.110330278018303,17.527501690250602,335.2979958675705,318.095774004942,0.0
9.535,4.737672198635377,-1.5008260095741766,-4.574898381313247,0.0,20.90162061744882,16.95797024546613,334.5169005312493,318.095774004942,0.0
9.536,4.216436074570653,-1.4635159816668863,-4.348561978415727,0.0,20.653234078138162,16.50331120263538,332.9268857512661,318.095774004942,0.0
9.537,3.795474066177029,-1.444761238382545,-3.7018657058873865,0.0,20.3825303669933,16.17924609578844,330.8973807979928,318.095774004942,0.0
9.538,3.4859699327069786,-1.4471346704715486,-2.815129297181236,0.0,20.106939141240858,15.981427005341867,328.7188173513986,318.095774004942,0.0
9.539,3.2866570829094304,-1.4681000240057271,-1.832078007348711,0.0,19.84140758358687,15.89392835130225,326.52041326395226,318.095774004942,0.0
9.540000000000001,3.1854902029989343,-1.5029389018995392,-0.817122356215632,0.0,19.597301939327306,15.899576243919691,323.8432504753396,318.095774004942,0.0
9.541,3.165834439920047,-1.5481190807951175,0.4639842733867372,0.0,19.38279307965501,16.012171420733942,321.1671409930798,318.095774004942,0.0
9.542,3.2303358514389133,-1.5995107257704164,1.7713253446352542,0.0,19.206195902789695,16.21576093254297,318.1907993555305,318.095774004942,0.0
9.543000000000001,3.369295528806294,-1.6536445486729168,3.2585459099040173,0.0,19.07305819886134,16.517212076556433,315.9844729243639,318.095774004942,0.0
9.544,3.5866130333098782,-1.7023884949222199,4.3828221362930915,0.0,18.988199875585565,16.8614871863041,316.79595566795246,318.095774004942,0.0
9.545,3.8506041786279113,-1.7397209243501697,3.9900789478687084,0.0,18.949874023386712,17.0815385888189,318.0331840093111,318.095774004942,0.0
9.546,4.055153039441234,-1.751783933714445,3.372090677145681,0.0,18.938339503395017,17.191840524730765,309.28951757747,318.095774004942,0.0
9.547,4.208557031396092,-1.6873445602801525,7.83198645734096,0.0,18.931779667822262,17.77189828307408,308.1164979567926,318.095774004942,0.0
9.548,4.591462195877398,-1.6788550228575625,8.518289028161151,0.0,18.983592136258984,18.283603078840667,311.76190159541386,318.095774004942,0.0
9.549,4.992762182580043,-1.7059032914052725,6.758925932945809,0.0,19.084454042343154,18.50861172879989,303.20475902621894,318.095774004942,0.0
9.55,5.275944018023336,-1.6459916453142822,10.0,0.0,19.19086985905935,19.068180480667998,304.3680610908195,318.095774004942,0.0
9.551,5.711690010725404,-1.5902938896638692,10.0,0.0,19.33707333263009,19.504922957507567,303.3344718196418,318.095774004942,0.0
9.552,6.103531493822127,-1.5677742768173926,10.0,0.0,19.51041052667111,19.87386643080664,296.3651266789654,318.095774004942,0.0
9.553,6.507020036797238,-1.448712694323107,10.0,0.0,19.690436770692028,20.18278395128361,295.9608976612948,318.095774004942,0.0
9.554,6.844818366850276,-1.363437572091291,10.0,0.0,19.875162494738,20.445689413238895,291.5193552515289,318.095774004942,0.0
9.555,7.200561668945591,-1.194745875405082,10.0,0.0,20.050002857161743,20.665023121473297,283.60244521429445,318.095774004942,0.0
9.556000000000001,7.504416815624962,-1.0733289078732775,10.0,0.0,20.217623604704908,20.85004086201285,285.35808832066465,318.095774004942,0.0
9.557,7.820299555579107,-0.9092476463893604,10.0,0.0,20.370149282459796,21.0016103533246,287.8719818928058,318.095774004942,0.0
9.558,8.01918367292187,-0.9213468805603044,10.0,0.0,20.525551069944015,21.134557037772506,298.0102685260161,318.095774004942,0.0
9.559000000000001,8.076693772415444,-1.1267453842219486,10.0,0.0,20.70118019018569,21.265411962753177,310.64093624993666,318.095774004942,0.0
9.56,8.116262384114442,-1.3182055072368741,8.523298049621939,0.0,20.891338519396264,21.234529646426402,314.3883321489828,318.095774004942,0.0
9.561,8.012986383254425,-1.536982121357535,6.686674518658467,0.0,21.081543610376237,21.050245871962765,327.00639290155476,318.095774004942,0.0
9.562,7.8042937367984235,-1.671638066729984,0.28853795340635013,0.0,21.24692420266161,20.239905628276937,327.63287292670464,318.095774004942,0.0
9.563,7.212717475568438,-1.684827036492425,-0.1200730483862138,0.0,21.314836938570007,19.609158085914313,331.69363913830006,318.095774004942,0.0
9.564,6.61291098771159,-1.6577753983475128,-2.286434805517505,0.0,21.309776076757736,18.874125839164225,334.6698663107997,318.095774004942,0.0
9.565,5.954239355407928,-1.620989047797611,-3.9402893148259066,0.0,21.22794209427266,18.118286167130147,335.05847532234935,318.095774004942,0.0
9.566,5.2894501179964815,-1.5573337606166704,-4.304220833774804,0.0,21.07207332474826,17.4728932418519,335.15137443267986,318.095774004942,0.0
9.567,4.693152554687791,-1.5071345583872229,-4.521226393217436,0.0,20.862366780275057,16.915166275389673,334.18225442727373,318.095774004942,0.0
9.568,4.180376448964549,-1.471958899090661,-4.1975311947376905,0.0,20.61449086310262,16.480460274550015,332.6709889296571,318.095774004942,0.0
9.569,3.7735902353658695,-1.454449604622904,-3.5876505951765183,0.0,20.346357671764967,16.167905918482635,330.7208818219486,318.095774004942,0.0
9.57,3.4743687056024153,-1.4579248333310706,-2.738848119492332,0.0,20.074339732056927,15.975909651355865,328.55619869481745,318.095774004942,0.0
9.571,3.2815707367580815,-1.4776154688183158,-1.761110802825523,0.0,19.81245517722352,15.893189858322726,326.25655379890435,318.095774004942,0.0
9.572000000000001,3.184571591755231,-1.5111857983123465,-0.6928961528085948,0.0,19.57198292845961,15.909021753706625,323.55752737800617,318.095774004942,0.0
9.573,3.1720753060556115,-1.554650879385799,0.6019995239098521,0.0,19.361586549733634,16.03138421259153,320.9160373712724,318.095774004942,0.0
9.574,3.2432768160174232,-1.6063256975277567,1.8945418936134284,0.0,19.189715633953618,16.24174436266275,317.8198338058852,318.095774004942,0.0
9.575000000000001,3.3883105784406506,-1.6590151389064272,3.445403078297603,0.0,19.06134691512896,16.55630901400014,315.88106085937306,318.095774004942,0.0
9.576,3.6149744319475725,-1.706629623648575,4.436936683009358,0.0,18.981982232228358,16.89665772673125,316.88476350810765,318.095774004942,0.0
9.577,3.88058339937007,-1.7398729584349657,3.9471954636104067,0.0,18.94776951087,17.10429788183678,317.4399594356674,318.095774004942,0.0
9.578,4.077749413001132,-1.7495866395790551,3.676155645523284,0.0,18.93847814873603,17.243803609675133,308.89252702838974,318.095774004942,0.0
9.579,4.245325447161716,-1.6867735463207527,8.041904318927633,0.0,18.937059918529435,17.834910677150262,308.43932544874883,318.095774004942,0.0
9.58,4.637827779223378,-1.6812775290816182,8.365069594310016,0.0,18.994917787127285,18.31715641223004,311.9579039726735,318.095774004942,0.0
9.581,5.028105640443861,-1.7012756515086067,6.667159032670379,0.0,19.09746919601269,18.527956004713815,302.4728491488884,318.095774004942,0.0
9.582,5.3045654688599555,-1.6298460263675134,10.0,0.0,19.202788183268147,19.085014588346848,304.3354146230898,318.095774004942,0.0
9.583,5.735089945043594,-1.5748494127112729,10.0,0.0,19.34794579891058,19.518977708572777,302.3468078656584,318.095774004942,0.0
9.584,6.126623513075245,-1.5504330627692158,10.0,0.0,19.519848132654296,19.885296830618714,296.42117736697463,318.095774004942,0.0
9.585,6.531718787895375,-1.4285448947933261,10.0,0.0,19.698028610250315,20.191529129284532,294.82598723530845,318.095774004942,0.0
9.586,6.868826854796624,-1.34512855379064,10.0,0.0,19.881057354122774,20.451925311232444,291.5804234694669,318.095774004942,0.0
9.587,7.22590231798983,-1.175382649514019,10.0,0.0,20.05398495574238,20.66867752909056,282.4214147784957,318.095774004942,0.0
9.588000000000001,7.532296513271653,-1.0507526995945335,10.0,0.0,20.21928318353745,20.850914678475757,284.24883664465955,318.095774004942,0.0
9.589,7.844014873462381,-0.894564313122705,10.0,0.0,20.370340880478835,21.00023285803378,291.24371431035536,318.095774004942,0.0
9.59,8.02593158074805,-0.9332714883403415,10.0,0.0,20.527044298820535,21.132831335130625,296.72552722018327,318.095774004942,0.0
9.591000000000001,8.07919144740925,-1.142067945940195,10.0,0.0,20.70391776162156,21.263800888092078,312.56887257777265,318.095774004942,0.0
9.592,8.104945229186725,-1.3536654326094464,7.544629859139718,0.0,20.897388592396258,21.126969799213946,314.2647947501285,318.095774004942,0.0
9.593,7.958898740137279,-1.526276533645067,6.734978565509935,0.0,21.074700477452883,20.974983613023642,329.1049537437041,318.095774004942,0.0
9.594,7.735513666459122,-1.6829242634308859,-0.7951927286654783,0.0,21.23458769465091,20.05881679774913,326.4830033564288,318.095774004942,0.0
9.595,7.100924941840157,-1.655725821607795,0.43191017145728416,0.0,21.28231120270328,19.528109326648444,331.5124349142577,318.095774004942,0.0
9.596,6.5326398314766845,-1.6506197286737385,-2.2169722165503227,0.0,21.271901927035824,18.807762336674777,334.4268701605372,318.095774004942,0.0
9.597,5.896007509702164,-1.6207464959787972,-3.8375008012460166,0.0,21.187263885270646,18.07098650198685,334.96400249613237,318.095774004942,0.0
9.598,5.248293733311979,-1.5642193384621408,-4.274749253955507,0.0,21.03149280921331,17.432414594825286,334.9708765797299,318.095774004942,0.0
9.599,4.661682716992514,-1.5160365272741585,-4.446937321502164,0.0,20.82270681239005,16.885604641902358,333.9845981065228,318.095774004942,0.0
9.6,4.157829510106047,-1.4818249265793488,-4.112686325914417,0.0,20.576836971992268,16.46064431737382,332.4623592005936,318.095774004942,0.0
9.601,3.7588041779240235,-1.464770293468892,-3.495232724906327,0.0,20.311524189546205,16.157024681884533,330.5055809710106,318.095774004942,0.0
9.602,3.466588511582215,-1.4680047965965357,-2.6409416797755165,0.0,20.042907063470967,15.973186680629649,328.3830698327515,318.095774004942,0.0
9.603,3.2801659064746356,-1.486902873385353,-1.6825590689240686,0.0,19.784814293293252,15.895334273533498,326.00008993813447,318.095774004942,0.0
9.604000000000001,3.187305664048486,-1.519451715745674,-0.5701122809474684,0.0,19.548136951315456,15.920593551313909,323.333921369757,318.095774004942,0.0
9.605,3.1809697908048022,-1.5621124949326937,0.7105905295931247,0.0,19.342020468600435,16.04918035203073,320.6788933711331,318.095774004942,0.0
9.606,3.256941137814683,-1.6132094666948293,2.0122733352431608,0.0,19.174568373330565,16.266254698016958,317.48592946508825,318.095774004942,0.0
9.607,3.4070489138369155,-1.6647067110038238,3.614853733664117,0.0,19.050722649342685,16.592391273755027,315.8140052585818,318.095774004942,0.0
9.608,3.6417387904434215,-1.7113345190585072,4.473633524380942,0.0,18.976489241770317,16.927654783848645,317.6851837241333,318.095774004942,0.0
9.609,3.9046435006218276,-1.7458896661196504,3.542150194413274,0.0,18.946540314060723,17.0843450186185,315.836065712889,318.095774004942,0.0
9.61,4.0769828378610145,-1.7416661357701884,4.489306282955947,0.0,18.93444516279003,17.31954506018525,307.321175287236,318.095774004942,0.0
9.611,4.286151324760416,-1.6917566740343952,8.85449748295953,0.0,18.941631725315627,17.979429913396675,309.9827782642244,318.095774004942,0.0
9.612,4.723458282946102,-1.7082607543518054,7.60482595187249,0.0,19.016402660362093,18.346917076588486,311.995872475913,318.095774004942,0.0
9.613,5.0684298290943754,-1.7109592002250453,6.659277861318475,0.0,19.120577006465968,18.56004524182123,301.6802711572307,318.095774004942,0.0
9.614,5.339770260656808,-1.6178541111777442,10.0,0.0,19.225378190228792,19.112815209291217,304.7095018051287,318.095774004942,0.0
9.615,5.7599306235679935,-1.5663795418667927,10.0,0.0,19.370245100628605,19.54387684139906,300.5802708547447,318.095774004942,0.0
9.616,6.153280391486863,-1.5337663755604725,10.0,0.0,19.540658780598633,19.907252130494147,297.33649577965195,318.095774004942,0.0
9.617,6.557398805586686,-1.411535707608448,10.0,0.0,19.71724937966951,20.210811730804924,293.3132182177206,318.095774004942,0.0
9.618,6.894200024709187,-1.328452899578647,10.0,0.0,19.898620076660613,20.468667481029243,291.97963262296,318.095774004942,0.0
9.619,7.250083884720725,-1.1613443635895675,10.0,0.0,20.070088168096543,20.683095513520183,281.2852914584919,318.095774004942,0.0
9.620000000000001,7.561754175593589,-1.0287304858128894,10.0,0.0,20.232935812442427,20.86250265850973,282.67107369271343,318.095774004942,0.0
9.621,7.868681672931672,-0.8812541361037771,10.0,0.0,20.382543147162448,21.00960853163646,293.9880058289169,318.095774004942,0.0
9.622,8.028787376296506,-0.9545336670852274,10.0,0.0,20.541435847628186,21.142422198525757,296.9722156779002,318.095774004942,0.0
9.623,8.086910570940457,-1.1519055933573075,10.0,0.0,20.718698761316393,21.273051274395513,312.5742634239259,318.095774004942,0.0
9.624,8.09748547667116,-1.3860500132291094,7.550609951808287,0.0,20.915080458145937,21.13832882106209,316.1784426767693,318.095774004942,0.0
9.625,7.95888055395984,-1.5433075082931438,5.767693638668324,0.0,21.093308620217506,20.880442179337027,327.56192715627964,318.095774004942,0.0
9.626,7.669559990997936,-1.6955529096616682,-0.018710132600224583,0.0,21.243099721109314,20.077930978982206,327.1801579633565,318.095774004942,0.0
9.627,7.084317052659533,-1.6668517994109966,0.08133062427718762,0.0,21.292981015735194,19.501002047308834,333.0571210932583,318.095774004942,0.0
9.628,6.4969501487885815,-1.6712376927837744,-3.0067644115568513,0.0,21.28095074710466,18.7048212067973,333.8707954964704,318.095774004942,0.0
9.629,5.82477189793776,-1.6106896431593998,-3.5713518280782024,0.0,21.18380127689362,18.02389769656974,335.2963848560941,318.095774004942,0.0
9.63,5.191857841465887,-1.560830372101861,-4.456152616401574,0.0,21.02339536336084,17.372568141496856,335.068347072052,318.095774004942,0.0
9.631,4.605407769639865,-1.5113577970024035,-4.511859455051624,0.0,20.808953695123684,16.831231573545868,333.90021616932245,318.095774004942,0.0
9.632,4.106468105339815,-1.4761760532799748,-4.08583842533065,0.0,20.558447270856675,16.419022739576825,332.3158509093577,318.095774004942,0.0
9.633000000000001,3.717254936237854,-1.460356330511726,-3.4358565643924432,0.0,20.290382253552185,16.128045992942173,330.32452333271,318.095774004942,0.0
9.634,3.4361493347169905,-1.4655132682956362,-2.5624802693462563,0.0,20.020751523698586,15.955961477562521,328.2045913852855,318.095774004942,0.0
9.635,3.2605976551594917,-1.4860745103794106,-1.6036024694374396,0.0,19.763085582543752,15.887364764511098,325.74278379768776,318.095774004942,0.0
9.636000000000001,3.176612900233021,-1.5201795551516466,-0.4491687735660381,0.0,19.527872506703375,15.924742863442432,323.066386658521,318.095774004942,0.0
9.637,3.1801967671231477,-1.5640064444571156,0.8393236694815402,0.0,19.32439845571605,16.06381760376594,320.38785485788344,318.095774004942,0.0
9.638,3.26504538029252,-1.616280526407303,2.1556687612709187,0.0,19.16049116398127,16.291252991844992,317.20547713214273,318.095774004942,0.0
9.639,3.424042983038597,-1.6677979210741543,3.7557605928692643,0.0,19.04086231282173,16.625759512330212,315.84179230150534,318.095774004942,0.0
9.64,3.666024819266748,-1.7143949469475557,4.460142825222329,0.0,18.971257497726064,16.951305596936166,317.89550914793716,318.095774004942,0.0
9.641,3.9262185563513494,-1.7458131677822464,3.4352870505764646,0.0,18.94415780663365,17.091357141320366,315.00580462582593,318.095774004942,0.0
9.642,4.090202041687129,-1.7350357316191054,4.91103900542324,0.0,18.932273538902596,17.37183858892042,306.2822720208814,318.095774004942,0.0
9.643,4.320336437103618,-1.6910009353561535,9.390940327736107,0.0,18.94488978947737,18.077440142250847,310.67729143989146,318.095774004942,0.0
9.644,4.7856222007677145,-1.721015139019486,7.267615443881585,0.0,19.0305464806933,18.3864983248097,311.33912406384326,318.095774004942,0.0
9.645,5.109395719201309,-1.715321073041263,7.004265631316675,0.0,19.13761683174928,18.634518898299607,301.03199160842445,318.095774004942,0.0
9.646,5.395340607614683,-1.6182903487445865,10.0,0.0,19.248165766035807,19.17239252568581,305.1757757377749,318.095774004942,0.0
9.647,5.8100430996868,-1.5659767667214153,10.0,0.0,19.396662982852718,19.594818514831413,299.0914680361767,318.095774004942,0.0
9.648,6.201101727046016,-1.5247339208885307,10.0,0.0,19.56853949968111,19.950982202655346,298.50294324544393,318.095774004942,0.0
9.649000000000001,6.598428670967033,-1.4030270386661376,10.0,0.0,19.745869405022923,20.24892179582201,291.6812921675015,318.095774004942,0.0
9.65,6.934475369247823,-1.3135674822635721,10.0,0.0,19.926636796765155,20.50180855283451,292.50483083476183,318.095774004942,0.0
9.651,7.284704628554504,-1.1506392410797135,10.0,0.0,20.097588614068233,20.712318621779055,281.01992189331634,318.095774004942,0.0
9.652000000000001,7.60267601619378,-1.0042174155070143,10.0,0.0,20.258019138134287,20.887398305512207,283.0956711978822,318.095774004942,0.0
9.653,7.900919811971589,-0.869038977039668,10.0,0.0,20.406509168191374,21.03138596961948,294.6848654027252,318.095774004942,0.0
9.654,8.039385219208617,-0.9737119540784844,10.0,0.0,20.567414773512418,21.16357511348344,298.1243248949606,318.095774004942,0.0
9.655,8.09250203558863,-1.1752139747581722,10.0,0.0,20.746567225192138,21.294177707763666,313.85328020052424,318.095774004942,0.0
9.656,8.099432336170581,-1.4109602307616451,6.912005757763239,0.0,20.94478175908549,21.089724756237594,316.7490306146452,318.095774004942,0.0
9.657,7.922600135637893,-1.5538598888984638,5.4775979846057155,0.0,21.11609104427191,20.818154485692915,328.5877515101932,318.095774004942,0.0
9.658,7.6143217929551295,-1.6965871022719414,-0.5466822382207797,0.0,21.25738337077494,19.97468771963179,327.49921405182886,318.095774004942,0.0
9.659,7.001734972129704,-1.6580971087367797,-0.09644790950748394,0.0,21.294538616598953,19.403767208077774,332.9491406583071,318.095774004942,0.0
9.66,6.4122744534105065,-1.657163494198205,-2.9699448792802565,0.0,21.27116848902127,18.631782051150275,334.14713428944316,318.095774004942,0.0
9.661,5.75165240678587,-1.6042862203225603,-3.7294552976932973,0.0,21.167129694527667,17.946621040771568,335.27383263964936,318.095774004942,0.0
9.662,5.1233193673181905,-1.5541650451180165,-4.46458505914347,0.0,20.99999412191182,17.308813496281196,334.9545594343051,318.095774004942,0.0
9.663,4.547023303661988,-1.506836523881931,-4.473536310764978,0.0,20.781086426524585,16.781549045521906,333.86040707226675,318.095774004942,0.0
9.664,4.061013340218417,-1.4728605073490726,-4.084106460419047,0.0,20.528078978993896,16.37574520169632,332.13594498030074,318.095774004942,0.0
9.665000000000001,3.6797302157640894,-1.459149938556509,-3.3622771241896263,0.0,20.258623489431866,16.097808970037548,330.022066634719,318.095774004942,0.0
9.666,3.4093892664683385,-1.4655852739356805,-2.424600877696534,0.0,19.989164918239783,15.942571579518374,327.90858082890327,318.095774004942,0.0
9.667,3.2466887874452253,-1.4886833305303866,-1.465986043028276,0.0,19.733604897986638,15.887176583480082,325.4552131143185,318.095774004942,0.0
9.668000000000001,3.173860748328059,-1.5251493632433317,-0.31289657682965544,0.0,19.50184166318744,15.935402857468121,322.7747809880485,318.095774004942,0.0
9.669,3.1868841252396,-1.5700469038972693,0.9805294164742682,0.0,19.302651448411776,16.084215293327443,320.0559765128218,318.095774004942,0.0
9.67,3.2798267013080737,-1.6226581521998138,2.3203296290088224,0.0,19.14359976060635,16.32257777797061,316.95279536006416,318.095774004942,0.0
9.671,3.447411108128972,-1.6736707156984285,3.883349991836429,0.0,19.0293747595476,16.662228224165,315.898827651825,318.095774004942,0.0
9.672,3.69450073145106,-1.719418132502983,4.432303309487176,0.0,18.965059393427687,16.975741772450156,318.09175753392293,318.095774004942,0.0
9.673,3.949761161682204,-1.7470166581542244,3.335878533148403,0.0,18.941105282401864,17.09976841962883,314.0448356223633,318.095774004942,0.0
9.674,4.105664866317481,-1.7281630318971803,5.399848872754015,0.0,18.929599363051707,17.43240117289949,305.5396354348928,318.095774004942,0.0
9.675,4.361272584747489,-1.6891235121312116,9.77801035218976,0.0,18.94840150005195,18.165020306268993,311.40562057106973,318.095774004942,0.0
9.676,4.844764566680814,-1.7314918069751475,6.911919318440003,0.0,19.043636244319607,18.416578070666375,310.18749237722767,318.095774004942,0.0
9.677,5.14585005653015,-1.7156165392435576,7.600066231638177,0.0,19.15233332820133,18.728576119775994,299.8954484717216,318.095774004942,0.0
9.678,5.461496661961775,-1.6188812991271868,10.0,0.0,19.27087838487034,19.24564504605165,306.32872828577877,318.095774004942,0.0
9.679,5.870098405517858,-1.5699274105504395,9.770560161091996,0.0,19.424858253157755,19.631834139666296,297.570224292181,318.095774004942,0.0
9.68,6.247857723322732,-1.5100742800884466,10.0,0.0,19.595964738512833,19.984867583894196,299.36462767210406,318.095774004942,0.0
9.681000000000001,6.631208576236821,-1.3960881008656316,10.0,0.0,19.7733239713453,20.279022933203237,290.2977659481278,318.095774004942,0.0
9.682,6.975915787210701,-1.2856005449281729,10.0,0.0,19.951349046464536,20.52741438618663,292.2191318575894,318.095774004942,0.0
9.683,7.310712549312956,-1.1448772208386662,10.0,0.0,20.122036069279716,20.735388629662108,283.3739549061546,318.095774004942,0.0
9.684000000000001,7.6408555195201675,-0.977482604872606,10.0,0.0,20.27944563964555,20.906666391969775,284.64027818996163,318.095774004942,0.0
9.685,7.916649123127746,-0.8796498953295862,10.0,0.0,20.429154377315506,21.049521468388498,296.18876085770955,318.095774004942,0.0
9.686,8.051024998216489,-0.9873143658489929,10.0,0.0,20.590999167712894,21.181038500708667,299.2706640376391,318.095774004942,0.0
9.687,8.094164681485074,-1.201482936581733,10.0,0.0,20.772293080377974,21.312186702427894,315.4241877453798,318.095774004942,0.0
9.688,8.100552902998695,-1.4340918606520026,6.124124145111279,0.0,20.972017717888868,21.02173182367014,316.99009307785263,318.095774004942,0.0
9.689,7.8754378534458915,-1.5626334456307411,5.35222828814576,0.0,21.134537888879855,20.75897164848787,330.8530471209964,318.095774004942,0.0
9.69,7.560464720972334,-1.6936616644850426,-1.706821464586663,0.0,21.26765771347771,19.802358887768584,327.3920986932489,318.095774004942,0.0
9.691,6.884538979229933,-1.6361078806111573,-0.06931049759598462,0.0,21.284163081129172,19.276638189744233,332.30157428408216,318.095774004942,0.0
9.692,6.305497359194783,-1.6296866343271414,-2.6661062958040205,0.0,21.24631504296055,18.560052771601118,334.44686461705356,318.095774004942,0.0
9.693,5.674623180700912,-1.5967405191119441,-3.9022623684108355,0.0,21.137033406583647,17.864937624884757,335.04314587104886,318.095774004942,0.0
9.694,5.055062439936831,-1.5480318191418296,-4.369876714069555,0.0,20.964139923328247,17.25117275160506,334.71385940977774,318.095774004942,0.0
9.695,4.4954951119516355,-1.505588219846036,-4.371414337482351,0.0,20.742977592147565,16.7413588208797,333.6189541653899,318.095774004942,0.0
9.696,4.0249114053754775,-1.4760004665333744,-3.9791935168928996,0.0,20.49011988414099,16.34973825105131,331.87856560055906,318.095774004942,0.0
9.697000000000001,3.656626909583931,-1.4651264738556715,-3.2468271504336585,0.0,20.222485628290812,16.08443751698103,329.77193641209044,318.095774004942,0.0
9.698,3.39740195836406,-1.4731171284745022,-2.3102741802708353,0.0,19.956072436553463,15.939432493462338,327.69976064169316,318.095774004942,0.0
9.699,3.243717356307911,-1.4966662410721292,-1.3702261614397075,0.0,19.704310557477548,15.890639462205563,325.20745099454354,318.095774004942,0.0
9.700000000000001,3.176382387897748,-1.5338580297140152,-0.19518810776091033,0.0,19.476701168808173,15.947273252387784,322.4102650211762,318.095774004942,0.0
9.701,3.1961786432700787,-1.5772099474071894,1.1602599687604145,0.0,19.281912891083774,16.109980694790345,319.7081106851243,318.095774004942,0.0
9.702,3.2980323893288803,-1.6304361468553534,2.495213769984529,0.0,19.128295548134457,16.359223053036914,316.75187451162765,318.095774004942,0.0
9.703,3.4742934016095757,-1.6809516029047873,3.9867708516660105,0.0,19.019988613475668,16.700531008246315,316.0098467255298,318.095774004942,0.0
9.704,3.7245783193713065,-1.7251237355964897,4.378644017509043,0.0,18.9609969478393,16.999299221063836,318.2577686458478,318.095774004942,0.0
9.705,3.97202682147644,-1.749457075298853,3.253063110940989,0.0,18.94001621608866,17.1098423286011,313.0697869989023,318.095774004942,0.0
9.706,4.121542117894663,-1.7209645452790983,5.897313804474137,0.0,18.92881035656762,17.495384239978957,305.4148723812504,318.095774004942,0.0
9.707,4.404242310657451,-1.6854423736327604,9.851580129537009,0.0,18.95365676055556,18.220176294848784,311.91736681160904,318.095774004942,0.0
9.708,4.887773550514758,-1.7348824632382907,6.662116986291019,0.0,19.054291361204772,18.434228741166052,308.8710932555989,318.095774004942,0.0
9.709,5.172434008944835,-1.7090336423353554,8.277500571789517,0.0,19.16292997522541,18.820048890725076,300.8344942654292,318.095774004942,0.0
9.71,5.524633223704889,-1.6162592298962726,10.0,0.0,19.289340045640607,19.315576678939124,305.91103909607534,318.095774004942,0.0
9.711,5.924671998940914,-1.5794696599868443,10.0,0.0,19.44954277927005,19.71648542796282,296.9014981403523,318.095774004942,0.0
9.712,6.3174531972487165,-1.5081638900570673,10.0,0.0,19.626340375445736,20.054118031385592,299.610644554585,318.095774004942,0.0
9.713000000000001,6.688968745081812,-1.4009963892758166,10.0,0.0,19.80814610495949,20.3387282358051,290.15024443405997,318.095774004942,0.0
9.714,7.036552130234654,-1.2712647100031222,10.0,0.0,19.987033472251632,20.578538975845547,290.6396468818747,318.095774004942,0.0
9.715,7.357723427320543,-1.140489087738302,10.0,0.0,20.158925175162207,20.780404369783238,285.00271063101536,318.095774004942,0.0
9.716000000000001,7.690881566972218,-0.9592099100151424,10.0,0.0,20.31518129384859,20.945836712227393,282.5138212192359,318.095774004942,0.0
9.717,7.945264664157458,-0.8908333457544156,10.0,0.0,20.466646404619308,21.08570087300192,298.07486340445337,318.095774004942,0.0
9.718,8.05905425961857,-1.0251995077152871,10.0,0.0,20.6324154638487,21.216752104247185,302.4741554886898,318.095774004942,0.0
9.719,8.111721831222093,-1.2155993691283924,10.0,0.0,20.814313063415522,21.346619581369108,314.82558861037325,318.095774004942,0.0
9.72,8.100422074529838,-1.4717189374742017,6.449633367096399,0.0,21.017276804641753,21.092919390068285,320.01532405761185,318.095774004942,0.0
9.721,7.898432863638932,-1.5935934039320538,3.8355701429503988,0.0,21.18541914824219,20.654948119324224,327.9222145518833,318.095774004942,0.0
9.722,7.4931357417714,-1.6967684923426838,-0.21613950965474782,0.0,21.30308064546877,19.900603571766034,329.3343537710249,318.095774004942,0.0
9.723,6.89375826752159,-1.6656396628193155,-1.0345949168863662,0.0,21.329085616085198,19.245825181365692,334.2076337974786,318.095774004942,0.0
9.724,6.2678029034863725,-1.6494287788353486,-3.632353528038582,0.0,21.28554034165694,18.444417549213984,334.7231405227405,318.095774004942,0.0
9.725,5.584428644262648,-1.5827722586172073,-4.056380555847517,0.0,21.159038723072182,17.767042380761403,335.42303680429166,318.095774004942,0.0
9.726,4.957686633265576,-1.5282496827176841,-4.579601324616595,0.0,20.972118831353885,17.15354843162655,334.81596248055325,318.095774004942,0.0
9.727,4.39935747148893,-1.483962147019077,-4.443266047503507,0.0,20.73821513072607,16.658089764088935,333.52367565392234,318.095774004942,0.0
9.728,3.940566079289785,-1.4559553179318714,-3.9514016506778544,0.0,20.475518057564667,16.286412085646127,331.6874326804988,318.095774004942,0.0
9.729000000000001,3.589626143129469,-1.4496161375763796,-3.169196750721639,0.0,20.2015056823269,16.04077184181403,329.5194852414798,318.095774004942,0.0
9.73,3.3489865924273685,-1.4624988304600763,-2.1994601435775305,0.0,19.931811008250456,15.914104313843294,327.37889839577343,318.095774004942,0.0
9.731,3.212782522771462,-1.4907327583955547,-1.2219979646326622,0.0,19.679395953928648,15.883533597029608,324.877744658702,318.095774004942,0.0
9.732,3.161968758987461,-1.5320250096633337,-0.039240802634545435,0.0,19.45342514171776,15.955334585815136,322.0764270279859,318.095774004942,0.0
9.733,3.1957805014563903,-1.5785207421308256,1.3216114824930574,0.0,19.26193311766525,16.130997144935648,319.2985282441874,318.095774004942,0.0
9.734,3.3097016410461735,-1.633170281181153,2.698533331999849,0.0,19.11270304390091,16.395603918403147,316.44581492568096,318.095774004942,0.0
9.735,3.4984740236594654,-1.6845872518062812,4.141389582045689,0.0,19.00996602623801,16.744146225465872,315.86159375092694,318.095774004942,0.0
9.736,3.7567892554353457,-1.7282741063568055,4.455841971962849,0.0,18.956648325341984,17.04119484877725,318.38981042367305,318.095774004942,0.0
9.737,4.004178932416578,-1.7533251091612658,3.1887932714024823,0.0,18.940685998629675,17.136057246556895,312.1530207652582,318.095774004942,0.0
9.738,4.149104046517462,-1.7151018800380065,6.366615633006752,0.0,18.931351079134966,17.56860025288814,305.65735848950885,318.095774004942,0.0
9.739,4.4558571774352504,-1.6824316925562035,9.738830926035753,0.0,18.96299246389109,18.26382733199398,311.98128589706425,318.095774004942,0.0
9.74,4.927655325656167,-1.7339927654577476,6.63801210333683,0.0,19.066990837976167,18.46905335324256,307.3142608003794,318.095774004942,0.0
9.741,5.209198439529792,-1.6985807107293858,9.079339783724896,0.0,19.176701040028462,18.937459081800576,302.3552701886178,318.095774004942,0.0
9.742,5.602564471394436,-1.618875574229911,10.0,0.0,19.31386735026367,19.406399772328026,305.2289736860803,318.095774004942,0.0
9.743,5.997588029637512,-1.5882323174169124,10.0,0.0,19.481637391643662,19.793437491575407,294.6128422901037,318.095774004942,0.0
9.744,6.3906778261366455,-1.4997452826780204,10.0,0.0,19.661907059557258,20.119258801003582,300.0149608333552,318.095774004942,0.0
9.745000000000001,6.748848716687219,-1.3967283685144327,10.0,0.0,19.8462849014117,20.39505704628472,290.1536707961764,318.095774004942,0.0
9.746,7.097278830631536,-1.2516215713059684,10.0,0.0,20.024873205057514,20.626967647594817,289.0851068234783,318.095774004942,0.0
9.747,7.409136003496525,-1.1259026543817146,10.0,0.0,20.19641572558017,20.82272603126279,286.397163510901,318.095774004942,0.0
9.748,7.740138813559017,-0.9415644139335382,10.0,0.0,20.351359815137304,20.982771091238,283.1806865145795,318.095774004942,0.0
9.749,7.985518418017726,-0.8828929619694419,10.0,0.0,20.50220352442468,21.118624325781575,296.5653880863879,318.095774004942,0.0
9.75,8.068305833386386,-1.0609967907818239,10.0,0.0,20.671726321926673,21.249323788153557,307.0299045364677,318.095774004942,0.0
9.751,8.121818931368132,-1.2431592953666861,10.0,0.0,20.85562362313188,21.378847017414238,313.24835586387223,318.095774004942,0.0
9.752,8.104108468776523,-1.5032254518456534,7.273691870335476,0.0,21.060869169309473,21.21639704147117,324.7334069171257,318.095774004942,0.0
9.753,7.9428127339690695,-1.646609904831273,1.464790014586904,0.0,21.242516791538623,20.496565921107376,327.0278815981787,318.095774004942,0.0
9.754,7.408016391427214,-1.6902158598278527,0.22823159812804938,0.0,21.337379350028247,19.846164908081413,331.1187605235115,318.095774004942,0.0
9.755,6.816829630088537,-1.6649033003011517,-1.9474377297240686,0.0,21.354495110268413,19.1030147906297,334.50326435451115,318.095774004942,0.0
9.756,6.151876511353615,-1.6298501523796707,-3.8037645487195704,0.0,21.29198156206329,18.320684979583643,334.99583048049783,318.095774004942,0.0
9.757,5.468132187788802,-1.5618237793679988,-4.219048176468471,0.0,21.15035401802201,17.651781208364046,335.4299691790675,318.095774004942,0.0
9.758000000000001,4.849482228290322,-1.5085098212662575,-4.609459477494553,0.0,20.950814579601822,17.05802670533607,334.6497890669784,318.095774004942,0.0
9.759,4.307466871719844,-1.4685476106503024,-4.38490957207039,0.0,20.707990931134116,16.585733501003567,333.26323106939776,318.095774004942,0.0
9.76,3.869056712530541,-1.4459748585495982,-3.8433051439246144,0.0,20.440136946455006,16.23652320424446,331.382040809212,318.095774004942,0.0
9.761000000000001,3.5386403979536367,-1.445088125397005,-3.0355726818744415,0.0,20.16427551744213,16.01084475824898,329.19710831318844,318.095774004942,0.0
9.762,3.316767195528929,-1.4621684588260226,-2.054119776945117,0.0,19.895320090739713,15.901132397994429,327.011759692669,318.095774004942,0.0
9.763,3.196318083419907,-1.4937406915757958,-1.050605323562663,0.0,19.645591112950257,15.887098462225614,324.38598773856756,318.095774004942,0.0
9.764,3.1597488399771425,-1.5374580440453733,0.19937851615179358,0.0,19.423924825807024,15.979776225747116,321.6890471596503,318.095774004942,0.0
9.765,3.2089234969284504,-1.5870916199976248,1.5119160740633566,0.0,19.23871546356032,16.167123972476197,318.85097238607045,318.095774004942,0.0
9.766,3.33419300311107,-1.6419400638725983,2.9234014770419816,0.0,19.096298805277918,16.446066127945663,316.2247965162204,318.095774004942,0.0
9.767,3.5345927858427846,-1.6922471179007343,4.255199186854219,0.0,19.001003319875046,16.79446401505083,316.46485004504746,318.095774004942,0.0
9.768,3.7956636353133097,-1.7341640027261518,4.15148166203964,0.0,18.954184958513494,17.047051864463036,317.9567818541829,318.095774004942,0.0
9.769,4.018520057625942,-1.752542470910854,3.4069056789795056,0.0,18.938909680881377,17.16692941194971,310.5945234988237,318.095774004942,0.0
9.77,4.176067942945372,-1.7038015255774286,7.163047361720283,0.0,18.931604397092624,17.67881131869458,307.3948012023654,318.095774004942,0.0
9.771,4.526974069940145,-1.6839523479660647,8.869918237975215,0.0,18.97452183227331,18.251944690830495,311.7261964455787,318.095774004942,0.0
9.772,4.947662452860685,-1.7208926119646668,6.767916391962194,0.0,19.074722781965477,18.481000896595596,304.94027055212973,318.095774004942,0.0
9.773,5.2341234509503325,-1.6714735247851868,10.0,0.0,19.18200375503522,19.04641696613703,304.5623917359808,318.095774004942,0.0
9.774000000000001,5.673031856628721,-1.6179236751506372,10.0,0.0,19.329701945164114,19.488283375307187,304.9619665189249,318.095774004942,0.0
9.775,6.066244660756689,-1.5958986646088609,10.0,0.0,19.50492970453389,19.86186863817593,296.2745769850967,318.095774004942,0.0
9.776,6.466251567782238,-1.4829172063130533,10.0,0.0,19.687785503946447,20.175549518963244,297.8219530183993,318.095774004942,0.0
9.777000000000001,6.806621275562521,-1.3927409746241213,10.0,0.0,19.874934240593646,20.442707292827517,291.21298162119257,318.095774004942,0.0
9.778,7.159833913681717,-1.2268219408887964,10.0,0.0,20.052734549568555,20.66641446985476,286.19295009619566,318.095774004942,0.0
9.779,7.460527794546454,-1.1094471540932789,10.0,0.0,20.223873509138553,20.85598675956285,286.699049930698,318.095774004942,0.0
9.78,7.78326205167821,-0.9327224012332498,10.0,0.0,20.378589826775706,21.011221886781282,289.5210579771666,318.095774004942,0.0
9.781,8.009753729216596,-0.9003050674433197,10.0,0.0,20.531559366182705,21.14471839108369,294.38898312359476,318.095774004942,0.0
9.782,8.084037042988395,-1.0833777046437945,10.0,0.0,20.70304376550918,21.274255951157027,310.63222545779377,318.095774004942,0.0
9.783,8.116621087470737,-1.2938014747400697,8.521712650429688,0.0,20.89164936924893,21.242535174947612,313.2085914889636,318.095774004942,0.0
9.784,8.035162382630658,-1.481344038552793,7.282401460004566,0.0,21.07674777931221,21.12059197725928,327.81165689959033,318.095774004942,0.0
9.785,7.842329370740522,-1.6657296853441563,-0.11629007425529458,0.0,21.249549024109243,20.248287027741295,325.43830569217135,318.095774004942,0.0
9.786,7.249962757710701,-1.6414746548045693,0.9969602125819002,0.0,21.313327739647505,19.740169141863884,331.4853560508512,318.095774004942,0.0
9.787,6.69724824098455,-1.6584769600701366,-2.1604607872171053,0.0,21.32202959892881,18.985667033991348,333.61448225147996,318.095774004942,0.0
9.788,6.053088291852093,-1.6171718053131836,-3.380210969996873,0.0,21.24969747141882,18.27021746196373,335.27800205726163,318.095774004942,0.0
9.789,5.407178747835313,-1.5699097850977954,-4.383793153410907,0.0,21.10826782878093,17.58549154639064,335.32408387643255,318.095774004942,0.0
9.790000000000001,4.795056174199548,-1.5167808767158875,-4.579117161711274,0.0,20.907136999129673,17.00451982669194,334.447545157108,318.095774004942,0.0
9.791,4.262711103875282,-1.4766357381335566,-4.304365513570649,0.0,20.66413740431343,16.546144849375775,333.03407503816135,318.095774004942,0.0
9.792,3.835038789272649,-1.4546474636320035,-3.747013464429525,0.0,20.39758301243785,16.20958912313676,331.1132973120721,318.095774004942,0.0
9.793000000000001,3.5150841949981215,-1.4539437299669147,-2.9167998344562127,0.0,20.124170959167785,15.996701791363918,328.91922428610286,318.095774004942,0.0
9.794,3.303609095994346,-1.4708522227222653,-1.9279978242831919,0.0,19.858678349587173,15.898290787208307,326.7036278875799,318.095774004942,0.0
9.795,3.1923609072256176,-1.5023210345426476,-0.9062781638480901,0.0,19.613186384921747,15.895795314830863,324.0257017960321,318.095774004942,0.0
9.796,3.164816724437048,-1.5456791703909962,0.37338560401491794,0.0,19.396448776310255,16.001463389304256,321.32766644729975,318.095774004942,0.0
9.797,3.2233630774484183,-1.5956102076102647,1.6900843539575066,0.0,19.21701056874287,16.20021557962508,318.3998611685299,318.095774004942,0.0
9.798,3.3577650931066656,-1.649720039104884,3.1509461217065393,0.0,19.080844172056526,16.49447777891775,316.04346550666986,318.095774004942,0.0
9.799,3.5696561201650305,-1.6988486372027858,4.349667037619292,0.0,18.99258368244391,16.840983808865598,316.69297478322915,318.095774004942,0.0
9.8,3.8330844614734265,-1.7379942832415618,4.038940391556777,0.0,18.95161457987062,17.070987839358054,318.1629825173593,318.095774004942,0.0
9.801,4.043479235420265,-1.7519602875921871,3.3032644393675294,0.0,18.938887594622088,17.175568326542678,309.612054854691,318.095774004942,0.0
9.802,4.19423246264505,-1.6900809234195973,7.66356546220419,0.0,18.930944966514378,17.740929031262652,307.91112217405015,318.095774004942,0.0
9.803,4.569347838712878,-1.6787331897953224,8.61587832083353,0.0,18.979703214632494,18.270355647825504,311.64134349362143,318.095774004942,0.0
9.804,4.9766119518525,-1.709311769671175,6.815311966161094,0.0,19.08000542071768,18.50308210125894,303.7355522938958,318.095774004942,0.0
9.805,5.264076468832856,-1.6543051302998752,10.0,0.0,19.187193535408078,19.063339021490115,304.44606158710087,318.095774004942,0.0
9.806000000000001,5.701305948935644,-1.599555258613232,10.0,0.0,19.334216111160735,19.50122158318732,303.87759113763497,318.095774004942,0.0
9.807,6.0934094263362235,-1.5771958348253508,10.0,0.0,19.50841264760805,19.87125905857703,296.3541573755772,318.095774004942,0.0
9.808,6.495713501188574,-1.4595935288687234,10.0,0.0,19.68948061853225,20.181380026612754,296.5236166267176,318.095774004942,0.0
9.809000000000001,6.8340929149227545,-1.3725617054949582,10.0,0.0,19.875056411656068,20.44539700017508,291.4452421776996,318.095774004942,0.0
9.81,7.188797946443564,-1.204680203503474,10.0,0.0,20.05087967583839,20.665936096363613,284.3480204094073,318.095774004942,0.0
9.811,7.491307754186243,-1.0847964495157643,10.0,0.0,20.219666125302616,20.852274580815045,285.8397353852684,318.095774004942,0.0
9.812,7.809416589685546,-0.916397126070114,10.0,0.0,20.372882690226415,21.004890987940254,286.32655731522,318.095774004942,0.0
9.813,8.013741134720462,-0.9200947800863266,10.0,0.0,20.528129974546594,21.138272799246476,299.1761422552455,318.095774004942,0.0
9.814,8.079290425871424,-1.1137172095834058,10.0,0.0,20.702452202269892,21.268673981277836,308.5587307849829,318.095774004942,0.0
9.815,8.12071582133216,-1.3036089355035867,9.582487286072514,0.0,20.891334190980253,21.353639568757195,316.30257277459566,318.095774004942,0.0
9.816,8.070935907682582,-1.5579430535270236,5.728498303569603,0.0,21.095902375290876,21.035123179879662,323.97510059136454,318.095774004942,0.0
9.817,7.819104248665419,-1.660991142466854,1.8334411293209394,0.0,21.256954050885838,20.406202532334028,329.46273017558616,318.095774004942,0.0
9.818,7.297624558535637,-1.7145349438234982,-1.0240432244963138,0.0,21.343867831426575,19.63575085924914,331.24323195195416,318.095774004942,0.0
9.819,6.6525851413908805,-1.6625867658863507,-2.0457686921504346,0.0,21.338795329018097,18.932960312607655,335.1349925794158,318.095774004942,0.0
9.82,5.99312570364996,-1.6254159114289095,-4.162041191625984,0.0,21.26038170997537,18.14345899410376,335.29643920151585,318.095774004942,0.0
9.821,5.3103143681452005,-1.554623661679451,-4.414771154641759,0.0,21.10344388205866,17.48694352713711,335.3221833378378,318.095774004942,0.0
9.822000000000001,4.7025773625769105,-1.499738799249449,-4.599907316131706,0.0,20.891218877867146,16.922571103199193,334.4859489551986,318.095774004942,0.0
9.823,4.183692384310094,-1.4613292761775518,-4.345691874314648,0.0,20.64010293278739,16.47422845900435,332.8408606420071,318.095774004942,0.0
9.824,3.7676797058771676,-1.4427178755780388,-3.67059858408956,0.0,20.367601158960895,16.15789913707256,330.7713806753073,318.095774004942,0.0
9.825000000000001,3.4646742088586677,-1.4458440941721948,-2.7626146674433048,0.0,20.091246628375224,15.968250345767846,328.58649432129744,318.095774004942,0.0
9.826,3.2724706345186747,-1.467742675946034,-1.7750786936019352,0.0,19.82594025352683,15.887592436698343,326.34276524417345,318.095774004942,0.0
9.827,3.17752302834328,-1.5036510675603207,-0.7356840674322567,0.0,19.582829662516147,15.901449931127082,323.65840659908457,318.095774004942,0.0
9.828,3.1648058433677693,-1.5493274422548535,0.5508689291707567,0.0,19.370081197349677,16.021186914662074,321.00395883202435,318.095774004942,0.0
9.829,3.235103918607898,-1.6019258622891932,1.8490109644300423,0.0,19.195910339510178,16.22974548711324,317.9543486751314,318.095774004942,0.0
9.83,3.3789321505500647,-1.655852181663022,3.37523029617461,0.0,19.065418335630522,16.53981569791341,315.9049587227755,318.095774004942,0.0
9.831,3.6027347657604025,-1.7043853995306129,4.4218334251742295,0.0,18.98378194399055,16.8825138327644,316.9892057212561,318.095774004942,0.0
9.832,3.8679246319049962,-1.7404739006398622,3.890775608770798,0.0,18.94806340794301,17.086963264748114,317.49730157205096,318.095774004942,0.0
9.833,4.064264262555251,-1.7495166584664945,3.6427124077022786,0.0,18.936995487048442,17.22647406526512,308.91512795753397,318.095774004942,0.0
9.834,4.231542855554531,-1.6869272590395201,8.025605675434853,0.0,18.93401017677979,17.81908863617882,308.56347196708504,318.095774004942,0.0
9.835,4.624170311336762,-1.6829522910792871,8.296756691037888,0.0,18.99077350214802,18.296624663807233,312.08843869809283,318.095774004942,0.0
9.836,5.012029928459513,-1.70266666896133,6.594346678602483,0.0,19.09182242898889,18.503368526360035,302.5413656924465,318.095774004942,0.0
9.837,5.2853378272259475,-1.630824560782057,10.0,0.0,19.195341073722417,19.06500358812663,304.38512933863353,318.095774004942,0.0
9.838000000000001,5.716888942315315,-1.5770290315836415,10.0,0.0,19.339472273029216,19.502032931303784,302.566195581489,318.095774004942,0.0
9.839,6.109801461022441,-1.5542184121497087,10.0,0.0,19.51092207387731,19.870867594187008,296.41809902896637,318.095774004942,0.0
9.84,6.515886162117745,-1.4339926267104617,10.0,0.0,19.689113630724933,20.17922357893331,295.13860958687195,318.095774004942,0.0
9.841000000000001,6.85405518716998,-1.3512034480584938,10.0,0.0,19.8724170785651,20.441425375144952,291.587712911344,318.095774004942,0.0
9.842,7.211777509632988,-1.1819396137460805,10.0,0.0,20.04581923125457,20.659769571299037,282.753757786114,318.095774004942,0.0
9.843,7.517813907806034,-1.0588746873061456,10.0,0.0,20.211871084725225,20.843532782532257,284.6206595697576,318.095774004942,0.0
9.844,7.830969606727165,-0.9008548762798658,10.0,0.0,20.363542544023655,20.994138095089628,289.4141941624476,318.095774004942,0.0
9.845,8.02159381022456,-0.9264330984279812,10.0,0.0,20.519501191194536,21.127012916925604,297.0661378417971,318.095774004942,0.0
9.846,8.07481875422264,-1.1373085107452399,10.0,0.0,20.696091968965334,21.25824761949025,312.0309777548719,318.095774004942,0.0
9.847,8.108989587848027,-1.3362646981894981,7.812750219092136,0.0,20.88792356571123,21.150193911416842,313.95260021662676,318.095774004942,0.0
9.848,7.9718041493296115,-1.5271324048814585,6.893370726097862,0.0,21.068772517836848,21.008301593978345,328.2418380227512,318.095774004942,0.0
9.849,7.765681398273968,-1.6759928728578712,-0.35270881714245395,0.0,21.23181331741655,20.132110096900703,326.82750844427323,318.095774004942,0.0
9.85,7.148363051805576,-1.6693018288026673,0.26713862770322017,0.0,21.288706267804685,19.566329634455194,331.53409173285246,318.095774004942,0.0
9.851,6.571368884742713,-1.6550998407271087,-2.220536193865497,0.0,21.281836568661685,18.840269983384264,334.5493089260097,318.095774004942,0.0
9.852,5.926065135275168,-1.623904586336696,-3.8926801396547948,0.0,21.199758416223705,18.09228371245579,334.9327421160993,318.095774004942,0.0
9.853,5.269875887452482,-1.5632862080305823,-4.252766415811163,0.0,21.04473338286691,17.45372798222288,335.0187096619336,318.095774004942,0.0
9.854000000000001,4.679881213322048,-1.5144836155849952,-4.464979545298233,0.0,20.836593178436555,16.902120261871687,334.05771126600246,318.095774004942,0.0
9.855,4.172093124302212,-1.4798386879912542,-4.1440997199432665,0.0,20.59078330630326,16.47223494824738,332.54477466729367,318.095774004942,0.0
9.856,3.76906148111127,-1.4622940581030845,-3.5321214272123886,0.0,20.324982430009097,16.164121592579818,330.59427400941075,318.095774004942,0.0
9.857,3.473064061302885,-1.4652589091439518,-2.6818560983156203,0.0,20.05545188569097,15.976178287847944,328.4579755468369,318.095774004942,0.0
9.858,3.283166534258029,-1.4841372975109097,-1.7173288824476458,0.0,19.796127039541425,15.895600353390805,326.1184530225431,318.095774004942,0.0
9.859,3.1878053213628696,-1.5168268297088936,-0.6277944104767652,0.0,19.55808394921923,15.91594200567056,323.4293935321347,318.095774004942,0.0
9.86,3.178082710791386,-1.559431400787629,0.6633991394555054,0.0,19.350238940653917,16.041697004496875,320.78459290412957,318.095774004942,0.0
9.861,3.251586216001869,-1.610629094360005,1.9589112644662081,0.0,19.180959633409937,16.255503789157018,317.63471007818356,318.095774004942,0.0
9.862,3.399143078695315,-1.6624894463355688,3.538463316706797,0.0,19.05518159713796,16.576301349278932,315.8425720868442,318.095774004942,0.0
9.863,3.6300365383822784,-1.709435138550529,4.457064331557454,0.0,18.978706543129256,16.913769228933987,317.4934327678039,318.095774004942,0.0
9.864,3.893420131320135,-1.744349722255793,3.637657403448994,0.0,18.94699692977236,17.083858782355932,316.32294884493734,318.095774004942,0.0
9.865,4.072224751919986,-1.7442083137280557,4.24062761648231,0.0,18.93510253231824,17.29125453947815,307.90948848243636,318.095774004942,0.0
9.866,4.2694202456041905,-1.690107581133058,8.549220652957858,0.0,18.93918748382159,17.924733354925436,309.5430026625064,318.095774004942,0.0
9.867,4.6903312883535575,-1.6992310290877584,7.817991276347188,0.0,19.007756408320297,18.327423362420816,312.22105487242214,318.095774004942,0.0
9.868,5.048729073300848,-1.7066234802220959,6.537712362714519,0.0,19.110459376263904,18.52796822896633,301.8131041668595,318.095774004942,0.0
9.869,5.3153095638607235,-1.618283962847421,10.0,0.0,19.213155262645138,19.08664345877727,304.5289297037996,318.095774004942,0.0
9.870000000000001,5.739324534159013,-1.566052324475358,10.0,0.0,19.356586998322168,19.52112203604517,301.2875180427013,318.095774004942,0.0
9.871,6.133074267893176,-1.5381494038676684,10.0,0.0,19.526576413275162,19.887423608146207,296.84269453815875,318.095774004942,0.0
9.872,6.539478761823062,-1.4164722649127715,10.0,0.0,19.703091587863995,20.193326967537505,293.9529206367569,318.095774004942,0.0
9.873,6.877401562435222,-1.3344791372221487,10.0,0.0,19.884743108276655,20.45318404532051,291.7045973916837,318.095774004942,0.0
9.874,7.234867310507202,-1.1666200086677811,10.0,0.0,20.05657061156227,20.669278563084678,281.68534813103776,318.095774004942,0.0
9.875,7.544460427692995,-1.0386344153874907,10.0,0.0,20.220424992320456,20.850465793991276,283.3684707662154,318.095774004942,0.0
9.876,7.854100182247393,-0.8873517889184845,10.0,0.0,20.370651425114698,20.998955298053914,292.6681458850628,318.095774004942,0.0
9.877,8.025589325957936,-0.9432344182098524,10.0,0.0,20.528364080522515,21.131851086727092,296.52918175967034,318.095774004942,0.0
9.878,8.0806135318148,-1.1478391796291856,10.0,0.0,20.705542746720084,21.26289079086659,312.78319084937146,318.095774004942,0.0
9.879,8.099037373666523,-1.3705546989671853,7.436677916982443,0.0,20.900560176224836,21.115102581534835,314.94250556788484,318.095774004942,0.0
9.88,7.951315988048222,-1.531756118309434,6.388553242096329,0.0,21.076802042780198,20.928368033515962,329.40667984797,318.095774004942,0.0
9.881,7.701466640548172,-1.6907904762729635,-0.9566429563765322,0.0,21.23262803306071,20.006447006240194,326.26305352577265,318.095774004942,0.0
9.882,7.063470771618324,-1.6487660476399189,0.5334974095138358,0.0,21.27446629085632,19.497349135059995,331.6589911275969,318.095774004942,0.0
9.883000000000001,6.500344569004538,-1.652926249596418,-2.3001035626248347,0.0,21.262088802255892,18.772311289781445,334.1769335672575,318.095774004942,0.0
9.884,5.866890649671142,-1.6192198680730687,-3.719886378078291,0.0,21.17469597400052,18.054748049292744,335.0747943139342,318.095774004942,0.0
9.885,5.2290090777609475,-1.5676729729378172,-4.338606954506569,0.0,21.018953009872174,17.41017284849159,334.95994196522304,318.095774004942,0.0
9.886000000000001,4.643112886691952,-1.5188028393392325,-4.449822459753797,0.0,20.80946657633205,16.86650413684329,333.92138519888385,318.095774004942,0.0
9.887,4.141522332110174,-1.4838826156378215,-4.088800188523623,0.0,20.563209391709947,16.446394256986906,332.38260189663976,318.095774004942,0.0
9.888,3.74597615926852,-1.4667987525179247,-3.4622768163185516,0.0,20.298036914858233,16.147471168350968,330.413203580709,318.095774004942,0.0
9.889,3.457588393258674,-1.4700883122955057,-2.600751954110856,0.0,20.030022067034828,15.968192834546915,328.29964598757164,318.095774004942,0.0
9.89,3.275012789024455,-1.488976654783492,-1.6460118773684593,0.0,19.77292569268927,15.893646447966185,325.8653670850597,318.095774004942,0.0
9.891,3.1850459765585843,-1.5217054448800358,-0.5065683569136623,0.0,19.537495600605933,15.924707042420476,323.20070345634684,318.095774004942,0.0
9.892,3.1829335748478518,-1.5643925000214576,0.7747141629287109,0.0,19.333082865340945,16.057997906262635,320.5467564619872,318.095774004942,0.0
9.893,3.2626247537839377,-1.6157859863025186,2.0771778355380945,0.0,19.167666902926168,16.27918943528261,317.33985303735403,318.095774004942,0.0
9.894,3.416266974619638,-1.6669655464789286,3.6881887575305434,0.0,19.046027506411477,16.609803047349626,315.82038063536464,318.095774004942,0.0
9.895,3.6544961289368354,-1.7132929053350971,4.470678892221011,0.0,18.974197624627365,16.940486379387963,317.8275905765056,318.095774004942,0.0
9.896,3.915946753018026,-1.7464686516728989,3.469755755934897,0.0,18.94580512273409,17.086614666599914,315.3899932224281,318.095774004942,0.0
9.897,4.0829643350128135,-1.7384471180695475,4.715612240798798,0.0,18.933650573591596,17.34658689182062,306.7451292123766,318.095774004942,0.0
9.898,4.303173460872323,-1.6919424450203802,9.151550693750199,0.0,18.943673403186043,18.032288276556425,310.38687385488083,318.095774004942,0.0
9.899000000000001,4.756143369798975,-1.7158685291685338,7.407767373998684,0.0,19.024361004281413,18.36662165735257,311.75133915296556,318.095774004942,0.0
9.9,5.088956054056308,-1.7138031990353773,6.788979073476087,0.0,19.12994673619073,18.592881884139636,301.43823996536975,318.095774004942,0.0
9.901,5.365218851450525,-1.6170880726160655,10.0,0.0,19.236981906983036,19.139414065490993,304.8627469250909,318.095774004942,0.0
9.902000000000001,5.78218203247634,-1.5655422024829184,10.0,0.0,19.38326388438079,19.5667830145823,299.85242154280263,318.095774004942,0.0
9.903,6.174905196766593,-1.5284957652636928,10.0,0.0,19.554094909555115,19.92701335024259,297.86598987455545,318.095774004942,0.0
9.904,6.576299852137886,-1.4063081987909243,10.0,0.0,19.730795697838236,20.22807757440634,292.5485318631832,318.095774004942,0.0
9.905,6.912605933678021,-1.3210023923115761,10.0,0.0,19.9117710666614,20.483725732566327,292.2413035318607,318.095774004942,0.0
9.906,7.266300409398245,-1.1555352959196077,10.0,0.0,20.08286539187994,20.696363280278806,280.980516632203,318.095774004942,0.0
9.907,7.580743092109381,-1.0170713861833613,10.0,0.0,20.244537680240796,20.873794755400873,282.2281156159121,318.095774004942,0.0
9.908,7.884505136863069,-0.8740715034509433,10.0,0.0,20.39344053927458,21.01938091375103,295.3495136713145,318.095774004942,0.0
9.909,8.032825963682397,-0.9650079930162313,10.0,0.0,20.553444740919495,21.15202107166694,297.9019991049432,318.095774004942,0.0
9.91,8.091660106828384,-1.1590910583990799,10.0,0.0,20.731152310487975,21.2824090864779,312.54964258354033,318.095774004942,0.0
9.911,8.096690393057466,-1.4005451600827534,7.5694146895237004,0.0,20.928747045112083,21.150199682558476,317.1275186901914,318.095774004942,0.0
9.912,7.959771500502811,-1.555137773679657,5.290159189345682,0.0,21.107952012360652,20.83966982162189,326.9111596933469,318.095774004942,0.0
9.913,7.642735797362055,-1.6964878420345013,0.3101848308838644,0.0,21.25218607817378,20.086613557494736,327.7895640190119,318.095774004942,0.0
9.914,7.07345041150368,-1.6744840820157063,-0.2259552320893219,0.0,21.302857196707254,19.47356169843219,333.567544044163,318.095774004942,0.0
9.915000000000001,6.472258137986593,-1.6743429231132523,-3.269662945057094,0.0,21.287360527602043,18.657873985560812,334.01674328959973,318.095774004942,0.0
9.916,5.786693780980525,-1.606337744849193,-3.6534722606220296,0.0,21.184365596100207,17.9798235860191,335.3451268761053,318.095774004942,0.0
9.917,5.151911818779442,-1.5541421112962033,-4.490157582586461,0.0,21.01880364988618,17.334051813292984,335.05623146111947,318.095774004942,0.0
9.918000000000001,4.568814978502158,-1.5051199203691825,-4.515314449655306,0.0,20.800350236354515,16.79969345386865,333.96875716761565,318.095774004942,0.0
9.919,4.0766245913513695,-1.4697980779560056,-4.130307134530134,0.0,20.546911147477395,16.387837936551843,332.25299613063373,318.095774004942,0.0
9.92,3.6900167148947425,-1.4553072119537025,-3.413998837296093,0.0,20.27638963892018,16.10437286416222,330.13961954679587,318.095774004942,0.0
9.921,3.414986830349525,-1.4614182780393568,-2.4777490007957006,0.0,20.00539089990918,15.944413755733953,328.0357631926489,318.095774004942,0.0
9.922,3.2483594680241588,-1.4844577473118215,-1.5252207155992923,0.0,19.74796935491556,15.884345008264347,325.5812634726808,318.095774004942,0.0
9.923,3.172075258583803,-1.520731150805649,-0.3728257502926242,0.0,19.514042769365943,15.928504133789293,322.9160721214634,318.095774004942,0.0
9.924,3.181812327213457,-1.5660865043016985,0.9115669441508625,0.0,19.31255110977341,16.07278001529884,320.2099401140546,318.095774004942,0.0
9.925,3.2714662617584986,-1.618976545292073,2.2434912867641494,0.0,19.151000555265064,16.30638233132754,317.063329103402,318.095774004942,0.0
9.926,3.435411474491802,-1.670570546648728,3.827121241105838,0.0,19.03411172754975,16.644211977798783,315.8637556648376,318.095774004942,0.0
9.927,3.6805381939354644,-1.717040950704781,4.449228143789089,0.0,18.967290551685693,16.96384074959164,317.99375927344806,318.095774004942,0.0
9.928,3.9385629077385245,-1.746537462910836,3.3852464867987884,0.0,18.94189428288943,17.09563402399914,314.53060211352414,318.095774004942,0.0
9.929,4.0982991262159745,-1.7319037636681114,5.152476785674928,0.0,18.930312296374787,17.401752756638054,305.8313046956059,318.095774004942,0.0
9.93,4.340725172457524,-1.6905336286228092,9.624770187727396,0.0,18.946096003912942,18.125311885696817,311.05762349795305,318.095774004942,0.0
9.931000000000001,4.817363630202308,-1.7273337598458487,7.081992291623725,0.0,19.037118969388143,18.403659000122087,310.79403156510614,318.095774004942,0.0
9.932,5.129288962698199,-1.7165494890204918,7.286805682445537,0.0,19.14532007865533,18.681685549606684,300.30084814420576,318.095774004942,0.0
9.933,5.42858277617855,-1.619617863758878,10.0,0.0,19.25994909587374,19.20932972993443,305.90852420594666,318.095774004942,0.0
9.934000000000001,5.841057759630389,-1.566855021185494,9.975154185592528,0.0,19.41104503297263,19.623428101145983,298.24058269563244,318.095774004942,0.0
9.935,6.2288340207460156,-1.5205178390205702,10.0,0.0,19.583871751870365,19.97567708778696,299.18969478491954,318.095774004942,0.0
9.936,6.6204595870795835,-1.4009529696870748,10.0,0.0,19.7619519337374,20.27053433982401,290.6825780070311,318.095774004942,0.0
9.937,6.958384703265831,-1.30345984500615,10.0,0.0,19.942181227599868,20.520458377726897,292.87798321025633,318.095774004942,0.0
9.938,7.302520831469635,-1.1472313777245766,10.0,0.0,20.113169795712217,20.728937218285196,281.92302574869257,318.095774004942,0.0
9.939,7.6255621722645675,-0.9903678643573621,10.0,0.0,20.272214689271582,20.901573845393493,284.26876151409664,318.095774004942,0.0
9.94,7.913586071672352,-0.8709837279441102,10.0,0.0,20.421055136314045,21.04439908361999,293.3341307289372,318.095774004942,0.0
9.941,8.05079725255191,-0.9747179252325022,10.0,0.0,20.581898665540777,21.175612851825406,299.7037901768607,318.095774004942,0.0
9.942,8.088397382382729,-1.2002335937245663,10.0,0.0,20.763548600226613,21.307025693660364,315.1205057171395,318.095774004942,0.0
9.943,8.108667013891264,-1.410575758898533,6.27377510696968,0.0,20.96105730711158,21.031723848379436,316.28486009578404,318.095774004942,0.0
9.944,7.882126330624442,-1.5607752564284032,5.709707056738994,0.0,21.125703481856508,20.804039993194465,329.6975139394361,318.095774004942,0.0
9.945,7.6020826202136975,-1.6761987445859918,-1.1126372644319664,0.0,21.262311242330476,19.899311347488513,328.2892594795167,318.095774004942,0.0
9.946,6.94492648266679,-1.6578137370842394,-0.5104448892180322,0.0,21.29160877647969,19.30266768491183,332.11691698915763,318.095774004942,0.0
9.947000000000001,6.344964614399391,-1.6305086497013026,-2.564485073880646,0.0,21.255492481419193,18.59607604207666,334.7102571799231,318.095774004942,0.0
9.948,5.70726377329939,-1.5992809001703203,-4.027300001013179,0.0,21.149166650006663,17.880310167719333,334.9293725389257,318.095774004942,0.0
9.949,5.075479704172376,-1.5449842868965076,-4.305193665854324,0.0,20.976236464334843,17.272667382988253,334.702668601126,318.095774004942,0.0
9.950000000000001,4.514538059334701,-1.5027945714863227,-4.357910642916315,0.0,20.75573711619471,16.76086166757556,333.6795787203506,318.095774004942,0.0
9.951,4.041944435394005,-1.4741747851615388,-4.0022037496827085,0.0,20.50338085198571,16.364217399101555,331.9592962821939,318.095774004942,0.0
9.952,3.670101986645566,-1.463458273166424,-3.280697753376884,0.0,20.23570316889398,16.09398725483826,329.8640540390316,318.095774004942,0.0
9.953,3.4068307000332667,-1.4714411617122736,-2.3507594321366216,0.0,19.9687555225451,15.944331929105369,327.7830106582907,318.095774004942,0.0
9.954,3.2491356719484337,-1.494995485304984,-1.407110108299669,0.0,19.716048254967554,15.892163153943756,325.3204754359168,318.095774004942,0.0
9.955,3.1788921724920107,-1.531784757304665,-0.24808951142246727,0.0,19.487206113315633,15.944146136618018,322.58939995537736,318.095774004942,0.0
9.956,3.194808566139783,-1.5755934417005513,1.0725119693429086,0.0,19.290897546659888,16.099269325479266,319.8829297699105,318.095774004942,0.0
9.957,3.291518826080402,-1.6281214870196363,2.4078755044266513,0.0,19.13507215369698,16.342454348183388,316.82996866611836,318.095774004942,0.0
9.958,3.462506228444872,-1.6788935918352532,3.9470141097109583,0.0,19.0242074533773,16.683848428890553,315.9025996312637,318.095774004942,0.0
9.959,3.7115879884443097,-1.7233145634284641,4.43263037087508,0.0,18.962947216987402,16.99235391459395,318.2181638975778,318.095774004942,0.0
9.96,3.9640506679106915,-1.7496327212345162,3.2736243387916515,0.0,18.94111434044957,17.106255924805897,313.5776805372925,318.095774004942,0.0
9.961,4.1151749053360325,-1.725460167722643,5.639046953610804,0.0,18.929932790122347,17.46427195497167,305.4605801487574,318.095774004942,0.0
9.962,4.383354793437445,-1.6874323577612205,9.823949086440203,0.0,18.951729664283786,18.1940646902343,311.69377704326024,318.095774004942,0.0
9.963000000000001,4.867123119695124,-1.7331829538855312,6.771370608805601,0.0,19.049738968228638,18.42489246851137,309.5310709899649,318.095774004942,0.0
9.964,5.158859215441303,-1.7122156702242304,7.938370665603033,0.0,19.15826621244272,18.77408090310978,300.262749246572,318.095774004942,0.0
9.965,5.492986660154313,-1.6168016310220643,10.0,0.0,19.280573704219613,19.28047578692448,306.2708800448038,318.095774004942,0.0
9.966000000000001,5.897001403422543,-1.5745116374924908,9.810028089671015,0.0,19.43759217630405,19.665848380742865,297.05875012261123,318.095774004942,0.0
9.967,6.27771766106879,-1.508188797065479,10.0,0.0,19.61057344805021,20.013343550718936,299.599809762222,318.095774004942,0.0
9.968,6.656456093229783,-1.3953219944205935,10.0,0.0,19.789253989732696,20.303633546807482,290.150309480009,318.095774004942,0.0
9.969,7.002439429478812,-1.2768447799652902,10.0,0.0,19.967191651292147,20.54849181478962,291.33680222333663,318.095774004942,0.0
9.97,7.331118978903191,-1.141597035134275,10.0,0.0,20.138128893707012,20.75396310505531,284.06200296917825,318.095774004942,0.0
9.971,7.663055532603035,-0.9681865945862138,10.0,0.0,20.294796869894977,20.92275476512318,283.5514391132019,318.095774004942,0.0
9.972,7.92741848874269,-0.8874517420689187,10.0,0.0,20.44553048509952,21.064573497164695,297.4923588512639,318.095774004942,0.0
9.973,8.053305198050822,-1.0062708679243277,10.0,0.0,20.609250064357024,21.19607980906001,300.5980455991871,318.095774004942,0.0
9.974,8.102954725865343,-1.2059793068915359,10.0,0.0,20.79052805390615,21.32660486672503,314.940822291815,318.095774004942,0.0
9.975,8.0987861319798,-1.4536511421621765,6.37981560059591,0.0,20.99197756775696,21.064939974249565,318.64326717133446,318.095774004942,0.0
9.976,7.891372353215961,-1.5796556458164734,4.523118229172247,0.0,21.158499418024412,20.704325485269344,328.29010426695515,318.095774004942,0.0
9.977,7.525732636036058,-1.6986717729815366,-0.40224362125823276,0.0,21.2841393633187,19.911348031482916,328.7100946756206,318.095774004942,0.0
9.978,6.920239601657876,-1.6634405592283699,-0.7183820322977477,0.0,21.31285197392043,19.28765854750431,333.80424671123694,318.095774004942,0.0
9.979000000000001,6.3073643449352925,-1.6526626640298354,-3.4225427771688635,0.0,21.275491118729814,18.496274323054024,334.52163774748175,318.095774004942,0.0
9.98,5.632082697797197,-1.590609865190948,-3.9454969327166642,0.0,21.156009897692947,17.817961314486126,335.3518617435995,318.095774004942,0.0
9.981,5.005914235518153,-1.5377046004053705,-4.533169808162116,0.0,20.975446446764938,17.19824272430711,334.8359844475503,318.095774004942,0.0
9.982000000000001,4.442978333055929,-1.4926376473797731,-4.442633264563593,0.0,20.746539169726876,16.69393666125155,333.6055409951975,318.095774004942,0.0
9.983,3.9765081171641317,-1.462824368708367,-3.9825092082897475,0.0,20.487263222963474,16.31256112227535,331.80283627530804,318.095774004942,0.0
9.984,3.6167903314561554,-1.4541431292626301,-3.2182274710486842,0.0,20.215120513426466,16.05776954732317,329.65276999156424,318.095774004942,0.0
9.985,3.367525429375319,-1.464915386455206,-2.258764289043008,0.0,19.945984678033582,15.922962952932535,327.5310510870988,318.095774004942,0.0
9.986,3.2236253746636447,-1.4913661069119095,-1.2922576076318424,0.0,19.693083623419234,15.884780894574316,325.0310459273955,318.095774004942,0.0
9.987,3.1661448774946317,-1.5308725642290835,-0.1116077470047383,0.0,19.465735671530823,15.950217208586832,322.27356168427684,318.095774004942,0.0
9.988,3.1939702203775715,-1.5768035068492328,1.22535649776124,0.0,19.27232348534755,16.117999071638426,319.50712857074467,318.095774004942,0.0
9.989,3.3017536051831056,-1.630643978308842,2.594459508869299,0.0,19.120493846522113,16.37531529964098,316.5888883248878,318.095774004942,0.0
9.99,3.484549489868593,-1.6817414835548594,4.0686484885982654,0.0,19.014661115241942,16.721156985152497,316.02031612809657,318.095774004942,0.0
9.991,3.7394470577774994,-1.726069583238064,4.373689165762346,0.0,18.958360941553636,17.014433040052477,318.24373070864544,318.095774004942,0.0
9.992,3.9852010762069496,-1.7493706904173145,3.2605023084508726,0.0,18.939138231517042,17.122766544669574,312.6331750481499,318.095774004942,0.0
9.993,4.134451636818148,-1.717460762749389,6.120406128266568,0.0,18.92892803983055,17.53010569509121,305.44275319302346,318.095774004942,0.0
9.994,4.429066396299192,-1.683564565496651,9.842147263948968,0.0,18.957063299933765,18.245567280092132,311.9771862571479,318.095774004942,0.0
9.995000000000001,4.90972029540584,-1.734834479161272,6.636116609364702,0.0,19.05990984500237,18.452489667935268,308.23001895587515,318.095774004942,0.0
9.996,5.191737725771718,-1.7049416809476696,8.608357810491734,0.0,19.169363067408288,18.871795931821595,301.4323299047907,318.095774004942,0.0
9.997,5.56093106806823,-1.6161306630968242,10.0,0.0,19.3003313099808,19.355684027045562,305.54035114604653,318.095774004942,0.0
9.998,5.958258002338467,-1.5818708879033307,10.0,0.0,19.46371107272567,19.750349685762536,296.13918189797903,318.095774004942,0.0
9.999,6.350842240504963,-1.5033652861212707,10.0,0.0,19.641926406623664,20.082675758026685,300.1043804696209,318.095774004942,0.0
