t,theta,omega,r,i_d,i_q,i_q_ref,v_d,v_q
0,0,0,0,0.0163112908946992,0.0623006356971415,0,-0.520393891917914,-0.124563309836678
0.01,0.00123008781433235,5.70089378015837e-06,0.000701853512645569,-0.0537497578118148,-0.0272567176394872,-0.000184425946593313,0.105309504357114,0.0818359024418111
0.02,0.00137164184063816,9.51785568759078e-06,0.000783426867050477,-0.174804690629054,-0.180133806586691,-0.000206406555832445,-0.310048734201118,0.338348427053041
0.03,0.00140807489128636,1.36387861857656e-05,0.000804321804594355,-0.012247095283093,-0.0482163475227847,-0.00021197979742694,0.422361328246444,0.170686787438837
0.04,0.00138764237642576,1.72295258380473e-05,0.00079317824996543,-0.119215408680793,-0.00639457035597875,-0.000209402644256303,0.608843960707931,0.17604556664111
0.05,0.00140704198823231,2.09216814255342e-05,0.000804384577835487,-0.0972694588879239,-0.116919314123343,-0.000212449120773872,0.382955935835936,0.14935576451549
0.06,0.00140664692448824,2.43835711444262e-05,0.000804464604842627,-0.119188976298986,-0.0249288522027835,-0.000212682359307077,0.79019867649315,-0.278488926029256
0.07,0.00144481298626228,2.77941962849582e-05,0.000826448662782228,-0.0897761593882134,0.0400544526384944,-0.00021860756913622,0.317637415303889,0.229112390366866
0.08,0.00140593083896038,3.08255439449567e-05,0.000804622818765061,0.0409725759014609,-0.0101905128856992,-0.000213117671310789,-0.329401887792551,0.661137592909462
0.09,0.00140514725472939,3.37864585162606e-05,0.000804451413849676,-0.086364703016288,-0.0833800476734157,-0.000213263677984166,-0.199941690089907,-0.210440056545509
0.1,0.00140469371341201,3.65980995411519e-05,0.000804445600244633,-0.0369090292528005,-0.175114390748709,-0.000213437723614182,-0.243506366083345,0.117412516346162
0.11,0.0014042652827452,3.92673682654276e-05,0.000804441278817731,-0.11210535865091,0.00358194774569462,-0.0002136032495706,0.444911377256219,0.760914900588954
0.12,0.0014038590060664,4.18014788010623e-05,0.000804437185037593,-0.140434547826103,-0.0515054873761793,-0.000213760224342419,-0.342965109665942,0.0550049322943377
0.13,0.00146885210645067,4.455442467588e-05,0.000841640841845455,-0.000482660437161997,-0.0959319725673499,-0.000223628205692495,0.136130946715039,0.296742972542762
0.14,0.00158455751327807,4.66692472400609e-05,0.000908657605840119,-0.0821865293910326,-0.056843747078352,-0.00024191662347629,-0.376088546526421,-0.207298048143296
0.15,0.00140416337330804,4.89954290969763e-05,0.000805221446828961,-0.00654836905838931,0.0352168614003319,-0.000214391315206913,-0.681975105864825,0.0273987055206547
0.16,0.00140238933634587,5.10337595187593e-05,0.000804428342784494,-0.0736080043639039,-0.00913843320267091,-0.0002143337469365,0.182668825743867,-0.489059148593862
0.17,0.00140206704096436,5.29720455233473e-05,0.000804419179847927,-0.122194776334889,-0.00889487640666858,-0.000214452581884568,-0.497246585882564,-0.262754820255462
0.18,0.00140177160277501,5.48122479813173e-05,0.000804416160228612,-0.171934075633881,-0.023148274499518,-0.000214566669923556,0.292070208908412,-0.0490065267567725
0.19,0.00140149141499119,5.65593072678894e-05,0.000804413336772714,-0.0846694626272093,-0.0725220340492033,-0.000214674909256288,-0.174339890837307,-0.221089733354806
0.2,0.00140122542987157,5.82179491175339e-05,0.00080441065652808,-0.175764384639305,-0.100831448602385,-0.000214777660583885,0.0693676582290784,-0.0447631541151923
0.21,0.00140097306533955,5.97926555201411e-05,0.000804408111929898,-0.00491391478119835,0.0257046140145123,-0.000214875149823137,0.170241957168956,-0.00853111671997059
0.22,0.00140073350648786,6.12876829109155e-05,0.0008044056961207,-0.176001972417124,0.0244135981142949,-0.000214967690931238,0.901828406502577,0.00390188517420231
0.23,0.00140050578692183,6.27070621703751e-05,0.00080440340259139,-0.0699973016551628,-0.00782016229471488,-0.000215055654844483,-0.893679248889687,-0.249460746389269
0.24,0.00140029009319808,6.40546350041404e-05,0.000804401225160825,-0.0636207262605281,-0.016674435786748,-0.000215138976208725,-0.088815135698286,0.0361891347281444
0.25,0.00140008507461307,6.53340393910185e-05,0.000804399157958931,-0.0783930029908886,-0.00894742260659503,-0.000215218170722477,0.469764793319982,0.655079585267244
0.26,0.00141161579776185,6.65775369270705e-05,0.000811014326561549,-0.0457687131575739,-0.0734460388874678,-0.000216985127445711,-0.789916821825946,0.032160274919911
0.27,0.00135869889707032,6.76075724186376e-05,0.0007809428132537,0.0163391880247661,-0.0273247062213837,-0.00020916050618309,0.225321129298962,-0.303103647181932
0.28,0.00133480606704001,6.91820023348555e-05,0.000766986665869445,-0.0335070193375741,-0.114874349378538,-0.000205278732503899,-0.0472091337853195,0.0893074955009574
0.29,0.00139884386848791,6.98343137628399e-05,0.000804106248233298,-0.0456622620228327,0.0870156157092162,-0.000215428959523239,-0.733466409997272,-0.458053891654278
0.3,0.00139630446553659,7.06246210029349e-05,0.000802781182316213,-0.0999232915053431,-0.0264244744551532,-0.000215164823853735,-0.281643847043856,-0.0923818240487296
0.31,0.00139905858366959,7.15772912371904e-05,0.000804376756376992,-0.108947319028259,-0.156608233810075,-0.000215603099160635,-0.392639128109995,0.181756846980063
0.32,0.00139893804850459,7.24755373084918e-05,0.00080438750128155,-0.0308539832891803,0.00573855961197351,-0.000215661134607022,-0.399938247765851,0.044620993802712
0.33,0.00139880167988598,7.33283231966197e-05,0.000804386217365509,-0.236123038918951,-0.109655847119204,-0.000215713894240476,0.561619840998606,0.352830515813496
0.34,0.00139867217976061,7.41380281397142e-05,0.000804384910779474,-0.152774856433481,-0.00872103175253972,-0.000215763914561273,0.511672669005491,0.144349703026738
0.35,0.00139854908247176,7.4906820373144e-05,0.000804383669700501,0.0353737782366683,-0.0668651262134266,-0.000215811459453275,-0.271448327027175,-0.0986481810249194
0.36,0.00139843238802918,7.56367735448293e-05,0.000804382491478341,-0.193444492566451,-0.105800768366812,-0.000215856532314735,0.107839828311556,-0.450099976617942
0.37,0.00139832124645917,7.63298812671565e-05,0.000804381372935491,-0.160605680387655,-0.108868487507503,-0.000215899457167177,-0.485828256664996,-0.212438224234716
0.38,0.00139821607713154,7.69879770814441e-05,0.000804380311051637,-0.00711024097865537,-0.110748029454101,-0.000215940077907179,-0.453869759774548,-0.0747201545923321
0.39,0.00139811637932276,7.7612858149223e-05,0.000804379302958416,0.0169194156752198,0.0197502660845185,-0.000215978586224096,-0.253377823456147,-0.400076779191828
0.4,0.00139802141948086,7.82061979407445e-05,0.000804378345932392,-0.0154248087615847,-0.0713562858948533,-0.000216015261725163,0.175956994017649,0.134278110130813
0.41,0.00139793111624636,7.87696117185988e-05,0.000804377437388705,-0.115644684062151,0.0295656075964339,-0.000216050137286039,-0.244928885972857,-0.484188081527923
0.42,0.00139784597035019,7.93045910540968e-05,0.000804376574871763,0.0385693751900253,0.116070126631406,-0.000216083025565746,0.426031978808291,-0.0195595602988082
0.43,0.00139776463109962,7.98125984147191e-05,0.000804375756051309,-0.0451619380789005,-0.0332078899002101,-0.00021611443920409,1.18638579810712,-0.430047423907877
0.44,0.00139768771563095,8.02949725766666e-05,0.000804374978714638,0.0223555214209785,0.0272694833938389,-0.000216144146643381,-0.759689647821785,0.567542445484665
0.45,0.00139761452545226,8.07530450401828e-05,0.000804374240761343,-0.101953752326492,-0.117619185655799,-0.000216172413713768,-0.836096017838225,-0.187098008618585
0.46,0.00139754506056354,8.11880381661467e-05,0.000804373540196442,-0.0458533573667607,0.074078796354629,-0.000216199242035349,-0.0116485282539795,-0.0475228077802661
0.47,0.00139747908813414,8.16011088318191e-05,0.000804372875126598,-0.0300296965557594,0.0594935709307712,-0.000216224721185775,-0.276204941870612,-0.150901628446718
0.48,0.00139741660816407,8.19933848106302e-05,0.000804372243753873,0.084309826364504,0.0186237981699487,-0.000216248852623451,-0.355679552126336,0.024530358878174
0.49,0.00139735715499205,8.23659138404764e-05,0.000804371644371787,-0.00290489045059092,-0.123749519411333,-0.000216271813811772,-0.444465305532303,-0.00726497483544409
0.5,0.00139730084502796,8.27196927275509e-05,0.000804371075360185,-0.0612714392810015,-0.086586237201644,-0.000216293562045909,-0.204291868498514,0.0139992845512738
0.51,4.3866903426511,4.59999990463257,-0.00824423404511521,10.607586966557,0.310928074009444,-0.229520028242583,4.18321136795102,-0.367265674719008
0.52,4.42636876412509,4.59999990463257,-0.034050716192751,8.74040029549865,1.71054438566681,-1.03332186266762,5.15304803954238,-0.13577636314293
0.53,4.41394651528641,4.59999990463257,0.057432586628031,9.32929121599868,-2.82943552553487,-2.20060879874104,4.10742383721912,-6.69189781267544
0.54,4.32739287181749,4.59999990463257,0.030683126402431,13.6601599909464,-1.55313755265969,-3.57639232218225,2.39907003778475,-12.4354385777329
0.55,4.31756856195224,4.59999990463257,0.117373295622909,13.9193948337048,-5.83247147303499,-4.3166326950661,0.129557327531513,-14.6882981467773
0.56,4.29857614682383,4.59999990463257,-0.0326685814459123,15.1362892969271,1.68992551048561,-3.24988475699553,-2.62558907004128,-12.8120284657625
0.57,4.31369390617027,4.59999990463257,0.0144321962876799,14.3409853659146,-0.666714339592952,-0.0776172559536335,-4.08563821938346,0.108544048114968
0.58,4.34833224289677,4.59999990463257,0.0236449911258398,12.5347416621147,-1.07398627147035,3.56470374091754,-2.82193115093553,11.0066180179567
0.59,4.31745306200281,4.59999990463257,0.0149653421168303,14.2428315392705,-0.70212383582238,3.77259068496599,2.45814953202879,12.1513470177685
0.6,4.37761027839507,4.59999990463257,0.0559172007945989,11.1424661996485,-2.77878318478813,-0.768329052063581,4.57981950366236,-5.37820744918981
0.61,4.3159697123811,4.59999990463257,0.00564196958248542,14.215472912602,-0.168746409221427,-4.31596684715203,0.615022613932726,-13.9028583057854
0.62,4.3021456254385,4.59999990463257,-0.0186924902061775,15.0494352541124,0.937614759472668,-0.228403558174521,-4.72875918822388,-1.23134898902074
0.63,4.27449284451854,4.59999990463257,0.0945255578528221,16.3332751110889,-4.60395377391792,4.27550154914266,-0.926728192946923,16.2289691638622
0.64,4.18630621354083,4.59999990463257,0.0696272661186021,20.6384626851291,-3.32942532594745,-0.868682714831033,4.12046231532236,-7.85284663858819
0.65,4.19713542624608,4.59999990463257,0.0880579366721808,20.2508010697981,-4.35875767635319,-3.59189552028084,-1.44754341986704,-14.8958915091219
0.66,4.24242202499545,4.59999990463257,0.02137456645942,17.796746112613,-0.992022715633954,3.64003932841489,-1.2509543414198,15.7001603598726
0.67,4.20351999239127,4.59999990463257,0.0609716241545277,19.7824292165788,-2.950280385315,-0.229083206582349,4.13244066043524,-4.16378987192328
0.68,4.2176897769536,4.59999990463257,0.146702942540227,19.2239604981182,-7.20667084889415,-3.03312976109249,-3.11943731328661,-8.44754599721027
0.69,4.24501237072617,4.59999990463257,0.0574539560716832,17.7661330725629,-2.68507475038389,4.22994050855053,0.116497583949364,17.3490383990077
0.7,4.13607130232456,4.59999990463257,0.079886465124707,23.2897309657236,-3.8806380563679,-3.64134034034459,1.7139860701578,-21.7636537859277
0.71,4.19164633857872,4.59999990463257,0.0971883950039549,20.4403841854748,-4.6656533288595,2.46819662362679,-3.55832213405806,15.8893346590932
0.72,4.22224346698946,4.59999990463257,0.0905105661558194,18.9931989417309,-4.34259666182898,-1.32435782422318,3.02050085121019,-10.8793174242451
0.73,4.16588738126597,4.59999990463257,0.0839251104128957,21.8527157005048,-4.01513697397009,0.576517710795444,-3.64822812642366,7.20593600367262
0.74,4.11449824627772,4.59999990463257,0.0476925849804553,24.3051847230702,-2.26286712464289,-0.39591483288327,4.72244250232217,-4.65141068312927
0.75,4.17720463599742,4.59999990463257,0.00200159525013954,21.1790412326823,0.114495522313537,0.775298781459021,-4.26836206698514,3.83871510879893
0.76,4.07770481536071,4.59999990463257,0.148540999487349,26.227280006452,-7.21324284170219,-1.4372846293271,2.96314806286119,-17.0592768255387
0.77,4.02326390012322,4.59999990463257,0.141036166283377,29.0323290852527,-6.89793916500971,2.59504730995303,-2.99688322416285,24.5751972329807
0.78,4.13629912455414,4.59999990463257,0.0655190342869167,23.2027961060461,-3.15535343847958,-3.83830879985244,2.48554817181394,-23.0289161267545
0.79,4.06169094212429,4.59999990463257,0.139443435868998,27.0784151560073,-6.78516505999445,3.98464741397136,0.577794477387859,24.5863461974242
0.8,3.98048582366813,4.59999990463257,0.152079870692753,31.0184846861939,-7.52707042125898,-2.4059763534045,-3.51658040997973,-11.7562579788177
0.81,4.10531797309252,4.59999990463257,0.0870679593664974,24.9130899697605,-4.15652441898565,-0.920413903110155,3.8073084609178,-10.4310373149196
0.82,4.02779171259347,4.59999990463257,0.0699906746677463,28.5824409900768,-3.33756812595218,-2.96925971559017,2.95687066819035,-23.8697945899878
0.83,4.13338612198266,4.59999990463257,0.149932900855555,23.4070712070101,-7.16951398573342,3.87812443121681,1.89204049498937,18.8600153706683
0.84,4.04662956950173,4.59999990463257,0.11914481107555,27.8489723818059,-5.79328330188855,0.145864183518664,-3.67046952254067,6.762425569435
0.85,3.99907923391774,4.59999990463257,0.0818734431692936,30.0459895827884,-3.94192617945231,-3.95368467066116,0.584000675676195,-30.5972578450617
0.86,4.0431459690105,4.59999990463257,0.0133672869011364,28.0589759119456,-0.496975579510877,0.817599500546596,3.75445184693485,5.42892152243704
0.87,3.97336630539945,4.59999990463257,0.086489791782284,31.3724502411897,-4.14177512065665,3.92212677730042,-0.303421493737507,31.9773867368862
0.88,4.06961581831735,4.59999990463257,0.14770412291483,26.6800882067862,-7.1175630344114,0.0472003538939951,-3.27275110039576,8.09370441648861
0.89,3.95427520191581,4.59999990463257,0.178797113522689,32.2479398925086,-8.71470746009371,-3.75818221784005,-1.15254363279006,-27.232053614082
0.9,3.98204118771334,4.59999990463257,0.114737692736735,30.9681186468357,-5.42354208944054,-2.8031177786192,2.45190180539886,-25.9058183521509
0.91,3.94411669993136,4.59999990463257,0.1816048847712,33.0420782872466,-8.90178466378499,0.918276745540698,3.28354103346327,-2.81162240839373
0.92,4.01543843753502,4.59999990463257,0.202147697835614,29.3787483991821,-9.84522705927019,3.59950937689281,1.76362760399914,20.8825995658945
0.93,3.95210168695817,4.59999990463257,0.177486145631699,32.6811406294075,-8.65945359169611,3.80736178386457,-1.00555805504562,33.1204100192941
0.94,3.88855358970115,4.59999990463257,0.186174952732953,35.5887695040587,-8.98063408420075,2.44277241261517,-2.66057585657331,30.47001790282
0.95,4.00283693910788,4.59999990463257,0.140666876728076,30.0734704974378,-6.76945714513667,0.8119157132576,-3.88623805381588,13.4213961966585
0.96,3.88631706156961,4.59999990463257,0.124963376753831,35.89618845589,-5.97684295327422,2.00030525048348,2.51859164040116,11.9580606461359
0.97,3.89007281773071,4.59999990463257,0.260680619475089,35.754791688456,-12.8115290882416,2.8169376831475,2.56291983497465,14.8220574950039
0.98,3.85971740944632,4.59999990463257,0.115565773445633,37.1371009896492,-5.42189158098534,2.9654567348389,2.48846841380937,23.9120574548337
0.99,3.79006611904907,4.59999990463257,0.210296085271941,40.6586361936986,-10.1321015283687,2.92430949821929,2.53324261495353,22.8884439890655
1,3.85212361209737,4.59999990463257,0.196161972588067,37.7110209062213,-9.4652745788621,2.56145247660827,2.63627972406871,16.4575225133949
1.01,3.75684546481501,4.59999990463257,0.165456188757509,42.2737956245988,-8.0545629489206,1.61555549259167,3.18236839783778,9.25172883406571
1.02,3.84584274167393,4.59999990463257,0.0623197006191281,37.9189616237294,-2.86789148365905,0.0549340585827957,4.05973342773954,-3.01170152406217
1.03,3.91661148144822,4.59999990463257,0.195328058761335,34.4475154483738,-9.36510984242051,-1.81297022889588,3.64938146319455,-25.1832959460897
1.04,3.82047763810692,4.59999990463257,0.161134392536881,39.1463152645336,-7.78871767100129,-3.47976538388584,1.14719909580218,-38.6124421123776
1.05,3.8827525290777,4.59999990463257,0.287798105549428,36.080658274685,-14.0065919000942,-3.6931604310391,-1.12509132881527,-27.5551286857644
1.06,3.72320787341247,4.59999990463257,0.124918296304611,44.0065759621453,-6.02047584324744,2.36719962935807,2.73690941313201,21.8849711461694
1.07,3.83920604127278,4.59999990463257,0.141522317293509,38.2849796112807,-6.70864323843866,-1.28741482208427,3.07854583745524,-20.699072426599
1.08,3.84887253931502,4.59999990463257,0.176643835980794,37.7866261644639,-8.52753307504957,-3.84100554242077,0.565430727820243,-38.4152692260517
1.09,3.70403134476887,4.59999990463257,0.134566823259044,45.0230587256503,-6.42717471780457,-1.28768981673779,-2.877656983951,-7.76707185888811
1.1,3.65805550391455,4.59999990463257,0.173925347742445,47.3988809888228,-8.42836992638695,3.16695534674093,-1.17132252302745,45.6419950827446
1.11,3.61520251077546,4.59999990463257,0.236522829714789,48.0252573571006,-11.6351917411254,1.98081486699683,2.98845809614223,14.1380045497794
1.12,3.74520784851981,4.59999990463257,0.230402484509578,43.0563910601969,-11.1603073120153,-3.3219493429138,1.03810171659656,-43.8398990526674
1.13,3.65611735360264,4.59999990463257,0.232279317467707,47.4358253983756,-11.363112229009,-0.975202318625983,-3.27492406494097,1.12599672070654
1.14,3.71006584611698,4.59999990463257,0.197905497751051,44.6732382673063,-9.68036284351458,-3.54310351696458,1.12132966518694,-45.4668459335351
1.15,3.78765328959105,4.59999990463257,0.208759316508474,40.8453363030804,-10.1611889773226,0.601538150238574,-4.44089037339761,19.0001351490182
1.16,3.61858691989793,4.59999990463257,0.32112408077922,47.7214101035185,-15.6658903213471,2.7370761420517,1.66004572900138,21.8780319096858
1.17,3.73254542835154,4.59999990463257,0.24322308141699,43.5504234414911,-11.8968634343456,-3.71651920669837,1.4445134341781,-44.1285064828522
1.18,3.66339650415719,4.59999990463257,0.267741882611778,46.9493490629328,-12.9748153820543,2.42291974761498,-2.78120406478041,42.5649092950115
1.19,3.79196836721767,4.59999990463257,0.196213769559755,40.5992474483899,-9.42187449108899,-0.518154989323247,3.02155089520196,-17.2039855005794
1.2,3.61829369518896,4.59999990463257,0.186071146355027,48.0224380073391,-8.97774842957956,-1.21814140597095,-3.63162856303893,-4.61304969991566
1.21,3.58082868826225,4.59999990463257,0.238814671765707,48.0124789387133,-11.4994600991292,2.34934309013068,1.94221339336373,19.7373984032367
1.22,3.73488995140034,4.59999990463257,0.267867786568849,43.629191666189,-12.9801635392363,3.6433243790226,0.94138160622197,37.1171348512028
1.23,3.59200933306809,4.59999990463257,0.263948589270847,47.9947954285857,-12.7664961381118,-3.57389942089874,-1.14874936000807,-44.4802747769841
1.24,3.61914773072004,4.59999990463257,0.267110768596504,48.0056956613972,-12.9761881820357,3.59291464255834,1.94084876184525,43.9915428090399
1.25,3.6422228722989,4.59999990463257,0.181039435749422,48.0829945956693,-8.57172295891884,-3.47694512179535,-0.916060921012582,-42.4857838014942
1.26,3.61731112499734,4.59999990463257,0.251825352072961,47.9709595996095,-12.0764241197472,3.08817925671448,1.72967802599124,31.6290137086912
1.27,3.53722907402794,4.59999990463257,0.29059679347072,47.8820508305763,-14.0038578465671,-2.12750399170611,-2.09193996430758,-13.3535415605782
1.28,3.58195737155305,4.59999990463257,0.116197783104713,47.9455707051393,-5.46109801560975,0.289156354575357,3.14458532713023,-3.27587535630359
1.29,3.68972919079391,4.59999990463257,0.274228978617589,45.7512783271954,-13.3061035258595,-0.463401955781472,3.3819734893234,-22.1871078683468
1.3,3.54544034030373,4.59999990463257,0.163146608986094,48.0617398703064,-7.90962050038791,2.80894888850579,-2.33374592146157,43.3848790282705
1.31,3.65958606801187,4.59999990463257,0.272054156473639,47.2367904422976,-13.1837943201981,-3.59877487734048,-1.01394462646699,-41.4471287790684
1.32,3.557524273792,4.59999990463257,0.143336886514988,48.0245137721833,-6.85950359777125,1.16687275939027,3.5984566172109,6.8342658921339
1.33,3.45706009861969,4.583083152771,0.304588177982768,47.9238983306431,-14.790550958525,2.35967558911385,-2.69043103364838,44.6749327893549
1.34,3.54115168062262,4.59999990463257,0.223254569842725,47.9006903530253,-10.8249200378426,-3.18886618814292,-1.04905127464133,-36.0380739546622
1.35,3.52442187595525,4.59999990463257,0.190479478432628,48.0126181203027,-9.08401060609702,-0.426059068615516,-3.32806360981347,6.03050815481748
1.36,3.63046488516052,4.59999990463257,0.32717847396887,47.992711989152,-15.9447146308231,-3.54913480638398,0.615232625604678,-49.6129563016323
1.37,3.54546436692097,4.59999990463257,0.258278715426626,47.9366890521584,-12.4358567180115,0.57753533397848,3.37953017569819,-8.67008050424834
1.38,3.52811523663015,4.59999990463257,0.342674174160946,48.1955025352992,-16.7961000916012,3.54432257624871,0.242346464598266,46.5873357778951
1.39,3.57873537746764,4.59999990463257,0.323527611109807,48.0677848166989,-15.6862554040083,1.01580512651003,-3.92482330913505,32.337418874485
1.4,3.45811617509181,4.59999990463257,0.360050733849731,47.881401235855,-17.4464411974316,-2.68046176698851,-1.85209638310964,-20.8501909906231
1.41,3.52998245287736,4.59999990463257,0.195877106850061,48.1132548307249,-9.51743895446342,2.74876161419958,-2.35010144925587,44.439268086268
1.42,3.51545227788468,4.59999990463257,0.301210031448815,47.8993237846171,-14.6543963637935,-0.169404496105391,-2.51944461531735,16.0407717486224
1.43,3.423627422322,4.59999990463257,0.141928487599444,48.0887035012279,-6.62461925779064,-2.43528336849922,-2.47384661451432,-28.1751309629435
1.44,3.49791854546904,4.57963228225708,0.365433311469891,48.0896853826708,-17.8448684546232,-3.51197237868874,-0.192596874643918,-45.1912075058375
1.45,3.47428153009364,4.57859134674072,0.320647991202073,47.7398669236936,-15.6958300032045,-3.09947847846154,1.18100705011051,-50.2897376894554
1.46,3.38969427356306,4.4877610206604,0.328737954472777,48.0023683257257,-15.9133970312607,-2.11012222066418,3.47209358549968,-44.3068336100853
1.47,3.15510408282201,4.22010135650635,0.131107854165097,47.9424836870957,-6.1708142998003,0.102352907358948,-3.19879933165844,9.84974002286853
1.48,2.93271441413598,3.95139026641846,0.159514656891652,48.0707426160851,-7.6833050754346,-0.50684367113592,-3.02182744624321,2.01394547474504
1.49,2.74542301787897,3.85737800598145,0.105427207335528,48.0329072720373,-5.01802463750598,-0.6748655047819,-3.00307036097303,-5.13341621945064
1.5,2.95770503242509,4.06368064880371,0.0330707262279915,47.9559617124477,-1.43343839012905,-0.62158753832826,-3.48601594291635,-8.7651438274573
1.51,3.53092372761202,4.59999990463257,0.0204797825728744,48.0318511897294,-0.721725819447371,-0.318426851805232,-3.5746868240612,-3.43990911145343
1.52,3.57797880833223,4.59999990463257,0.105991775241119,47.7910260394749,-4.85777813755114,0.944095256682895,3.70363517132743,6.42150697740223
1.53,3.4848956844051,4.59999990463257,0.206184235224953,48.0228919649849,-9.80600386689943,-0.210648199446751,3.30749943476155,-15.5833188070895
1.54,3.45768118389222,4.59999990463257,0.299177115933959,48.0565794448128,-14.4870963551795,-1.69881637224406,2.94171583744382,-39.1059305336655
1.55,3.50227903699457,4.59999990463257,0.284225177805163,47.9897170172485,-13.8731832146383,-3.15784084712833,1.42926953148085,-49.5259881970657
1.56,3.52084051861258,4.59999990463257,0.333905462045434,48.0596977873397,-16.1159943601122,-3.4232206292709,-1.25486414818956,-40.0548515570833
1.57,3.31611664815934,4.58203935623169,0.189716216184687,48.0115044378046,-9.05115039300047,2.43872074822514,2.27623228363002,26.8783536824072
1.58,3.43314187396518,4.51028394699097,0.216902065357085,47.9280789830543,-10.36648360173,-0.457065970608117,2.57618281914631,-19.2459951340234
1.59,3.19528967678397,4.28125953674316,0.256706738203194,48.0612871132676,-12.5377211236097,-2.98521388443449,1.08750807350662,-49.4559465471878
1.6,2.84372055011329,4.04708957672119,0.23887662340369,47.9909403211425,-11.4759386575605,-1.95502465778874,-1.03025198161757,-20.3338258165062
1.61,2.7654880579347,3.94140672683716,0.380280675026426,48.0139580204346,-18.579236869811,1.31225024112212,-3.27438934765775,43.3352892546778
1.62,2.93474993007858,4.03549289703369,0.348280005940111,48.2767493576096,-16.9622948094174,-2.95128677966154,-0.126945636227992,-46.8290582344675
1.63,3.23668037622227,4.31339263916016,0.0144916007935414,47.9180247034132,-0.247875604820821,-0.0214639532495708,-3.17775936114952,0.947570679953242
1.64,3.63934835552586,4.59999990463257,0.540357424215797,47.9719940743322,-26.388433279387,3.65919309454761,-0.726284475770201,46.6112520334225
1.65,3.46833367534603,4.5953221321106,0.168514211962526,47.9952824541869,-7.88463071258061,-0.552145768693747,3.91955378710238,-18.0025505757297
1.66,3.48500419316243,4.55556440353394,0.515238371291456,48.0099653023529,-25.2061763368199,-3.31226322460283,-0.508200830021925,-30.5231377584411
1.67,2.94191761582508,4.18954610824585,0.288750551927026,47.9844873007834,-13.8031986293881,-1.18705616841105,3.15850695813717,-35.2322641691066
1.68,2.17372121536021,3.36625504493713,0.0028548720837549,48.0214254797656,-0.0130434221058643,-1.13681824352538,-1.45981734710627,-25.0911330854259
1.69,1.08581575109089,2.12152290344238,0.186440069034626,47.8470847775439,-9.35202094316079,1.09270162465064,-0.200987515078866,47.346068003031
1.7,-0.423151457716305,0.584211111068726,-0.0871717004965329,47.9003968536448,4.24893931816743,0.196528989542924,-0.0964335336286398,-26.5494809797219
1.71,-2.29196041976213,-1.05565965175629,-0.0964681748328695,48.1650321820817,4.21122284921684,-1.47150448100407,-1.38187536646152,32.2886387943749
1.72,-3.64197813366715,-2.5959415435791,-0.344529460266594,48.0221931518624,16.4917119600126,3.60400281942776,-0.231143177416952,-46.0219941959291
1.73,-4.8551274600981,-3.87206983566284,-0.354919824635931,47.8938198158267,16.838032263941,-1.56734594738476,4.8739212147924,3.57328157156
1.74,-5.46661266390268,-4.59400367736816,-0.376666312716548,44.1026002081538,17.8109742694022,-4.27308450236321,-2.41878514290137,44.9403353902873
1.75,-5.52588023220086,-4.59999990463257,-0.500789464475909,46.8182348458571,24.1230368407463,4.15178931837101,-3.56382646160732,-23.0322162076469
1.76,-5.40244294188893,-4.59999990463257,-0.384769483631035,40.5150810998966,18.2318446805275,-4.7205502780116,-1.9889944640158,44.1243356403123
1.77,-5.45987575304222,-4.59999990463257,-0.503241447764698,43.3517454829105,24.1745755088319,1.99430868835279,-4.86561371653353,1.81403534298477
1.78,-5.43885687133444,-4.59999990463257,-0.378092444682775,42.4433923462364,17.8207915690506,5.41237173962722,1.19229506372913,-45.0733986716632
1.79,-5.5452779033014,-4.59999990463257,-0.523688460870613,47.8128790606525,24.9427100939729,1.82094382059329,5.38412352409541,-35.5064257496629
1.8,-5.37424338624884,-4.59999990463257,-0.376478727988704,39.0174762392202,17.9431424353178,1.54357723061212,-5.53965908052752,3.24821775719616
1.81,-5.50964679665462,-4.59999990463257,-0.459199438423789,45.904918495359,21.8951698775481,4.95249254069213,-2.48293635537656,-35.2759555861626
1.82,-5.33848728938589,-4.59999990463257,-0.423964611787202,37.2950585421632,20.2063452600657,5.22437125428377,2.11890081077647,-41.8157419033367
1.83,-5.51373812203368,-4.59999990463257,-0.328338291005975,46.1307879028155,15.5611111332045,3.98336070877463,3.51815716290702,-42.7327141893346
1.84,-5.54682129138983,-4.56026363372803,-0.360182405393761,48.0460882887054,16.777579261273,2.37367519177281,4.18842227937426,-34.0647183629535
1.85,-4.99446383037978,-4.15495538711548,-0.485627666203658,42.4030000762522,23.2872513823536,1.26659611421086,4.85781526794897,-29.5163185354688
1.86,-4.21369050143213,-3.27828621864319,-0.380270124498616,47.2347206886664,18.0972580654039,-2.23488964314047,-3.60743947053012,37.5886329418599
1.87,-2.98253157189935,-2.02658939361572,-0.300885908623791,48.0553761142036,14.2978281182297,-1.69147367933967,-2.41943874717187,35.2527816048839
1.88,-1.6669064013858,-0.571600317955017,-0.0542810291918658,47.8083025457525,2.47686085034891,-0.994524137035447,-1.06745690261081,29.409671182878
1.89,-0.146058300126008,0.884362459182739,0.00866067504600983,47.8978294904706,-0.402526470858239,-0.09274334587061,-0.898180190054341,32.2890410349841
1.9,1.06207519058069,2.15907311439514,0.25585108957147,47.9922679404105,-12.7061430166036,0.978968920493603,0.844024718253704,29.0147798442737
1.91,2.05947178149797,3.13546752929688,0.328249146625638,48.0541492523144,-16.1934364402719,-2.08041440236536,-0.233582566973028,-43.2649938074448
1.92,2.77437939977213,3.78706192970276,0.32904097002967,48.0052576629145,-16.0072841741113,-2.7780199803082,0.486381968427995,-42.6986626743317
1.93,3.08916742667643,4.17741870880127,0.42184326110526,48.0485820450372,-20.6502469742907,-3.0660636069144,-0.255468988091221,-38.8787060174811
1.94,3.24501638805102,4.43291807174683,0.358226470139456,48.0512482841701,-17.3978431062035,-2.99302163438115,-0.807684049699275,-32.9381804785612
1.95,3.4365764343698,4.59999990463257,0.360243344703125,48.2343232369134,-17.3807511921414,-2.56102244809709,-2.50745028173523,-19.24410293988
1.96,3.32873340872886,4.59999990463257,0.0186617399653435,47.9454968040024,-0.438137968276632,2.100484488648,3.01642627090578,29.640321998936
1.97,3.56819623237634,4.59999990463257,0.0867782524887231,47.9166814414684,-3.84674313359431,0.494234601210752,3.69052887296208,1.78785676491798
1.98,3.39423911340362,4.59999990463257,0.387181048333335,48.0504827204813,-18.740996997197,-1.50404658069492,2.13571871175992,-41.3069939741696
1.99,3.61638404036948,4.59999990463257,0.343898286089959,48.0129766109164,-16.8218435635115,-3.48039557142778,1.40476106897344,-49.9457132686013
2,3.46027090114918,4.59999990463257,0.378151252786307,48.1059696050346,-18.3517958192403,-2.82789339303223,-1.57098397966691,-23.6872616205489
2.01,3.46589488093533,4.59999990463257,0.126571630805402,47.9116524716556,-5.85144541479911,0.740527003972497,3.70142525649075,2.56841419985176
2.02,3.30951395067307,4.44485092163086,0.270006740949284,47.9302597322764,-13.2388546556781,-2.62042012460388,1.43161289696568,-47.3983692785194
2.03,2.66863056337569,3.86594319343567,0.362028980746567,48.048488691699,-17.5713206425978,-2.26792587779963,-1.87134520339997,-25.3117752907336
2.04,1.80475485512587,2.88912391662598,0.10153216789338,48.0304731107496,-4.79106960936766,0.799775035452065,-1.2624603583709,27.3639261619819
2.05,0.623884044071135,1.66252994537354,0.17914958064114,48.0537889681613,-8.94439597042199,0.64505765438718,0.106945762886088,40.8506283910194
2.06,-0.697920480625241,0.381834149360657,-0.132371210807344,48.0348056256348,6.30801869651298,0.194867752054574,0.447157394499664,-10.989066011933
2.07,-1.77425077073549,-0.760960221290588,-0.101868779580404,48.0911038910018,4.55105556337474,-1.7217974858809,-1.04454464186591,46.5555514701459
2.08,-2.7623363427102,-1.62592387199402,-0.193980596425419,48.0220594539597,9.00656045910618,-1.09843398063907,-2.87607881059187,24.7751810263981
2.09,-3.23863887439844,-2.15869188308716,-0.228519180548957,48.0807353678567,10.8852668965633,2.6416288186636,-1.48973848984718,-35.4095224020149
2.1,-3.43437438016745,-2.39845037460327,-0.227593696975728,47.8821269841868,10.7785584216843,2.7190589365761,1.02436682376709,-43.070085681818
2.11,-3.36629545541761,-2.45902109146118,-0.344461189388724,45.9058176310717,16.5107514882448,-0.497892722918712,-3.66591791679248,18.5872785124557
2.12,-3.58630235594008,-2.48936700820923,-0.214282597810746,47.9614068029402,9.78970284456415,3.00403779261393,-2.12514904285408,-36.8474689192225
2.13,-3.48721011946256,-2.62397837638855,-0.263370038083667,43.7427306189418,12.5719429317044,3.21156460894968,1.91808544358028,-44.8151471019992
2.14,-3.86660433634932,-2.93749928474426,-0.426834260122457,46.921873278312,20.4851056769551,1.1196171140362,3.6633358979824,-28.8400768313637
2.15,-4.26738013149866,-3.41951656341553,-0.21652148112494,43.1023428671808,10.054519298754,0.764098402306361,-4.504282245045,0.0320624547691169
2.16,-5.01852095346486,-3.97200322151184,-0.324532841913481,48.0460899486988,15.2087144763913,3.76511033227314,-3.52289090407423,-28.8595593626937
2.17,-5.19646584744794,-4.43660020828247,-0.447305394392896,38.5679126288885,21.3085694872097,5.10961202542703,-1.25574961084505,-35.758469482322
2.18,-5.37051935761289,-4.58238840103149,-0.445762853639401,40.1454746551675,21.3394291115396,5.28589484739562,0.874387922990305,-43.8001763669121
2.19,-5.13091689840021,-4.37972545623779,-0.340431967907713,38.2083465375527,16.1245834788584,4.62071103947173,2.97130421230855,-41.1169117301265
2.2,-4.5185410248174,-3.70827794075012,-0.212131374077311,41.1431077530879,9.84362856508039,3.8088151062646,2.65943885791023,-39.8842230918291
2.21,-3.42719149426582,-2.60138916969299,-0.123661910463178,42.0234227219618,5.62360705614486,-3.38338728250605,-0.868744182087337,42.6419144388951
2.22,-2.11426610805222,-1.18546712398529,-0.0818630923804801,47.1780662451609,3.59878015518605,-2.11407797732775,-0.215365008043818,47.0511305413122
2.23,-0.620086752916808,0.350898444652557,-0.114476821759385,48.1405578337084,5.44207481907911,-0.607148639256986,0.256745808673703,47.6583830235864
2.24,0.730254782850746,1.8039984703064,0.0273774356773099,47.925423977148,-1.42283140494868,0.697424879353905,-0.211185633753908,46.2235408771069
2.25,1.88735675112118,3.00706338882446,0.199900811694917,48.0531145339018,-9.89004840927849,1.65814589539786,-0.432506526380599,48.1876370640086
2.26,2.82381258290457,3.86936450004578,0.311592711423238,47.8648030184798,-15.0323968686467,-1.62140239967605,2.3864699421345,-42.5505043402635
2.27,3.25531081774582,4.39450216293335,0.310024615149856,47.9174274804714,-15.0107972716705,-2.00266802507296,3.2366414723359,-43.3707332264647
2.28,3.43309217323755,4.59999990463257,0.295411910552386,47.9955348214243,-14.1828607694823,-2.52030833917436,2.40568934335785,-47.0018648758226
2.29,3.54075498377759,4.59999990463257,0.385933938764144,47.900456437883,-19.0193315039618,-3.12663068926091,2.01313140737992,-51.5525181879719
2.3,3.56969427839166,4.59999990463257,0.38284952360216,48.0462103564468,-18.7433887042207,-3.57143464689427,0.813749151232143,-47.6882646934871
2.31,3.54908710582687,4.59999990463257,0.437906058554011,47.8578488350906,-21.4158726600872,3.57577238039474,0.208748015322984,44.7576443900235
2.32,3.42803082260471,4.59999990463257,0.196143568333667,47.9444431191764,-9.12999463419711,2.59044539192983,2.24817643046686,27.9667953311487
2.33,3.48718785367353,4.59999990463257,0.148473357593167,47.8301411301812,-6.97521345311638,0.276418817117999,3.68745514252206,-5.77916161387391
2.34,3.46834864179723,4.59999990463257,0.407711703344872,47.953929482463,-19.7675675275905,-2.32525611546828,2.78087879589954,-48.7800579677604
2.35,3.48252814964007,4.59999990463257,0.363225486377553,48.0629693523464,-17.7747829465458,-3.44809771966851,-0.145839693306393,-41.537657711655
2.36,3.3937098700579,4.58740282058716,0.0493749191772181,48.0337767170192,-2.0444331703595,1.8293769409484,2.71123513157096,23.2490370224062
2.37,3.10732020822717,4.24776840209961,0.333886280850896,47.9654751011837,-16.1004006706341,-1.72191693419086,3.1791080673576,-43.4971700436846
2.38,2.31500751504362,3.46572327613831,0.400852804485783,48.0768621468552,-19.5386680137963,-2.24293308510484,-0.950480473716838,-33.7451330180302
2.39,1.29360097694731,2.33558773994446,0.058027472753478,47.8959905890399,-2.80022761985615,0.377970349591694,-1.3978199633474,18.535452501812
2.4,0.0180805639762356,1.02638280391693,-0.0272535293294867,48.0301150096108,1.20292265181083,0.0105288428556548,-0.409639452645077,46.7947049975141
2.41,-1.2841302969124,-0.260634183883667,-0.191384328040566,47.998559008322,9.23098496914267,0.445825557614632,0.593121821391957,-19.0277689997533
2.42,-2.37328657274682,-1.34402716159821,-0.181600590340702,47.9302030791474,8.36599905679756,-2.21098059078588,0.50009393227019,43.2094441899346
2.43,-3.20394319982821,-2.10773134231567,-0.199196525570879,47.8885386371419,9.05953381969053,-1.60810571182465,-3.11723772497032,29.4781207744918
2.44,-3.54501893400525,-2.52673697471619,-0.307715191372567,48.0145313869695,14.7737816234525,2.50500074607446,-2.49117068037636,-27.2692991369137
2.45,-3.61493467348571,-2.66703152656555,-0.279938441151169,47.9025733739384,13.2222925079437,3.25428577204066,1.39149017676638,-48.4419674196917
2.46,-3.63449276865328,-2.65967845916748,-0.261165029040018,48.0220352556402,12.2453714774605,-1.27110799717362,-3.15928179487826,25.3378467469297
2.47,-3.63661865885215,-2.65634727478027,-0.307895435894229,48.0907957183481,14.8422696376743,2.27815982122437,-3.04112764091197,-22.3660347705926
2.48,-3.70182652577714,-2.77963423728943,-0.234168827666346,46.9283684709166,10.9805891949527,3.70000146618729,0.487155811348876,-47.8046358338464
2.49,-4.01976217173304,-3.08235120773315,-0.255688202900748,47.6824406349217,12.0931132639318,2.45638436113995,3.10281655759814,-36.6575927658297
2.5,-4.44891804214019,-3.52882385253906,-0.350722416431274,46.7562262374395,16.650849814663,-0.282922964748201,3.99334424018618,-9.22750422001532
2.51,-5.32968315209427,-4.59999990463257,-0.377647228708155,37.1002922248214,18.0178829318992,1.5001297453457,-5.28213430584844,4.37067043775524
2.52,-5.43693099501425,-4.59999990463257,-0.395149300066787,42.4867671524883,18.9224890925023,3.63525448456783,-4.07773189782862,-17.2629648952048
2.53,-5.54536030195664,-4.59999990463257,-0.44551653110816,48.0132023460479,21.1578438924547,4.7274307515662,-2.84186282171598,-33.445720739814
2.54,-5.41222630219557,-4.59999990463257,-0.430156684215311,41.4895361150656,20.4464485879171,4.96810710709627,-2.34441374768219,-32.0316399936796
2.55,-5.43247522776847,-4.59999990463257,-0.356711290538834,42.3566006972371,16.8135954157481,4.98041314511866,-2.71171698980442,-34.1693393320916
2.56,-5.38119131967382,-4.59999990463257,-0.377113430376999,39.7605580322122,18.0304658358534,-3.02286153994071,4.23671824113669,10.8604949340079
2.57,-5.31050370726631,-4.59999990463257,-0.291040783523969,36.2004979064872,13.6727255526526,-1.51366181977553,5.90814730423807,-1.05675738822529
2.58,-5.31880217524145,-4.59999990463257,-0.48426551717577,36.6493389050461,23.3067618763183,1.17674500460352,5.60868503506183,-27.9676921238454
2.59,-5.31280711128295,-4.59999990463257,-0.297345191890502,36.3281370174391,14.1488311861296,3.87274830836823,3.22547091167739,-35.6594040772279
2.6,-5.36841810539606,-4.59999990463257,-0.435180141892658,39.1209225429103,20.7921784890877,5.37923347004884,-0.83770444986082,-39.8729127156705
2.61,-5.2377980573524,-4.59999990463257,-0.345926097786971,32.5045047493582,16.5505059060732,-1.11192863026808,3.73119598322352,-6.85225035141009
2.62,-5.37616503123276,-4.59999990463257,-0.298451453003425,39.6545766909098,14.2249266252424,4.09109540319521,3.71843503434009,-38.7880177146057
2.63,-5.2863185628729,-4.59999990463257,-0.327453250645089,35.1405433608456,15.5491699033058,4.54766527436971,-1.63332875016529,-24.1515304545842
2.64,-5.37993304874293,-4.59999990463257,-0.292529021313219,39.6231025536855,13.6368788440076,-1.85715247573331,-5.33821311248327,24.7556179020999
2.65,-5.29349639062483,-4.59999990463257,-0.336619551578176,35.456488957257,15.9095351289464,-5.00982537547194,2.43256265014356,30.518917239167
2.66,-5.36258041174733,-4.59999990463257,-0.380158331551164,38.9791842296197,18.0667616734396,2.42478743571565,4.63182878174788,-32.0303575732602
2.67,-5.25965503093627,-4.59999990463257,-0.3321971919149,33.7513201562814,15.9181746394351,-2.26575034060821,4.84995638751984,2.36895794250242
2.68,-5.16355930343626,-4.59999990463257,-0.365380070992023,28.9606677111185,17.5561447259473,5.17635694035346,-0.209556867842055,-30.2074069523504
2.69,-5.26695778565138,-4.59999990463257,-0.338581742769784,34.1048715051604,15.9947162403085,-2.84319876521684,-4.23753824914653,30.7799486740321
2.7,-5.19207029462265,-4.59999990463257,-0.307820801813473,30.4144384157136,14.6520857828282,-1.40313517271694,4.78822799307361,-3.62498822356948
2.71,-5.23173045044034,-4.59999990463257,-0.363055867693564,32.4225084153403,17.5354904256529,4.26164249501409,-2.98785864944358,-18.7961900072004
2.72,-5.19744913929057,-4.59999990463257,-0.395742792641211,30.5643514683551,19.0548421112873,-5.18912745915053,0.259230049559246,30.7038830440263
2.73,-5.12675895335619,-4.59999990463257,-0.218667740016747,27.2323337482044,10.1441035481583,4.8686278394383,0.848247904501154,-28.5159422858352
2.74,-5.11992131555682,-4.59999990463257,-0.192064275413363,26.8195815493675,9.05343997618909,5.04927796950551,0.592649792759452,-27.6963037745373
2.75,-5.07383073705367,-4.59999990463257,-0.279074613604461,24.5398625200369,13.3515906246937,-4.94344466752906,-1.53099925839229,27.5574469323145
2.76,-5.09317931887103,-4.59999990463257,-0.211252935871585,25.4471960686054,9.86282288319727,5.0180118187739,0.639191045575955,-27.2504207589942
2.77,-5.1752523054485,-4.59999990463257,-0.363096173732242,29.5883083106338,17.459334058998,-5.17432740267077,-0.0406651521559271,28.9289573838024
2.78,-5.23042835978179,-4.59999990463257,-0.30285176295426,32.2778782455091,14.4938843952637,4.75878678521885,-2.10960548083142,-24.6922068959953
2.79,-5.09303145570084,-4.59999990463257,-0.277752183074327,25.523076643767,13.3130227056156,-2.96786720977094,3.87661127371966,6.00382861475368
2.8,-5.06779625591006,-4.59999990463257,-0.252948216828562,24.2609396718749,11.9250717707386,-0.232895829305597,-5.02153519358629,12.1651527048496
2.81,-5.14037007507367,-4.59999990463257,-0.205000166439123,27.8140787860006,9.69076409254134,-4.87430686477573,-1.19235146169323,29.4545339127719
2.82,-5.08378810531964,-4.59999990463257,-0.259524330292902,25.0975256264533,12.3152708408702,4.03102296796371,-2.22452471796696,-13.5387096919498
2.83,-4.99630701688927,-4.59999990463257,-0.327188976541046,20.6582443393591,15.8719716432432,1.09938330179347,5.1497971898447,-18.850542629515
2.84,-4.97781035926526,-4.59999990463257,-0.192470642426869,19.7378757898914,9.09151439520264,-4.95370586347318,-0.69476471008073,21.0004709244945
2.85,-4.92811240791447,-4.59999990463257,-0.234993916906502,17.2159307778011,11.2617979868788,1.20976662117,-5.32713674254876,5.72113851888515
2.86,-4.96879583323764,-4.59999990463257,-0.170977405683736,19.1955711786801,8.03870154158447,4.80106521819878,1.63692473308426,-20.4174389509752
2.87,-5.03029777770523,-4.59999990463257,-0.293413273629929,22.3664443366497,14.1734592704783,-0.462456332398659,4.97972133547153,-10.4923519658137
2.88,-5.04948912900081,-4.59999990463257,-0.306828416760859,23.3349106554216,14.7155540443357,-4.9514948541645,0.792034935028297,20.7254692540433
2.89,-4.94906305037164,-4.59999990463257,-0.153182602831894,18.3809580485628,7.187024324747,4.19081596188441,2.61251864163093,-19.0882927307294
2.9,-4.96101397645632,-4.59999990463257,-0.199068446097048,19.0246799176759,9.43072627516456,0.201590467058339,5.20233188537155,-9.104580040243
2.91,-5.00746886166527,-4.59999990463257,-0.243616112499788,21.2570765837999,11.7575768418951,-3.52735987058874,4.63199233782059,7.90009060146121
2.92,-4.962992921854,-4.59999990463257,-0.282558627969561,19.0579300643118,13.7469504612748,-4.93689301094664,1.09188828322537,18.2247833546502
2.93,-4.90579529038913,-4.59999990463257,-0.269707815738302,16.145333684355,13.1235301939485,-4.48933417431115,-2.23326476201356,20.5294011753937
2.94,-5.02153094798178,-4.59999990463257,-0.193962669806875,21.9528902978641,9.41164920687327,-3.42533420831234,-3.37861100115499,20.9870868154607
2.95,-5.02039593668952,-4.59999990463257,-0.22608858163005,21.741207774413,10.8217536172596,-2.48698738569085,-5.46201220879358,19.4805158648057
2.96,-4.91891160041709,-4.59999990463257,-0.234352971319617,16.8457876431734,11.2066698955717,-2.04690432900076,-3.55956925806613,16.8635960182046
2.97,-4.90420773649916,-4.59999990463257,-0.1164710320423,15.9934527838757,5.3762569634526,-2.17771773832026,-4.81339807430924,12.1425617266285
2.98,-4.79580579010256,-4.59999990463257,-0.15739087594368,10.7112211952792,7.49130594177979,-2.98231789304566,-4.58369187623276,12.4144520055148
2.99,-4.78880217214031,-4.59999990463257,-0.191963815238373,10.1912617506833,9.33370254006121,4.7338649417721,0.207192659005303,-12.2565341806531
3,-4.83048427675311,-4.59999990463257,-0.129605938596642,12.4208655862872,6.09985527355184,4.58050624711687,-2.19015096932155,-10.3620519342009
3.01,-4.80359157149075,-4.59999990463257,-0.123937390707736,11.01132937395,5.92466167211121,2.7426229926889,-4.11140203847309,-1.72021985716191
3.02,-4.78328468248301,-4.59999990463257,-0.157889862072692,10.0040470109452,7.59398606315313,-0.883653431574032,-4.43303784423845,8.85191588017082
3.03,-4.77975060553145,-4.59999990463257,-0.0709575950526242,9.89506842110626,3.24503787290763,-4.25823283091039,-1.83923421923356,10.0100062086469
3.04,-4.9430344841817,-4.59999990463257,-0.125924976208394,17.9668310792799,5.92351159741072,-4.03627754309985,2.06531308403545,11.9015842289295
3.05,-4.85586032952238,-4.59999990463257,-0.108021607243283,13.6752759061087,5.04266010629508,1.26727308593675,4.39375971240734,-8.54987157263513
3.06,-4.8514404521463,-4.59999990463257,-0.185366003852888,13.4694660484962,8.95762791775225,4.84098549895334,-0.411962206517858,-12.6639141594781
3.07,-4.68165776394332,-4.59999990463257,-0.124462420964518,4.87854874863471,5.88334178791039,-0.0221240772362084,-4.90283724550751,5.61050423557389
3.08,-4.67451637063027,-4.56542015075684,-0.0855518702938647,6.4333686757816,4.07122709814644,-4.65998857877164,0.905720970208055,5.50784182615545
3.09,-4.74032542225858,-4.58503293991089,-0.171517364999263,8.78658368151928,8.34612028640475,1.52254580439945,4.38625508281467,-10.0170409157769
3.1,-4.68178406720236,-4.55405044555664,-0.0381413178303929,7.20017514325304,1.6862931700237,3.67050776086732,-3.17934382617282,-4.81188050519553
3.11,-4.52502837292869,-4.40910863876343,-0.103808922291029,6.6790706235233,4.96750352486437,-4.21397000325234,-2.1683333260107,7.99480238895715
3.12,-4.52378485828912,-4.35856342315674,-0.0886113695132502,9.19400609700667,4.15543362956226,1.221296275576,4.7844059870329,-6.46368709025522
3.13,-4.63138300210926,-4.59809732437134,-0.087773353461627,2.53964489002398,4.30487306317679,-0.569844671604047,5.12527067742089,-3.39853357120883
3.14,-4.8078281791898,-4.59999990463257,-0.124293521748524,11.3985955802352,6.02839897690871,3.31207044844954,-3.84527024794121,-3.816213730714
3.15,-4.59444895874922,-4.59999990463257,-0.155453638262594,0.751402650133039,7.5986787484925,-4.36657817980113,0.856764412824325,-1.39621114774848
3.16,-4.63585374211606,-4.59999990463257,-0.105446933569347,2.58271239797506,5.21309285740591,4.63069020522571,-0.734940774178356,-3.23487597636554
3.17,-4.56264738357906,-4.59999990463257,-0.135393321310156,-1.01172289029345,6.61859922879595,-4.40757432128268,-1.51056924092027,0.953234698731449
3.18,-4.62226927928879,-4.59999990463257,0.00922995342228172,1.80460245138088,-0.638775354838494,4.30789579900496,1.99738521422134,-1.75556482249935
3.19,-4.62107619118112,-4.59999990463257,-0.118851403979729,2.03764999474089,5.83326545317133,-4.44494889645738,-1.12868743464613,3.72444688483332
3.2,-4.51176744742473,-4.52331876754761,-0.0658121357695083,0.344341904835347,3.13263643860405,4.49662222333599,-0.292262524602232,-0.266612740664725
3.21,-3.86951833046418,-3.91461372375488,-0.0548916531568262,-1.3809000042971,2.61316415518177,-3.74097928058801,1.38088853949931,-1.854752922371
3.22,-2.95978918734818,-2.8914897441864,-0.111509479443016,4.34406704336327,5.63594515943201,2.18163335159159,-2.19995907471864,0.513104492934079
3.23,-1.73656323823116,-1.70394682884216,-0.0745919920461803,2.63366759574579,3.69460436996932,-0.470799734007094,1.42119016339111,-3.33754578837738
3.24,-0.738450056486109,-0.639985501766205,-0.0602630869389724,5.80725462829813,2.93894426414063,-0.265127138868283,-0.330765997412872,4.54636118720552
3.25,-0.180573566983927,0.0513571500778198,0.00204679951207141,12.5620586497513,-0.13975751446964,0.141276967868158,-0.11487288476523,-10.0588778903792
3.26,0.0479783622855748,0.220134511590004,-0.00451894419594543,9.50746661537189,0.258740029516635,0.0478109275894599,0.273520623511862,9.50574274728761
3.27,-0.322093262279079,-0.146567583084106,-0.0365587548900195,9.5737830818768,1.84451184368801,0.245799050153645,-0.842206170232512,-7.01654224099413
3.28,-1.09011925173344,-0.922034740447998,-0.0221713188135719,9.40081157665991,1.12698202084963,-0.33657090179344,0.936912393921616,1.70852765820557
3.29,-1.89826196675558,-1.87561345100403,-0.0605630708137604,2.06466619458162,2.96045708336286,-0.687766360945284,-1.80702694975399,4.05011346017221
3.3,-2.8152591068292,-2.73221945762634,-0.0498971634830698,5.07438605494325,2.46231293232882,2.49621649297294,2.07234922827616,-5.55178366070681
3.31,-3.24970942703644,-3.24523019790649,-0.0560622609203296,1.01804121905873,2.6877158293993,-3.06834211673794,1.54962681887166,0.164090756624254
3.32,-3.22360223466902,-3.25662803649902,-0.00907448491627291,-0.846123325504248,0.325787810127649,1.05362941464282,-3.60595098063541,0.291849609832386
3.33,-2.82810148549746,-2.73980402946472,0.0538660882644074,5.40647337759758,-2.66172451810948,1.73172795323564,3.29423030966524,-1.48515093143546
3.34,-1.87514777097518,-1.79858291149139,-0.0546019043182622,4.85532393098299,2.6902422285395,-1.82554299206644,-0.195145989118921,4.15965296658235
3.35,-0.710269133176166,-0.643156409263611,0.0380987060283432,4.21909728331317,-1.89646802222413,0.190219136982217,-0.104037909849513,-3.07159950050083
3.36,0.301169770764631,0.469373166561127,0.00194561085030759,9.28200446936823,-0.0633680256490712,-0.246829138299657,-0.843220386166033,-7.39847104603077
3.37,1.13813537139258,1.3005747795105,0.074907644858196,8.83462039108472,-3.66872197957077,-0.618462321758755,0.743800239625214,-8.41739586373233
3.38,1.52723786351861,1.68892359733582,-0.0506139314290795,8.97910352472232,2.61534580278932,-0.67064649107608,-1.12070677125628,-6.58917112364385
3.39,1.37515195044925,1.5898323059082,0.101207900359952,11.7122283240678,-5.09411364226,1.37535915732553,0.452144752942361,11.5197033127251
3.4,0.906069185248742,1.08175718784332,0.0826489013796533,9.61422562454664,-4.165000291002,-0.389369833250476,0.213695278227605,-8.42278550658616
3.41,0.123354902762199,0.34121361374855,-0.053579194578411,11.869265731829,2.70468422358146,-0.00939860210242993,-0.0175692796503711,-7.51786123989434
3.42,-0.478860968123888,-0.40372622013092,-0.0279503124654112,4.47542578675927,1.37952332543202,-0.479523256003723,-0.0357919115181707,4.67358880321763
3.43,-1.01356414593584,-0.933474838733673,-0.0666511804390217,4.90742401548036,3.51164006287443,0.543932315186724,-1.79224906159707,-0.0483484078097207
3.44,-1.15062635209562,-1.09003293514252,-0.0182817868443532,3.91775849782056,0.857163320549594,0.489638190556832,1.10565661363902,-2.73584719667432
3.45,-0.950376603006884,-0.813484609127045,0.000698332953147585,7.71023843635955,-0.0820755564123342,-0.948723027913587,1.04482691302216,7.84968150251439
3.46,-0.329013472471469,-0.150301367044449,0.0038902188218483,9.93254630043408,-0.214797940194467,0.16524249952623,-0.311873360422413,-4.68569437645998
3.47,0.560093209191921,0.764268934726715,-0.0350492877783919,11.0678200207749,1.80177990315069,-0.290696508119498,-0.78317364261996,-7.80205626813693
3.48,1.5887385556271,1.7433443069458,0.0296378622039782,8.49861714337354,-1.4190163974925,1.56970960172648,0.333189227792812,9.41255944881401
3.49,2.30034722162139,2.59799766540527,0.0704198648676055,15.7880542486916,-3.4132267306972,-0.789937080704723,2.23486437774985,-8.96964676947199
3.5,2.89382798791312,3.18169975280762,-0.0279958112443039,15.2809398326998,1.45264157120974,-1.60729222909478,-3.18821268312476,-9.7488472519938
3.51,3.05292841513245,3.4200599193573,0.0996229899750016,19.3410173070178,-4.86825906796607,3.05072341404759,-0.0603458622674912,19.1577788466874
3.52,2.99184218659211,3.32544279098511,0.0940746601413569,17.6281108943913,-4.61534979948036,-2.2054301028155,2.41411420593032,-16.6359746948952
3.53,2.60100822570856,2.97993874549866,0.0535416764345424,19.8077160560976,-2.50069400582692,0.359088059809444,-2.94033192438983,6.00422526216091
3.54,2.14895690950662,2.51485681533813,0.0662383338347614,19.2634480169456,-3.24430366714815,1.01184714969415,2.28868043783664,5.99569510079983
3.55,1.72535339772973,2.06983280181885,0.0527250421780229,18.1848388822572,-2.50336872278798,-1.48752817598143,-1.44445866319812,-13.4914839883267
3.56,1.51774552012183,1.76308703422546,-0.00878830826807195,13.1795030101583,0.542747951890683,1.51343884900136,-0.0610609021782924,13.7104935075873
3.57,1.41263963031129,1.66493153572083,-0.0589747001511436,13.6534901925665,3.02362382220647,-1.3357101535224,-0.104949407358511,-11.5990930741652
3.58,1.49370174911601,1.78716194629669,0.058584269254315,15.7873392439813,-2.87581486312698,1.02433424379636,-0.901321953318882,13.3536264800917
3.59,1.76939360240132,2.08787560462952,0.0765156459826531,16.8648565376282,-3.80508563575393,-0.687185312545354,1.40441014175995,-10.706929962303
3.6,2.12746352112311,2.48659801483154,0.0540215285241841,19.1150714915313,-2.64835534768377,0.256794295410052,-1.99559011039689,5.77627108207206
3.61,2.565472864601,2.88506269454956,0.0507892725691922,16.9708044837523,-2.3523251602441,0.25660462011597,2.7176698194785,-0.702828604348688
3.62,2.83809264467872,3.18821215629578,0.0828115202260567,18.5392089282065,-4.06494397001623,-0.719010077539269,-2.76468873000958,0.0295550230284026
3.63,2.87015955185394,3.32166457176208,0.0653495746246502,23.5389867577784,-3.1466483577616,0.868821914794173,2.92424705397265,3.7662374209848
3.64,2.87359916815073,3.24116253852844,0.0583975906119452,19.4026585041068,-2.83291978612266,-0.769040984813062,-2.10366037862029,-2.25120506262208
3.65,2.60244339651908,2.93494820594788,0.00577420078810625,17.4476305810234,-0.211606870611234,-1.28675550272694,-2.94672066786563,-8.24342324983445
3.66,2.06480721243322,2.42211890220642,0.0431611075409104,18.9283816014797,-2.09790182566754,0.673954511381232,1.50946911266017,4.03755922407218
3.67,1.34615011691157,1.7463253736496,0.0567796856525488,20.949848738705,-2.81991232224128,-0.11564658619061,-1.82666195647936,1.56225232271583
3.68,0.655749653349354,0.968480825424194,0.0287980610594516,16.7372075705769,-1.38335069720312,-0.145869342315396,0.0857705374488456,-5.81312004452179
3.69,-0.127121321442597,0.159500122070312,0.0898902268476493,15.2849901611497,-4.33686749578202,-0.146019074831398,0.152354776354518,12.0193705866276
3.7,-0.865084217419244,-0.607318460941315,0.0287580850606685,13.8898186486306,-1.40759899386403,0.711386830131208,-0.441224356998051,-11.7882413098869
3.71,-1.53032420824052,-1.26464831829071,-0.0217871364102389,14.2537697047554,1.02748893436362,-1.43876772359438,0.118829674037379,13.4358184413301
3.72,-1.85279043838645,-1.76114737987518,-0.0968212463763339,5.77055715435111,4.77631032882069,1.84100189969107,-0.348534424150547,-4.91152807594813
3.73,-2.22475040557268,-2.07183957099915,-0.00439774454152231,8.5428912513521,0.106312412211653,-2.20617534295316,0.671684791086353,8.3963464394778
3.74,-2.35494382100998,-2.20476770401001,-0.0608310293642444,8.45844671948113,3.05613954296781,2.28694679845983,0.918122367427076,-8.70765457612636
3.75,-2.28158335432729,-2.20390820503235,-0.0843180754486379,5.0406794415856,4.24997540391155,-2.18305747161277,-0.547148540904837,5.9291242059506
3.76,-2.26481154043358,-2.14571189880371,0.00353688807894814,6.94102073639755,-0.192736865221695,2.14172370838395,0.5320822482833,-6.5777982177109
3.77,-2.15129503974508,-2.12498950958252,-0.0728876590106554,2.26066134687974,3.63081737593362,-2.09952716736585,-0.903278949969269,2.58848757441125
3.78,-2.35340183139971,-2.23449492454529,-0.0349000703285618,6.77868440606326,1.48633692217075,2.34200538352771,0.503970885350838,-6.92959019407841
3.79,-2.64714914683263,-2.54085874557495,0.0300975966125843,6.31351997586723,-1.65186753895398,-2.63706298913542,0.643466566914169,6.61326375256157
3.8,-3.13224854082047,-3.06252646446228,-0.0992104564005736,4.45880042483323,4.85486882467332,2.85417594580587,-1.34294998226821,-2.41091460433381
3.81,-3.75595583443589,-3.75551748275757,-0.108658405019185,1.05082452201782,5.247851702283,-2.58021995407923,2.7832124039291,-2.85895742551727
3.82,-4.43253424165754,-4.51652956008911,-0.0227481536730508,-3.20279401945893,1.09782993116961,1.1964493123016,-4.5906001398165,2.16485010373836
3.83,-4.60544830710822,-4.59999990463257,-0.00916117089645155,1.37711176030316,0.314080215396981,1.64810953791147,4.65142045714483,-0.644266694447954
3.84,-4.5510435384786,-4.59999990463257,-0.0972274813980535,-1.46249820779467,4.78325790019125,-4.18760355103419,-1.55772593239282,0.592820407205541
3.85,-4.48112449899323,-4.57249021530151,0.0221645979445883,-3.55533226879947,-1.20635679285956,3.94929999170492,-2.04545543063877,2.17902860764248
3.86,-4.21984645405419,-4.2707142829895,-0.0284187630288606,-1.65061359908726,1.3817489432787,-0.0323996654131774,4.65740340417167,-1.43836663439664
3.87,-3.57166291050144,-3.56461548805237,0.0488270314166961,1.21461082357603,-2.44526253717878,3.57094165137479,-0.368833307920774,-1.46225571241447
3.88,-2.5763074274809,-2.55699610710144,-0.107093897775539,1.96554768574596,5.27335482392629,-0.630559288586847,2.7512538825402,-4.33972145325191
3.89,-1.40715496779082,-1.42040133476257,0.0136237687160637,0.294098039556938,-0.624180463443219,-1.23512534860766,-0.453563796369785,-0.333578275617876
3.9,-0.446851130724705,-0.358253121376038,-0.0525593422861559,5.34656545088899,2.56487308476319,0.227774886410139,-0.531354825500336,-1.25608199414968
3.91,0.297404901643127,0.445024132728577,0.0481987840348586,8.47189407778107,-2.37644136503971,-0.243116015980833,-0.905341009586798,-3.76937385720541
3.92,0.690943872522436,0.871790885925293,-0.0407330685507922,9.94322553126706,2.1399790453125,0.584672090108382,-0.160042624124014,7.46792304477258
3.93,0.740993576182426,0.905404567718506,-0.040250704510947,9.17524544466616,2.0740171017612,0.284010173182883,0.47867757628502,5.89267005595794
3.94,0.471789619793748,0.637950539588928,0.0903666000999487,9.24104469058654,-4.51666660340945,-0.435231982467642,-0.945347359596002,-10.2397943137558
3.95,0.0747989535466607,0.250026702880859,-0.0939912330155468,9.84236302935381,4.76982692361598,0.0914296339298063,0.558908067629799,-5.16164273415826
3.96,-0.0822775867584488,-0.0337703824043274,-0.0607522974641075,3.36622814934198,3.08287988280756,-0.0920373626191835,0.348907617547865,4.20742495983021
3.97,-0.0974247782497155,-0.00382131617516279,-0.0459311506353554,5.66602892479019,2.32076357026955,-0.00441975516541238,-0.206008123577195,-0.154538241936992
3.98,0.305272289048279,0.476641297340393,0.0174159266196253,9.70981909673423,-0.840169884476811,-0.259794137399788,0.124144078003475,-7.60423836441525
3.99,1.18283584885533,1.43057703971863,0.0145629058501706,13.3837264765019,-0.665549262479812,0.869834367365155,-0.209624355193295,10.3308510755455
4,2.55312758462476,2.75369548797607,0.0429210505509436,11.0892507649498,-2.07545093570957,1.18364887196049,1.9926533127643,3.17100762301905
4.01,3.8874050438819,4.23453283309937,0.0312475857733365,18.4662844737661,-1.42263680083003,-3.8568166210109,-0.393668538291344,-18.9281106933134
4.02,4.26939961200808,4.59999990463257,0.0386705789442535,17.4697771198792,-1.77921078875128,1.42480478658862,-4.56619370309432,8.16181657147465
4.03,4.13167549552095,4.59999990463257,0.087325089175787,24.283323625377,-4.22845229318358,2.47992497082508,3.30522791328607,10.4678649738223
4.04,4.1049135960158,4.56955575942993,0.00904469698420476,24.2354835787345,-0.36314500441747,-4.08161359176504,-0.711677737403742,-24.0578810213297
4.05,4.04508938644518,4.45675230026245,0.0759381919634155,21.5369944949828,-3.65789049417693,3.29590305425781,-2.75097748176353,19.3655551001167
4.06,3.55690319467586,3.8767945766449,0.00368316798756441,17.1023538531307,-0.0683765914821263,-1.34258547635163,3.11589061718697,-6.29279550887551
4.07,2.67585111769334,2.97844886779785,0.0889847337895805,16.0628256857702,-4.40452548563241,-0.320469809208344,-2.78727136784939,3.12345402915457
4.08,1.64388332286879,2.02545213699341,-0.0562811934737141,20.2015595397083,2.97469037367767,0.708916800363622,1.57431204761485,11.6757323722509
4.09,1.04292052016512,1.28337776660919,0.00375069337028588,13.0749239834741,-0.0782461221190792,-0.764091497693659,-0.704213050476096,-9.55928644907486
4.1,0.654970013522354,0.951690316200256,0.0438018587569758,15.8832085745633,-2.13395180644237,0.609652592777886,0.5361041435244,12.7786836181878
4.11,0.841634201128697,1.10970258712769,-0.00867294240898725,14.6229936661093,0.539461643185313,-0.828786475026966,0.526056671349349,-13.8034286730904
4.12,1.44274773467375,1.69550180435181,0.0621529392710989,13.5364793872174,-2.99603891743099,1.43175523553962,-0.726153961680018,14.2673278250865
4.13,2.22981945797675,2.52133393287659,-0.0339238173597054,15.4856712028339,1.73150216014694,-2.14404740773739,0.453945914663855,-14.1654787553891
4.14,2.98754822008454,3.32272481918335,0.105936237310764,17.9315645333617,-5.24745177852235,2.67187921489647,-1.27959556058531,18.0123763254448
4.15,3.36492619533374,3.8270161151886,0.132032116337598,24.1580359756303,-6.51153776329659,-2.93656649046433,2.44091661264747,-25.0377196882217
4.16,3.36705122696107,3.82487940788269,0.135696728343961,23.7933146843553,-6.70250312442718,-2.25892360952861,2.40994154116095,-22.0771734148835
4.17,2.79954591424362,3.22469472885132,0.101195485715266,22.2756729987033,-5.05227597070365,2.20983635286391,-2.0491479572042,21.2083112983814
4.18,1.69721428156214,2.0767924785614,0.0789406811432655,19.8883946229669,-3.94816319673485,-1.55474031984662,0.114568043674876,-20.0147982978627
4.19,0.348288411661296,0.561422765254974,0.0137280000293182,11.7769949690744,-0.641908721125153,0.346877763841281,0.344068911647665,11.859841819075
4.2,-1.27344449635338,-1.05752241611481,0.0373690272636119,11.8848373263329,-1.84766596537614,1.22137315330283,-0.00719205172423076,-10.652841100666
4.21,-2.55635645338692,-2.4977855682373,-0.0285820532016872,4.06544080434719,1.37123138118208,-2.21011335912994,-1.05848958164694,4.10123089135375
4.22,-3.62182152499787,-3.52891445159912,-0.0665285595380908,5.75902464687393,3.19521489710935,2.72816013512414,2.34101115012418,-6.69053527713263
4.23,-4.03882491404204,-4.02565002441406,-0.0115347370306005,1.56961068256492,0.518395866044127,-2.7471980025632,-2.85046986982052,1.75577769512559
4.24,-3.99109330120459,-3.9949312210083,-0.0725759383586921,0.777836053545399,3.56418841966696,2.85574292003703,2.83083178172972,-3.25301641817807
4.25,-3.55410338637244,-3.56768226623535,-0.110735357519446,0.393985387972676,5.38515197894621,-2.92463781698519,-1.73468926261585,3.15663178970583
4.26,-2.96088055425202,-2.95924305915833,-0.0917773656981118,1.10085240005891,4.43420760880312,2.79235076318271,0.551616221600101,-2.61063871041542
4.27,-2.53371496749376,-2.41081380844116,-0.0620449767380775,7.25880058310438,3.0504957069395,-2.53436417303921,-0.70744370559764,7.16935908930481
4.28,-2.26769629577293,-2.12487769126892,-0.0362448019693931,8.06395058660837,1.71850646483211,2.05871067153564,-1.17841569889374,-6.39564504456771
4.29,-2.31411370178435,-2.21376466751099,-0.00570984736302127,6.09781372517989,0.231078804010701,-1.40247458738811,1.336139409487,3.24192147382207
4.3,-2.74309821931551,-2.67531132698059,-0.0146969845334075,4.42696647390135,0.632026177093602,0.211055314118685,-2.43341378610943,-0.128192824103863
4.31,-3.46968559415918,-3.39750719070435,-0.125386704879527,4.66604297830792,6.2078862676895,1.98631327007638,3.36948179371871,-7.91899590518618
4.32,-4.23881209544934,-4.18690347671509,-0.0725282728654353,3.69675608405522,3.45549629265607,-4.13715821993649,-0.955282158039373,3.5624792358249
4.33,-4.59719758787265,-4.59999990463257,-0.0550020098263748,0.98370770953146,2.59014625196166,3.62514727121157,-3.09745135865847,0.728152487523712
4.34,-4.58909627252219,-4.59999990463257,0.0189618907197255,0.512412776926741,-1.06692214624248,0.468117992471965,4.58345037150235,1.1424278828288
4.35,-4.38588385938642,-4.42984914779663,0.0369333265779792,-1.17144553243738,-2.05504348600906,-4.18006784274559,-1.62340093860397,-1.65697669658302
4.36,-3.74825122705774,-3.82030725479126,-0.0507211625140473,-2.54952087827949,2.56639786699352,1.99065376875073,-2.9090781521913,3.12258480832995
4.37,-2.81329364127062,-2.82166695594788,-0.0571929430842242,0.689243665374335,2.94996978561404,2.12690013910488,1.73587347945884,-2.60361469059654
4.38,-1.6137818444944,-1.5864245891571,-0.0563080062052417,2.41180615389915,2.93332281511016,-1.13152070437596,1.28737669520674,-0.0205669114399304
4.39,-0.421080296894597,-0.300135374069214,0.0907281851272953,7.03519552191563,-4.58535491858121,-0.213157929464598,-0.421364720543539,0.875679960513295
4.4,0.665535998477431,0.86216938495636,0.0202863756484652,10.9145677788207,-1.02984091362431,-0.491347395558208,0.00724977997459803,-9.00727440664682
4.41,1.62395086113885,1.77491426467896,0.0899762380444477,8.64444496349146,-4.44410144572535,-1.07578746406651,-0.073644627953642,-1.55789033239888
4.42,2.1509675028866,2.38324594497681,-0.0569112204246426,12.6678061062763,2.96901907161681,-1.27559953205349,2.07929989397883,-4.50177470741532
4.43,2.42213744068647,2.70634984970093,0.11839069048347,15.3341957258639,-5.74945257341149,-1.82444568025886,-1.56946613580922,-7.08474024071192
4.44,2.52234898094048,2.82304096221924,0.0273155475843695,15.9508784099675,-1.36734652400549,2.11358504174201,-0.894555651669486,14.0591312169273
4.45,2.61858617752652,2.84435033798218,-0.0196584346377346,12.29740437015,1.08351167760091,0.630002303632014,3.02592968917121,4.32719806166109
4.46,2.68325592909373,2.88357090950012,0.0835678499768919,11.2997774643259,-3.97036090917185,-2.66683999655993,0.153922766426483,-10.3141084842697
4.47,2.78238270497349,3.02782607078552,-0.0317965920942324,13.2095037755415,1.70896582201031,1.65188330894161,-1.6037623640348,6.37166119226142
4.48,3.02016816699033,3.32008862495422,-0.00640541158715757,15.9774080857652,0.362796695144097,1.11955735830777,3.13146754256436,6.77536889928208
4.49,3.45003406445213,3.75775599479675,0.110241535342692,16.4784520512556,-5.34366618745207,-3.347714183088,-1.3995884243125,-14.2372741130325
4.5,3.89209152460068,4.29483032226562,0.0900526907635926,21.1619941339846,-4.36132444282313,3.32281971597447,-2.28334557126073,20.8406988003613
4.51,1.75524181015967,1.94043803215027,0.0202909206117947,10.3458283534149,-0.948601066543558,-0.575150243494962,1.4643534966906,-4.58270057111082
4.52,0.199098674958534,0.467884182929993,-0.0969528241855822,14.4323126835356,4.88119589380258,0.0328971699050943,0.41821055225273,-8.82465811778811
4.53,-1.06292865265368,-0.995908975601196,-0.0404737834174603,4.22480893851,1.99193403795787,-0.885826842035925,-0.127504798560903,4.89534488421185
4.54,-2.44986567858335,-2.4259090423584,-0.0188973521089966,2.39256835791407,0.842188841499538,2.44550038983578,0.125290274401516,-2.19169906211235
4.55,-3.85938405331619,-3.79888081550598,-0.0187360899569649,4.19151148222721,0.858936929814691,-2.65667918415204,2.25292053507589,1.8820452256352
4.56,-4.61518376393378,-4.59999990463257,-0.00677630356262537,1.91054089590366,0.238786448581781,-0.499689671477016,-4.62136794660696,0.899867651297634
4.57,-4.53340397215128,-4.59999990463257,-0.0130744712721564,-2.22336615045133,0.607743165735294,4.07848897768725,2.78229538166699,1.74609786225307
4.58,-4.57901299800452,-4.59999990463257,0.033846745593228,0.0786061547941766,-1.71127035895615,-3.54506065791901,2.22895557118025,1.46812369884118
4.59,-4.56614436075414,-4.59999990463257,-0.0331274480869026,-0.68840236517423,1.57043898035985,-1.8441637608526,-4.27577623344412,0.946932757027284
4.6,-4.44581840813832,-4.59999990463257,0.0211780612325905,-6.63325619555899,-1.05791890149127,4.29873647469914,-2.06913304265733,6.32111027490339
4.61,-4.46830778807633,-4.59999990463257,-0.0287531805972273,-5.64337679850497,1.40750504554106,1.15481575685891,4.66535931938038,0.414864610961598
4.62,-4.46664914426028,-4.59999990463257,0.0373372666232801,-5.59046484182275,-1.90806687574166,-4.15389290034192,0.765562832067272,-4.47169490047283
4.63,-4.52398397548215,-4.59999990463257,-0.00244376345375241,-2.77657297073743,0.0761058122555298,-2.74821613180299,-4.88118326341856,-2.04977106835428
4.64,-4.43009454044677,-4.59999990463257,-0.122571656769957,-7.47728280731445,6.03112530454636,2.06866261740429,-4.15022567695687,9.25431579260868
4.65,-4.45955324207006,-4.59999990463257,-0.0595958583424547,-6.14982818384582,2.99976417555431,4.45610919147749,0.622970663912698,6.52687608721405
4.66,-4.49165392475616,-4.59999990463257,-0.0971189852442231,-4.35755516639622,4.8701240397793,2.9853523911344,3.14917513926899,-0.836534367080983
4.67,-4.45516189720771,-4.59999990463257,0.0439581171369557,-6.14462437722777,-2.21967227009786,-0.265579061069265,3.8465884414281,2.24216909711871
4.68,-4.44996143949864,-4.59999990463257,0.00190766859792801,-6.43562782529807,-0.0345462569770657,-2.77092989988526,4.38027180977332,-3.80163563550059
4.69,-4.45244850699745,-4.59999990463257,0.0408427308108301,-6.24097046169102,-1.94471857726596,-4.09529868816302,1.66065711551613,-4.75884956975739
4.7,-4.37021240450873,-4.59999990463257,0.079475160506453,-10.2395282506217,-4.01159108509115,-4.36530855402558,0.595138369017212,-10.2821680992763
4.71,-4.29386856361964,-4.59999990463257,-0.0334547439272739,-14.2367192140167,1.82220488723374,-4.25570698407704,-0.461228627917667,-13.5623508166649
4.72,-4.34546021644115,-4.59437084197998,0.0211513397569658,-11.2596081344903,-1.03739477233632,-4.23263336702999,-0.80887486625538,-11.6490259846306
4.73,-4.28813255662669,-4.52968740463257,0.0637351422939501,-11.0132265318945,-3.11303514229114,-4.208522857067,-0.999999961862647,-11.3831226814806
4.74,-4.18602794348148,-4.3922905921936,-0.0575830728487294,-9.21930380413322,2.94249460992165,-4.18637165430208,0.618024330615792,-9.49321415670666
4.75,-3.92158125443249,-4.18250799179077,0.0379722177146851,-11.9518833656152,-1.77897211859917,-3.77429031818085,1.69538905386166,-10.8111878718095
4.76,-3.68069919362819,-3.8985960483551,0.0481496780180772,-9.73840700291425,-2.38159643320146,-2.83778092475465,2.01341136068911,-4.88618139003676
4.77,-3.37629385452181,-3.55169749259949,0.0594219850790813,-7.61629502960409,-2.93767684811872,-1.1560640117634,3.33060907561332,0.431482927549042
4.78,-2.96210119062973,-3.15151381492615,0.114727325071372,-8.42820928378357,-5.66758469076473,0.770440114980224,2.5675410709261,7.98459232640452
4.79,-2.56264222825805,-2.69905376434326,-0.0278079172645711,-5.86411119560121,1.49281692965964,2.20724057497702,0.941359673350815,4.61394052741243
4.8,-2.02450941613012,-2.20845627784729,-0.0126436475016717,-8.16347546712678,0.526603119007551,1.9547636332711,-1.08774095940541,8.18744566713321
4.81,-1.55779111318686,-1.68451428413391,-0.0511607171602066,-5.37895489346314,2.71599846741607,0.632398965334943,-1.57678640587166,4.51168309106438
4.82,-1.06351013596194,-1.13939797878265,0.00506053024699815,-2.7433281285715,-0.307669681585991,-0.466020002733527,-1.59125310209091,-1.61165004218702
4.83,-0.512587054432044,-0.580421447753906,-0.0225652130994306,-2.23038644565743,1.12579171048227,-0.508845478795754,-0.923462575496689,-2.09693322513034
4.84,0.0279351115617212,-0.0187345743179321,-0.0356763267935294,-1.3147798676587,1.77135790711671,0.0449552886161634,-0.21497370635388,-2.0805132183203
4.85,0.524171624346496,0.536712765693665,0.0108885096851815,1.72105798008021,-0.501884708749988,-0.0949146310480536,-0.136527522751113,0.436794790151484
4.86,1.10359983344649,1.07602024078369,0.0637521015568579,-0.26088982056341,-3.10758869830001,-1.00958514948493,-0.661882040961495,1.76927327324895
4.87,1.65832710560627,1.59123086929321,-0.0183789550260222,-2.25502647953395,0.902139908573697,-1.52089451007664,0.192661074063883,2.69955685019273
4.88,2.03978107406224,2.0711669921875,-0.0867342744509783,2.77879640750893,4.45995505758737,-0.689672405740499,2.97645229645989,3.57374196205792
4.89,2.51375000787644,2.51149249076843,-0.00229768876872072,0.879863899049308,0.165914972552887,1.16589575492088,2.30353478020139,0.792495205975597
4.9,2.89759319249946,2.9005491733551,-0.0387527723374355,1.31718747971331,1.88144553333653,2.6751697844688,1.70542984967511,2.11907290064511
4.91,3.21653746985682,3.23857450485229,-0.0619300702460862,2.37778534539838,3.13290722414398,3.13895760962967,-0.651064673388616,1.43918106181135
4.92,3.46797372502973,3.51326203346252,0.0144563016755381,3.16576852577135,-0.737622991792062,2.49612954950891,-3.26340266220869,3.50144583212312
4.93,3.66847734971857,3.72361063957214,-0.0543554581924379,3.55701602174837,2.84495425797696,1.45672465146945,-2.96453903363668,-1.25550935500941
4.94,3.78516592423538,3.87187480926514,0.0149062528861221,5.37425319674935,-0.622724351370808,0.309026432271818,-4.0019540867811,0.692861673893608
4.95,3.79764423932203,3.9549036026001,-0.0609984985283953,8.81592538385806,3.12316960888826,-0.368235672274111,-3.5151584101057,-3.76408238025987
4.96,3.77675121560932,3.9701189994812,-0.0619194594770489,10.676880767498,3.1190090382443,-0.684038269074167,-2.7139079364544,-5.17670791939218
4.97,3.72492050091602,3.91733741760254,-0.0713212901116438,10.5837106887421,3.6087522769971,-0.553369463313424,-3.09662284553778,-5.24449663120982
4.98,3.5685445254495,3.79975152015686,0.0686528330192868,12.6485668779295,-3.38787485567179,-0.158267961986543,-3.37852673550394,3.20909212417764
4.99,3.54459735572162,3.62152743339539,0.0241821039992227,5.02438952702754,-1.18109809561761,0.766591159772976,-3.06095152419274,2.41476073201223
5,3.22583611512857,3.38594508171082,0.0208439273882108,9.06198101281605,-0.967899408552672,1.73743023214947,-3.14523477332736,5.97678230987015
5.01,2.89353753051117,3.09309339523315,-0.0285748637628296,11.0121129550989,1.4646197300863,2.485840659629,-1.39854898608024,8.17154693708218
5.02,2.58955506744759,2.74755334854126,0.104860271930258,9.01056428964182,-5.10305079785233,2.5890785795822,-0.0531652988703517,8.98647625372247
5.03,2.2068096142307,2.36186218261719,-0.020550005098767,8.89172484118555,1.06712219166938,1.78932333758738,1.70417936361633,7.77416265473763
5.04,1.78534445315414,1.93814086914062,-0.0543968401038702,8.63252887775397,2.77552941235635,0.417974941982132,1.77343727216161,5.27852814912633
5.05,1.4300356894248,1.48662292957306,0.0564221388718716,3.89372307617029,-2.73055619351237,-0.607278529292161,0.924555260380578,-4.38694199103644
5.06,0.915410707090237,1.01417255401611,0.0316296707180585,5.88598179263444,-1.49454715290993,-0.8629251649569,0.368979017423146,-5.96313442169742
5.07,0.510796273404121,0.529544353485107,0.0529938311316361,1.98795147707936,-2.5261567456432,-0.472261943433906,-0.529203537193028,0.115564070717753
5.08,0.0602863825546915,0.0411409139633179,0.0464553481098282,0.0751992518155984,-2.31188329823216,-0.0592455775568545,-0.0852042430515375,2.27949998571894
5.09,-0.458887522542139,-0.442979454994202,-0.054073338960291,1.71949014118744,2.81699031116576,-0.211313443987644,0.944541984849068,-1.21242528850118
5.1,-0.888342946584652,-0.914057850837708,-0.0067048541679999,-0.291818132090834,0.373397143771245,-0.875180632009156,0.276037667345856,-0.130301340693007
5.11,-1.38346235044473,-1.36519229412079,-0.0114350937942509,2.01166671120009,0.648466085553988,-1.13217193931742,-0.590225196688531,1.83110418841587
5.12,-1.78728758653103,-1.78681516647339,-0.102116539570676,1.19401334437818,4.94336883803815,-0.466395053392389,-1.71904101484855,4.74600448213291
5.13,-2.13037651361066,-2.17434120178223,-0.0778214936072091,-1.14730716302259,3.91098656681284,0.920665619664535,-1.41558215640643,3.40937351338746
5.14,-2.44891733131228,-2.52023935317993,-0.0270324440459665,-2.60262961768065,1.41196765151438,2.18033497493551,-0.730144659614798,2.63757762584593
5.15,-2.73273790724182,-2.81729817390442,0.0612849629516703,-3.13074975316926,-2.97758518636459,2.7173964992784,0.124118603423272,3.62861980760758
5.16,-2.97895693837291,-3.06650447845459,0.0214497747365436,-3.33118636733062,-1.0226443497671,2.52353904210862,1.65322865516881,2.83682320953356
5.17,-3.16236866434972,-3.26059794425964,-0.0622886605908111,-3.92594525550106,3.09838259335075,1.93533110166714,2.48293889280919,-0.402359750329611
5.18,-3.28600264604236,-3.39152002334595,-0.0628898747817892,-4.19552891823466,3.15029309422449,1.21969645090946,3.19930418148807,-1.02224340424628
5.19,-3.31407910219602,-3.46117544174194,0.0451149241094779,-6.24464709053648,-2.22765200441458,0.577028363339203,3.58428787984089,3.42297973570995
5.2,-3.31874756515527,-3.47173619270325,-0.081991546203112,-6.51095050621475,4.23952920316794,0.473145242452921,3.70359494539717,-3.63729849477876
5.21,-3.31234610742434,-3.42393898963928,0.0477880554455937,-4.61529369996672,-2.33655478862763,0.441769296127653,3.88432284847886,3.01247240020401
5.22,-3.22301248728995,-3.31818389892578,0.00753023898602856,-3.77602699844143,-0.279516298379059,0.874954106987578,2.34883440353919,0.965768537609418
5.23,-2.9796954496513,-3.15385746955872,-0.0180376581652482,-7.64150561101338,1.03391296264147,1.45917138806416,2.66798586424379,2.95921450664726
5.24,-2.80876587732506,-2.9336564540863,-0.0206441862557527,-5.09107179428227,1.03095457826666,2.09037783489946,1.77932936631885,3.6022965293029
5.25,-2.49025892703842,-2.66796827316284,-0.0350565523842923,-7.8932502384371,1.91532726213828,2.36951191018408,0.73088685452669,6.73316012579928
5.26,-2.28524477554785,-2.36251091957092,0.0205102093694042,-2.67257681750396,-0.990552999817763,2.26016751887224,-0.569006986655811,2.46702042648961
5.27,-1.86837561099016,-2.01843929290771,-0.00723068810692984,-6.33101273816658,0.416646533449978,1.41275877812166,-0.65329667754931,4.94930954318709
5.28,-1.49172082368461,-1.64386677742004,-0.0519081871679549,-6.4880964859522,2.6534361500625,0.318853736465711,-0.996171642510357,4.07326194245337
5.29,-1.1333506805722,-1.24696063995361,0.0193133863525077,-4.75942626420744,-0.855967208222086,-0.429359828031617,-1.21964809843405,-2.91309434005289
5.3,-0.74589629490785,-0.83223295211792,0.067189806333054,-3.26230555213054,-3.35868056325078,-0.632815971663502,0.010866065348383,-4.23881418330534
5.31,-0.265755022992858,-0.409142911434174,0.0141664877264168,-6.10807633563476,-0.62354263302347,-0.26159489445475,-0.412770173900961,-5.40263702950207
5.32,0.142527308114533,0.0159872174263,0.0734595001731104,-5.2490841977882,-3.62788846322045,0.0215307944799626,0.689861197248179,0.315120650117885
5.33,0.523011175989767,0.435916602611542,0.035637983130934,-3.43508609154157,-1.79058865755566,-0.0922548313496841,-0.158767581114793,1.92660899529203
5.34,0.850849347727297,0.842920660972595,-0.0306984393594336,0.608724152506466,1.43092190278304,-0.597022240224475,-0.766396022032509,-1.57731502829712
5.35,1.16513937059874,1.23095691204071,-0.0660247432107891,4.34189154002706,3.36302890373709,-1.15606186420952,-0.0610402341028869,-4.42844876965745
5.36,1.60789564297522,1.59325504302979,-0.100068021604137,0.107254695155683,5.07107371332561,-1.41601428125236,1.23164383153087,2.69664437256466
5.37,1.97132478765149,1.9219012260437,-0.00299514035973752,-1.43820757958861,0.0807717938837226,-0.812206178653123,1.90575746341305,0.602965122967559
5.38,2.1223915528247,2.21588063240051,0.0789841997943838,5.76069897792001,-3.96173678476341,0.30820208743811,2.58731485209343,-3.41507376185856
5.39,2.36929888119706,2.46703386306763,0.0672315615084655,5.92488900868821,-3.38957392158095,1.34253610113577,1.73692457596811,0.87449761099866
5.4,2.69121240022001,2.66939258575439,0.00186502237551234,0.0277218667288242,-0.0286677725386627,2.20616836881358,1.64165252447662,0.398151106962773
5.41,2.72431041600054,2.82528233528137,0.0524871058992549,5.97291206970288,-2.63550027429538,2.61531207151984,1.13940346395667,5.22492754647579
5.42,2.86827546800374,2.93373012542725,-0.00403694429157508,4.40499111268563,0.252256565200247,2.85946854002659,0.261765087443751,4.41898042184461
5.43,2.89301011973634,2.99247145652771,-0.0378060173285752,6.13789392019591,1.87280269069592,2.88909429581165,-0.860833536173251,5.89816019745314
5.44,2.92017858284878,3.00034689903259,-0.00333478196689263,4.9157905083142,0.245179943871424,2.89790964711717,-0.598463033517078,5.46304211746937
5.45,2.85157180720321,2.95746755599976,0.0748985904969184,6.20962167750834,-3.74353848089206,2.83116429016383,-0.501909545291181,6.16264556957926
5.46,2.7835147780759,2.86591696739197,-0.00334635274830464,5.150655043336,0.181850309015456,2.78306936673811,0.58611565660408,4.70165273169026
5.47,2.58593164022249,2.72846603393555,0.0777091079129,8.32673874168217,-3.85672451387069,2.54519033750683,0.241251106001041,7.5483457069267
5.48,2.50050651894277,2.54818058013916,-0.0128499042316128,3.42335411896931,0.695236361971518,2.21272318796767,1.27009763237203,3.15673359106469
5.49,2.19248852495547,2.32639718055725,-0.00622284721610322,7.89349901210999,0.367653846032346,1.4903449708496,0.934754635114826,5.61497618157552
5.5,1.89747544170201,2.06376767158508,0.0111239722789469,9.26963302136375,-0.545999285977889,0.640674802457658,1.69387855064924,2.42245422387409
