t,iq,id,vq,vd,ia,ib,va,vb,theta_e,omega,omega_obs,r,omega_ekf
0,0,0,0,0,0,0,0,0,0,-0.144963141214248,0,0,0
0.01,-0.0241823200371289,-0.00464105132025594,0.148112868903805,-0.0557772798034009,0.00802466531104168,-0.0232793622417183,-0.122157011891598,0.100628978544446,0.52156938491557,-0.144963141214248,77.9825403340865,-0.144963141214248,8.47936485908556e-10
0.02,-0.0238892010089973,-0.00464105132025594,0.146705174930298,-0.0557772798034009,0.00787862125625029,-0.0230252168134437,-0.121455640380145,0.0994084539334817,0.52156938491557,-0.144963141214248,77.9825403340865,-0.144963141214248,-2.53623205062671
0.03,-0.0237719533971227,-0.00464105132025594,0.146001327940344,-0.0557772798034009,0.00782020363402386,-0.0229235586415946,-0.121104954622824,0.0987981916252247,0.52156938491557,-0.144963141214248,82.8370369639837,-0.144963141214248,-1.17510380896789
0.04,-0.0143530618728908,0.0147829697850138,0.0891070293220194,-0.172501034254174,0.0199686918283046,-0.00507916601991549,-0.193961823165653,-0.00868795992225736,0.52156938491557,-0.144963141214248,82.8655093012931,-0.144963141214248,-15.9957793672976
0.05,0.0724687950412161,-0.0529666088594293,-0.315839607370728,0.176261089209574,-0.0820310381068292,0.0364430610117962,0.310189507344573,-0.186024457227463,0.52156938491557,-0.144963141214248,85.9173649057966,-0.144963141214248,-9.24239931669602
0.06,0.0343828623080602,-0.0240650724262762,-0.144804788040825,0.0609464746518749,-0.0379963076298099,0.0178210419975319,0.124990678818947,-0.0951852384585905,0.52156938491557,-0.144963141214248,85.9173649057966,-0.144963141214248,-5.7212469589657
0.07,-0.0240650724260983,-0.00464105132025594,0.147409021918384,-0.0557772798034009,0.00796624768923575,-0.023177704070601,-0.121806326136535,0.10001871624012,0.52156938491557,-0.144963141214248,85.9173649057966,-0.144963141214248,-4.42581659889712
0.08,-0.0630303622484549,0.0147829697854071,0.381320839280276,-0.172501034256537,0.0442217414121525,-0.0472842505209127,-0.339554860727787,0.244672609511408,0.52156938491557,-0.144963141214248,82.8655093012931,-0.144963141214248,-15.5145135717715
0.09,-0.0434304697255355,0.0149002173966153,0.20535909101606,-0.173205604196326,0.0345579203657555,-0.0302319751098263,-0.252494310144457,0.091755985813634,0.52156938491557,-0.144963141214248,77.9825403340865,-0.144963141214248,-30.3578496667597
0.1,-0.0436649649482216,-0.0238305772024576,0.206414861496877,0.0595373347638701,0.0010936727180562,-0.0497325793993987,-0.0512232931311694,0.208633562780196,0.52156938491557,-0.144963141214248,74.9306847295829,-0.144963141214248,-27.4061180567897
0.11,0.0631085273242523,-0.0239478248136595,-0.259297232254311,0.0602419047036212,-0.0522069669560636,0.0427857118158633,0.181424673125306,-0.194805620346134,0.52156938491557,-0.144963141214248,72.79438580643,-0.144963141214248,-39.006913412736
0.12,0.15075111752825,-0.0920491462975412,-0.727120867010061,0.411117738018768,-0.15492059476901,0.0848442931878073,0.718736598864097,-0.425605746211679,0.52156938491557,-0.144963141214248,74.9306847295829,-0.144963141214248,-33.3843404703241
0.13,-0.062913114637913,0.0147829697856292,0.380616992297789,-0.172501034257871,0.0441633237907826,-0.0471825923501083,-0.339204174975343,0.24406234720896,0.52156938491557,-0.144963141214248,74.9306847295829,-0.144963141214248,-45.5759582486584
0.14,0.0237328708657386,-0.0529666088621976,-0.081927790035202,0.176261089224361,-0.0577487797176107,-0.00581285257147779,0.193644940172345,0.0167860507642253,0.52156938491557,-0.144963141214248,80.7292103781401,-0.144963141214248,-12.8283129551095
0.15,0.160404504271079,-0.0727423728009535,-0.785070936089332,0.295098553494206,-0.142990599985696,0.102833584528082,0.647016648066991,-0.533656245246609,0.52156938491557,-0.144963141214248,82.8513326981613,-0.144963141214248,-29.6546311592654
0.16,0.0722929236263463,-0.0529666088606289,-0.315135760394416,0.176261089215982,-0.0819434116759956,0.0362905737559757,0.309838821599605,-0.185414194927841,0.52156938491557,-0.144963141214248,85.9173649057966,-0.144963141214248,-13.3874924459362
0.17,-0.0238892010079026,-0.00464105132025594,0.146705174925041,-0.0557772798034009,0.00787862125570486,-0.0230252168124945,-0.121455640377525,0.0994084539289234,0.52156938491557,-0.144963141214248,82.8655093012931,-0.144963141214248,-31.8377019072568
0.18,-0.0243581914549308,-0.00440655609652016,0.207470631981614,-0.0571864196909079,0.00831560808806293,-0.0233150142550371,-0.152953289161545,0.151392341505704,0.52156938491557,-0.144963141214248,80.7292103781401,-0.144963141214248,-21.8720330406652
0.19,-0.0148220523169874,0.015017465007557,0.09121857027866,-0.173910174134514,0.020405678658168,-0.00536896346051051,-0.196235658698618,-0.00755926493114514,0.52156938491557,-0.144963141214248,77.9825403340865,-0.144963141214248,-32.3077585968641
0.2,0.0440948728608026,-0.0532011040846369,-0.203106780634409,0.177670229103944,-0.068097289819802,0.0117249480865631,0.255243116571603,-0.0875786851484804,0.52156938491557,-0.144963141214248,74.9306847295829,-0.144963141214248,-22.0261012818072
0.21,0.024553604143754,-0.00475829893155287,-0.0861508719521333,-0.0550727098630784,-0.0163592512546186,0.0189181337229244,-0.00482621268128919,-0.102135614654882,0.52156938491557,-0.144963141214248,72.79438580643,-0.144963141214248,-29.9438172008542
0.22,-0.0531424802780313,0.034089743279082,0.263661083608407,-0.288520218765201,0.056034900946572,-0.0290916428350571,-0.381524969626434,0.0848515244260693,0.52156938491557,-0.144963141214248,72.79438580643,-0.144963141214248,-20.8282574411963
0.23,-0.024358191454598,-0.00440655609696383,0.14881671589292,-0.0571864196882418,0.00831560808751247,-0.0233150142549697,-0.123729475919992,0.100537148927538,0.52156938491557,-0.144963141214248,72.79438580643,-0.144963141214248,-27.9374441834476
0.24,-0.00464105132025594,-0.00464105132025594,-0.027848879358281,-0.0557772798034009,-0.00171160509545909,-0.00633633353854556,-0.0344855721758641,-0.051936599190573,0.52156938491557,-0.144963141214248,72.79438580643,269.944257857383,-16.2911306837214
0.25,-0.00464105132025594,-0.00464105132025594,-0.027848879358281,-0.0557772798034009,-0.00171160509545909,-0.00633633353854556,-0.0344855721758641,-0.051936599190573,0.52156938491557,-0.144963141214248,72.79438580643,269.944257857383,-25.0856096146556
0.26,-0.00464105132025594,-0.00464105132025594,-0.027848879358281,-0.0557772798034009,-0.00171160509545909,-0.00633633353854556,-0.0344855721758641,-0.051936599190573,0.52156938491557,-0.144963141214248,72.79438580643,269.944257857383,-14.3815125483208
0.27,-0.00464105132025594,-0.00464105132025594,-0.027848879358281,-0.0557772798034009,-0.00171160509545909,-0.00633633353854556,-0.0344855721758641,-0.051936599190573,0.52156938491557,-0.144963141214248,72.79438580643,269.944257857383,-24.2117926056052
0.28,-0.00464105132025594,-0.00464105132025594,-0.027848879358281,-0.0557772798034009,-0.00171160509545909,-0.00633633353854556,-0.0344855721758641,-0.051936599190573,0.52156938491557,-0.144963141214248,72.79438580643,269.944257857383,-14.5285955324304
0.29,-0.00464105132025594,-0.00464105132025594,-0.027848879358281,-0.0557772798034009,-0.00171160509545909,-0.00633633353854556,-0.0344855721758641,-0.051936599190573,0.52156938491557,-0.144963141214248,72.79438580643,269.944257857383,-25.0911516556585
0.3,-0.00464105132025594,-0.00464105132025594,-0.027848879358281,-0.0557772798034009,-0.00171160509545909,-0.00633633353854556,-0.0344855721758641,-0.051936599190573,0.52156938491557,-0.144963141214248,72.79438580643,269.944257857383,-16.3425449456929
0.31,-0.00464105132025594,-0.00464105132025594,-0.027848879358281,-0.0557772798034009,-0.00171160509545909,-0.00633633353854556,-0.0344855721758641,-0.051936599190573,0.52156938491557,-0.144963141214248,72.79438580643,269.944257857383,-26.8992028926039
0.32,-0.00464105132025594,-0.00464105132025594,-0.027848879358281,-0.0557772798034009,-0.00171160509545909,-0.00633633353854556,-0.0344855721758641,-0.051936599190573,0.52156938491557,-0.144963141214248,72.79438580643,269.944257857383,-18.9375762825634
0.33,-0.00464105132025594,-0.00464105132025594,-0.027848879358281,-0.0557772798034009,-0.00171160509545909,-0.00633633353854556,-0.0344855721758641,-0.051936599190573,0.52156938491557,-0.144963141214248,72.79438580643,269.944257857383,-28.9477705250547
0.34,-0.00464105132025594,-0.00464105132025594,-0.027848879358281,-0.0557772798034009,-0.00171160509545909,-0.00633633353854556,-0.0344855721758641,-0.051936599190573,0.52156938491557,-0.144963141214248,72.79438580643,269.944257857383,-21.6439593450268
0.35,-0.00464105132025594,-0.00464105132025594,-0.027848879358281,-0.0557772798034009,-0.00171160509545909,-0.00633633353854556,-0.0344855721758641,-0.051936599190573,0.52156938491557,-0.144963141214248,72.79438580643,269.944257857383,-30.7499308009848
0.36,-0.00464105132025594,-0.00464105132025594,-0.027848879358281,-0.0557772798034009,-0.00171160509545909,-0.00633633353854556,-0.0344855721758641,-0.051936599190573,0.52156938491557,-0.144963141214248,72.79438580643,269.944257857383,-23.9773065744413
0.37,-0.00464105132025594,-0.00464105132025594,-0.027848879358281,-0.0557772798034009,-0.00171160509545909,-0.00633633353854556,-0.0344855721758641,-0.051936599190573,0.52156938491557,-0.144963141214248,72.79438580643,269.944257857383,-31.9299191535434
0.38,-0.00464105132025594,-0.00464105132025594,-0.027848879358281,-0.0557772798034009,-0.00171160509545909,-0.00633633353854556,-0.0344855721758641,-0.051936599190573,0.52156938491557,-0.144963141214248,72.79438580643,269.944257857383,-25.5567724098087
0.39,-0.00464105132025594,-0.00464105132025594,-0.027848879358281,-0.0557772798034009,-0.00171160509545909,-0.00633633353854556,-0.0344855721758641,-0.051936599190573,0.52156938491557,-0.144963141214248,72.79438580643,269.944257857383,-32.216500522994
0.4,-0.00464105132025594,-0.00464105132025594,-0.027848879358281,-0.0557772798034009,-0.00171160509545909,-0.00633633353854556,-0.0344855721758641,-0.051936599190573,0.52156938491557,-0.144963141214248,72.79438580643,269.944257857383,-26.150328327298
0.41,-0.00464105132025594,-0.00464105132025594,-0.027848879358281,-0.0557772798034009,-0.00171160509545909,-0.00633633353854556,-0.0344855721758641,-0.051936599190573,0.52156938491557,-0.144963141214248,72.79438580643,269.944257857383,-31.5058833251766
0.42,-0.00464105132025594,-0.00464105132025594,-0.027848879358281,-0.0557772798034009,-0.00171160509545909,-0.00633633353854556,-0.0344855721758641,-0.051936599190573,0.52156938491557,-0.144963141214248,72.79438580643,269.944257857383,-25.7431708242338
0.43,-0.00464105132025594,-0.00464105132025594,-0.027848879358281,-0.0557772798034009,-0.00171160509545909,-0.00633633353854556,-0.0344855721758641,-0.051936599190573,0.52156938491557,-0.144963141214248,72.79438580643,269.944257857383,-29.8960689720941
0.44,-0.00464105132025594,-0.00464105132025594,-0.027848879358281,-0.0557772798034009,-0.00171160509545909,-0.00633633353854556,-0.0344855721758641,-0.051936599190573,0.52156938491557,-0.144963141214248,72.79438580643,269.944257857383,-24.507532877286
0.45,-0.00464105132025594,-0.00464105132025594,-0.027848879358281,-0.0557772798034009,-0.00171160509545909,-0.00633633353854556,-0.0344855721758641,-0.051936599190573,0.52156938491557,-0.144963141214248,72.79438580643,269.944257857383,-27.6182933108244
0.46,-0.00464105132025594,-0.00464105132025594,-0.027848879358281,-0.0557772798034009,-0.00171160509545909,-0.00633633353854556,-0.0344855721758641,-0.051936599190573,0.52156938491557,-0.144963141214248,72.79438580643,269.944257857383,-22.6898669957261
0.47,-0.00464105132025594,-0.00464105132025594,-0.027848879358281,-0.0557772798034009,-0.00171160509545909,-0.00633633353854556,-0.0344855721758641,-0.051936599190573,0.52156938491557,-0.144963141214248,72.79438580643,269.944257857383,-24.9260215498436
0.48,-0.00464105132025594,-0.00464105132025594,-0.027848879358281,-0.0557772798034009,-0.00171160509545909,-0.00633633353854556,-0.0344855721758641,-0.051936599190573,0.52156938491557,-0.144963141214248,72.79438580643,269.944257857383,-20.5197197784048
0.49,-0.00464105132025594,-0.00464105132025594,-0.027848879358281,-0.0557772798034009,-0.00171160509545909,-0.00633633353854556,-0.0344855721758641,-0.051936599190573,0.52156938491557,-0.144963141214248,72.79438580643,269.944257857383,-22.0301212623596
0.5,-0.00464105132025594,-0.00464105132025594,-0.027848879358281,-0.0557772798034009,-0.00171160509545909,-0.00633633353854556,-0.0344855721758641,-0.051936599190573,0.52156938491557,-0.144963141214248,72.79438580643,269.944257857383,-18.1747557327999
0.51,-0.00464105132025594,-0.00464105132025594,-0.027848879358281,-0.0557772798034009,-0.00171160509545909,-0.00633633353854556,-0.0344855721758641,-0.051936599190573,0.52156938491557,-0.144963141214248,72.79438580643,269.944257857383,-19.0835773046287
0.52,-0.00464105132025594,-0.00464105132025594,-0.027848879358281,-0.0557772798034009,-0.00171160509545909,-0.00633633353854556,-0.0344855721758641,-0.051936599190573,0.52156938491557,-0.144963141214248,72.79438580643,269.944257857383,-15.7767466343128
0.53,-0.00464105132025594,-0.00464105132025594,-0.027848879358281,-0.0557772798034009,-0.00171160509545909,-0.00633633353854556,-0.0344855721758641,-0.051936599190573,0.52156938491557,-0.144963141214248,72.79438580643,269.944257857383,-16.1866607553905
0.54,-0.00464105132025594,-0.00464105132025594,-0.027848879358281,-0.0557772798034009,-0.00171160509545909,-0.00633633353854556,-0.0344855721758641,-0.051936599190573,0.52156938491557,-0.144963141214248,72.79438580643,269.944257857383,-13.3977407469257
0.55,-0.00464105132025594,-0.00464105132025594,-0.027848879358281,-0.0557772798034009,-0.00171160509545909,-0.00633633353854556,-0.0344855721758641,-0.051936599190573,0.52156938491557,-0.144963141214248,72.79438580643,269.944257857383,-13.395830791335
0.56,-0.00464105132025594,-0.00464105132025594,-0.027848879358281,-0.0557772798034009,-0.00171160509545909,-0.00633633353854556,-0.0344855721758641,-0.051936599190573,0.52156938491557,-0.144963141214248,72.79438580643,269.944257857383,-11.0688379885645
0.57,-0.00464105132025594,-0.00464105132025594,-0.027848879358281,-0.0557772798034009,-0.00171160509545909,-0.00633633353854556,-0.0344855721758641,-0.051936599190573,0.52156938491557,-0.144963141214248,72.79438580643,269.944257857383,-10.7309867852999
0.58,-0.00464105132025594,-0.00464105132025594,-0.027848879358281,-0.0557772798034009,-0.00171160509545909,-0.00633633353854556,-0.0344855721758641,-0.051936599190573,0.52156938491557,-0.144963141214248,72.79438580643,269.944257857383,-8.78903696802663
0.59,-0.00464105132025594,-0.00464105132025594,-0.027848879358281,-0.0557772798034009,-0.00171160509545909,-0.00633633353854556,-0.0344855721758641,-0.051936599190573,0.52156938491557,-0.144963141214248,72.79438580643,269.944257857383,-8.18097041728948
0.6,-0.00464105132025594,-0.00464105132025594,-0.027848879358281,-0.0557772798034009,-0.00171160509545909,-0.00633633353854556,-0.0344855721758641,-0.051936599190573,0.52156938491557,-0.144963141214248,72.79438580643,269.944257857383,-6.53351439288943
0.61,-0.00464105132025594,-0.00464105132025594,-0.027848879358281,-0.0557772798034009,-0.00171160509545909,-0.00633633353854556,-0.0344855721758641,-0.051936599190573,0.52156938491557,-0.144963141214248,72.79438580643,269.944257857383,-5.70989200791935
0.62,-0.00464105132025594,-0.00464105132025594,-0.027848879358281,-0.0557772798034009,-0.00171160509545909,-0.00633633353854556,-0.0344855721758641,-0.051936599190573,0.52156938491557,-0.144963141214248,72.79438580643,269.944257857383,-4.2637020976641
0.63,-0.00464105132025594,-0.00464105132025594,-0.027848879358281,-0.0557772798034009,-0.00171160509545909,-0.00633633353854556,-0.0344855721758641,-0.051936599190573,0.52156938491557,-0.144963141214248,72.79438580643,269.944257857383,-3.27140016622761
0.64,-0.00464105132025594,-0.00464105132025594,-0.027848879358281,-0.0557772798034009,-0.00171160509545909,-0.00633633353854556,-0.0344855721758641,-0.051936599190573,0.52156938491557,-0.144963141214248,72.79438580643,269.944257857383,-1.9519671988119
0.65,-0.00464105132025594,-0.00464105132025594,-0.027848879358281,-0.0557772798034009,-0.00171160509545909,-0.00633633353854556,-0.0344855721758641,-0.051936599190573,0.52156938491557,-0.144963141214248,72.79438580643,269.944257857383,-0.858255053730753
0.66,-0.00464105132025594,-0.00464105132025594,-0.027848879358281,-0.0557772798034009,-0.00171160509545909,-0.00633633353854556,-0.0344855721758641,-0.051936599190573,0.52156938491557,-0.144963141214248,72.79438580643,269.944257857383,0.32206390867428
0.67,-0.00464105132025594,-0.00464105132025594,-0.027848879358281,-0.0557772798034009,-0.00171160509545909,-0.00633633353854556,-0.0344855721758641,-0.051936599190573,0.52156938491557,-0.144963141214248,72.79438580643,269.944257857383,1.29839798267959
0.68,-0.00464105132025594,-0.00464105132025594,-0.027848879358281,-0.0557772798034009,-0.00171160509545909,-0.00633633353854556,-0.0344855721758641,-0.051936599190573,0.52156938491557,-0.144963141214248,72.79438580643,269.944257857383,2.01208065509171
0.69,-0.00464105132025594,-0.00464105132025594,-0.027848879358281,-0.0557772798034009,-0.00171160509545909,-0.00633633353854556,-0.0344855721758641,-0.051936599190573,0.52156938491557,-0.144963141214248,72.79438580643,269.944257857383,2.23278584397061
0.7,-0.00464105132025594,-0.00464105132025594,-0.027848879358281,-0.0557772798034009,-0.00171160509545909,-0.00633633353854556,-0.0344855721758641,-0.051936599190573,0.52156938491557,-0.144963141214248,72.79438580643,269.944257857383,1.96446864016307
0.71,-0.00464105132025594,-0.00464105132025594,-0.027848879358281,-0.0557772798034009,-0.00171160509545909,-0.00633633353854556,-0.0344855721758641,-0.051936599190573,0.52156938491557,-0.144963141214248,72.79438580643,269.944257857383,1.5508200308626
0.72,-0.00464105132025594,-0.00464105132025594,-0.027848879358281,-0.0557772798034009,-0.00171160509545909,-0.00633633353854556,-0.0344855721758641,-0.051936599190573,0.52156938491557,-0.144963141214248,72.79438580643,269.944257857383,1.44996624946006
0.73,-0.00464105132025594,-0.00464105132025594,-0.027848879358281,-0.0557772798034009,-0.00171160509545909,-0.00633633353854556,-0.0344855721758641,-0.051936599190573,0.52156938491557,-0.144963141214248,72.79438580643,269.944257857383,1.78023058308677
0.74,-0.00464105132025594,-0.00464105132025594,-0.027848879358281,-0.0557772798034009,-0.00171160509545909,-0.00633633353854556,-0.0344855721758641,-0.051936599190573,0.52156938491557,-0.144963141214248,72.79438580643,269.944257857383,2.07777600283199
0.75,-0.00464105132025594,-0.00464105132025594,-0.027848879358281,-0.0557772798034009,-0.00171160509545909,-0.00633633353854556,-0.0344855721758641,-0.051936599190573,0.52156938491557,-0.144963141214248,72.79438580643,269.944257857383,1.73399897553693
0.76,0.914560687844689,0.0342069908913363,2.13953062793135,-0.289224788711276,-0.42601328767881,0.810002499192368,-1.31677185376998,1.71095124751717,0.52156938491557,-0.144963141214248,98.5991599129099,269.944257857383,9.61192085104434
0.77,1.12863528664703,-0.0240650724258759,1.73212052675594,0.0609464746494695,-0.583198241582405,0.966579820289503,-0.810171344818223,1.53218092404811,0.52156938491557,-0.144963141214248,161.869090404556,269.944257857383,1.91932071249298
0.78,1.14794206014087,-0.0238305772028363,1.85083605290685,0.0595373347661455,-0.592614360401722,0.983436367893691,-0.870542121078338,1.63440974189439,0.52156938491557,-0.144963141214248,161.933277899942,269.944257857383,8.9999623158624
0.79,1.16748332885722,-0.0044065560970517,1.90913804550235,-0.174614744080639,-0.585509260275961,1.01005724938108,-1.10260941536004,1.56829552788825,0.52156938491557,-0.144963141214248,98.8080585586001,269.944257857383,-1.68769776997828
0.8,1.16765920027436,-0.00464105132025594,1.90843419851457,-0.408062252982184,-0.585800203052189,1.01009290139409,-1.30466666438583,1.45137203611245,0.52156938491557,-0.144963141214248,33.8331775065437,269.944257857383,11.3667296946581
0.81,0.806731967067897,-0.15067295244795,2.19959223799274,0.177670229107138,-0.567039715122216,-0.593283041020672,-1.88960366724261,-1.13981169694479,2.19416570096039,69.7425302019255,9.77509350100886,269.944257857383,-3.64825457213314
0.82,0.884369427686362,-0.004230684681645,2.08404402327944,0.0595373347733421,-0.362521630311358,-0.806663034281089,-0.917555465521586,-1.87213144647756,2.71444650268833,69.7425302019255,46.7620574999356,269.944257857383,-10.9780988526188
0.83,0.855292019833297,0.0147243459798009,2.31830776413618,-0.172501034256528,0.110191285199338,-0.848291887395589,0.508818623407013,-2.26834986378818,-2.99520423453692,72.79438580643,82.7922647664953,269.944257857383,-34.2446873538911
0.84,0.87366081243649,0.0244363565322803,2.3179558406424,-0.524081437493402,0.532639068392439,-0.692947309345953,1.86987328442908,-1.46668146932857,-2.45829457359395,114.909993147242,111.812359709859,269.944257857383,-35.3644746596431
0.85,0.659293094607147,-0.0249444295122466,2.55538689294565,-0.16897818454503,0.611161563346878,0.248538030586388,2.34414896982658,1.03127174243821,-1.22237455493331,114.909993148584,155.731613714227,269.944257857383,-24.4347742345708
0.86,0.69896187009885,0.0923618065936934,2.43526367281608,-0.75752894638916,0.307775514543859,0.634312723990774,0.0479133110621025,2.54991442510885,-0.320366324549209,116.741106511286,166.791538425151,269.944257857383,-42.1066661500051
0.87,0.669708590828021,-0.00458242751485182,2.43455982583477,-0.290633928589255,-0.444823593224723,0.500662127768248,-1.82310086449956,1.63946725001655,0.719566327592865,129.864085610653,161.862791623804,269.944257857383,-37.2103275056708
0.88,0.52291458022978,-0.0147048047061569,2.49462143589084,-0.0536635699880363,-0.451477623920011,-0.264242018986144,-2.16174848412339,-1.24613778473335,2.07221050654382,161.908569457917,161.908569457944,269.944257857383,-44.6056086860783
0.89,0.542924839391218,0.00518820684376169,2.61052157409365,-0.0564818497429247,0.0895490565510911,-0.535514019600835,0.510755714680714,-2.56069164252156,-2.96634917494691,148.785590358881,158.856713853441,269.944257857383,-19.2898954878779
0.9,0.473885537020411,-0.0241823200371289,2.14340178635503,-0.0557772798034009,0.472747066760091,-0.0407737374940185,2.13093102978785,-0.237518986566299,-1.70781758980886,192.732311063434,163.71221612011,269.944257857383,-34.6853829287182
0.91,0.503431935318401,-0.227489679780068,2.55292342848563,0.991918230491866,0.00725689607457192,0.552397144601809,1.98020206916147,1.89212039072083,-0.437550693121548,171.979692952807,184.770019791204,269.944257857383,-11.0732900882794
0.92,0.445511614837932,0.0146070983673876,2.84267377397551,-0.289224788703873,-0.330903953190668,0.298657898005402,-2.35818740382904,1.61350467370596,0.869348782717422,176.862661920014,189.953596535458,269.944257857383,-35.786879686531
0.93,0.561586751021539,0.188602555028882,2.32077122860277,-0.867207001397495,-0.539693605205441,-0.244297800208484,-1.10902671868035,-2.21542023463638,2.31986392272504,174.726362996861,200.972321195594,269.944257857383,-32.60826044126
0.94,0.444515010140429,-0.00417206087648496,2.37836937419332,-0.175319314010908,0.280213288819951,-0.345096382335152,1.61894877738822,-1.75110896238903,-2.46897140570862,200.972321195594,200.926543361475,269.944257857383,-21.2366367814266
0.95,0.251447275193683,-0.0626199956097078,2.26282115948565,0.527841492464924,0.0822793676929294,0.245717524211317,1.66092388584127,1.62490248520504,-0.567191365831023,140.850765791358,221.724939306221,269.944257857383,-26.8666881305846
0.96,0.660231075498558,0.00507095923253149,2.60946580361194,-0.408062252982184,-0.298567071097656,0.58888750346538,-1.56037703152579,2.13097397966652,0.47691384139495,153.973744886234,208.907145767305,269.944257857383,-33.6689281562573
0.97,0.552285107110579,0.0243191089206481,2.90379115452773,-0.640805191943993,-0.516942618408908,-0.195909642099058,-2.41420919800463,-1.73615330872757,1.97705477434493,174.726362996644,210.738259130007,269.944257857383,-17.3665921686929
0.98,0.561879870051547,-0.00464105132025594,2.49497335938737,-0.291338498531672,0.35382349282874,-0.436508262979031,1.78283541162395,-1.7695389455559,-2.46869528074253,182.966373129021,229.964949438382,269.944257857383,-19.1469726061166
0.99,0.396306700211078,-0.0626786194117543,3.07940097929152,-0.0593001295208322,0.200496330744919,0.347546876437382,1.89046593784774,2.43153561241867,-0.680111137657801,195.784166667938,244.919041900452,269.944257857383,-20.9058354733117
1,0.386301570628069,-0.033894330590116,2.96279699411254,-0.173205604196326,-0.377772746982696,0.0875527312710074,-2.87048560732745,0.753975190422906,1.255540231693,208.907145767305,250.717567549009,269.944257857383,-23.7660288850958
1.01,0.386184323017172,0.0536310119971325,2.90484692500979,-0.52408143749713,-0.136628769124002,-0.365167353743086,-0.122583280410368,-2.94919825549788,2.92155556931838,210.738259130007,250.717567549009,269.944257857383,-27.8276463365783
1.02,0.376179193436231,0.03438286230786,2.78824293982182,-0.525490577375109,0.377693818214681,0.00635188769024471,2.71538548102272,0.822873457967443,-1.46283338166116,218.978269262167,255.859944242424,269.944257857383,-34.6429855620751
1.03,0.317320892062399,-0.0436649649482847,2.84865647337982,-0.0557772798034009,-0.214917152465348,0.237507463628827,-1.65163367273811,2.32165049465862,0.598761653874826,231.796062801084,263.840546648375,269.944257857383,-45.0343135228391
1.04,0.298483109014454,-0.0535528469182369,2.90343923103209,0.0623556145316845,-0.146156983261345,-0.265703236758466,-1.87510088563002,-2.21762130664128,2.46116320520177,234.847918405589,260.788691043872,269.944257857383,-25.111246186234
1.05,0.171054495713917,-0.0144703094845816,3.19917227593148,-0.289929358646029,0.168364355263523,-0.0335033466570144,3.15420736849065,-0.608060984320458,-1.85161733728785,244.919041900452,265.944801087616,269.944257857383,-36.3982961819197
1.06,0.24980580863706,-0.0440167077811347,2.66847164319945,-0.0536635699904221,-0.0915660444424267,0.23655035848181,-0.569481596428028,2.60754892583696,0.194913547191675,252.853866472162,273.911670143239,269.944257857383,-5.61879501028794
1.07,0.258814333524412,-0.00505141795886689,2.72994094722585,-0.17109189438014,-0.224255945670903,-0.129304473597512,-2.30857908227064,-1.4670762190716,2.07431212434868,255.905722076513,271.775371220086,269.944257857383,17.8611509351638
1.08,0.326798407393696,0.0243777327270269,2.14586525080657,-0.28922478870966,0.266041503133731,-0.191346260842253,1.98139757747725,-0.87318514244722,-2.11985740389669,260.788691043872,276.963525747743,269.944257857383,0.703853518424002
1.09,0.171406238548668,-0.0631476098594839,2.84513723844109,0.17837479904159,-0.0541471761328151,0.174458598415814,0.326111062262004,2.8320090129743,-0.0520342162932038,263.840546648375,281.846494714949,269.944257857383,32.6554419411841
1.1,0.170995871908469,-0.0252375485411575,2.84654493241673,-0.050140720268235,-0.147481957731557,-0.0901420779091105,-2.59990159202504,-1.16010510553227,1.97288221926298,271.775371219954,276.963525747743,269.944257857383,52.6248595337297
1.11,0.170937248102245,0.0150760888142202,2.6129850385523,-0.0571864196893304,0.119210634189712,-0.123432799282806,2.01082678754137,-1.66959178507836,-2.28562442663877,268.723515615582,273.911670143239,269.944257857383,53.4021019377125
1.12,0.142094335472496,-0.0534942231124358,2.72818132976361,-0.055072709866002,-0.0252151819234585,0.14972183100784,0.469792625520149,2.68799204992307,-0.193210776563905,271.775371220086,284.898350319453,269.944257857383,22.8504165382489
1.13,0.170468257660163,-0.00540316079167993,2.4977887473241,-0.0522544301110614,-0.155849339022981,-0.0692791782740851,-2.2937332556746,-0.990185287477799,1.95740388075704,276.963525747743,284.852572485341,269.944257857383,48.7577980110013
1.14,0.268057353632197,0.024729475560634,1.91195343344206,-0.290633928589255,0.174578061541296,-0.204911669326771,1.57136978965908,-1.12731140162995,-2.34396349637509,276.963525747743,278.794639110445,269.944257857383,63.3036711186089
1.15,0.0639878844114816,-0.00469967512592799,2.90379115452884,-0.0557772798034009,0.00611439682993672,0.0638682272272564,0.43273147720674,2.87190836251728,-0.168758376583022,278.794639110445,286.729463682155,269.944257857383,56.5801842687156
1.16,0.0835291531286866,-0.0434304697252227,2.84443339145167,0.178374799040848,-0.0598814336016567,-0.0726466725511873,-2.68751642009324,-0.948617087695201,1.97274415677785,281.846494714949,284.898350319453,269.944257857383,35.1620582241843
1.17,0.131971958280309,0.0148415935907708,2.553627275475,-0.173205604196326,0.0859604017048401,-0.101230825401139,1.97874675260797,-1.6234450198323,-2.32560118596565,278.794639110445,281.846494714949,269.944257857383,59.4766225233386
1.18,0.0832946579056646,-0.0240650724252621,2.72888517674771,0.060946474645781,-0.00496292389315364,0.0865592117159437,0.665551049656367,2.64718162976144,-0.223983370274571,281.846494714949,284.898350319453,269.944257857383,59.120536923547
1.19,0.0835291531275457,-0.0238892010097775,2.78648332235775,0.0602419047131658,-0.0712145408715201,-0.0497624609072857,-2.65451916578117,-0.849497728873822,1.90213286623146,281.846494714949,284.898350319453,269.944257857383,55.0210307381703
1.2,0.151395979386919,0.00518820684373891,2.20240762593335,-0.056481849742651,0.112795757706556,-0.101117639945669,1.72554278338782,-1.36977795748725,-2.26740017872577,284.898350319453,284.85257248519,269.944257857383,61.3443316170058
1.21,0.00507095923253149,0.0442121204719221,3.0815125202589,-0.291338498529574,0.0441873060056488,-0.00528282236355763,0.428622426636975,3.06543314208965,-0.233187535896624,281.846494714949,286.729463682155,269.944257857383,44.0253886152414
1.22,0.160873494715813,0.112020322923633,2.26282115949502,-0.522672297609716,-0.191366446026934,0.0425172598483784,-1.89468743941755,-1.34302101154836,1.96042591512763,284.898350319453,284.898350319453,269.944257857383,57.3880317695629
1.23,0.102601431399245,-0.0046996751260787,2.43702329028913,0.061651044589528,0.0841322504837365,-0.0589143878862068,1.892552717976,-1.53659610125506,-2.22746944022196,284.898350319453,284.898350319453,269.944257857383,54.0307037242892
1.24,0.0735826473531407,0.044036249054187,2.72888517674771,-0.407357683038698,0.0579386596155465,0.0632195297689953,0.149942264770791,2.75504481035054,-0.202553004665496,281.846494714949,284.925817019946,269.944257857383,42.7935478887924
1.25,0.083529153127459,-0.0140013190405514,2.66882356669111,0.176965659168696,-0.0732870211015447,-0.0424519598502535,-2.56089653635369,-0.771845194804344,1.92974536307947,284.898350319453,278.840416944572,269.944257857383,36.1256660990573
1.26,0.121087471617581,-0.00452380370918085,2.32464238700737,-0.0564818497423902,0.0939328644604652,-0.0765457873235985,1.78327885227759,-1.492336745457,-2.29189859954104,284.898350319453,278.794639110445,269.944257857383,15.2373300879724
1.27,0.0540413786359842,0.0828256674606526,2.72888517674771,-0.640100622007804,0.0901131543367486,0.0407453213346238,-0.215433743692835,2.79466123461264,-0.153464121385308,284.898350319453,286.729463682155,269.944257857383,24.3665698101071
1.28,0.0541586262475041,-0.0238892010085517,2.78683524584724,0.060241904707273,-0.0426940429227318,-0.0410008465858422,-2.63876308016635,-0.898336897455634,1.92054119745715,284.898350319453,281.892272549165,269.944257857383,56.2560786768637
1.29,0.0831187864882614,0.0343242385018844,2.49497335938711,-0.17250103425417,0.0441587758622184,-0.078338295426731,2.068547431032,-1.40561737199036,-2.23667360583858,284.898350319453,281.846494714949,269.944257857383,61.9040210560566
1.3,0.043743130024802,0.0151347126201753,2.79000255729979,-0.173910174139552,0.0198666669991626,0.0418071344725564,0.134850447945358,2.79216302802998,-0.110511348504388,284.898350319453,286.729463682155,269.944257857383,63.7407376808203
1.31,0.0831774102948108,-0.0144116856786916,2.61228119155734,0.0609464746518684,-0.0722838897135102,-0.0436029535162218,-2.45645428723956,-0.890819752384911,1.94201758390055,284.898350319453,284.898350319453,269.944257857383,49.5781916485856
1.32,0.0834119055166963,0.00530545445472722,2.49356566541283,-0.0564818497421295,0.0598664119475132,-0.0583241506532937,1.92969210230526,-1.580300071941,-2.27962637871996,284.898350319453,278.794639110445,269.944257857383,81.4036718636563
1.33,0.102718679011326,-0.0339529543955646,2.49497335938476,-0.0557772798034009,-0.0155565866507394,0.107060369613584,0.379323054506866,2.46660033027272,-0.174940507823471,284.898350319453,286.729463682155,269.944257857383,81.2557390391197
1.34,0.0541000024417452,-0.053670094529517,2.72853325325393,0.18048850886419,-0.0281445328616988,-0.0708178973212344,-2.57331768409193,-0.924935626237967,1.9819023015644,284.898350319453,284.898350319453,269.944257857383,83.4194600748624
1.35,0.0832946579056646,0.00507095923240031,2.55327535197992,-0.0557772798034009,0.0581232675969373,-0.0598782132917573,1.92402298186271,-1.67942302390869,-2.31026090994009,281.846494714949,278.840416944641,269.944257857383,69.3661120969753
1.36,0.102601431399063,-0.0338357067838279,2.49532528288275,0.0609464746465632,-0.0210148365600825,0.105973041020114,0.366103334610962,2.46907494591648,-0.122783569326394,284.898350319453,286.729463682155,269.944257857383,91.2861670283486
1.37,-0.0137082000138291,-0.150321209615714,3.07728943835139,0.761993571322704,0.0766626726532978,-0.130027748690823,-3.10763089913046,-0.62687692962474,2.01258285362396,284.898350319453,284.898350319453,269.944257857383,93.9263629399495
1.38,0.121966828700948,-0.00458242751476179,2.37872129768645,-0.0564818497418687,0.0958067981785991,-0.0756172160824479,1.84719042277103,-1.49979757082093,-2.27651230268674,281.846494714949,281.846494714949,269.944257857383,91.1909757179679
1.39,0.0538655072191915,0.0832360341000815,2.67093510764659,-0.524786007435572,0.0916918645174682,0.0377138200398866,-0.0268500330475887,2.72186953739238,-0.184144673440091,284.898350319453,281.892272549204,269.944257857383,57.4959626095857
1.4,0.0639878844114816,-0.00440655609756773,2.7274774827731,-0.0571864196846128,-0.058361733714257,-0.0266040434138176,-2.53355684703768,-1.01167851042668,1.92974536307256,284.898350319453,281.846494714949,269.944257857383,81.1559238430527
1.41,0.122142700116385,-0.00464105132025594,2.26070961853128,-0.0557772798034009,0.0982519139026586,-0.0727113468692678,1.79969526896058,-1.36931224457499,-2.24587777145571,284.898350319453,281.800716880746,269.944257857383,83.7213437016198
1.42,0.0637533891887934,-0.00458242751441149,2.72888517674771,-0.173205604196326,0.00969263909094202,0.0631786832914024,0.437247991440694,2.69919037549771,-0.223983370276443,281.846494714949,284.898350319453,269.944257857383,84.0614948616746
1.43,0.112313441951304,0.0241432375016503,2.43667136679656,-0.0536635699721598,-0.113004288329881,-0.0206696874448395,-2.23070124878896,-0.981946570420089,1.96344794950911,284.898350319453,284.898350319453,269.944257857383,58.7867580952666
1.44,0.102542807595184,-0.00452380370931536,2.37801745070086,0.0609464746513469,0.0834316919428358,-0.0597883347239172,1.83236418947052,-1.51694526788421,-2.23667360584554,284.898350319453,281.800716880658,269.944257857383,78.2009890668532
1.45,0.10248418378918,-0.0433718459206447,2.49638105335611,0.0595373347717776,-0.0195251360996045,0.109557719973494,0.612534399810765,2.42079835319581,-0.223983370282338,281.846494714949,284.898350319453,269.944257857383,74.4432724231481
1.46,0.0247294755606991,-0.0826302547707981,2.90449500151628,0.529955202280601,0.00164430331354484,-0.0862357363951122,-2.92776880652296,-0.380937719067644,1.88065647978588,281.846494714949,278.84041694468,269.944257857383,71.1870533613101
1.47,0.063870636800261,0.0149002173966153,2.61122542107896,-0.173205604196326,0.0342800099642679,-0.0559138233408067,1.95812330300158,-1.73615999010927,-2.36241784843261,281.846494714949,278.794639110445,269.944257857383,59.5600579136326
1.48,0.0637533891887934,-0.014294438067046,2.67023126066035,-0.0564818497458181,0.000824574695663455,0.0653310467487063,0.562083768960563,2.61101264290879,-0.233187535893056,281.846494714949,284.898350319453,269.944257857383,92.8509475097244
1.49,0.151395979385157,0.0536896358007992,2.31971545811654,-0.289224788702282,-0.159950432564249,0.014804684695159,-2.17732533552703,-0.85087317991392,1.81929537568368,281.846494714949,281.892272549103,269.944257857383,102.798301165351
1.5,0.0638706367996906,0.0149002173966153,2.55257150499332,-0.0557772798034009,0.0349635981472898,-0.0554889315833276,1.85502657427012,-1.75431148938772,-2.35014562761696,281.846494714949,278.794639110445,269.944257857383,106.086950938075
1.51,0.102718679011461,-0.140667822866368,2.49497335938395,0.527841492466293,-0.111894432244667,0.133484828502969,1.11137278468367,2.29529066539929,-0.242437722343392,281.846494714949,286.701996981593,269.944257857383,73.9264256621744
1.52,0.0734653997416025,-0.0533183516955563,2.67058318415373,0.178374799042398,-0.0602042681971635,-0.0679371597696613,-2.64600877554227,-0.403075268617902,1.7886608444521,281.846494714949,281.800716880707,269.944257857383,97.1029201912404
1.53,0.0541586262475041,0.02455360414362,2.66917549017862,-0.0557772798034009,0.015546017163802,-0.0573964948738266,1.7423613785813,-2.02281628645332,-2.45143747021748,281.846494714949,276.990992448273,269.944257857383,100.139166489691
1.54,0.0739930139936375,0.0721170522080035,2.60946580360643,-0.518444877953544,0.0935171073387196,0.043936157934359,0.431474142487769,2.62524797610284,-0.359023820142529,281.846494714949,281.892272549138,269.944257857383,103.919086745943
1.55,0.0638706368005734,-0.0144116856786916,2.72818132975779,-0.0550727098601753,-0.0595834338886915,-0.0271471791434045,-2.65948355782933,-0.610862977308162,1.776388623636,281.846494714949,281.846494714949,269.944257857383,71.3414542623025
1.56,0.0151933364237498,0.0440362490556414,2.90343923104107,-0.289929358651595,-0.0273741845484438,-0.037691945066333,1.90188151454313,-2.21288614844859,-2.53116088473517,278.794639110445,278.794639110445,269.944257857383,103.506493666883
1.57,0.0734653997417131,-0.0339529543955646,2.55362727547105,0.178374799043728,-0.00597900046480301,0.0807107156754224,1.06413818370435,2.3281837893401,-0.358977799320222,281.846494714949,284.898350319453,269.944257857383,105.957428170729
1.58,0.12290480958985,0.0254915850335181,2.43280020836492,-0.060004699442187,-0.125516429101428,0.00101938877016681,-2.3743277099135,-0.53355912860008,1.76718445801394,281.846494714949,281.846494714949,269.944257857383,106.516597673642
1.59,0.0932411636811814,0.00501233542679218,2.49321374191692,-0.0557772798034009,0.0486089706171144,-0.079725818193331,1.45629567694053,-2.02445764814924,-2.54036505034589,278.794639110445,276.963525747743,269.944257857383,94.6422532103598
1.6,0.0443879918892602,-0.00440655609713848,2.66952741367176,0.0602419047057365,0.0157725514911887,0.0417245512864556,1.23996695731943,2.364844105683,-0.46036168357714,281.846494714949,284.971594854166,269.944257857383,96.5138471586117
1.61,0.06387063680053,-0.0241823200371289,2.78683524584541,0.061651044589528,-0.0620057329499562,-0.0286274680861242,-2.78424207201376,-0.135083763693963,1.64139419459857,281.846494714949,281.846494714949,269.944257857383,87.2960695081749
1.62,0.0249053469766717,0.0246122279496457,2.72782940627156,-0.173205604196326,-0.00673630812385497,-0.0343607366849754,1.65264178233245,-2.17711473981825,-2.5557053263672,281.846494714949,276.917747913603,269.944257857383,143.493599940406
1.63,0.112489313369983,0.0149002173966153,2.43596751980349,-0.173205604196326,0.0703454861158997,0.0890358056291649,1.09725524158793,2.18173528955058,-0.536971022061347,278.794639110445,281.892272549232,269.944257857383,170.364300018491
1.64,0.151278731775634,0.00495371162143036,2.26141346551441,-0.054368139924327,-0.151297658104448,-0.00433734925755676,-2.25381719429619,-0.193015054707056,1.63219002897652,281.846494714949,281.846494714949,269.944257857383,171.945190700507
1.65,0.054275873858718,0.0243777327266906,2.60981772710473,-0.0543681399221889,0.00789114266369112,-0.0589735042496434,1.4217854151152,-2.18920777833315,-2.5864318992552,281.846494714949,276.963525747743,269.944257857383,172.810767466287
1.66,0.0831774102941492,0.0535137643842964,2.55362727547396,-0.405948543157279,0.090340556985921,0.0402590154535948,1.05959980280581,2.35861288464851,-0.57987777410301,278.794639110445,281.846494714949,269.944257857383,163.026943076052
1.67,-0.00405481326181143,-0.0919318986818893,2.96068545313967,0.528546062390528,-0.000748883352208347,-0.0920182301479989,-2.92906391757975,0.682351712267045,1.51857994472626,281.846494714949,281.846494714949,269.944257857383,149.060067373065
1.68,0.131561591638509,0.00536407826191328,2.20381531992322,0.060241904702034,0.0472691246521263,-0.122893675934441,0.818997684765596,-2.04686927862015,-2.73365252828008,281.846494714949,273.911670143239,269.944257857383,145.178805187851
1.69,0.102484183789714,0.02449498033864,2.37872129768574,-0.289929358651074,0.0798926766730908,0.0687035093924847,1.15864328374781,2.0975985760144,-0.62594462300636,281.846494714949,281.846494714949,269.944257857383,155.818878727597
1.7,0.0445052394997183,-0.0142944380675731,2.78613139886317,0.0609464746502778,-0.0462674447188387,-0.00666114568105016,-2.73682536973902,0.525385134978532,1.4030063051457,278.794639110445,281.846494714949,269.944257857383,173.697546105574
1.71,0.0736412711585254,0.0245536041437545,2.49356566541125,-0.0550727098630817,0.00359417644238183,-0.0775435244878171,0.94878603352857,-2.30666594756818,-2.77344520429949,281.846494714949,276.963525747743,269.944257857383,191.138369011983
1.72,0.073524023547229,-0.0826302547705412,2.55327535197965,0.295803123434037,-0.016841347748899,0.109315644113817,1.85479440884857,1.77945278435935,-0.690787969779435,278.794639110445,281.846494714949,269.944257857383,197.149691120111
1.73,0.0247880993666964,-0.0340702020072101,2.90449500151524,0.0623556145319452,-0.0321777780582157,-0.0271996164359266,-2.80638059156768,0.751137412037825,1.33073826477454,278.794639110445,276.963525747743,269.944257857383,199.811486342773
1.74,0.132206453503754,0.06363614157697,2.20099993196146,-0.17250103425284,-0.03539680957616,-0.142390908188246,0.616850442556828,-2.11982377541863,-2.93663506066397,278.794639110445,276.990992448236,269.944257857383,197.340716598422
1.75,0.0927721732368572,0.0533378929704232,2.43737521377245,-0.404539403292582,0.103891408574473,0.0256550614504355,1.48033254101643,1.97814701919157,-0.80691385929644,278.794639110445,281.846494714949,269.944257857383,189.43982544935
1.76,0.0540413786358953,-0.0437822125595377,2.78683524584938,0.0623556145285174,-0.0645414144106524,-0.025918305641943,-2.64478339485421,0.880601898973121,1.27175490345735,278.794639110445,278.794639110445,269.944257857383,176.530165944375
1.77,0.0832360341000381,0.0149588412022418,2.55292342848563,0.0609464746494695,0.00899309345980795,-0.08409000281151,0.657703576030121,-2.46750045806687,-2.85723379194082,278.794639110445,276.963525747743,269.944257857383,171.18732365612
1.78,0.092772173235523,0.0535723881903496,2.43702329028655,-0.288520218765873,0.105420637649685,0.0190569163505831,1.67354819743157,1.79487126694628,-0.86827496339854,278.794639110445,284.898350319453,269.944257857383,174.173951781596
1.79,0.0832946579056646,0.00483646400917436,2.61157734457299,-0.0543681399190879,-0.0729836665239544,0.0404323613019812,-2.37750921469125,1.08200834349063,1.12289286488714,278.794639110445,281.846494714949,269.944257857383,187.746983762308
1.8,0.102718679010756,0.00518820684406969,2.43631944330082,-0.0564818497466264,0.00481032195036313,-0.102737068824769,0.292782249876416,-2.41932246368973,-3.04433913846687,278.794639110445,273.911670143239,269.944257857383,211.222535302171
1.81,0.0734067759363752,0.0339724956700713,2.43631944329526,-0.0536635699904221,0.0783598368787247,0.0200604381748219,1.85425675860104,1.58122233784658,-0.886729315464894,281.846494714949,284.898350319453,269.944257857383,219.364615180743
1.82,0.209550795093623,-0.0336598353679853,1.97060734952457,0.0602419047120707,-0.195562473562177,0.0824611373655026,-1.63946323826992,1.09502634828808,1.01248889832682,276.963525747743,276.963525747743,269.944257857383,227.987242962312
1.83,0.0838222721561078,0.0147243459798009,2.60876195662701,-0.0550727098636032,-0.0243644586877933,-0.0815435639814467,-0.248429257938826,-2.597490106529,3.02513311306168,276.963525747743,271.80741570394,269.944257857383,233.142833831021
1.84,0.0150760888136965,-0.0436063411426127,2.72818132976015,0.17837479904159,-0.00697803908798684,0.0456082055364044,2.49705937087486,1.11332180222567,-1.08610688298138,281.846494714949,281.846494714949,269.944257857383,240.048201950199
1.85,0.10248418378786,-0.0338943305897852,2.49602912986974,0.061651044589528,-0.102712959442247,0.0331946009978837,-1.97751433309164,1.52427009774331,0.938809552575055,278.794639110445,281.846494714949,269.944257857383,250.805108729927
1.86,0.0441534966660538,0.151395979385374,2.78753909283507,-0.758233516332072,-0.157140770105058,-0.0133060968238301,0.191347140869213,-2.88247784571785,2.94229562251046,276.963525747743,273.911670143239,269.944257857383,252.187678306371
1.87,0.0835877769326906,-0.00405481326620392,2.43455982583475,-0.0585955595529962,0.079478664669347,0.0262011416841045,2.33074867273133,0.705780142628723,-1.30082472653613,278.794639110445,276.963525747743,269.944257857383,259.700414375358
1.88,0.0442121204719221,-0.0144703094841857,2.72853325325513,0.0623556145279959,-0.0433564944673277,0.0168616677910715,-2.06964742676665,1.77914065370345,0.883584558872217,281.846494714949,281.846494714949,269.944257857383,261.687948972229
1.89,0.131327096419679,0.00624343534425864,2.32253084605359,0.0560144850732324,-0.0471088911479958,-0.122745831349696,-0.781467273604688,-2.18782907323522,2.82264146950595,276.963525747743,271.807415703943,269.944257857383,265.061997526714
1.9,0.180180268210614,0.0342656146964704,2.02926126562319,-0.406653113100972,0.183019544249951,-0.0119544061130581,1.96423040436545,0.651971592264311,-1.44809137638928,276.963525747743,276.917747913686,269.944257857383,268.648089227189
1.91,0.0831187864883916,-0.0145289332902069,2.55362727547396,-0.0550727098617659,-0.0625914122330601,0.0565874339807456,-1.61449821066035,1.97925258448501,0.662684584089885,278.794639110445,281.846494714949,269.944257857383,268.259118392731
1.92,0.112547937175127,0.0528689025193132,2.43596751980559,-0.167569044654902,-0.0951718676068809,-0.0800279615646388,-0.86880645116306,-2.28192736358803,2.70912342691199,276.963525747743,273.911670143239,269.944257857383,273.341944290927
1.93,-0.0626786194115374,-0.121302425562151,3.19530111748484,0.528546062386252,-0.0667284013744394,0.119122660432889,3.21128931353799,-0.420631806002074,-1.53711099817948,276.963525747743,278.767172409958,269.944257857383,278.287464483051
1.94,0.102366936178774,-0.0143530618732213,2.49673297684534,0.0609464746513469,-0.056742358717483,0.086401994970846,-1.01239169956597,2.28307973515805,0.441784609296173,276.963525747743,278.794639110445,269.944257857383,285.205259439059
1.95,0.0932411636807779,0.00483646401038347,2.49321374191934,0.0630601844680282,-0.0479608146743293,-0.0801065930148324,-1.22390381151013,-2.17305103712075,2.65394445403734,278.794639110445,276.917747913654,269.944257857383,294.594060161004
1.96,0.0733481521302844,0.0244949803381063,2.55362727547264,-0.172501034256007,0.0705933934453691,-0.0315678362349858,2.55823732717546,-0.0786806628300931,-1.66899135117755,276.963525747743,276.917747913679,269.944257857383,298.397525964116
1.97,0.0928894208468988,-0.0239478248141937,2.55397919896769,-0.056481849744749,-0.0504086290029254,0.0816144162550283,-0.811076830325561,2.42242736184582,0.300976215650216,276.963525747743,278.794639110445,269.944257857383,304.104507170678
1.98,0.122142700116116,-0.0236547057847241,2.37801745070721,0.176261089212788,-0.061198890621213,-0.108319343074772,-1.67624886370294,-1.6959436058941,2.43602049280419,278.794639110445,278.794639110445,269.944257857383,304.845925148211
1.99,0.297017513867104,0.044446615695569,1.38617972965002,-0.292043068476227,0.282440139757335,-0.102090512019688,1.41654804151167,0.0132303751671761,-1.76910199253864,276.963525747743,276.917747913591,269.944257857383,304.840076897989
2,0.0837050245438048,0.0146657221748209,2.55116381102408,-0.171796464320485,-0.00200005877106896,0.0849565436308485,-0.667770118070533,2.46820458739627,0.196984484458785,276.963525747743,281.846494714949,269.944257857383,306.325668688627
2.01,0.0638706367998728,-0.0919905224907811,2.61122542108013,0.528546062405178,0.0175186925155185,-0.110611074879032,-2.25118647042461,-1.42478721750172,2.33477467102061,276.96352574783,278.794639110445,269.944257857383,300.377275703457
2.02,0.112547937175345,-0.0436649649483737,2.2600057715422,0.0623556145295864,0.120075926636328,0.0124675245656601,2.1637164949581,-0.655625838046098,-1.83742758195388,278.794639110445,273.911670143239,269.944257857383,293.281381499083
2.03,0.0538655072189225,0.112078946729513,2.6709351076482,-0.640805191944577,0.110195817049273,0.0576200058381804,-0.730644763269485,2.64776960349607,0.0337792878129584,276.963525747743,276.963525747743,269.944257857383,298.785291996869
2.04,0.102894550428337,-0.0144116856786916,2.49391758890384,0.061651044589528,-0.0814405743493193,-0.0645168043350255,-2.18196220104325,-1.20932491281765,2.10160247541669,276.963525747743,273.911670143239,269.944257857383,295.606437384197
2.05,0.0831774102938889,-0.00464105132025594,2.49462143589321,-0.0557772798034009,0.0726294359836452,-0.0408042395990022,2.13342574588725,-1.29411815540375,-2.13840379760786,278.79463911032,276.917747913584,269.944257857383,287.568289200665
2.06,0.102542807595401,-0.0332494687304418,2.43702329027962,0.05812819490123,-0.017846222531867,0.106311179570858,0.415021725841992,2.40212788408255,-0.14723596931065,276.963525747743,276.963525747743,269.944257857383,290.345512418745
2.07,0.0834119055166919,-0.0141771904566368,2.49356566541286,0.0609464746508254,-0.0706518233810703,-0.046549528076011,-2.30721558546552,-0.947808230964078,1.9850163776061,278.794639110445,276.963525747743,269.944257857383,284.24640262025
2.08,0.103363540872979,-0.0144116856786916,2.31584429968345,0.061651044589528,0.088366952272945,-0.0555247693546986,1.73225597967963,-1.53825384528674,-2.27033017143404,276.963525747743,276.917747913665,269.944257857383,284.867658517362
2.09,0.0832946579056646,-0.0338357067841814,2.61157734457299,-0.0564818497442415,-0.00710633653769979,0.0896234069326744,0.734698608406265,2.50673979121155,-0.306728819157331,273.911670143239,278.767172410015,269.944257857383,282.521852770257
2.1,0.151337355580039,0.0441534966661428,2.20275954943293,-0.173205604196326,-0.15686303594003,0.0157007776075928,-2.13381954885696,-0.573553787241341,1.75491223720765,276.963525747743,273.911670143239,269.944257857383,281.553122675521
2.11,0.083470529323263,-0.0142944380669593,2.43491174932127,0.0609464746465893,0.0597471411005887,-0.0600161591195421,1.35211907577148,-2.02590318245702,-2.5280468086923,276.963525747743,268.723515615582,269.944257857383,282.73373829885
2.12,0.083118786489449,0.0243191089226197,2.49497335938236,-0.288520218777058,0.0583111344912192,0.0640309559558171,0.835010226761843,2.36873255178249,-0.454041489849671,276.963525747743,276.963525747743,269.944257857383,278.582095628482
2.13,0.0250225945880028,-0.0532597278904678,2.96138930014174,0.178374799044015,-0.0268037387533508,-0.0523859565506286,-2.95369330441593,0.278100736022855,1.53708031761933,273.911670143239,273.957447977349,269.944257857383,282.270015750739
2.14,0.141332226000449,-0.0531424802789372,2.14516140381904,0.295098553496312,0.111633467698584,-0.101670498208813,0.713353803991033,-2.04448696621964,-2.66917734813463,276.963525747743,273.911670143239,269.944257857383,274.329540641382
2.15,0.122084076311058,-0.0149979237353904,2.37836937419809,0.0637647544112677,0.0583660991254882,0.108272147286227,1.42744145090451,1.90344890350862,-0.6166484157298,273.911670143239,278.767172410011,269.944257857383,272.774904988849
2.16,0.200835389235682,0.0250225945895969,2.08228440581007,-0.292043068472525,-0.192235735514496,0.0632961752449867,-2.099509488884,0.115140812089837,1.37666705121196,273.911670143239,273.911670143239,269.944257857383,279.912190997066
2.17,0.0928894208465669,0.0539827548303577,2.49497335938763,-0.173205604196326,-0.0320796074812004,-0.102535267630885,0.721241584754746,-2.39472395523983,-2.91836479191401,273.911670143239,273.911670143239,269.944257857383,282.45737376932
2.18,0.0831774102937935,0.0144312269491307,2.55362727547609,-0.171091894365007,0.0710430950252041,0.0456028567491029,1.76587090105886,1.85256164787205,-0.828344224907176,273.911670143239,276.963525747743,269.944257857383,284.281409556227
2.19,0.0832946579056646,-0.0242409438425992,2.66987933716791,-0.0550727098652198,-0.0855770705191751,0.0142192965844965,-2.43041618441199,1.10651066373368,1.12293888571993,276.963525747576,273.911670143239,269.944257857383,285.100321423791
2.2,0.180532011045531,-0.111414543596313,1.96919965555591,0.645269816857788,0.14671882024836,-0.153227266900666,-0.219004844127564,-2.06062060997114,-2.93082109600149,273.911670143377,273.911670143239,269.944257857383,280.092434437038
2.21,0.0442121204719221,-0.0533183516954912,2.67023126066035,0.178374799042138,0.00650447672434978,0.0689583207937247,2.30692754673106,1.3564799476861,-0.972542819554991,276.963525747743,281.800716880884,269.944257857383,275.590749406609
2.22,0.0635188939658495,-0.0242409438428649,2.72958902373578,0.061651044589528,-0.0662831907749072,0.0151265286743197,-2.23548604895066,1.56750094569184,0.98185436710564,276.96352574766,276.963525747743,269.944257857383,282.703585048184
2.23,0.0832946579056646,0.00512958303817967,2.55292342848563,-0.0557772798034009,-0.0180329213785218,-0.0814808345828841,-0.342297436349855,-2.53048643579083,2.98529441622428,273.911670143239,271.807415703892,269.944257857383,281.34172841306
2.24,0.121908204892096,0.043801753830525,2.14480948033982,-0.0536635699728638,0.12779400515335,0.0211871731363283,1.8465108570846,1.09246745506055,-1.0615624413451,278.794639110445,281.846494714949,269.944257857383,284.004885272162
2.25,0.0633430225506532,-0.00464105132025594,2.73099671770157,-0.0557772798034009,-0.0492018789181282,0.0401628307535171,-2.02212295947066,1.83642939254974,0.813065309975525,273.911670143239,276.963525747743,269.944257857383,286.59020849515
2.26,0.0832946579056646,0.0538655072192783,2.55292342848563,-0.289929358650239,-0.0789554724505653,-0.0600460346211125,-0.594454152026821,-2.49962023632715,2.79502897265641,273.911670143239,271.775371220086,269.944257857383,283.719359793359
2.27,0.141332226000015,0.0247294755606774,2.14516140382112,-0.173910174136385,0.143294837037333,0.00727562685063127,2.05296913066809,0.645972093542617,-1.3468455546125,276.963525747743,278.767172410003,269.944257857383,284.955856308031
2.28,0.112254818146666,-0.0145289332901268,2.49567720637396,-0.0550727098622473,-0.0795382626771563,0.080535078506137,-1.555087672494,1.95272631278511,0.650458384095485,273.911670143239,276.963525747743,269.944257857383,284.444718152942
2.29,0.0931825398757023,-0.0434304697249949,2.49391758890384,0.295098553491073,-0.00624201899583281,-0.102616902297215,-1.44826470073491,-2.05164262314899,2.64469426759799,273.911670143239,273.911670143239,269.944257857383,281.745544236866
2.3,0.161283861355475,0.00530545445585622,2.14340178635901,-0.057186419689904,0.16074489223743,-0.0142025138722789,2.14328960161948,-0.0612469424033632,-1.62603857830836,273.911670143239,273.911670143239,269.944257857383,277.021595550051
2.31,0.0830015388785301,-0.0242995676479827,2.49602912985916,0.0623556145271876,-0.0631578738496316,0.0590830552263257,-1.21657773467064,2.18036424830169,0.53391830711312,276.963525747743,278.767172409967,269.944257857383,279.645475525101
2.32,0.112841056203026,0.00483646401061127,2.49321374192016,0.0630601844669331,-0.0755809587018275,-0.0839286246214788,-1.63618132702291,-1.8822863796102,2.45131474799643,271.775371220086,271.775371220086,269.944257857383,279.377459131693
2.33,0.151278731775482,-0.00428930848662715,2.14445755683358,-0.174614744075922,0.147469243111746,-0.0340069873840721,2.11916310310129,-0.371935833664153,-1.82578431244975,273.911670143239,271.775371220086,269.944257857383,278.544259375171
2.34,0.199956032149978,-0.111531791206134,1.91089766296857,0.411117738004948,-0.157215650548384,0.166448173511937,-0.0706820270915438,1.95334372906748,0.24808294390878,276.963525747743,278.767172410015,269.944257857383,278.556780417884
2.35,0.083353281711444,-0.0144116856786916,2.61122542107869,0.061651044589528,-0.0576030834234827,-0.0619463561178221,-2.11528907465206,-1.53226994411696,2.22130264925431,273.911670143239,273.911670143239,269.944257857383,273.445208192569
2.36,0.102953174234268,0.0149002173966153,2.31795584064136,-0.0557772798034009,0.0880784056020948,-0.0553494989134576,2.14163357008425,-0.888502130326005,-1.98811511337259,273.911670143454,273.911670143239,269.944257857383,278.54064306146
2.37,0.0638120129941986,0.00495371162196406,2.67023126066035,-0.055072709866002,0.00141902461260289,0.0639882694746012,-0.202581575524033,2.66310508505353,0.0553016950725075,273.911670143239,278.767172409963,269.944257857383,279.317091581203
2.38,0.102718679011552,-0.0438994601704761,2.49462143589083,0.179783938920899,-0.0717428390381999,-0.0856227462061127,-2.30604015211269,-0.968316678542741,2.04028739213053,276.963525747583,273.911670143239,269.944257857383,281.107498832706
2.39,0.103187669456034,0.0151347126189477,2.31690007016371,-0.0571864196824747,0.0708680812081292,-0.0765145065964877,1.84025685472426,-1.40881188608027,-2.24885378499679,273.911670143239,268.769293449667,269.944257857383,277.171527023513
2.4,0.0928894208470906,0.0444466156946017,2.49532528287918,-0.408766822922764,0.0634646846931219,0.0810936492508146,0.139972336792174,2.52470717665066,-0.217755218201588,273.911670143239,276.963525747743,269.944257857383,280.602224346301
2.41,0.0538655072188424,-0.0338943305898069,2.61228119156132,0.062355614531163,-0.0406608487403059,-0.0489593085510023,-2.50224853932638,-0.752763903151303,1.88688463186682,276.963525747743,276.963525747743,269.944257857383,282.178905794902
2.42,-0.0719802633241069,0.0731722807121623,3.25149156911367,-0.406653113096828,-0.102039690660802,0.0111014639879222,2.33515602018312,-2.29882807965518,-2.47277579416762,273.911670143239,271.775371220086,269.944257857383,280.627311354501
2.43,0.0349691003669067,0.150457998490069,2.78507562836844,-0.871434421059938,0.152961853261405,-0.0215201937013783,0.189236230098715,2.91208410853085,-0.36813594409932,273.911670143239,278.794639110445,269.944257857383,284.016014034416
2.44,0.0345587337244271,-0.0824543833549209,2.72818132976283,0.412526877891949,-0.0215469046751358,-0.0867684407489078,-2.75917801715962,-0.0094054597363209,1.72427770597553,276.963525747743,276.963525747743,269.944257857383,297.682106975363
2.45,0.0538655072192349,0.0150760888132995,2.61228119155896,-0.0571864196819532,0.0125955023676749,-0.054498941659429,1.30264309575903,-2.2650395748066,-2.64156485128661,273.911670143239,268.723515615582,269.944257857383,280.05101936998
2.46,0.0832946579056646,0.267177996546497,2.49426951239826,-1.33903400884177,0.265864280744163,-0.0873971744315043,0.358909639677815,2.80812683970306,-0.61980851259179,273.911670143239,273.957447977303,269.944257857383,294.362663058289
2.47,0.0637533891887934,-0.0630303622479275,2.67058318415439,0.178374799041083,-0.0718219734640054,-0.0536556178409905,-2.62061525061832,0.544249777811461,1.43272041981319,273.911670143239,273.911670143239,269.944257857383,289.239052960333
2.48,0.112196194340212,-0.0240650724254834,2.32041930510352,0.0609464746471107,0.0588568624653878,-0.0985037231580656,0.688266611366456,-2.21683316827116,-2.81429635935793,273.911670143239,271.729593385906,269.944257857383,281.515691730626
2.49,0.0445052395014915,-0.0241823200371289,2.66882356667994,0.0609464746460156,0.0176758821356093,0.0474664527449787,2.05245945383252,1.70696921273101,-0.854207930285838,273.911670143239,278.794639110445,269.944257857383,288.598365853232
2.5,0.0931825398749974,-0.0337184591737702,2.49356566541364,0.177670229106616,-0.099002401836795,-0.00429472433975074,-2.32618780107412,0.915580008614488,1.26695339706006,276.963525747743,276.963525747743,269.944257857383,280.764940749374
2.51,0.0442707442774618,0.141097730778724,2.66987933716749,-0.638691482133945,-0.130243813772766,-0.0700358294283067,1.1297801389693,-2.50195509991185,-2.95225146159758,273.911670143239,268.723515615582,269.944257857383,281.973841723017
2.52,0.034851852752872,-0.062737243220233,2.66882356668684,0.176261089222223,-0.00148277462767226,0.0717524543593184,2.39449187840992,1.19167774415142,-1.04306206845123,271.775371220168,273.879625659389,269.944257857383,289.215224789439
2.53,0.0636947653830758,-0.0437235887540002,2.55362727547348,0.296507693375386,-0.0764862709189158,-0.0108915431253893,-2.15636860639284,1.39964406462368,1.11066666490334,276.963525747743,276.990992448169,269.944257857383,275.475127374762
2.54,0.142094335473683,-0.0340115782013656,2.25895000105997,0.179079368982457,0.0159409281057647,-0.145235926810766,-0.460686676206904,-2.21871411273499,3.01597496826652,271.775371220086,268.723515615582,269.944257857383,282.051724485738
2.55,0.0344414861134865,-0.0438408363657845,2.72853325325274,0.0623556145327796,0.0200730711593111,0.0520125630323118,2.62689117459364,0.740421969968331,-1.273212229689,273.911670143239,273.911670143239,269.944257857383,277.079427361013
2.56,0.102601431400828,-0.0434304697268657,2.4953252828748,0.177670229107138,-0.10389201242671,0.0402456106938798,-1.66773210036045,1.86464061392337,0.800793089153532,273.911670143239,276.963525747743,269.944257857383,278.793125534495
2.57,0.102835926622536,0.0439190014443537,2.4356155963109,-0.171796464318921,-0.0736925949710391,-0.0841041493543517,-0.593342274492916,-2.36847678972055,2.82570952470972,273.911670143239,271.775371220086,269.944257857383,277.695379189244
2.58,-0.0723320061620494,-0.101702533042961,3.19494919400737,0.41111773800912,-0.0836739050667606,0.0925959067867477,3.22108355344741,-0.0365908254166808,-1.45418146597336,273.911670143239,276.917747913665,269.944257857383,281.73476371921
2.59,0.0249639707835088,0.0342656146964118,2.90343923103472,-0.289929358648414,0.0183309440881382,0.0382270673298434,-1.63201751581832,2.41878838044587,0.494033589448338,271.775371220086,276.963525747743,269.944257857383,274.847252558553
2.6,0.083353281711444,-0.0147634285133678,2.43526367281661,0.180488508866248,-0.024027768662682,-0.0811689271003953,-1.24937596823975,-2.09812891595297,2.67848889567365,276.963525747743,273.911670143239,269.944257857383,279.500356484496
2.61,0.0444466156953867,-0.0144703094845577,2.6691754901759,0.061651044589528,0.0457411960434649,0.00962468118254236,2.64720379896888,-0.347290505743353,-1.67814949597228,271.775371220086,271.72959338592,269.944257857383,279.84594937585
2.62,0.0346173575297021,0.0246122279496457,2.84548916193833,-0.289929358651856,0.0150769146733371,0.0397090650974996,-0.998812739168544,2.68015684537145,0.255185491704089,271.775371220086,273.911670143239,269.944257857383,280.066397564351
2.63,0.073524023547229,-0.0434890935320322,2.61157734457299,0.178374799044015,-0.0199576666472717,-0.083058863685989,-1.94598992960289,-1.75079324579033,2.37163735431219,273.911670143239,273.911670143239,269.944257857383,281.01884592331
2.64,0.0639292606055427,-0.00469967512583904,2.55186765800627,-0.0550727098638639,0.0625549973370595,-0.0139967716284968,2.4586702761867,-0.685566933527413,-1.8643037455545,273.911670143239,271.729593386001,269.944257857383,276.360820899693
2.65,0.0640465082171428,0.0147243459796056,2.61052157409207,-0.172501034255746,0.00777330483919928,0.0652559369805732,-0.451370941733203,2.57698346300055,0.107412612741226,271.775371220159,276.963525747743,269.944257857383,281.514198284073
2.66,0.0639292606060664,-0.0821026405186506,2.66917549017786,0.527841492453065,-0.00657588080291328,-0.103848696349251,-2.50277252030878,-1.06735380737059,2.16914571075097,273.911670143239,273.957447977438,269.944257857383,279.634222912719
2.67,0.10236693617578,-0.00481692273778931,2.37872129769697,-0.0550727098607229,0.0856139014645573,-0.056324526120467,1.95597890480948,-1.35480424395146,-2.19971888088829,276.963525747365,271.775371220086,269.944257857383,274.610103840717
2.68,0.0641637558303424,-0.00481692273806266,2.55116381100946,-0.0550727098596278,0.00641837873589834,0.0640233919854519,0.38956468027152,2.52184637792641,-0.174848466160021,273.911670143239,271.775371220086,269.944257857383,278.405110093562
2.69,0.0249053469769321,-0.06297173844352,2.84513723844511,0.295098553499023,-0.00534019787874118,-0.0675070250955881,-2.80656006465901,-0.552367328256767,1.86847630062848,273.911670143239,271.807415703969,269.944257857383,277.471631506771
2.7,0.0445638633052906,0.0342069908912409,2.60981772710805,-0.17250103425705,0.00526851711682816,-0.0559311976084524,1.90263475575015,-1.79468274682707,-2.39300635882227,273.911670143239,271.775371220086,269.944257857383,276.505924963773
2.71,0.0636947653831452,-0.0237133295919434,2.67058318415386,-0.0585955595646775,0.00516861534562673,0.0677689497702229,1.06619995537547,2.44921735218486,-0.43251908257903,271.775371220086,273.957447977303,269.944257857383,283.180026623236
2.72,0.0829429150712487,-0.0147048047073714,2.5546830459558,0.0630601844722765,-0.080887325992191,-0.0235159294060717,-2.54671023637654,-0.21130315684965,1.67825687790015,273.911670143239,273.911670143239,269.944257857383,277.332097718924
2.73,0.0932411636815685,-0.00475829893190146,2.37590590973987,0.0623556145319452,0.0527244932988532,-0.0770498787786039,1.18687756348009,-2.05915972277724,-2.59247596800629,273.911670143239,268.723515615582,269.944257857383,280.583731065054
2.74,0.0636361415769656,-0.169745230713127,2.61228119156319,0.643860676949582,-0.0960946968760264,0.153716658488796,2.09924986933909,1.68277139897153,-0.653419057372476,271.775371220086,273.911670143239,269.944257857383,277.231304548019
2.75,-0.03330809253563,-0.0434890935322058,3.07764136184109,0.295098553499545,0.0245831525121454,-0.0489530274567328,-2.96808104435833,0.86571035717115,1.38258839775359,273.911670143239,273.911670143239,269.944257857383,270.255214980792
2.76,0.03373800044701,0.0931825398751796,2.73240441167628,-0.408766822921199,-0.0833383335194018,-0.0536279831614134,1.00656003531013,-2.57292850265715,-2.91718359066255,271.775371220086,266.018045622217,269.944257857383,279.124353738235
2.77,0.112313441952839,0.0824153008212672,2.37836937419705,-0.521263157734759,0.13925822233484,0.00370655701346453,1.55993263509082,1.86948290543366,-0.911135694619643,271.775371220086,273.879625659389,269.944257857383,287.319351940276
2.78,0.10248418378823,-0.00469967512597355,2.43772713727445,-0.0550727098622473,-0.0959375949389863,0.0363465644917429,-2.25950568513518,0.91661369072127,1.1628236033949,271.775371220148,273.957447977281,269.944257857383,287.362984187965
2.79,0.12255306675681,-0.0240650724255268,2.31690007015848,0.1783747990403,0.0387820918626769,-0.118719548656066,0.104549971495576,-2.32140319795879,-3.01974867594023,273.911670143195,268.723515615582,269.944257857383,284.153284922742
2.8,0.0345001099193787,-0.0632062336649792,2.72853325325274,0.179079368982457,0.00349870409321867,0.0719238807923298,2.53373257781808,1.02818401008987,-1.11976344859155,271.775371220086,273.911670143239,269.944257857383,281.507761426838
2.81,0.131854710670708,-0.00481692273653664,2.37836937419226,-0.0550727098657413,-0.0998910947199568,0.0862011407485687,-1.78016568258722,1.57819011085687,0.822315496419207,271.775371220086,271.775371220086,269.944257857383,278.405130965237
2.82,0.0638706367998207,-0.00458242751474226,2.61087349758758,0.179079368982457,-0.00482820667275487,-0.0638525278079705,-0.55980612507982,-2.5564324640255,2.99449858183406,273.911670143239,271.729593385979,269.944257857383,277.279634077211
2.83,0.160697623300289,0.0728791616855762,2.14586525080657,-0.405243973222993,0.171951565701193,-0.0395949162805291,2.02303194028538,0.822375900083328,-1.37134397542794,271.775371220086,271.729593386008,269.944257857383,279.461794072465
2.84,0.0539827548303577,0.0150174650079984,2.72888517674771,-0.290633928589255,-0.0161981249606186,0.0536403096756642,-1.70569212744788,2.14985970581406,0.56459885917221,271.775371220086,271.775371220086,269.944257857383,283.126853198335
2.85,0.102660055205198,0.0247880993666096,2.37801745070642,-0.0564818497452966,-0.0682894080155775,-0.0805611169102387,-1.01849117719239,-2.14961227136342,2.67537481964006,273.911670143239,273.911670143239,269.944257857383,278.351248304647
2.86,0.0345001099193527,-0.0337184591721,2.72853325325289,0.0609464746465893,0.034804959394781,0.0334036955278249,2.72786710065651,-0.0857278719818315,-1.57987968774357,271.775371220086,271.775371220086,269.944257857383,278.146830616276
2.87,0.0635775177725778,0.00518820684358488,2.61263311504913,-0.0564818497407997,-0.0171449931898365,0.0614415776562966,-0.957554997888094,2.43148728543273,0.353547341588903,271.775371220086,273.911670143239,269.944257857383,277.38516102044
2.88,0.0834119055166486,0.0146070983691554,2.55221958150049,0.0623556145279698,-0.0702491209830313,-0.0472860899821069,-1.8828980636024,-1.72406725418124,2.33661550414449,271.775371220086,271.775371220086,269.944257857383,275.74679571412
2.89,0.112489313369805,-0.0243581914538783,2.26035769503506,0.0623556145290649,0.115035139242967,0.00375284594211006,2.21237941717634,-0.467421059240965,-1.7514299945486,273.911670143239,268.723515615582,269.944257857383,273.891938987018
2.9,0.063929260605803,0.0146657221739357,2.66917549017944,-0.172501034255746,0.00971897207667738,0.0648658257502401,-0.376725737242203,2.64808083771875,0.0767780815154397,271.775371220086,273.911670143239,269.944257857383,277.536066596976
2.91,0.102777302816778,-0.0436649649482425,2.49462143589243,0.179079368982457,-0.0656940124213565,-0.0903000546522848,-2.23161404213767,-1.12920516105052,2.11089868267686,271.775371220086,271.775371220086,269.944257857383,275.77189671638
2.92,0.12202545250434,0.0147829697849264,2.26176538901694,-0.172501034253648,0.0932483415212939,-0.0800842934543297,1.97643763727522,-1.11311883810106,-2.15983416321827,271.775371220086,268.723515615582,269.944257857383,273.48260459067
2.93,0.0643982510540847,-0.00528591318554723,2.66706394920325,-0.0529590000283085,0.00796510939528712,0.0641220137655639,0.492342904034734,2.62176147459495,-0.20548299738589,271.775371220086,271.775371220086,269.944257857383,278.025039339433
2.94,0.083177410294724,-0.0242995676480695,2.55327535197807,0.179783938920638,-0.0704354322134095,-0.0504757413034237,-2.46872141752934,-0.675982137592746,1.9083610182985,273.911670143239,273.911670143239,269.944257857383,274.516717426285
2.95,0.111609956286427,0.00507095923261827,2.38153668563237,0.061651044589528,0.0727684720197956,-0.0847776294177972,1.58664815213389,-1.77709467323547,-2.38687024841149,271.775371220086,268.723515615582,269.944257857383,276.217663367333
2.96,0.0637533891887934,-0.0241236962314807,2.61157734457299,-0.05648184974372,0.00565466664780745,0.0679299057707921,1.07269588312314,2.38177454188427,-0.444791303400573,271.775371220086,273.879625659394,269.944257857383,276.693153492205
2.97,0.131737463057691,0.024436356532107,2.32041930510039,-0.0550727098620266,-0.132028167447216,0.0228135418988487,-2.31956599901393,-0.0836201594869317,1.58310114569363,271.775371220086,271.80741570403,269.944257857383,276.837148903734
2.98,0.151161484162311,0.0247880993666964,2.20346339642335,-0.173910174138743,0.0381394158017334,-0.148356425970257,1.04594314278109,-1.94717709264353,-2.72742437621507,271.775371220086,265.976845571528,269.944257857383,278.059715214896
2.99,0.0928894208463586,0.0435086348009556,2.43667136679621,-0.404539403264622,0.0923061805379308,0.044732704388554,1.22080768585893,2.14724196883024,-0.681491762502594,271.775371220086,273.879625659333,269.944257857383,278.428630066091
3,0.151747722220164,0.0247880993659481,2.25930192455651,-0.173910174134246,-0.138907575147992,0.0659280413457681,-2.21881781327246,0.459932002014422,1.28958030420108,271.775371220086,273.911670143239,269.944257857383,281.076805602816
3.01,0.170116514826332,-0.0236547057872715,2.03031703609223,0.176261089226395,0.0564085320276073,-0.162225926525419,0.223473888058447,-2.02566400470997,-2.9451182333078,271.775371220086,268.723515615582,269.944257857383,277.971383510124
3.02,0.0442707442775486,-0.0534355993068093,2.67023126066035,0.179079368982457,0.00436131267484944,0.0692548989163812,2.26457971259331,1.42614274570035,-0.9418162466735,271.775371220086,273.911670143239,269.944257857383,275.851830593657
3.03,0.112078946729513,0.00489508781530921,2.43807906076838,-0.171796464314019,-0.0912849091510472,0.0652128633476682,-2.13746989272878,1.18531261251453,0.994126587915574,271.775371220086,268.769293449795,269.944257857383,275.056454385306
3.04,0.102835926622536,-0.0336598353665592,2.31830776413618,0.412526877883998,0.0465096091836528,-0.09769886680409,-0.113265152044964,-2.35199921759405,-3.01361256552946,273.911670143239,271.775371220086,269.944257857383,274.615691493126
3.05,0.0348518527547318,-0.0433718459186471,2.72677363577787,0.0602419047030248,0.0167423805097924,0.0530609211538369,2.56285313411263,0.933117013468618,-1.19953288393157,271.775371220086,273.911670143239,269.944257857383,274.275270071933
3.06,0.0640465082159278,-0.0143530618732647,2.66917549018381,-0.0564818497410604,-0.0531816192473707,0.0384666215571159,-1.8106104159054,1.96198315960231,0.724137729846864,271.775371220086,273.911670143239,269.944257857383,274.429470227447
3.07,0.0738171425748191,-0.0341874496176366,2.55186765800745,0.180488508859966,0.00981572155444278,-0.0807552094891423,-0.956927852507422,-2.37252897367144,2.82882360074332,271.775371220086,268.723515615582,269.944257857383,273.549950932909
3.08,0.0636947653831886,0.0437431300270837,2.55327535197887,-0.288520218769862,0.0695286899504415,-0.0337082458096111,2.48124636144323,0.667739045950287,-1.42043285871411,271.775371220086,273.879625659384,269.944257857383,274.676813845676
3.09,0.073524023547229,-0.00458242751456436,2.61192926806675,-0.0564818497442415,-0.040232672949311,0.0617099076960378,-1.3367668177295,2.24464232690904,0.515509975874872,271.775371220086,273.911670143239,269.944257857383,281.425261916754
3.1,0.0930652922641002,-0.0140599428440154,2.49426951239826,0.0602419047057365,-0.0454107792307014,-0.0824420508396041,-1.56410342671435,-1.94385955205166,2.48817743128333,271.775371220086,268.769293449775,269.944257857383,276.222620512357
3.11,0.0929480446523679,-0.0527321136361759,2.37766552721317,0.176261089210702,0.0942081055849416,0.0504464830819121,2.3726518981498,-0.234273987189712,-1.5952199637705,273.911670143239,271.72959338592,269.944257857383,276.491240335003
3.12,0.121966828701571,-0.0335425877577281,2.4377271372632,0.0595373347773314,-0.0641491308003884,0.109022481693263,-0.577378432693009,2.36911216185363,0.263469240757028,268.723515615582,273.911670143239,269.944257857383,277.103803315804
3.13,0.102894550428028,0.00589169250957546,2.49391758890569,-0.0593001294956099,-0.0832673705597316,-0.0607333973072616,-1.88996768972838,-1.62823941034301,2.25816533254104,271.775371220086,268.723515615582,269.944257857383,275.481310111401
3.14,0.0733481521304797,0.0244363565327185,2.4949733593845,-0.172501034256789,0.0560225957909298,-0.0532780977738153,2.3319801235887,-0.903613509220198,-2.00949945814861,273.911670143239,271.729593386001,269.944257857383,277.661524788479
3.15,0.0832946579056646,0.0341483670851371,2.49426951239826,-0.406653113101024,0.0386876820206404,0.081285756870886,-0.268549895966722,2.51289237896303,-0.0551482923273115,271.775371220086,273.911670143239,269.944257857383,278.810442166614
3.16,0.0348518527537902,-0.0337184591725339,2.72677363578272,0.178374799040822,-0.0148374972274967,-0.0461674647924893,-2.48877935190352,-1.12831261947709,2.06176377856247,273.911670143239,271.807415704026,269.944257857383,279.49910310346
3.17,0.122142700116029,0.00507095923233522,2.2024076259402,0.061651044589528,0.0926842420757065,-0.0797131425175428,1.68969806696423,-1.41397335356642,-2.2396035985583,271.775371220086,268.682315564827,269.944257857383,275.045630675592
3.18,0.0735826473531646,0.00501233542630853,2.61157734457299,-0.289929358645482,0.0272065133121585,0.0685516967793019,0.520051594004427,2.57564391934617,-0.309796874369004,268.723515615582,273.911670143239,269.944257857383,275.415403043976
3.19,0.141566721223458,0.0245536041441103,2.26141346551102,-0.0550727098652198,-0.14364774340892,0.00305644367708688,-2.22760978708784,-0.393418990183438,1.7212556715981,271.775371220086,271.775371220086,269.944257857383,277.659792785815
3.2,0.112489313369849,-0.0239478248148833,2.31865968762917,0.0602419047109756,0.0793986450202342,-0.0832057636509345,1.16505303430391,-2.00560795306038,-2.58936189196695,271.775371220086,265.976845571528,269.944257857383,276.295836108374
3.21,0.0832360341000164,0.053455140579524,2.43596751980441,-0.405243973220907,0.0891715133091153,0.0428267514672553,0.932740025311831,2.28651623229646,-0.552173235600239,271.775371220086,271.775371220086,269.944257857383,275.270722058703
3.22,0.112372065758028,0.00483646400949979,2.43667136679301,-0.0543681399206524,-0.11039982539367,0.0215116503292709,-2.41761207486712,0.308990452674594,1.42136861554438,271.775371220086,271.775371220086,269.944257857383,279.729926486222
3.23,0.170702752879182,-0.0433718459190636,2.02750164816126,0.294393983548134,0.0942922650646066,-0.148759926082074,0.350522982532496,-2.01855502515104,-2.82546408030283,271.775371220086,268.723515615582,269.944257857383,274.405786943755
3.24,0.0346173575312282,0.00477784020269641,2.66952741367015,-0.171091894365789,0.0281825645122546,0.0206623390970139,1.79779814787995,1.98080056243265,-0.801007853028331,271.775371220086,276.917747913589,269.944257857383,273.950613799292
3.25,0.0828842912675244,-0.00493417034749891,2.6719908781219,-0.171796464320485,-0.0758474750456238,0.0337833140047189,-2.4510024991073,1.07779220042152,1.09230435449359,271.775371220086,271.775371220086,269.944257857383,277.443578913015
3.26,0.112489313369892,-0.0533183516958167,2.31830776413618,0.529955202283209,0.0774839246642192,-0.0974316871896313,0.0106816421325611,-2.37808521886884,-2.91236674392756,273.911670143219,266.018045622217,269.944257857383,273.739758465145
3.27,0.034734605141619,0.0146657221741093,2.7274774827742,-0.172501034256268,0.037634202642312,0.00228975822080423,2.36699490340787,1.36609851515215,-1.11051326214163,268.723515615638,273.879625659389,269.944257857383,273.904465782309
3.28,0.132147829697843,-0.0143530618729739,2.4356155963109,-0.173205604196326,-0.106106172267418,0.0800658446888333,-1.89307627264282,1.54223400957011,0.816179386003203,268.723515615582,271.775371220086,269.944257857383,277.377411289751
3.29,0.0930066684582991,0.0244949803376477,2.49426951239826,-0.0543681399190879,-0.044525285262138,-0.0852510610595491,-0.500545941782545,-2.44413380470112,2.91779720169418,271.775371220086,268.769293449768,269.944257857383,276.000610057043
3.3,0.0244363565314822,-0.0442512030070298,2.72994094723263,0.181193078812212,0.0136981127136015,0.0486586703084717,2.6993004187964,0.4463023148858,-1.34066342337949,271.775371220086,273.879625659326,269.944257857383,277.85654037571
3.31,0.0444466156936297,-0.00475829893110975,2.72782940627117,-0.0550727098657413,-0.0287579752409474,0.0342216585713795,-1.56836093244137,2.23256136728228,0.592211356015279,271.775371220086,273.911670143239,269.944257857383,274.426149745528
3.32,0.151337355581608,0.121732333478709,2.26141346551245,-0.52267229762009,-0.184560501356422,-0.0604911361082904,-0.794850847453955,-2.18068551675895,2.56492483225203,268.723515615582,268.723515615582,269.944257857383,276.947446348862
3.33,-0.0334839639507262,-0.0919905224901302,2.96138930013767,0.41111773800912,-0.0365798296903312,0.090803899308824,2.97361255678119,-0.310600617560358,-1.53692691486259,273.911670143239,271.729593386008,269.944257857383,281.627454701037
3.34,0.00530545445525441,0.0343242385021034,3.02109898670321,-0.289929358648414,0.0306898588604379,0.0162614193369599,-1.26401229364849,2.75923377805704,0.333896447990053,268.723515615582,271.775371220086,269.944257857383,273.129387570536
3.35,0.0834705293230027,-0.0142944380671328,2.61087349758439,0.0609464746476322,-0.0536153384570675,-0.0655519313769735,-2.01036771411455,-1.66697226947733,2.28642212097918,268.723515615582,268.723515615582,269.944257857383,277.433803555678
3.36,0.102366936175607,0.024319108919854,2.32041930510508,-0.171796464310449,0.0898570514003821,-0.0547368157117817,2.2600928420446,-0.553028138517975,-1.88467563212512,273.911670143239,271.729593385917,269.944257857383,274.407986832801
3.37,0.083118786489449,-0.00446517990404033,2.61192926806504,-0.173910174133725,-0.00421652259689918,0.0831317715211452,-0.166096203075645,2.61243780813359,-0.0029913538299909,271.775371220072,271.775371220086,269.944257857383,279.661734452184
3.38,0.0835291531276325,-0.023889201009669,2.49286181842798,0.177670229105573,-0.0595492504878072,-0.0632589923523941,-2.23283517996644,-1.12266371420419,2.10783062747714,273.911670143229,273.911670143239,269.944257857383,274.997497149521
3.39,0.122377195339407,0.00530545445492898,2.20099993196146,0.060946474649991,0.0967696087606656,-0.0750997244097502,1.76037442658141,-1.3225721347075,-2.18744666006098,271.775371220086,268.682315564906,269.944257857383,276.111624071633
3.4,0.0639878844114729,-0.0144703094843614,2.66917549017944,-0.172501034255746,0.00271059119417546,0.0655476307993453,0.529273083081824,2.62185514621212,-0.263730025465297,268.723515615582,273.911670143239,269.944257857383,276.022620048744
3.41,0.0835877769344529,-0.00446517990298293,2.55151573450897,0.060946474647893,-0.081233317077298,-0.0201990712912506,-2.51696418856355,-0.422892763839098,1.76114038926289,271.775371220086,271.775371220086,269.944257857383,276.617898562732
3.42,0.0739343901881402,0.00530545445571303,2.49215797143014,-0.0571864196887568,0.0368618217725673,-0.0643090039969621,1.43836837131635,-2.03598086178539,-2.54947717430243,271.775371220086,265.976845571528,269.944257857383,274.739002885336
3.43,0.112372065757229,0.0154278316500354,2.31936353462188,-0.292747638420574,0.0685290656884066,0.0903839936484493,0.881723814328933,2.165112352923,-0.512288517924461,271.775371220086,271.775371220086,269.944257857383,275.79002180712
3.44,0.151102860360013,0.0242604851167589,2.26246923598834,-0.171091894381783,-0.147131774880999,0.042105657190515,-2.26672804477255,0.0999172215307607,1.45126681352416,271.775371220086,271.775371220086,269.944257857383,278.609936220998
3.45,0.142094335472964,-0.034011578201126,2.14164216888812,0.179783938921733,0.0799318806890496,-0.122304873470954,0.552874044166571,-2.07684465850023,-2.79766750013645,271.775371220086,265.976845571528,269.944257857383,276.4533421509
3.46,0.0442121204719221,-0.111531791206568,2.61192926806649,0.411117738007034,-0.0502462174157265,0.108946636853924,2.09943587757748,1.60734603985168,-0.761261197848958,271.775371220086,273.879625659274,269.944257857383,273.556257770252
3.47,0.044446615694866,-0.0242995676486009,2.786835245847,0.061651044589528,-0.0505588487053413,-0.0031262521053897,-2.49691972920551,1.23921079913723,1.13223509298659,268.723515615582,268.723515615582,269.944257857383,272.082356504212
3.48,0.0545689928885853,0.0438603776369856,2.55010804052918,-0.0536635699761492,-0.0283635898824064,-0.0640079251367837,0.707213890777187,-2.45066915551772,-2.88168619170619,271.775371220124,271.775371220086,269.944257857383,273.211938255046
3.49,0.034675981337142,-0.00440655609660044,2.7278294062624,-0.0571864196904255,0.0285024328728992,0.0202349385630938,2.37865330313866,1.33653732448235,-1.07983271009309,268.723515615582,271.775371220086,269.944257857383,283.593504671551
3.5,0.287364127129291,-0.0240064486207832,1.67839353955985,-0.0564818497413212,-0.229070478369147,0.175160403847136,-1.28169928836038,1.08509999871116,0.834633738069332,268.723515615582,268.769293449709,269.944257857383,276.747926791683
3.51,0.112547937175432,-0.101819780654756,2.37696168022354,0.529250632344193,0.0767260237763104,-0.13094816978677,-1.00289910437095,-2.21906431802681,2.93620553293226,271.775371220086,271.775371220086,269.944257857383,278.603666087587
3.52,0.112547937175345,0.0246708517550509,2.2600057715422,-0.173205604196326,0.115158387108915,0.00377292555167303,2.14795408568104,0.723822847480787,-1.32225509215249,271.775371220086,271.775371220086,269.944257857383,273.066137989108
3.53,0.14168396883341,-0.0144703094844092,2.37801745070531,-0.0557772798034009,-0.0917687953996679,0.108913842425355,-1.3856603934266,1.93339684878457,0.598393487249045,268.723515615582,273.911670143239,269.944257857383,277.243881943413
3.54,0.112665184786773,-0.0343046972303709,2.49356566540941,0.181193078808926,-0.0316289518142792,-0.113445429710654,-1.49307312542459,-2.00535116666677,2.57412899786278,268.723515615582,268.723515615582,269.944257857383,272.946908192134
3.55,0.112606560980971,-0.0240650724253446,2.25965384804882,0.061651044589528,0.111465867529037,0.02889161924845,2.26021267683268,0.0357074191964485,-1.52772274925167,273.911670143239,271.729593385925,269.944257857383,272.754717036919
3.56,0.0832360341002377,-0.00464105132025594,2.55362727546999,-0.0557772798034009,-0.0316740608051002,0.0771137510578236,-0.889919403152172,2.39419439955485,0.33403451048141,268.723515615582,271.775371220086,269.944257857383,275.98237534296
3.57,0.0638706367998294,-0.121126554149751,2.72818132976226,0.527841492467466,0.031267827488581,-0.133317003152458,-2.4052229875281,-1.39157909926099,2.2864221209837,268.723515615582,268.723515615582,269.944257857383,273.730252210249
3.58,0.151571850803506,-0.0143530618730868,2.14269793936734,-0.0557772798034009,0.148497174776735,-0.0335950208284007,2.05338509102564,-0.614715570215168,-1.88769766650916,271.775371220086,271.729593385837,269.944257857383,267.521256796458
3.59,0.103187669456685,-0.02459268667697,2.49215797143565,-0.0536635699808789,-0.0239717382567226,0.10333368826692,-0.0386763766743985,2.49243561024567,-0.00601338821246183,271.775371219988,273.911670143239,269.944257857383,274.615719347068
3.6,0.102894550428315,-0.0145875570960297,2.43526367281661,0.0630601844733194,-0.082133162879544,-0.0636728268987432,-2.14628728123656,-1.15236133630395,2.0894222962396,271.775371220086,271.807415704021,269.944257857383,271.454977486048
3.61,0.0348518527545495,-0.0142358142610931,2.66847164318627,0.0609464746465893,0.0365579190544624,-0.00899047287457789,2.12203789613998,-1.61907706753165,-2.19971888088802,271.775371220086,268.68231556483,269.944257857383,277.603167976207
3.62,0.122142700117786,-0.111531791208997,2.32006738159643,0.29368941362579,-0.0749247501685458,0.14746003341425,0.901694674361443,2.15775643691585,-0.269912156698547,268.723515615582,271.775371220086,269.944257857383,276.120145512248
3.63,0.131678839253907,0.0438017538334782,2.3204193050916,-0.171091894381001,-0.137587763446721,0.0180974499826342,-2.24614063969709,-0.607017639336628,1.76114038926856,271.775371220086,268.769293449695,269.944257857383,273.560247438734
3.64,0.0449742299445025,0.0439190014440066,2.66636010223606,-0.172501034256789,-0.0120993186933047,-0.0616860319205044,1.60518504783017,-2.1360275662637,-2.5617493951292,271.775371220086,265.976845571528,269.944257857383,280.828248701931
3.65,0.0831774102943248,0.0641051320228127,2.43631944329818,-0.410175962803924,0.0970209586381933,0.0401856083674078,0.858059399222836,2.31681480003479,-0.521492683545938,271.775371220086,271.775371220086,269.944257857383,279.353520130723
3.66,0.0833532817114223,-0.0337184591725339,2.61122542107882,0.060946474647893,-0.0868511127650072,-0.0232720491687681,-2.58417322829229,0.3798175860037,1.44819875831354,268.723515615582,273.911670143239,269.944257857383,284.109861654096
3.67,0.151161484162116,-0.0529079850539913,2.08615556424953,0.293689413604674,0.101137537129964,-0.124178290211502,0.432877697647359,-2.06177482009852,-2.79478352824872,271.775371220086,268.682315564824,269.944257857383,275.349902661047
3.68,0.0636361415769222,-0.00469967512619151,2.55327535198086,-0.0557772798034009,0.0409481919002358,0.0489376239839175,1.73825274557108,1.87104343094698,-0.770465363458465,271.775371220086,273.911670143239,269.944257857383,276.32335817888
3.69,0.121790957284704,0.00489508781629851,2.43843098425042,-0.171796464319964,-0.10766244892431,0.057147145621407,-2.27238093737289,0.900968681791803,1.12298490654789,268.723515615582,268.769293449702,269.944257857383,279.057749561239
3.7,0.131971958281158,-0.0628544908319415,2.20170377894743,0.529250632343411,0.0922451292181908,-0.113393654698249,0.00571458237357358,-2.26441451718001,-2.90316257798427,271.775371220086,268.723515615582,269.944257857383,276.585767665212
3.71,0.102718679011239,0.0245536041437545,2.37801745070406,-0.173205604196326,0.102482773592676,0.0255203372041718,2.03094297302892,1.24909479923764,-1.09210493091987,268.723515615582,271.775371220086,269.944257857383,275.484743342016
3.72,0.0831774102941926,0.00483646400949979,2.61228119156106,-0.171796464313578,-0.057838972167352,0.0599710452300769,-2.03605036878692,1.64560807748897,0.825383551619803,268.723515615582,271.775371220086,269.944257857383,278.723313353677
3.73,0.0830015388765508,-0.0234788343672559,2.49567720637649,0.175556519270371,0.00526529176409337,-0.0860975482912236,-0.702979605400984,-2.40105070422841,2.92700136731061,271.775371220086,271.775371220086,269.944257857383,275.650133649106
3.74,0.170409633848793,0.0532792691593912,1.97060734955325,-0.287815648815206,0.17807033941844,-0.0130030015780965,1.85300168699967,0.729736885317271,-1.34066342337904,271.775371220086,271.775371220086,269.944257857383,275.44598906932
3.75,-0.0816336500787708,0.0342656146971407,3.42710139391909,-0.289929358651335,0.0737007581874797,-0.0490549020827353,-2.13718372786005,2.6947223809848,0.58612126643309,268.723515615582,273.957447977365,269.944257857383,280.309038413731
3.76,0.0932411636807193,-0.00481692273687509,2.55186765800706,0.179079368982457,-0.0475455706022551,-0.0803525734827062,-1.56030202495185,-2.02720387610836,2.5556746457967,268.723515615582,266.01804562237,269.944257857383,277.9608159781
3.77,0.0440948728606691,-0.00487554654276192,2.55362727547238,-0.054368139923284,0.0439044835222849,0.00636593224364125,2.55032167034811,0.140810278133541,-1.53692691487298,273.911670143239,271.729593385844,269.944257857383,256.708397879728
3.78,0.0346173575306394,0.00518820684389729,2.78718716934114,-0.173205604196326,-0.00602858281552009,0.0344809385297963,-1.04597194866482,2.58927696102044,0.321854331310285,268.723515615582,271.775371220086,269.944257857383,274.059255791155
3.79,0.083646400740471,0.0150760888140185,2.55151573450792,-0.0564818497455573,-0.07167839677819,-0.0456751162677446,-1.83612209771425,-1.77259086793248,2.31645838143841,268.723515615644,268.723515615582,269.944257857383,268.736560755244
3.8,0.122904809592437,0.015134712620184,2.19853646749665,-0.173910174139578,0.107945146327201,-0.0606835820584769,2.09982515972653,-0.674197038084074,-1.9604105748674,271.775371220086,271.729593385925,269.944257857383,276.579499720213
3.81,0.0635775177725127,0.0538068834140771,2.67093510764471,-0.407357683044524,0.054770998168605,0.062748858383758,-0.366543797116743,2.67684147382315,-0.0152635746510909,271.775371220079,273.911670143239,269.944257857383,276.810667711258
3.82,0.190361269209832,0.131620215448181,1.96849580856837,-0.640100622013019,-0.230378021997874,0.0220739871829013,-1.40638974885701,-1.51880625129166,2.0802181306292,271.775371220064,271.775371220086,269.944257857383,281.797557728467
3.83,0.0642223796336318,-0.00434793229223195,2.49215797143878,0.0602419047099326,0.0541742821497801,-0.0347644317453942,1.96584822971293,-1.53294526302261,-2.2089230465094,271.775371220086,268.682315564758,269.944257857383,288.496374238935
3.84,0.102191064759928,-0.05290798505552,2.49708490034841,0.0588327648261653,-0.0227061276867137,0.112812678209843,0.744518459598252,2.38423710169156,-0.279116322320025,268.723515615582,271.729593385864,269.944257857383,288.339894067552
3.85,0.0930066684583208,0.0148415935908359,2.49462143589256,-0.0550727098615051,-0.0941780849247483,-0.0010007986503064,-2.44988133957923,-0.473550983282283,1.73966400282546,271.775371220086,268.769293449778,269.944257857383,285.256241530796
3.86,0.0928894208465018,-0.00469967512612209,2.37801745070799,-0.0557772798034009,0.0534326952275403,-0.0761280403807322,1.31327484271893,-1.98327690661076,-2.58015772635584,271.775371220086,268.68231556483,269.944257857383,286.288782119283
3.87,0.0538068834124859,-0.033601211559821,2.55397919897172,-0.0571864196914685,-0.000967673784325641,0.0634293759097457,1.27062900971838,2.21620891502571,-0.542969069977875,271.775371220086,271.729593385946,269.944257857383,282.369868786083
3.88,0.112196194342528,0.00507095923268769,2.49638105335368,-0.0557772798034009,-0.110127913596379,0.0220350470703916,-2.47594312839509,0.323628017079224,1.41848464365602,268.723515615582,271.807415703965,269.944257857383,282.084754668251
3.89,0.101956569538789,0.0154278316468632,2.38083283864783,-0.0578909896220117,0.0167217828466636,-0.101752356433996,0.788306689102222,-2.24728479196118,-2.82853213551295,271.775371220086,265.976845571528,269.944257857383,279.865694544543
3.9,0.102601431399856,0.101897945731818,2.31971545811073,-0.52126315773163,0.14458676119739,-0.00221665426102566,1.30917775660692,1.98465329158821,-0.804167949895605,271.775371220086,271.807415704045,269.944257857383,280.764620086891
3.91,0.0832360340999069,-0.00475829893177129,2.61228119156132,-0.172501034254691,-0.0760787353250181,0.0341013901879498,-2.39832320305167,1.04967397048223,1.09230435448863,268.723515615582,271.775371220086,269.944257857383,284.141848470607
3.92,0.0737585187706068,0.0340311194725754,2.49286181841952,0.0637647544175618,-0.0171128622875148,-0.0794077208344327,0.481841635098015,-2.44668237176914,-2.92157090938972,271.775371220086,268.769293449757,269.944257857383,275.665043993338
3.93,0.112196194339422,0.0726446664581954,2.3787212976997,-0.403834833319545,0.132787761587896,-0.0152526706365837,1.95184129397823,1.41834873985694,-1.11055928297467,268.723515615582,271.775371220086,269.944257857383,281.081044537728
3.94,0.152333960274889,-0.00452380370931536,2.2568384601093,-0.173910174134507,-0.113144376688182,0.102100197242094,-1.75017610919234,1.43542612854454,0.806975220393163,268.723515615589,271.775371220086,269.944257857383,279.176662466517
3.95,0.102953174233659,-0.0145289332898144,2.37625783323756,0.179079368982457,-0.00963525652711397,-0.103525879947879,-0.722911407535041,-2.270698088094,2.90859303607307,271.775371220086,268.723515615582,269.944257857383,276.378159670095
3.96,0.0248467231719955,-0.0437822125596484,2.72782940626719,0.179079368982457,0.0147962508302018,0.0481176968523407,2.70205564844979,0.414750482545473,-1.35293564420591,271.775371220086,271.729593385851,269.944257857383,274.201088190249
3.97,0.0541586262475657,0.024494980337843,2.72818132975964,-0.172501034254952,-0.00846884770254712,0.058833999331729,-1.612398475409,2.20746486526215,0.567712935195457,268.723515615582,273.911670143239,269.944257857383,273.376124371949
3.98,0.0931825398757457,-0.0144116856786916,2.49391758890371,0.061651044589528,-0.0405585303932093,-0.0851216073282187,-1.45520362802384,-2.02627939646252,2.5434944666374,268.723515615582,268.723515615582,269.944257857383,274.618547713039
3.99,0.122259947727579,-0.0047582989320837,2.20135185545656,-0.0543681399163762,0.122191590863043,0.00627306539390075,2.20050903952108,0.081644676164579,-1.55840330130509,273.911670143239,271.729593385932,269.944257857383,270.452679984174
4,0.0734653997417804,-0.0239478248153346,2.6119292680653,-0.0564818497413212,-0.0453719544918294,0.0625463749404944,-0.856670260910954,2.46809253570385,0.312466082387941,268.723515615582,271.775371220086,269.944257857383,276.043454882419
4.01,0.0834705293222707,0.0148415935910799,2.5525715049928,-0.0557772798034009,-0.0722197338479926,-0.0444062181297615,-1.86969667957849,-1.73866808776621,2.29805005020078,268.723515615728,268.723515615582,269.944257857383,272.830742564628
4.02,0.151689098414716,-0.0239478248146056,2.08369209978673,0.0602419047093068,0.149084264138871,-0.0368369797539335,1.89677122452125,-0.864673797235,-1.96961474048879,271.775371220086,271.729593385845,269.944257857383,275.450121556247
4.03,0.102953174233971,-0.0244168152599994,2.49321374191649,-0.0543681399210938,-0.020937000153773,0.103716821089215,0.0295980738174409,2.49363080899037,-0.0336719058888074,271.775371219996,273.911670143239,269.944257857383,273.131670932626
4.04,0.132030582086241,0.0443879918893253,2.3186596876306,-0.173910174138483,-0.137431966943111,-0.0226897089480208,-1.96653612617231,-1.24063014640598,2.05874174418601,271.775371220086,271.807415704018,269.944257857383,274.979050675414
4.05,0.170820000490372,0.0246122279491631,1.96849580858169,-0.0557772798034009,0.11990557693687,-0.12412850982586,1.58975579126892,-1.16222346279573,-2.23039943294143,271.775371220086,268.723515615582,269.944257857383,277.918887314575
4.06,0.0832946579056646,-0.101819780655733,2.55292342848563,0.29439398356225,-0.0725969342932289,0.109703932926891,1.03697137518877,2.35133498598298,-0.300546687923727,268.723515615582,271.775371220086,269.944257857383,275.655547102253
4.07,0.112430689564417,-0.00458242751473792,2.37766552720899,0.061651044589528,-0.110473614119443,-0.0213831518080608,-2.36004446379235,-0.295439231484391,1.72125567158791,271.775371220086,268.723515615582,269.944257857383,272.723746665627
4.08,0.083177410294455,0.0246122279494461,2.43596751980415,-0.172501034256528,0.0219085011919637,-0.083930095457168,1.4064229819863,-1.99641397513169,-2.59856605759339,271.775371220086,266.018045622352,269.944257857383,274.703692073
4.09,0.0542172500531241,-0.0340702020069477,2.55186765800432,0.0623556145303686,2.15019393341384e-05,0.064033494405536,1.41127908779862,2.1270185948821,-0.56137740121551,271.775371220086,271.775371220086,269.944257857383,275.53826233689
4.1,0.102777302816761,0.0244949803377258,2.49462143589253,-0.172501034254483,-0.0971140388625525,0.0416178025829856,-2.4876161387543,0.254280674536061,1.39989222910714,268.723515615582,271.775371220086,269.944257857383,274.255482609089
4.11,0.11248931336923,-0.0337770829779531,2.31865968763102,0.178374799039466,0.064085883420006,-0.0984262998545504,0.481748319314907,-2.27506458651503,-2.85614463235592,271.775371220086,268.723515615582,269.944257857383,276.275044510788
4.12,0.0344414861134865,-0.092225017713747,2.78753909283507,0.412526877893513,-0.0363818791523648,0.0914769300280085,2.34303469882506,1.56548427624492,-0.8348485019429,268.723515615582,271.775371220086,269.944257857383,271.272035786445
4.13,0.0639292606052693,0.00489508781621173,2.72782940627,-0.171796464319443,-0.0534352127032363,0.0354343094983486,-2.46559655355994,1.17957658926301,1.06166982325775,268.723515615582,268.723515615582,269.944257857383,272.379841051263
4.14,0.112430689564235,-0.053201104084542,2.31901161112236,0.412526877889341,0.0724838403960938,-0.101079722561636,0.00963244510034961,-2.35539816029113,-2.9614556268974,271.775371220086,268.723515615582,269.944257857383,275.625427651741
4.15,0.0348518527532061,-0.0140599428446462,2.72712555927939,-0.057186419684665,0.0260789756031365,0.0270595762091147,2.46632586332572,1.16521278681703,-1.15039797982168,268.723515615582,271.775371220086,269.944257857383,274.7347374796
4.16,0.0156037030657073,0.0439776252488915,3.01863552224286,-0.407357683040549,0.0209573885992754,0.0416928643174544,-2.38261069601266,1.89770044246311,0.764068468340578,268.723515615582,271.775371220086,269.944257857383,277.748433575545
4.17,0.0927721732348779,-0.071863015712418,2.43702329028965,0.408299458226887,0.0442008643466809,-0.108707188101853,-1.04999391696213,-2.23680659408566,2.86870831840873,271.775371220086,268.769293449757,269.944257857383,279.004349973661
4.18,0.210195656953467,0.0738171425768851,1.79112636634034,-0.409471392869626,0.219943844621654,-0.0354385376865553,1.6903418600232,0.720100602715652,-1.39282036187025,271.775371220086,271.775371220086,269.944257857383,269.169081781886
4.19,0.0638706367997426,-0.0240650724261797,2.72818132976278,0.0609464746512947,-0.0530887436936662,0.042897217265344,-1.32862869365677,2.38357580857638,0.530850251897373,268.723515615582,273.911670143239,269.944257857383,278.644953628374
4.2,0.0254915850329106,-0.180395222160976,2.84232185049958,1.00037306979368,0.129729067542672,-0.127916481035505,-2.49641801110911,-1.68743500449818,2.50360974896215,268.723515615582,268.723515615582,269.944257857383,267.942423398853
4.21,0.0348518527530238,-0.0339529543955646,2.60946580361194,0.0623556145298471,0.0356721535211181,0.0330900621889945,2.60715894701415,-0.126183310653886,-1.59526598460313,273.911670143239,271.729593385851,269.944257857383,270.383002715219
4.22,0.0543344976647476,0.0243191089206611,2.66882356668432,-0.171796464313682,0.00932948995870791,0.0587930039399741,-0.860914253687231,2.53198734259049,0.263469240751715,268.723515615582,271.775371220086,269.944257857383,281.800386006365
4.23,0.131737463057053,-0.00458242751442884,2.32041930510367,0.0609464746470586,-0.0989146886059804,-0.0871300303719408,-1.83216490345795,-1.42521296331694,2.25816533253662,268.723515615636,268.769293449763,269.944257857383,284.731634513612
4.24,-0.111004176950686,-0.0238892010075596,3.36844747778704,0.0602419047025033,-0.0897082722034206,0.0696063727222999,3.01007869168098,-1.51310732189762,-2.01870362376928,271.775371220086,271.729593385932,269.944257857383,286.332499154246
4.25,0.0831774102947674,-0.014353061873243,2.55327535197794,-0.0564818497413212,-0.00742796284437161,0.0840792324921193,0.154781413662416,2.5492053539001,-0.0827607891802995,271.775371219912,271.775371220086,269.944257857383,284.462304693144
4.26,0.0639878844109349,-0.0240650724260582,2.61016965060166,0.178374799043493,-0.0476989113201478,-0.048973369509676,-2.43861734319833,-0.947601512930485,2.00965286089452,271.775371220086,271.775371220086,269.944257857383,269.422856724839
4.27,0.0445638633057071,0.0148415935909845,2.55116381101861,0.061651044589528,0.0241739798527474,-0.0402719444666962,1.89675381015931,-1.70720901637618,-2.27948831623274,271.775371220086,268.682315564766,269.944257857383,281.935876828955
4.28,0.0638706368002286,-0.0145875570958444,2.61122542107906,-0.0550727098622473,0.00877220666427154,0.0649253683665372,0.865466470409927,2.4642441014756,-0.358839736831462,268.723515615582,273.911670143239,269.944257857383,279.577766115717
4.29,0.0153105840372227,-0.0630303622476672,2.84443339145031,0.412526877883998,-0.00964138567849196,-0.0641426864952784,-2.86985740409204,0.157791709390241,1.65989456748587,271.775371220086,268.769293449771,269.944257857383,284.629453456221
4.3,0.131913334474291,0.0149002173966153,2.26070961853366,-0.0557772798034009,0.0475246073422343,-0.123953846199136,1.09064536554583,-1.98101281441748,-2.66299521690081,268.723515615582,263.840546648375,269.944257857383,277.481841068186
4.31,0.0637533891887934,-0.0630303622491465,2.49462143589047,0.0609464746518162,-0.0131980515296347,0.0886743065049707,1.5227828332891,1.97686191318886,-0.631942670933529,271.775371220086,273.879625659346,269.944257857383,280.213091486172
4.32,0.0831187864891105,0.0243777327274608,2.55397919896381,-0.171796464318817,-0.0748858924253115,0.043532856970552,-2.52104556956209,0.443455758879779,1.32951104269263,268.723515615582,271.775371220086,269.944257857383,278.98139299092
4.33,0.142094335473094,0.0438017538326885,2.1416421688876,-0.171091894376933,-0.0124951908362217,-0.148166339019111,0.623825543642056,-2.05590498491024,-2.92670990208487,271.775371220086,265.976845571528,269.944257857383,281.743815947301
4.34,0.0442121204719221,-0.10181978065339,2.67058318415412,0.411117738004948,-0.0241564757400863,0.108344100018168,2.4013201679081,1.23882758654578,-0.941770225855269,268.723515615582,271.775371220086,269.944257857383,280.214860976414
4.35,0.0833532817114483,-0.014528933290259,2.61122542107866,-0.055072709861453,-0.0773827888732728,0.0342164209235178,-2.20196583063148,1.40459164307294,0.981900387923486,268.723515615582,268.723515615582,269.944257857383,274.343428617554
4.36,0.102894550428406,0.00495371162056821,2.3766097567287,0.179783938925448,0.00538116642690013,-0.102873081097873,0.0592551540007196,-2.38266343137211,-3.04122506241597,271.775371220086,268.723515615582,269.944257857383,275.879323226911
4.37,0.112547937175566,0.0342656146972709,2.37731360371559,-0.289929358651856,0.117572753042104,0.00422116751118815,2.15359921584833,1.04770674375845,-1.23937158077228,268.723515615582,273.87962565934,269.944257857383,279.435430463894
4.38,0.0153692078405512,0.0440948728609382,2.90273538405437,-0.407357683043742,0.0246975919103654,0.0396307874776343,-2.1381982111636,2.00497416480932,0.678116901756241,268.723515615582,271.775371220086,269.944257857383,280.430760416092
4.39,0.122435819144986,-0.0925767605461782,2.31760391715,0.53136434216124,0.041427082461108,-0.14779980798935,-1.34160614468638,-1.963091677291,2.76746249662568,271.775371220086,268.723515615582,269.944257857383,278.846266877685
4.4,-0.110828305538217,-0.16986247832855,3.36774363082273,0.761993571303305,-0.124015967936762,0.160487428009478,3.41776804262479,-0.491114011678886,-1.4909981284479,271.775371220086,271.729593385856,269.944257857383,262.489442472949
4.41,0.121849581087588,-0.0141771904556609,2.37977706817686,0.060241904706258,-0.0636454601221933,0.104869292675554,-0.936536790364343,2.18857643722972,0.429650450953536,268.723515615582,271.775371220086,269.944257857383,276.033816975366
4.42,0.0834705293231979,0.0249053469784287,2.61052157408893,-0.0564818497460788,-0.0749730759979606,-0.0443468538795573,-1.73163467663082,-1.95434245587208,2.39490855304513,268.723515615582,268.769293449757,269.944257857383,278.071064539915
4.43,0.160697623296045,-0.00475829893211841,2.02855741865144,-0.0550727098596799,0.159880894258125,-0.0168661552508914,2.01757688128116,-0.217857137264004,-1.70550120813208,273.911670143239,268.723515615582,269.944257857383,281.525833490585
4.44,0.0835877769330377,0.0047778402053319,2.55151573451576,-0.171091894381626,-0.00421467041018492,0.0836180648123865,-0.44376003344402,2.51844833429681,0.107458633554146,268.723515615582,271.775371220086,269.944257857383,284.078068498877
4.45,0.102953174233659,0.0343828623079251,2.43526367281792,-0.289929358649979,-0.105291004872825,-0.0263693306350891,-1.89735154305065,-1.55390646798226,2.13851117952125,268.72351561572,268.769293449844,269.944257857383,282.91038275543
4.46,0.122670314367648,0.0148415935909671,2.19994416148093,-0.0557772798034009,0.0954588686302005,-0.0784594374643303,1.88500918170115,-1.13560812055861,-2.13835777678482,271.775371220086,268.682315564768,269.944257857383,284.440977514074
4.47,0.00536407826110622,0.0446811109177752,2.96244507061513,-0.41017596280615,0.0448472693639507,-0.00372792690849188,0.193754995900524,2.98442358227505,-0.202414942184667,268.723515615582,271.775371220086,269.944257857383,280.812935572132
4.48,0.0831774102940104,0.00471921639739,2.49497335938743,0.0637647544169361,-0.0804567224300497,-0.0216210176087407,-2.38895230088464,-0.722402181652859,1.88999870789033,271.775371220086,271.775371220086,269.944257857383,281.623514352043
4.49,0.151513226996974,-0.0142944380668638,2.08439594677694,0.061651044589528,0.112969721251486,-0.101972697302001,1.36382487428274,-1.57749454088652,-2.39914246923711,271.775371220086,268.682315564844,269.944257857383,274.768955967528
4.5,0.0443293680828193,-0.0041134370712186,2.72818132976309,-0.175319314010087,0.016761579297794,0.041243941356334,1.10065735556357,2.50245152112417,-0.478539910675055,268.723515615582,271.729593385788,269.944257857383,276.580229137672
4.51,0.0832946579056646,-0.0241236962315936,2.49426951239826,0.178374799043493,-0.0839937756507881,-0.0215638217257741,-2.48764392714969,0.254608839454868,1.54019439364222,271.775371220086,268.769293449852,269.944257857383,275.638151223177
4.52,0.141859840250649,-0.0241823200371289,2.20135185545486,0.178374799042346,0.0725373153847563,-0.124287315342678,0.60737031138012,-2.12340972619557,-2.78214314080534,268.723515615582,265.976845571528,269.944257857383,270.920728507154
4.53,0.0538655072189225,-0.043899460171153,2.61228119156084,0.0623556145306815,0.00473868850642242,0.0693267646909153,1.83009748694078,1.86511244560189,-0.752057032231362,271.775371220086,271.775371220086,269.944257857383,271.516006973239
4.54,0.0921273113712832,-0.0048755465434602,2.49919644132022,0.0623556145316845,-0.0895100646074325,0.0223419065563364,-2.37115258402196,0.792153077540752,1.27331961160727,268.723515615644,271.775371220086,269.944257857383,273.408523893845
4.55,0.150868365132286,-0.0528493612476695,2.20416724341598,0.292984843659388,0.0828371219625509,-0.136719895431999,0.168044951726677,-2.21719513118744,-2.9337971094101,271.77537122005,268.723515615582,269.944257857383,274.663695923221
4.56,0.121908204895957,0.0146657221748903,2.32077122858162,-0.171796464320903,0.11314939785214,0.0476855071647968,1.93049980968494,1.29948590041286,-1.05222021325422,268.723515615582,273.911670143239,269.944257857383,273.565046832054
4.57,0.0442121204719221,0.0149588412021333,2.7878910163278,-0.173910174135081,-0.024325143812446,0.0398342303206453,-2.25043084346045,1.65473323722913,0.874472434901457,268.723515615582,268.723515615582,269.944257857383,277.588952793731
4.58,0.141742592639466,-0.0534942231124358,2.20170377894795,0.414640587708109,0.039816900550004,-0.146175267761519,-0.6214829971096,-2.15248350319167,3.04665552031631,271.775371220086,268.723515615582,269.944257857383,275.150261891005
4.59,0.0538655072189746,0.0243191089209014,2.67058318415412,-0.171796464314645,0.0580279496294446,-0.0112102180383218,2.55855787456538,0.784417090033914,-1.33754934735003,268.723515615582,271.729593385862,269.944257857383,272.696283222361
4.6,0.0350277241713236,0.0147243459792642,2.84337762096786,-0.289224788705359,-0.00687739139096695,0.0373690956914247,-1.80002961507929,2.2199866347931,0.57993913518975,268.723515615582,271.775371220086,269.944257857383,279.294990827425
4.61,0.0930652922641002,0.00483646400882724,2.4356155963109,0.0630601844755097,-0.0466463511388759,-0.0806762538405184,-1.16422205333279,-2.14027730221871,2.66928473005919,271.775371220086,268.769293449749,269.944257857383,277.950960674122
4.62,0.0927721732370742,-0.00458242751485074,2.37836937419174,-0.0557772798034009,0.0928405898763321,0.00288090966072663,2.37899221598515,0.0121664011739799,-1.58912987418625,271.775371220086,271.729593385946,269.944257857383,277.340174262184
4.63,-0.0429614792826044,0.0438017538334782,3.19424534702832,-0.288520218773929,0.0554107027330052,-0.026342671915977,-1.31368311239557,2.92586464722142,0.331932892658937,268.723515615582,273.911670143239,269.944257857383,278.870794850676
4.64,0.112547937175393,0.102366936177906,2.43596751980399,-0.405948543163729,-0.152120623608551,0.00231163531576374,-1.55821273083479,-1.91590841709649,2.29366273126519,268.723515615582,268.769293449839,269.944257857383,279.638663917819
4.65,0.0441534966662479,-0.01452893329004,2.61157734457299,-0.0550727098627688,0.046314070560707,0.00395323139983646,2.55386391334796,-0.548769844431688,-1.80354091222967,273.911670143239,271.729593385859,269.944257857383,280.929379557982
4.66,0.0348518527537902,0.121673709670315,2.78577947536424,-0.640100622001498,0.121120270944236,0.0367290516036412,-0.683098884594425,2.77554895570466,0.0154629982266333,268.723515615582,268.769293449782,269.944257857383,278.83466614267
4.67,0.0831187864881312,-0.00516866557285601,2.55397919896969,0.0644693243602398,-0.0713931877117135,-0.0428772727610283,-2.29654791041671,-1.11930055736337,2.04953757857074,271.775371220086,268.723515615582,269.944257857383,280.281648311268
4.68,0.102835926622536,-0.00452380370839348,2.25965384804882,-0.0564818497471218,0.0840368027463006,-0.0594433208063531,1.8202709762977,-1.34008928254834,-2.23039943294054,271.775371220086,268.682315564849,269.944257857383,269.358443376179
4.69,0.0638706367997426,-0.0144116856786916,2.66952741367542,-0.0557772798034009,0.00454173700117575,0.0653186616084423,0.713364089424721,2.57305254381369,-0.291342522306698,268.723515615582,273.911670143239,269.944257857383,274.445312717728
4.7,0.121790957283793,0.052868902524691,2.32112315208008,-0.167569044682117,-0.130568835062545,0.0240818903053265,-2.22375436553039,-0.686009178978201,1.79795705173461,271.775371220086,271.775371220086,269.944257857383,271.865452505361
4.71,0.0924790542076183,0.00518820684382786,2.37942514467809,-0.0557772798034009,0.0521033709076979,-0.0765802304609017,1.49085822182868,-1.85529428567935,-2.48811607019862,271.775371220086,268.68231556477,269.944257857383,276.931677856529
4.72,0.102718679011073,0.0740516377988137,2.43631944329892,-0.528308857140397,0.117658406055572,0.0468110196740957,0.864120613327161,2.33838795839195,-0.567513511625396,268.723515615582,271.729593385878,269.944257857383,274.682796885045
4.73,0.141566721221317,0.00501233542652548,2.26106154202715,0.0623556145319973,-0.13995791883408,0.0218641491811435,-2.23747766581977,0.33163415755248,1.45122079269215,271.775371220086,271.80741570401,269.944257857383,279.562056606112
4.74,0.122787561980804,0.00471921639678253,2.25789423057331,-0.0536635699728638,0.0282599742300148,-0.119584406329205,0.654999501048797,-2.16146750815835,-2.87111674175653,268.723515615582,265.976845571528,269.944257857383,273.276691826225
4.75,0.181059625295471,-0.0240650724262317,2.67023126066035,-0.0564818497413212,0.118930742140897,0.138626094934654,1.95288441683815,1.82196806756559,-0.841214716493364,271.775371220086,271.775371220086,299.852442781522,275.663524074242
4.76,0.239624807640636,-0.00446517990364982,2.67093510764601,-0.0564818497423641,-0.22337062786031,0.0868651188779188,-2.49230944865632,0.962017754901009,1.18127795545155,268.723515615728,273.911670143239,299.852442781522,273.731236953365
4.77,0.210312904565329,0.0343828623078557,2.84584108542903,-0.0557772798034009,-0.00724941930394719,-0.212981560157075,0.418668262966002,-2.81542882595941,-3.01356654493395,271.775371219969,268.723515615582,299.852442781522,275.887335220769
4.78,0.17140623854874,0.0147829697851801,2.96279699410931,-0.173205604196326,0.158339663027018,0.0672843661008067,2.53597941899713,1.54174401119354,-1.08294678611938,271.775371220086,278.794639110445,299.852442781522,279.002722410631
4.79,0.21979041989476,-0.0145875570960947,2.84760070290014,-0.171796464312013,-0.181496154575063,0.124818954385988,-2.34079752678307,1.63064733370332,0.902084931755774,271.775371220086,278.794639110445,299.852442781522,279.359965847118
4.8,0.239624807640636,0.00512958303817967,2.67023126066035,0.179079368982457,-0.00876341033537345,-0.239519443257226,-0.219558478191106,-2.66720799347507,3.12642495566218,273.911670143239,278.794639110445,299.852442781522,279.040922176263
4.81,0.171347614742449,-0.0337770829792708,3.02180283369231,-0.0564818497411126,0.145374680569219,0.0967837727199804,2.77011787231906,1.20868918193206,-1.17805649749201,271.775371220086,284.852572485324,299.852442781522,281.339563591871
4.82,0.229795549476683,0.0243191089219428,2.84654493241516,-0.406653113104674,-0.154999774611841,0.17138402343371,-2.39216794645435,1.59553042045977,0.840677806825262,273.911670143239,284.898350319453,299.852442781522,283.336079916498
4.83,0.17164073377082,0.0341483670854625,2.96138930013767,-0.171796464316731,-0.0492511205654657,-0.16793147289009,-0.0917822664786412,-2.96494799746668,3.05269958908206,278.794639110445,284.898350319453,299.852442781522,288.67128594074
4.84,0.171230367131587,0.0343828623077949,2.90484692500979,-0.290633928589255,0.167975340115,0.0478153214121261,2.4495707542064,1.58814572956098,-1.09531104859758,278.794639110445,291.885573725976,299.852442781522,290.649229404824
4.85,0.151513226997365,-0.0244168152602638,3.0811605967662,-0.0543681399195051,-0.139345254084641,0.0643066014239245,-2.58691874668462,1.67462172318248,0.978648249417127,284.898350319385,291.917618209812,299.852442781522,294.206779261661
4.86,0.190830259654329,0.0243777327256985,2.78683524584538,-0.171796464310344,-0.0331244482335471,-0.189507869973273,0.0435037322157018,-2.79178654949101,3.09560634113512,284.898350319412,286.729463682155,299.852442781522,291.289040561127
4.87,0.132265077308653,-0.00405481326620392,2.84584108543038,0.0588327648399326,0.0952953355083457,0.0918111715230754,2.14847284064426,1.86717359416747,-0.834664418630102,286.729463682342,299.820398297626,299.852442781522,293.852072462852
4.88,0.151747722220208,0.00507095923268769,3.0210989867068,-0.173205604196326,-0.138254448065078,0.0627598073354396,-2.85738912537214,0.996176016078954,1.17807183776108,289.781319286403,294.969473814315,299.852442781522,296.686250669849
4.89,0.141801216445123,0.0244363565327358,2.84654493241553,-0.172501034256841,0.0235741745782089,-0.141947098592636,1.09936588394968,-2.63134363249799,-2.80636543660635,289.781319286659,286.729463682155,299.852442781522,297.469551622128
4.9,0.122494442950756,0.0251398422004447,2.90449500151613,-0.292747638411151,0.103878747640921,0.0696139785404694,1.82993257047854,2.27445360056636,-0.777966758429214,289.781319286659,299.852442781522,299.852442781522,302.515804574359
4.91,0.0738171425760173,-0.0533183516951628,3.13770297188841,0.178374799040822,-0.0769552139478314,-0.0486796899314347,-3.12080324773528,0.37092397826938,1.50928373746417,294.969473814315,299.852442781522,299.852442781522,299.333785396854
4.92,0.10342216468098,0.024553604143362,2.84337762096494,-0.0550727098607229,0.0339456337879193,-0.100730916656532,1.55258673971918,-2.38270932226821,-2.58345588569041,294.969473814315,291.917618209812,299.852442781522,299.387511562248
4.93,0.131971958280049,0.0638120129947246,2.84689685591285,-0.52619514731883,0.115800131337848,0.0898827033240937,0.793383076206945,2.78428560597809,-0.460361683573619,291.917618209812,299.852442781522,299.852442781522,303.164268376935
4.94,0.122435819144882,0.0245536041441017,2.90449500151733,-0.0557772798034009,-0.124866131458374,0.00136326841208082,-2.84348957634853,-0.594785127570179,1.75779620909421,294.969473814315,297.74818834225,299.852442781522,306.017687191782
4.95,0.16140110896759,0.0149588412021767,2.61192926806597,-0.173205604196326,0.105039402776353,-0.123453670542705,1.98994023340113,-1.70068002581206,-2.34419360050472,294.969473814315,291.917618209812,299.852442781522,302.509326953291
4.96,0.150926988941289,-0.0330149735051935,2.61509657950807,-0.0600046994453159,-0.0175606603572518,0.153494520013745,0.205138121273197,2.60772871198497,-0.101445245365838,297.716143858369,302.904298386026,299.852442781522,303.223954226622
4.97,0.122435819145139,-0.00452380370879267,2.84584108542842,-0.0557772798034009,-0.104701168528403,-0.0636290807612658,-2.45769055609514,-1.43585504802381,2.07994200566533,297.716143858369,297.748188342195,299.852442781522,302.399428425161
4.98,0.0831187864881833,0.00512958303817967,2.84724877940618,-0.0557772798034009,0.0759041816397957,-0.0342578530997884,2.68216315492811,-0.957046251295273,-1.93312022380506,297.716143858407,299.820398297717,299.852442781522,302.73660045112
4.99,0.0834705293234062,0.0148415935907014,2.96279699410695,-0.173205604196326,-0.00414066607892562,0.0846785512999839,-0.829365933482613,2.84961723008419,0.224827085446636,297.716143858369,302.950076220177,299.852442781522,304.400990349322
5,0.0934756589022404,-0.267979188554432,2.84372954447626,1.35124890309797,0.183779597472763,-0.216276683575112,-2.60493771804052,-1.76832429304709,2.610761577019,302.904298386026,299.852442781522,299.852442781522,301.670750057943
5.01,0.0349104765577695,-0.0724492537739533,3.07834520882207,0.293689413619532,0.0326864079982401,0.0734794833818654,3.08586549110508,-0.199742001483814,-1.54031711586614,297.716143858369,299.820398297652,299.852442781522,289.188045014765
5.02,0.103011798039428,0.00518820684381051,2.84513723844222,-0.173910174136437,-0.0539789534007691,0.0878898208857415,-1.75247863272123,2.24808124766307,0.601093375839018,299.852442781522,302.904298386026,299.852442781522,300.953042839986
5.03,0.122377195339407,-0.0338943305898469,2.61157734457299,0.295803123434232,0.00817693037670937,-0.126720722042165,-0.823126154631715,-2.49605669969285,2.93583736631145,302.904298386026,299.852442781522,299.852442781522,301.763796979858
5.04,0.0545103690825673,-0.149383228716959,2.84372954446145,0.640337827248291,-0.0193991388414355,0.157830297381814,2.82380442256241,0.723158930087286,-1.09860920794074,302.904298386026,305.910376156514,299.852442781522,307.175908055012
5.05,0.083529153129216,-0.00481692273791948,2.96209314711737,-0.0550727098602014,-0.075043994809904,0.0369962296743627,-2.6041227849981,1.41264763342624,1.05516554622962,302.904298385818,305.95615399053,299.852442781522,306.348380775636
5.06,0.151454603192991,-0.0241823200371289,2.55362727547004,0.061651044589528,0.0539750897912857,-0.143561732758932,0.450152421877886,-2.51439374609487,-2.94030138651068,299.852442781522,294.969473814315,299.852442781522,314.218928689978
5.07,0.0347346051410766,0.00542270206576976,2.96209314712625,0.0595373347732638,0.0282175512498289,0.0209682687283401,2.11901854319182,2.07057985117538,-0.776862258556239,302.904298386026,307.787267353232,299.852442781522,314.125564517233
5.08,0.151395979386692,0.0247294755606557,2.61298503854598,-0.290633928589255,-0.148821590628749,0.0372078445853774,-2.62809061223562,-0.072791661550812,1.48771530936681,302.904298386026,305.95615399053,299.852442781522,315.429668119652
5.09,0.122142700116641,-0.0434890935312338,2.55397919896693,0.177670229100775,0.104466837174547,-0.0767907571176291,1.28408337711446,-2.21483776825365,-2.54673126488534,302.904298386026,297.716143858369,299.852442781522,316.457101897946
5.1,0.0931239160698839,0.00489508781504484,2.78753909283507,-0.172501034254378,0.0381037647725648,0.0851124476152862,0.842962729852237,2.66261988218045,-0.368412069059333,299.852442781522,307.787267353232,299.852442781522,311.594138311379
5.11,0.0541586262479692,-0.0728596204116956,2.96244507061263,0.41323144782532,-0.0213630536328023,-0.088234352851288,-2.88821621003505,-0.777848410655741,1.97246803181137,305.95615399053,305.95615399053,299.852442781522,312.868354037969
5.12,0.10266005520632,0.00518820684358488,2.61228119155708,0.0609464746521291,0.0865767432231135,-0.0554118395119274,2.23826915622684,-1.34828731389827,-2.08963706011731,302.904298386026,299.852442781522,299.852442781522,307.65167170713
5.13,0.102718679011552,-0.0145289332896755,2.78753909283507,-0.172501034257884,-0.0217102342845956,0.101443987735706,-0.367932465131184,2.76852966428144,0.0703198253043404,305.95615399021,305.95615399053,299.852442781522,309.581675070801
5.14,0.0835291531279796,-0.0729182442181495,2.90379115453052,0.413231447828826,-0.00889958645015633,-0.110521432867799,-2.36754382641017,-1.73132883318897,2.34356464918452,299.852442781522,299.852442781522,299.852442781522,308.998767794842
5.15,0.170820000491867,0.00524683064952812,2.26176538901081,-0.173910174136958,0.167700019045192,-0.0329196812279323,2.25998192519236,-0.195727160607276,-1.73392673959887,302.904298386026,299.852442781522,299.852442781522,304.849899680744
5.16,-0.0519113803569787,0.0338552480559098,3.42498985292441,-0.287815648822715,0.0564468987938427,-0.025587435355107,-2.08316942520994,2.73382488214094,0.567298747754676,305.95615399053,307.787267353232,299.852442781522,309.725938311131
5.17,0.0931239160699447,0.0147829697849264,2.7868352458457,0.0623556145322059,-0.0450506369433488,-0.0828313953212351,-0.989993571456047,-2.60581112873271,2.8008889580931,302.904298386026,299.852442781522,299.852442781522,311.470157885004
5.18,0.141273602191036,0.0633430225472747,2.43878290776777,-0.405948543151021,0.153801091331539,-0.0177705792444493,2.20267828930723,1.12279323328973,-1.26433020986915,302.904298386026,305.95615399053,299.852442781522,311.018842711858
5.19,0.151044236554495,-0.0143530618732169,2.55609073991782,-0.0564818497416341,-0.127636791901785,0.0820318300081552,-2.04480248671326,1.53478756196913,0.90483084116886,302.904298386026,302.950076220142,299.852442781522,314.138326501731
5.2,0.16099074232866,-0.0627958670263801,2.32077122858709,0.529250632343411,0.102862455679285,-0.138854799134761,0.0986596443207031,-2.37830855900912,-2.87591824810128,302.904298386165,299.898220615613,299.852442781522,307.440257009644
5.21,0.0442707442775703,-0.0242409438427771,3.0214509101975,0.061651044589528,0.0168284558725199,0.0475849265022586,2.29281057684814,1.96875242545263,-0.840892570691871,302.904298385915,305.95615399053,299.852442781522,308.569787981684
5.22,0.102835926622536,-0.0437235887540002,2.67058318415436,0.061651044589528,-0.108104331392284,-0.0282919343996102,-2.63317776288274,0.449655717017865,1.42474347628032,305.95615399053,302.904298386026,299.852442781522,307.709796816466
5.23,0.0738757663821916,0.034148367084351,2.78542755186758,-0.0550727098609315,-0.00143407635461494,-0.0813737258462022,1.17437601733787,-2.52635718376798,-2.72622783468199,302.904298386026,299.852442781522,299.852442781522,306.930458159853
5.24,0.0736412711590567,0.0727032902644347,2.78683524584486,-0.404539403264622,0.0959677695770389,0.0387168236765975,0.735343213230819,2.71834015072291,-0.408342807566937,302.904298386026,307.787267353232,299.852442781522,307.75756820817
5.25,0.083529153127459,-0.0237719533989888,2.90343923104055,0.176965659168696,-0.0724607865823199,-0.0478712815628084,-2.82147658529514,-0.707492820812792,1.8773583204474,302.904298386026,305.910376156406,299.852442781522,311.978268041002
5.26,0.151337355581503,0.00489508781603817,2.37836937419486,-0.0550727098644375,0.112920294067166,-0.100875984589563,1.85933266031653,-1.48410105510378,-2.26758426202689,305.956153990383,299.820398297652,299.852442781522,306.436078022227
5.27,0.190830259654089,-0.150966071474269,2.25965384804882,0.647383526673947,-0.145583072514804,0.194967976173448,0.710176619648559,2.24071196554024,-0.0279039620931342,299.852442781638,305.95615399053,299.852442781522,306.260070501172
5.28,0.0930652922641002,-0.0436063411425649,2.84584108542851,0.178374799041303,-0.0476810389719686,-0.0910449347003871,-2.37318689703365,-1.58070016264747,2.22098050345658,302.904298386026,299.852442781522,299.852442781522,299.882629840533
5.29,0.093827401739514,-0.0237719533965215,2.6077061861343,0.0595373347630586,0.096562123997557,0.00666658042439868,2.55533219283439,-0.523405800214296,-1.75000334888708,305.95615399053,302.904298386026,299.852442781522,305.347169650404
5.3,0.162163218443805,-0.0827475023818548,2.49075027744879,0.296507693375386,-0.14513365057388,0.109910336354627,-0.818309301852689,2.37110177836031,0.450804691596809,302.904298386026,305.95615399053,299.852442781522,305.511996203581
5.31,0.122377195339407,0.0437431300284722,2.61157734457299,-0.170387324445479,-0.0957471807299818,-0.0878755753670348,-1.06667826223842,-2.3898881881558,2.65664434261497,302.904298386026,299.898220615651,299.852442781522,305.276439045804
5.32,0.054744864302092,-0.0429028554767479,2.90062384309707,0.174851949349929,0.0472489422343702,0.0510410876965444,2.89164970660841,0.28732187108922,-1.41155083889655,302.904298386026,299.852442781522,299.852442781522,309.889951791067
5.33,0.0158381982862921,-0.0240650724259193,3.07623366785966,0.061651044589528,-0.0267762141674753,-0.0106306439446602,-2.48468438685869,1.81476112154546,0.960009814040466,305.95615399053,310.793345123659,299.852442781522,306.052461540403
5.34,0.0834119055170477,0.0635188939660271,2.84584108542867,-0.289929358648414,-0.0692536888242451,-0.0787154524657448,0.0881292428047811,-2.85921383479493,3.07087781617588,299.852442781522,299.852442781522,299.852442781522,313.085448457909
5.35,0.00577444490180043,-0.17910549843329,3.07799328531731,0.759175291527619,-0.0923102932636815,0.153593403310605,2.99756279241148,1.03199180872466,-0.997409407003976,302.904298386026,302.858520551835,299.852442781522,311.419413216776
5.36,0.102718679010795,0.0148415935907448,2.67128703114488,-0.0557772798034009,-0.0947710480428096,0.0423065996140439,-2.58513846099414,0.675236732704881,1.29442783142113,302.90429838624,305.95615399053,299.852442781522,302.82720134263
5.37,0.180063020603539,-0.0530252326691942,2.26387692995341,0.294393983563189,0.115159081318831,-0.148232090581951,0.553265753937371,-2.21488229417583,-2.76749317719495,302.904298386026,297.748188342265,299.852442781522,308.721063266572
5.38,0.0443293680829061,-0.00469967512574792,2.96279699411202,-0.0557772798034009,0.0173943829453271,0.0410440648921213,1.38847012729602,2.61790523871053,-0.50647455330836,302.904298386026,305.95615399053,299.852442781522,304.278104843094
5.39,0.121966828700356,0.0144898507575639,2.6723428016189,-0.171091894377872,-0.122816942770761,0.00136442172437564,-2.63872457477488,-0.45587400031729,1.67793473210012,302.904298386026,299.898220615608,299.852442781522,311.39249287628
5.4,0.112137570535578,0.0246122279493767,2.49673297685391,-0.0557772798034009,0.0576444917448969,-0.0992859963022291,1.72846332539182,-1.80255407559039,-2.39951063585529,302.904298386026,297.748188342208,299.852442781522,312.114336603655
5.41,0.0637533891887934,-0.0045238037087406,2.90484692500979,-0.173910174137961,0.00587261113766216,0.0636433175712798,0.299363837387805,2.89460907537995,-0.162852370299079,302.904298386026,305.95615399053,299.852442781522,312.678381286077
5.42,0.0641051320238601,-0.0626786194124269,2.90308730753636,0.293689413604674,-0.0209098460387179,-0.0871828860607487,-2.61403216380935,-1.29653585889955,2.13205292331902,302.904298386026,302.904298386026,299.852442781522,311.012612960587
5.43,0.102660055204742,0.0150174650084778,2.6122811915634,-0.173910174140047,0.0870616304755872,-0.0564347737556718,2.44709587108836,-0.930580233063023,-2.00066345916172,302.904298386026,299.852442781522,299.852442781522,306.914165936657
5.44,0.0834119055166139,0.014782969785666,2.7871871693426,-0.172501034258093,-0.00929552661716456,0.0842002099908665,-0.950125972604542,2.62591499480665,0.28535981464955,302.904298386026,305.983620691001,299.852442781522,310.145925278017
5.45,0.0734653997416676,-0.0140599428453231,2.84654493241542,0.176965659164628,-0.0336026278674597,-0.0668259706432894,-1.87436421628246,-2.14962640510004,2.48658204258414,302.904298386026,299.898220615613,299.852442781522,309.888210067808
5.46,0.112723808592268,-0.00411343706942225,2.49356566541125,0.0595373347685705,0.109921436377832,0.0253151182636908,2.45998566957276,0.412170992969929,-1.38091630766783,305.95615399053,305.910376156466,299.852442781522,306.372393040268
5.47,0.0735826473529606,0.0050123354267164,2.96314891760315,-0.0550727098620788,-0.0442536034453981,0.0590012549018877,-1.97665597310618,2.20819285282059,0.711543363235258,299.852442781522,302.904298386026,299.852442781522,310.617183637432
5.48,0.0932411636815815,0.0243191089200883,2.78648332235132,-0.171796464311387,-0.046259327198287,-0.0845305170368927,-0.510843353366566,-2.74463884677259,2.89599866945967,299.852442781522,297.748188342294,299.852442781522,308.219949270667
5.49,0.0636947653828795,-0.0924595129343505,2.72923710024281,0.413231447824799,0.00885326521523206,0.11192588781987,2.56949977670608,1.00854661583913,-1.04649829028716,305.95615399053,307.759800652741,299.852442781522,308.592407934953
5.5,0.131678839254254,-0.0145289332895888,2.61333696203454,0.0623556145274483,-0.126625161107074,0.0389419463366752,-2.37381089731657,1.09473290056528,1.16254747842048,305.956153990356,305.983620691006,299.852442781522,304.063448122292
5.51,0.112196194342224,-0.0141185666510147,2.61333696203714,0.176965659165567,0.051224727152521,-0.100813428060487,0.717126669603562,-2.51924120747036,-2.79665504185435,302.904298386026,297.716143858369,299.852442781522,307.207835027491
5.52,0.044270744277553,-0.0144703094843224,2.96314891760375,-0.0557772798034009,0.0183656091816228,0.0428017879865836,1.9147242173872,2.26212152286069,-0.721238417682221,299.852442781522,299.852442781522,299.852442781522,307.613712372655
5.53,0.0835291531285351,0.0149588412023329,2.78648332235329,0.0609464746483744,-0.0828609565399633,0.0183015910174274,-2.78178715103418,0.17281210856373,1.53062206141674,302.904298386026,302.950076220069,299.852442781522,308.185514074502
5.54,0.112606560980971,0.0439776252487179,2.55327535198005,-0.289224788704942,0.0252316437932042,-0.11822704111146,1.64629558416667,-1.97296144183904,-2.5590034857167,302.904298386026,299.820398297591,299.852442781522,308.05215306698
5.55,0.0443293680836978,0.00512958303817967,2.90449500151485,-0.173205604196326,0.0172855563874156,0.041141402956426,0.643458635022749,2.83761385325142,-0.28255254414672,302.904298386026,305.95615399053,299.852442781522,310.176355831295
5.56,0.161518356578583,0.0348518527515052,2.49391758890606,-0.175319314009461,-0.163951185274226,-0.0205630736816041,-2.29538050748743,-0.990752304042981,1.90808489332882,302.904298386026,299.898220615654,299.852442781522,309.032597448778
5.57,-0.0527321136407016,0.0246122279495329,3.31155317920133,-0.0557772798034009,-0.057880917820912,0.00601971144362115,2.86850012011815,-1.65565776188888,-2.11111344655261,302.904298386026,299.852442781522,299.852442781522,308.833163077662
5.58,0.0835877769336886,0.00512958303817967,2.72818132976121,-0.0557772798034009,-0.0074266636451519,0.0834150690340986,-0.463085322961644,2.68917021712227,0.150089260646731,299.852442781647,305.95615399053,299.852442781522,307.927284312404
5.59,0.0835291531284309,0.00460196878695546,2.72747748277264,-0.0522544300991976,-0.0568657645036162,-0.0613561925683809,-1.70095233033789,-2.13275059826855,2.44919778990929,305.95615399053,299.852442781522,299.852442781522,305.605781598259
5.6,0.053924131024574,0.00507095923239597,2.78824293982371,-0.0557772798034009,0.0528475138665543,-0.0118603040608747,2.77285083881194,-0.297838919751865,-1.69780038956782,299.852442781522,299.820398297588,299.852442781522,308.927076520833
5.61,0.102718679010795,-0.0144116856786916,2.84654493241728,-0.173205604196326,-0.0574567674075105,0.0863570702427042,-1.38836236527144,2.4910375702292,0.447690615562858,299.852442781522,302.904298386026,299.852442781522,305.743473912461
5.62,0.0924790542100482,0.0156623268668829,2.7317005646841,0.0574236249651349,-0.0484024556012746,-0.0803423066773462,-1.05259918256518,-2.52141238369742,2.76714035083622,302.904298386026,299.898220615662,299.852442781522,305.712316075397
5.63,-0.0530838564739919,-0.111883534041082,3.31366472015847,0.529955202284356,-0.0840903898136048,0.0909099958677219,3.32062864464685,0.484408710080674,-1.26735224424402,302.904298386026,302.858520551913,299.852442781522,305.053007813716
5.64,0.0834119055168221,-0.0241236962315502,2.90414307802361,-0.0557772798034009,-0.0798795112387316,0.0340405990852205,-2.28543553076518,1.79274720953367,0.886422509938711,299.852442781563,302.950076220112,299.852442781522,301.450905343069
5.65,0.141683968833583,-0.0240064486201063,2.49532528287925,0.177670229101193,0.0156897937908525,-0.142844275246109,-0.323117231987465,-2.48068745150977,3.08315003699703,299.852442781522,295.010673864966,299.852442781522,304.290328622588
5.66,0.0931825398756155,0.0345587337250019,2.55327535197979,-0.0564818497450358,0.090083905846152,0.0419783482505908,1.75472842793538,1.85562209691887,-0.779577487422188,299.852442781674,307.787267353232,299.852442781522,302.762485484564
5.67,0.132089205891998,0.00507095923233522,2.61192926806767,-0.172501034253648,-0.126306018373942,0.0389879810100017,-2.56796855437787,0.507413649731208,1.30976810744747,302.904298386026,302.904298386026,299.852442781522,309.330689766959
5.68,0.112254818145384,0.00524683065004214,2.61298503855381,-0.0564818497471218,0.0395818858206701,-0.105175794475739,1.08540584253884,-2.37755655412011,-2.73494111146841,302.904298386026,297.716143858369,299.852442781522,307.770956902193
5.69,-0.00382031804361116,0.0830601626837661,3.25289926311684,-0.524081437498643,0.0685511115298791,-0.0470566739477634,1.27052943191522,3.04002794917315,-0.555609457423056,299.852442781522,305.983620691001,299.852442781522,310.770065576581
5.7,0.112723808592094,-0.00458242751469453,2.66987933716736,0.061651044589528,-0.109749614199417,-0.026128104571775,-2.63209260843218,-0.45182411065471,1.76388629867863,302.904298386026,305.95615399053,299.852442781522,311.967235039418
5.71,0.102425559982999,-0.0141771904560988,2.61333696204053,0.0609464746492088,0.0862791063628183,-0.0569903840335614,1.92225735523029,-1.77148841661537,-2.29208268283931,302.904298386026,299.820398297677,299.852442781522,306.737840376223
5.72,0.0442707442776538,0.0143726031450305,3.02109898670249,-0.287815648823967,0.0203388471716414,0.0418664760374046,0.131443851634449,3.03192998748821,-0.138307928668951,305.956153990362,305.95615399053,299.852442781522,308.820104709537
5.73,0.141859840250453,0.111961699116873,2.49497335938743,-0.521967727662762,-0.179502321594371,0.020941654358053,-1.85068700199998,-1.75279776169492,2.12280273687428,299.852442781576,297.748188342294,299.852442781522,309.394136566269
5.74,0.0638120129947072,-0.014177190455036,2.78718716933997,-0.0571864196904255,0.0643408981301672,-0.0115418611774052,2.59342774582366,-1.02265103076384,-1.96691485190287,302.904298386026,299.820398297616,299.852442781522,313.765998800858
5.75,0.0441534966664735,-0.0142358142623458,2.96385276458947,-0.0564818497413212,-0.0276885988320527,0.0372227238431841,-1.00735203750059,2.78798408927638,0.32766829593045,302.904298386026,305.95615399053,299.852442781522,304.327902594716
5.76,0.0930652922641002,-0.0530838564736882,2.72888517674771,0.294393983558496,-0.00692868437692614,-0.106916031422451,-1.74826934623991,-2.11590085269294,2.55851259687294,302.904298386026,299.852442781522,299.852442781522,307.651217744045
5.77,0.0638120129944242,0.0438017538325063,2.72888517674771,-0.288520218768923,0.0658725402761834,-0.0406371145477461,2.71156417998039,0.421281286504754,-1.52200082628789,302.904298386026,302.904298386026,299.852442781522,304.103087941951
5.78,0.112430689563819,-0.0142944380672563,2.72958902373556,-0.0564818497445544,-0.0781826644861474,0.0820515806630249,-1.66416119632382,2.16435069951667,0.634795962259627,299.852442781522,302.95007622024,299.852442781522,308.907339030153
5.79,0.10307042184574,-0.0247099342893385,2.55186765800235,0.299325973144011,0.0144674302966018,-0.104998981769612,-0.548509891620995,-2.51013176565513,3.04321929848939,305.95615399053,302.85852055184,299.852442781522,303.338467945628
5.8,0.180883753878247,0.13249957253317,2.26035769503871,-0.761756366047366,0.220660959290552,-0.0397971127537207,1.69767545067002,1.67552610690695,-1.11701753918346,299.852442781522,302.904298386026,299.852442781522,306.80213450219
5.81,0.102718679011673,-0.0242995676479914,2.78824293981948,-0.0550727098656891,-0.100291711017346,0.032911528481607,-2.40670614727345,1.40893478042857,1.02141693897235,302.904298386021,299.898220615654,299.852442781522,311.80175459899
5.82,0.0836464007387727,-0.0145289332897276,2.7274774827768,0.0623556145282827,0.0385555853644737,-0.0756391241110809,0.744939927183316,-2.62451636432425,-2.84216964081513,299.852442781522,299.852442781522,299.852442781522,304.856802720532
5.83,0.0343242385022769,-0.188934756601626,2.90555077199629,0.876603615942046,-0.11977412643076,0.150095483738269,2.57100350859689,1.61263763657971,-0.71757209171224,302.904298386026,307.787267353232,299.852442781522,307.7831521606
5.84,0.0930066684584086,-0.00464105132025594,2.78753909283507,-0.0550727098625602,-0.093034010870014,-0.00405617511058272,-2.78783026457707,-0.0375448180645796,1.56450873114737,302.904298386026,305.95615399053,299.852442781522,297.445602455336
5.85,0.0930652922641002,0.0440948728603547,2.72888517674771,-0.289929358647307,0.0106191359815263,-0.102434078254159,1.66431601761632,-2.18195452161239,-2.59582014818172,299.852442781522,297.674943807596,299.852442781522,306.198656982902
5.86,0.0444466156954041,0.00495371162056821,2.96244507061263,-0.05507270986041,0.0206280794573829,0.0396802626439719,1.01550133730525,2.78349974559002,-0.368412069069739,299.852442781522,302.950076220191,299.852442781522,305.25333643358
5.87,0.0832946579056646,0.00524683064899008,2.78789101632712,-0.0564818497407997,-0.0808048795524247,-0.0208830243977978,-2.63247168304442,-0.919575639214563,1.88660850689053,302.904298386026,299.898220615662,299.852442781522,308.944876893036
5.88,0.151689098414716,0.0245536041440669,2.31830776413618,-0.172501034257884,0.11277179364814,-0.104379042971825,2.02658639051667,-1.13897106980237,-2.15708825380587,302.904298386026,299.820398297643,299.852442781522,309.363546007116
5.89,0.102425559983484,-0.014294438067534,2.73029287072008,-0.0564818497428856,-0.0148975413337577,0.102339579634694,-0.0725640201372249,2.72991278656238,0.00589066599301425,302.904298386026,302.950076220112,299.852442781522,310.363796412622
5.9,0.0736998949642516,-0.0533769755010873,2.84548916193511,0.296507693375386,-0.0165910572036011,-0.0894735315736014,-2.26567619629721,-1.74683621340215,2.33143049083693,299.852442781625,302.904298386026,299.852442781522,306.874697458367
5.91,0.0925963018180388,0.0342069908904558,2.61368888553798,-0.171796464313056,0.083051437019622,-0.0533540265128399,2.58931715324628,-0.395373615002087,-1.78795519177338,302.904298386026,299.852442781522,299.852442781522,306.150009983121
5.92,0.0735826473530734,-0.0436063411423113,2.72888517674771,0.061651044589528,-0.0762004367296358,0.0388511572738723,-1.40743488310633,2.33874800031723,0.564322734195113,305.95615399053,305.95615399053,299.852442781522,308.376998538325
5.93,0.0931825398759627,0.00512958303817967,2.78683524584465,0.060946474645807,-0.0464910489821948,-0.0809189762936736,-1.30783480738832,-2.46165254998291,2.67509869467406,299.852442781522,297.716143858369,299.852442781522,307.580882988105
5.94,0.0447983585266684,0.00571582109292594,2.96068545315743,-0.176023883949259,0.045142178737053,0.00132183067078307,2.89727183154876,0.634396322792514,-1.41461889410292,299.852442781522,297.716143858369,299.852442781522,306.353631148425
5.95,0.10260143140029,-0.0338357067844417,2.67128703113931,0.061651044589528,-0.100405791689286,0.0398821485659808,-2.00931499498936,1.76131442534914,0.874150289116776,302.904298386026,305.95615399053,299.852442781522,307.075393144489
5.96,0.102835926622536,0.00512958303817967,2.7285332532542,0.061651044589528,-0.0111274053681903,-0.102360740893338,-0.22091765190356,-2.72027387527255,3.08315003699645,299.852442781584,297.716143858369,299.852442781522,305.303683520034
5.97,0.034851852753608,-0.0336598353669064,2.96174122362711,0.0602419047068838,0.0110159699080474,0.0471835200496043,2.52067382460078,1.5561952425025,-0.997363386176948,299.852442781522,302.904298386026,299.852442781522,305.966159034798
5.98,0.122201323921926,0.034148367084351,2.67093510764952,-0.289224788704316,-0.0986015125536025,0.0798562224559914,-2.56625384931946,0.794912893673784,1.16254747841675,299.852442781522,299.852442781522,299.852442781522,305.193400499027
5.99,0.102777302816622,0.015017465008443,2.61192926806809,0.177670229095432,0.0112567893099317,-0.103256878337335,0.483522017937805,-2.57292589669172,-2.88791434400313,299.852442781522,297.748188342276,299.852442781522,307.826734089547
6,0.102484183789844,0.0633430225506532,2.6719908781219,-0.406653113106343,0.112180122351514,0.0439427648438571,1.27869507458418,2.38114277467771,-0.643846725129597,299.852442781522,302.950076220153,299.852442781522,303.49864388103
6.01,0.15163047460918,0.00536407826032117,2.49462143589109,-0.173910174135289,-0.15163212329978,-0.00531726897839311,-2.4762041412708,-0.348989839147879,1.64121011129073,302.904298386026,302.904298386026,299.852442781522,309.116222747527
6.02,0.0445052395000763,0.06351889396627,2.90379115452958,-0.289929358649144,-0.0254352534780102,-0.073269462357566,1.93520576438147,-2.18427121750841,-2.51609673366094,299.852442781522,297.748188342218,299.852442781522,307.383113394874
6.03,0.0443293680833574,0.00501233542674445,2.90449500151587,-0.171796464314019,0.0140954299884207,0.0423265310950651,0.434206963737442,2.87698966832058,-0.208873198393214,302.904298386026,305.95615399053,299.852442781522,308.864384146653
6.04,0.0834705293230678,-0.0532597278892315,2.78648332235179,0.295803123433229,-0.0482626750916054,-0.086456012360681,-2.59390000754416,-1.06003374684013,2.06450968797135,302.904298386026,302.904298386026,299.852442781522,306.199022298372
6.05,0.0835877769351038,0.024260485113836,2.72677363577803,-0.171091894366728,0.0599819688623297,-0.0630686213763219,2.44163043645687,-1.22597214848445,-2.09879520490707,305.956153990459,299.852442781522,299.852442781522,302.67602178747
6.06,0.0637533891887934,0.0148415935911841,2.905198848502,-0.173205604196326,0.00654209301839718,0.0651303965312838,-0.544391786380905,2.85898900200462,0.128612874205107,299.852442781522,302.904298386026,299.852442781522,306.550237551537
6.07,0.132030582086807,0.00518820684369769,2.61228119155844,-0.0564818497421556,-0.0991592084976118,-0.0873295108572189,-1.85212446740697,-1.84305132330945,2.33212080326766,299.852442781522,297.748188342242,299.852442781522,305.621537801767
6.08,0.0542758738583817,0.0150174650078249,2.78613139886208,-0.173205604196326,0.0534684134315233,-0.017678334295626,2.79128475702622,0.0354648874699055,-1.62017859286082,302.904298386026,302.858520551949,299.852442781522,305.098166262353
6.09,0.102425559982695,-0.0435477173369254,2.78929871030391,0.0609464746486873,-0.0919608700741002,0.0626944766166831,-1.45486697400344,2.38060157439863,0.570412823774166,299.852442781522,302.904298386026,299.852442781522,307.965245855519
6.1,0.112547937175188,-0.0532011040835173,2.67058318415467,0.29509855349149,0.00758653701996062,-0.124257153090436,-1.26601624279114,-2.36987353518104,2.76100424042172,299.852442781522,297.748188342303,299.852442781522,303.689657669746
6.11,-0.0235374581725536,-0.0821026405172968,3.31225702616774,0.292984843660431,-0.0425332104120601,0.0740660619256931,3.28590996208352,0.509590469978143,-1.32871334835565,299.852442781522,299.852442781522,299.852442781522,302.202102984871
6.12,0.102777302817131,-0.0242409438425342,2.6705831841524,0.179783938919856,-0.100511651043976,0.0323759994000976,-2.19318415553614,1.53436634089658,1.02755304938253,302.904298386026,305.95615399053,299.852442781522,302.941650865302
6.13,0.122553066755883,-0.0338357067845806,2.61087349758784,0.178374799044015,0.0323164661175422,-0.122962413942464,-0.210671878380246,-2.60846609121152,3.12921688590183,297.716143858378,295.010673865017,299.852442781522,307.781498593421
6.14,0.122377195339407,0.0351449717805358,2.55292342848563,-0.2941567782872,0.120043825056077,0.0424361525883306,1.90779468238839,1.72170429858721,-0.951342558087129,299.852442781522,299.852442781522,299.852442781522,303.614112554628
6.15,0.0250812183947705,-0.0338357067842161,3.13735104839725,0.178374799041825,-0.0338833585003064,-0.0250168060809795,-2.94787422656349,1.08849745712852,1.27387186154368,299.852442781522,302.950076220253,299.852442781522,308.998557421357
6.16,0.112723808592487,0.00501233542666433,2.55186765800313,0.061651044589528,0.0388116954228227,-0.105950143126053,0.926445744614443,-2.37855579660162,-2.74601679076157,302.904298386026,299.820398297582,299.852442781522,303.13590204434
6.17,0.0447397347245222,-0.141664427561734,2.96103737663435,0.649497236496846,-0.102836579529461,0.107215165952841,1.99035835008701,2.28649571271884,-0.500338442902101,299.852442781522,305.95615399053,299.852442781522,304.5662606817
6.18,0.073524023547229,-0.0437235887540002,2.905198848505,0.0623556145332489,-0.0681082646881674,-0.0517571109439943,-2.89361624028872,-0.266558860209065,1.68411686333448,299.852442781522,299.852442781522,299.852442781522,301.403966190139
6.19,0.141449473612483,0.0245536041441017,2.43807906075817,-0.0557772798034009,0.0752653420317132,-0.122253676225147,1.65623548847747,-1.79003480920274,-2.41787294626405,299.852442781522,297.716143858369,299.852442781522,306.828475789449
6.2,0.0735826473527904,-0.0532011040846287,2.84619300892243,0.0602419047109756,-0.0390647949912812,0.0819677086391817,0.572337516369457,2.78870462732757,-0.181260701535906,299.852442781522,305.95615399053,299.852442781522,306.371384177803
6.21,0.083411905516961,-0.0243581914540735,2.78683524584805,0.0623556145298471,-0.0584443191124799,-0.0643049689865592,-2.40986203895571,-1.40103671021305,2.11978070249297,302.904298386026,302.904298386026,299.852442781522,306.650792020008
6.22,0.0831187864884697,-0.0045824275145243,2.72923710024172,-0.0564818497447229,0.0760880143044799,-0.0337690004063334,2.45558271911883,-1.19249270783992,-2.04357021121347,302.904298385942,297.716143858369,299.852442781522,308.271405016771
6.23,0.13179608686288,-0.0241236962313018,2.55503496945312,0.0609464746470586,-0.055808826213789,0.12180942553377,-0.569559478430455,2.49148954812783,0.24858917300915,299.852442781522,305.95615399053,299.852442781522,306.515453685632
6.24,0.112489313369144,-0.00487554654391145,2.67058318415545,0.0630601844765526,-0.0688305261788085,-0.0891065387180515,-1.77073196040605,-2.00012485979167,2.44056121450116,299.852442781522,299.898220615675,299.852442781522,306.796281926131
6.25,-0.149148733506091,-0.207889787267604,3.71614789244818,0.991918230539987,-0.176870915594855,0.184878845661904,3.81863362157426,-0.460102378615089,-1.42986712847416,305.95615399053,305.910376156403,299.852442781522,305.097474222095
6.26,0.131854710670166,-0.0338943305900292,2.61298503854431,0.0609464746505647,-0.107567420974022,0.0834490282571152,-1.55262813419658,2.10255824207796,0.659386424739188,299.852442781522,302.904298386026,299.852442781522,303.975214999239
6.27,0.0736998949641215,0.0343828623078557,2.84513723844222,-0.289929358649144,-0.0554110179855927,-0.059527093192964,-0.600470450081259,-2.79612234660012,2.82850145493667,299.852442781522,297.716143858369,299.852442781522,309.547201665139
6.28,0.0444466156947926,0.0634016463544877,2.84513723844066,-0.405948543158723,0.0676261753881857,-0.0377090282233109,2.38418199979636,1.60476674850318,-1.12008559439277,302.904298386026,305.910376156316,299.852442781522,309.916957196517
6.29,0.102777302816735,-0.0145289332902937,2.67058318415478,-0.0550727098612444,-0.0975917426058404,0.0353569745876539,-2.38465167353194,1.20352978475111,1.08277804307613,302.904298386026,305.95615399053,299.852442781522,314.596689032201
6.3,0.151689098414716,-0.0242995676489046,2.43491174932101,0.179783938925656,0.0572117502748192,-0.142572322686715,0.362602966117421,-2.41446403589699,-2.91882500000858,302.904298385991,295.010673865061,299.852442781522,308.482557553574
6.31,0.0442121204719221,-0.0241236962316977,2.96350084109716,-0.0557772798034009,0.0152519924759149,0.048000427519113,2.10200751100906,2.08973987945565,-0.807143963437533,299.852442781522,302.904298386026,299.852442781522,309.347305307406
6.32,0.102777302817018,0.0245536041440149,2.67023126066035,-0.0550727098646461,-0.0987164053024878,0.0376978086227426,-2.65475624174798,0.292296571447167,1.4405132800315,302.904298386026,302.950076220131,299.852442781522,307.299005866149
6.33,0.0349691003639297,0.0146657221741961,2.96068545315118,-0.0550727098636032,0.00307613964105394,-0.0377949567014176,1.41166437486417,-2.60305494536939,-2.66327134187607,299.852442781522,297.716143858369,299.852442781522,306.556058357989
6.34,0.122259947728024,-0.101937028264773,2.4949733593858,0.295098553493704,-0.0468780649306177,0.152121989134619,1.23480425458357,2.18797478805887,-0.396070586750566,302.904298386026,302.904298386026,299.852442781522,304.510283001541
6.35,0.131854710668924,0.00489508781504484,2.61333696204459,-0.055072709861453,-0.129728039488829,-0.0240886359241751,-2.53789137492154,-0.625835800876544,1.79149879551983,299.852442781522,299.898220615714,299.852442781522,299.556086874561
6.36,0.13185471066849,0.0245536041433099,2.43702329029027,-0.172501034253335,0.0900316579447264,-0.0994124980554328,2.04344341018808,-1.33909602105099,-2.22156343395107,302.904298386026,299.852442781522,299.852442781522,305.392094639462
6.37,0.083118786489449,-0.00446517990404033,2.78859486331122,-0.0564818497407997,-0.0059740375217026,0.0830239807208938,-0.107118681727657,2.78710909349827,0.0181628868106331,299.852442781522,305.95615399053,299.852442781522,305.885532497204
6.38,0.0931239160695922,-0.0339529543955646,2.78683524584993,0.179079368982457,-0.0444876928152963,-0.0885760240939701,-2.15100276892077,-1.78092874534659,2.32652160251485,302.904298386026,297.748188342248,299.852442781522,307.731447403867
6.39,0.17046825765895,0.0147829697854404,2.2635250064734,-0.0557772798034009,0.161511311731227,-0.0564983119023379,2.20695580321222,-0.505967037009904,-1.82079872275863,299.852442781522,297.716143858369,299.852442781522,307.518985111012
6.4,0.0539241310246835,0.0247294755607251,2.96385276459082,-0.291338498529887,0.0067502216409804,0.0589388952736084,-1.19784025853049,2.7266242949739,0.315948325039724,299.852442781522,302.950076220253,299.852442781522,308.306196975444
6.41,0.0929480446525849,0.0438017538316184,2.67058318415452,-0.171091894371421,-0.0835697973153802,-0.0597831215321756,-1.15306252539742,-2.41489829854853,2.63214592179493,302.904298386026,299.898220615722,299.852442781522,308.325805650158
6.42,0.024553604143362,-0.0440753315890669,2.90555077199916,0.180488508867813,0.0171104055151467,0.0474631262584162,2.89654103534938,0.291292672471191,-1.40852880452446,302.904298386026,302.858520551851,299.852442781522,308.737013094552
6.43,0.0251398422025008,0.0243777327253947,3.13699912489279,-0.171796464308884,0.000865450913774036,0.0350076636397413,-2.25372165113241,2.18883901965041,0.745291970486456,299.852442781522,302.904298386026,299.852442781522,304.591001416608
6.44,0.112665184786446,-0.0533183516960119,2.61122542108052,0.295803123437152,0.0284369214501347,-0.121357455432217,-0.83823800811711,-2.49065347434768,2.92974727672324,299.852442781522,297.716143858369,299.852442781522,306.23811923429
6.45,0.0445052394997292,-0.0723320061625701,2.72747748277576,0.411117738011206,-0.0073141128749649,0.0846116966576289,2.43604704364489,1.29376428096668,-0.932980247696049,305.95615399053,307.759800652675,299.852442781522,298.202031998237
6.46,0.103129045650777,-0.00458242751460775,2.72712555928017,-0.05648184974372,-0.0953005469801443,0.0396787656568591,-2.49261669473765,1.10782039543636,1.13186692635877,302.904298385915,302.904298386026,299.852442781522,304.86527472599
6.47,0.0638706368002566,-0.0239478248142024,2.78683524584705,0.0609464746482059,0.0429828362330793,-0.0529663322117202,0.826785240652535,-2.66206523701178,-2.81859163635998,302.904298386026,294.969473814315,299.852442781522,304.484543119654
6.48,0.131678839251226,0.0728791616831309,2.49638105336575,-0.405243973212306,0.143373743782559,0.0457674393860891,1.41835044383655,2.0939013968898,-0.756306288683499,299.852442781522,305.95615399053,299.852442781522,309.128211226147
6.49,0.05386550721853,-0.0242995676489567,2.905550772,0.0623556145330403,-0.0540194324418772,-0.0239554330892429,-2.90509384106762,0.0808905799495834,1.56441668949588,302.904298386026,302.904298386026,299.852442781522,310.468476592842
6.5,0.171230367131587,-0.0336598353683216,2.25965384804882,0.177670229106616,0.127187368283255,-0.11948303852104,1.17322710496351,-1.93936597461428,-2.51907274721422,299.852442781522,297.674943807655,299.852442781522,308.108950155504
6.51,0.0638706367998641,-0.0144116856786916,2.8458410854296,-0.0557772798034009,0.00876171907330998,0.064887496547501,0.93995062436795,2.68671089107327,-0.35613984824348,299.852442781549,302.904298386026,299.852442781522,304.950350358861
6.52,0.0832946579056646,0.00507095923254884,2.78789101632847,0.061651044589528,-0.0808779012328493,-0.0205543123292739,-2.67406572172611,-0.790891703151201,1.88047239647249,299.852442781522,297.748188342337,299.852442781522,307.564774507209
6.53,-0.0718630157149548,0.0150174650080505,3.42710139389325,-0.17391017413748,-0.0662760446589692,0.0315801074614728,2.83220067457962,-1.9375004649301,-2.22147139229801,299.852442781522,294.969473814315,299.852442781522,305.254748536239
6.54,0.0341483670844812,0.024788099366653,3.02356245116222,-0.291338498531411,0.0234153654951538,0.0351038673578269,-0.410930076495899,3.00964192040111,0.0396392732448015,302.904298385964,305.95615399053,299.852442781522,307.178022525973
6.55,0.102777302816648,0.0237914946667333,2.78753909283507,-0.168978184537129,-0.0960744312418755,-0.0435765172345415,-2.11083213391826,-1.8284735500825,2.22409457948139,299.852442781522,297.748188342282,299.852442781522,311.265769514253
6.56,-0.0242409438425602,-0.0243581914534227,3.1984684289388,0.0623556145272397,-0.0180418841835117,0.0292478249510711,3.09982049576282,-0.790696786151334,-1.80105578749806,299.852442781522,299.852442781522,299.852442781522,305.458722494143
6.57,0.0928307970420281,-0.0238892010095388,2.78859486331325,0.0602419047120186,-0.0538610187188689,0.0792921273954611,-0.885881341911212,2.64482601447316,0.344803384255735,299.852442781522,305.95615399053,299.852442781522,305.590841789795
6.58,0.0931825398753098,-0.0634993526932906,2.72818132976121,0.415345157647906,0.0212974978902086,-0.110731974215658,-1.4640865995901,-2.33921683410066,2.73343776439739,302.904298386026,297.716143858369,299.852442781522,300.964926466676
6.59,0.0344414861134865,-0.0242995676485121,2.96350084109716,0.061651044589528,0.030242666165775,0.0293609621231251,2.93702169848439,0.400052033008701,-1.41461889411038,299.852442781522,299.820398297567,299.852442781522,303.472725285674
6.6,0.141801216444713,-0.00475829893182336,2.55362727547427,-0.172501034254378,-0.0962004008735671,0.104286668686318,-1.79817186292378,1.82135850953463,0.711543363223878,299.852442781522,299.852442781522,299.852442781522,305.353357130834
6.61,0.102835926622536,-0.00481692273786741,2.61122542107814,0.0623556145325188,-0.00624770243458567,-0.102758925467655,-0.342243622630191,-2.58945085396835,3.03406115370282,302.904298386026,299.852442781522,299.852442781522,306.098021696101
6.62,0.063636141577983,-0.121419673178243,2.84654493241448,0.529250632349043,-0.00948073131286651,0.13675675955293,2.70134846251874,1.04194086595357,-1.01883977260974,299.852442781522,305.91037615639,299.852442781522,305.256037552448
6.63,0.0824153008232848,-0.0245340628700808,2.85041609083328,0.0637647544048534,-0.0851440831595967,0.0120285973254283,-2.56474857102387,1.2453925494464,1.14111711281189,302.904298386026,302.904298386026,299.852442781522,301.045568893633
6.64,0.122377195339407,-0.00469967512584338,2.55292342848563,-0.0550727098638118,0.038102720278237,-0.116389207372618,0.753546722222052,-2.43979883853382,-2.86360000612834,299.852442781522,297.716143858369,299.852442781522,305.09089091171
6.65,0.0733481521302063,0.0827670436545966,2.7299409472287,-0.405243973219656,0.1105908320371,5.29677229909251e-05,1.50620790020827,2.31260416295937,-0.724659299238159,299.852442781522,305.983620691066,299.852442781522,307.97357166338
6.66,0.0251398422011123,-0.0533769755009205,3.19565304098744,0.178374799040822,-0.0274189580102351,-0.0522428360749649,-3.18498390094993,0.316059295061671,1.52764604785589,299.852442781522,299.852442781522,299.852442781522,310.246172876411
6.67,0.151395979385493,-0.0338357067838757,2.43667136679496,0.178374799039779,0.114809755042579,-0.104327933817939,1.25663936360042,-2.09524280897008,-2.52827691283386,299.852442781522,297.674943807611,299.852442781522,304.378477342336
6.68,0.131678839250393,-0.0722147585462698,2.55538689295208,0.174851949320131,-0.01994708280495,0.148850266865059,1.08340244616188,2.32095120941884,-0.368412069068554,299.852442781522,302.904298386026,299.852442781522,302.368093052909
6.69,0.0832946579056646,-0.0145875570951154,2.7871871693426,0.0630601844659944,-0.0723374163360768,-0.04379606209976,-2.62038856267745,-0.951815467620762,1.94183350058904,302.904298386018,302.904298386026,299.852442781522,304.767255369091
6.7,0.0834119055167874,-0.00446517990357172,2.72818132976174,0.0602419047109756,0.0729720784311271,-0.040651686102229,2.27684082855968,-1.50419357017219,-2.13254381217358,299.852442781522,297.716143858369,299.852442781522,307.006963481557
6.71,0.08311878648872,-0.00481692273720052,2.84654493241594,-0.172501034256007,-0.0055651805616562,0.0830720420919683,-0.198126096999568,2.84487622028973,0.00900474201585037,302.904298385837,302.904298386026,299.852442781522,308.096677169172
6.72,0.0834705293228595,-0.0142944380672283,2.84548916193442,0.061651044589528,-0.055662666975313,-0.06382262710271,-2.24439445327537,-1.75022940213332,2.25477513153171,297.716143858428,295.010673865105,299.852442781522,308.412277818447
6.73,0.210078409342021,0.024729475560878,2.08509979376506,-0.290633928589255,0.197041112846775,-0.0769368889499325,2.09096602128794,-0.244888399532525,-1.8258763541137,299.852442781522,297.716143858369,299.852442781522,306.831068472357
6.74,-0.0235374581720763,0.0340311194720894,3.3122570261654,-0.288520218758718,0.0408860435446124,-0.00636085473768436,-1.70268188629367,2.85572493740242,0.450758670769036,302.904298386026,305.95615399053,299.852442781522,309.698131298604
6.75,0.0834119055165618,-0.063030362249077,2.78683524585045,0.295803123437465,0.017833057201384,-0.103016283266316,-1.539217820592,-2.34195616443214,2.66589452905948,299.852442781522,297.716143858369,299.852442781522,309.017104137115
6.76,0.0732895283250875,-0.0340115782010999,2.7299409472262,0.0623556145284913,0.0671072534627399,0.044997321548409,2.70641403599127,0.363027359568069,-1.41461889411392,299.852442781522,302.904298386026,299.852442781522,297.549922761288
6.77,0.122963433395715,0.0245536041437892,2.66741587271312,-0.173205604196326,-0.0640297144999593,0.107810394164784,-1.91353185295483,1.8664146021327,0.733019749658235,299.852442781522,299.852442781522,299.852442781522,305.989050932171
6.78,0.102894550428253,-0.0436063411425649,2.61122542107906,0.413231447827157,0.0404138701511184,-0.104189829614424,-0.493526715763666,-2.59724658243887,3.11076253383412,302.904298386026,299.852442781522,299.852442781522,304.513542228146
6.79,0.0830601626824603,-0.00475829893185807,2.78859486331835,-0.0550727098612444,0.0695169160221102,0.0457059123127039,2.3863158384148,1.44388054714633,-1.04640624863354,297.716143858369,302.904298386026,299.852442781522,306.90663135484
6.8,0.0639292606064569,-0.0144703094845794,2.96209314711737,-0.172501034253127,-0.0633044230696337,0.0169967714019051,-2.70102868200731,1.22808651079309,1.08589211911146,302.904298385991,302.904298386026,299.852442781522,308.641420359914
6.81,0.0929480446532377,-0.0336012115629771,2.72923710023992,0.177670229107033,0.0564067336850763,-0.081158245535134,0.531248116280145,-2.68292327482277,-2.88110326145012,299.852442781522,297.716143858369,299.852442781522,308.044385571841
6.82,0.0444466156939942,-0.0139426952345474,2.90379115453161,0.0588327648345091,0.0170100078866123,0.0433654243464822,1.86669403434371,2.22506578453305,-0.677779415710549,299.852442781522,305.95615399053,299.852442781522,306.451744793339
6.83,0.122435819145012,-0.0435477173371858,2.6698793371671,0.178374799042659,-0.121337243065509,-0.0465210376093559,-2.67343572287482,0.113201941777182,1.59518928319929,299.852442781522,302.904298386026,299.852442781522,307.3285838248
6.84,0.180297515821724,-0.0144116856786916,2.26317308298651,0.0609464746486873,0.109473169908387,-0.14398095695541,1.17058409681033,-1.9378853806718,-2.5712757065408,299.852442781522,294.969473814315,299.852442781522,306.095265793868
6.85,0.0733481521298779,-0.033659835366646,2.78859486331803,0.176965659156613,-0.00573093858383279,0.0804990203712179,1.14583621156929,2.54845787340128,-0.359161882627524,299.852442781522,299.898220615716,299.852442781522,305.262075248882
6.86,0.0831774102939236,-0.0247685580958338,2.84689685591212,0.0644693243614914,-0.0718224430883826,-0.0487185767666343,-2.7335842386806,-0.797806500363914,1.87740434127241,299.852442781522,299.852442781522,299.852442781522,304.462695706637
6.87,0.102718679011725,-0.00458242751485074,2.61228119155708,-0.0557772798034009,0.0871090179440353,-0.0546273251465644,2.18076225819663,-1.43923594380154,-2.17549658504015,299.852442781522,299.820398297624,299.852442781522,305.15131793696
6.88,0.0442121204719221,0.0147243459801393,3.02180283369195,-0.289224788712371,0.015409583602761,0.0439779796529595,-0.242233849601991,3.02593227059387,-0.0155396996307178,299.852442781522,302.904298386026,299.852442781522,306.815000189233
6.89,0.122259947728232,0.0242604851159388,2.55397919896506,-0.0536635699846336,-0.106697983950249,-0.0644329587829339,-1.85133176736435,-1.7601875509835,2.30995410439724,299.852442781652,299.898220615776,299.852442781522,307.718851545133
6.9,0.073524023547229,0.0150174650079637,2.72923710024137,-0.0564818497440329,0.0669805498749992,-0.0338365517197253,2.64790288325599,-0.663728611353372,-1.83709009588918,299.852442781522,297.716143858369,299.852442781522,308.471530026902
6.91,0.0346759813365172,-0.024358191454402,2.96244507061466,0.063060184472798,-0.0383377091530088,0.0180545071790702,-1.41283445634021,2.60460288379106,0.518301906112207,302.904298386026,302.904298386026,299.852442781522,305.633493441125
6.92,0.14191846405628,-0.0436649649481557,2.55292342848563,0.295803123432708,-0.0337533509320453,-0.144596649009842,-1.54130688287076,-2.05652391485209,2.61378361139258,297.716143858369,297.716143858369,299.852442781522,306.753334485277
6.93,0.0639292606065871,0.0440948728600597,2.84513723843681,-0.407357683038463,0.0675832693469185,-0.0382597684079716,2.79787999241533,0.657733787722906,-1.48211610862357,299.852442781522,299.820398297618,299.852442781522,300.874510217497
6.94,0.0456190918033132,0.00495371162175578,2.89816037865294,-0.0550727098651676,-0.0290748260323557,0.0355006378390429,-2.10622515228722,1.99152760252985,0.794380853762418,302.904298386026,302.904298386026,299.852442781522,308.692439273212
6.95,0.161107989939783,-0.0726251251903772,2.37872129768847,0.411822307950482,0.0497441289196712,-0.169575100971157,-0.735511548547209,-2.29933368334309,3.00342662247036,299.852442781522,297.716143858369,299.852442781522,304.520235948274
6.96,0.0345001099191347,-0.0048755465428487,2.96314891760365,-0.0543681399227625,0.0280071293751765,0.0207274996728015,2.57912770560452,1.4598998872243,-1.07406476631355,299.852442781522,302.904298386026,299.852442781522,303.204199410476
6.97,0.0828842912655431,-0.00493417034891413,2.84830454988649,-0.0543681399207567,-0.0752014300313438,0.0351979643852369,-2.52933849160095,1.31081711098396,1.07357387745821,299.852442781522,299.898220615732,299.852442781522,307.301324222617
6.98,0.131913334474534,-0.014059942843729,2.37872129769645,0.294393983547978,0.0557936170227878,-0.120357310141403,0.487358930633888,-2.34679869234566,-2.81369808859151,299.852442781576,299.852442781522,299.852442781522,304.58305267508
6.99,0.0539827548303577,-0.0436649649480863,2.90484692500979,0.0609464746460156,0.00451398780297291,0.0692848533021954,2.01459183879059,2.09362600614078,-0.745184588565213,299.852442781522,305.910376156376,299.852442781522,305.194874726397
7,0.1318547106706,-0.0337770829792188,2.4956772063675,0.0609464746516076,-0.132741560428848,-0.0301037239478307,-2.49302348641934,0.130204021889879,1.54303234471645,302.904298386026,299.852442781522,299.852442781522,303.868803629406
7.01,0.0439190014442453,0.0346173575300926,2.90660654247395,-0.174614744074253,-0.00866259723327677,-0.0552467151910401,1.57617889237268,-2.44836925336831,-2.62961477627494,299.852442781522,297.716143858369,299.852442781522,305.472047038449
7.02,0.0831774102944029,-0.0337770829786721,2.78824293982188,0.0609464746494174,-0.00540844193394743,0.0896109461710938,0.949270989843954,2.62238398257757,-0.325459296199833,299.852442781522,305.95615399053,299.852442781522,305.732727157205
7.03,0.0835877769342527,-0.0435477173368473,2.78613139885937,0.295803123434232,-0.0612354946316063,-0.0716486869055034,-2.6945754275714,-0.76765286729871,1.95410572140352,302.904298386026,302.904298386026,299.852442781522,304.427925964518
7.04,0.151454603191511,0.0147243459792121,2.37766552721239,-0.0550727098612444,0.111901903879342,-0.103117734171151,1.92941918100855,-1.39056390957839,-2.21844935791908,302.904298385964,297.674943807599,299.852442781522,304.46047397448
7.05,0.0831187864880011,-0.00446517990259241,2.78859486331991,-0.0564818497466003,-0.00418974182619882,0.0831331255410876,-0.0472415485459366,2.788766707198,-0.00331349962863643,297.716143858394,302.950076220188,299.852442781522,305.353341364714
7.06,0.0930652922641002,-0.043195974505119,2.84584108543023,0.17626108923161,-0.047084052523188,-0.091159929989239,-2.35709496504052,-1.60436366852421,2.23027671072246,299.852442781522,297.716143858369,299.852442781522,304.891205312665
7.07,0.112723808592007,-0.00446517990370189,2.55221958150017,-0.0564818497421556,0.111462127687848,-0.0174008317720082,2.5150322013913,-0.437753375210371,-1.76525158326579,302.904298386026,299.852442781522,299.852442781522,303.053633154579
7.08,-0.0232443391474522,0.0437431300270837,3.36950324829647,-0.405243973222993,0.0494447137727252,-0.00299683281172106,-1.76692427803756,2.89754265090188,0.427901659476577,299.852442781522,302.904298386026,299.852442781522,307.873566572889
7.09,0.0835291531284309,-0.0242995676485121,2.78648332235376,0.179783938923297,-0.0215974334485569,-0.0842682578358698,-1.57299942262249,-2.3070510152313,2.60760148015009,299.852442781522,297.748188342326,299.852442781522,310.036865208609
7.1,0.0442121204719221,-0.00458242751447224,2.90519884850411,-0.0564818497453487,0.0436325500584667,0.00848002440707245,2.88878056769735,0.313556024331322,-1.4821161086269,299.852442781522,299.852442781522,299.852442781522,301.252990006046
7.11,0.0339724956665226,-0.034128825813176,3.02426629815357,0.179783938925448,-0.0479689780300143,-0.00422899041782061,-2.19776674678049,2.08526502718215,0.871036213077716,302.904298386026,305.910376156363,299.852442781522,306.945711865568
7.12,0.132265077308653,0.0534551405817109,2.55257150499358,-0.17109189438413,-0.0745542919543812,-0.121627136286502,-0.252596855104863,-2.54579821533842,2.97576810480245,297.716143858369,297.716143858369,299.852442781522,306.97920154247
7.13,0.102484183789584,0.024377732727591,2.61368888552841,-0.289224788712371,0.102798825797507,0.0230148472645155,2.22238979090826,1.40570416020127,-1.11701753919248,299.852442781522,302.858520551742,299.852442781522,309.552109818641
7.14,0.0931239160696876,-0.0433718459204755,2.72888517674771,0.17696565916369,-0.102689494337769,-0.00283699054579147,-2.43436256695047,1.24579695176498,1.16254747841125,299.852442781652,302.95007622028,299.852442781522,307.759399753888
7.15,0.161342485161803,-0.0629717384425003,2.31865968762984,0.412526877887047,0.0963292328245956,-0.143935806052845,0.097945019106136,-2.35303377477912,-2.92391797184776,299.852442781522,297.716143858369,299.852442781522,304.532897954478
7.16,0.102601431399505,0.199193922674467,2.61298503854965,-1.1055864999234,0.219595262896954,-0.0445330559122848,0.771684714843673,2.73029577543786,-0.675723818721429,299.852442781522,305.910376156327,299.852442781522,303.329697674892
7.17,0.0159554459018154,-0.0527321136364579,3.19283765302631,0.175556519269067,-0.0199569756018939,-0.0513514477626433,-3.16993452009846,0.420175568457478,1.4939434614268,299.852442781522,299.852442781522,299.852442781522,314.796087305765
7.18,-0.00405481326094362,0.082884291264146,3.13629527790238,-0.288520218758092,-0.0737843354783101,-0.0379752430797367,1.81956989075248,-2.57075035728714,-2.6173885762726,299.852442781522,295.010673865049,299.852442781522,304.866252992443
7.19,0.0639878844106919,-0.0242409438426036,2.84513723844504,-0.0557772798034009,0.00210585031385326,0.0683932606635476,1.03781558608478,2.64968975916208,-0.392910489893546,299.852442781522,302.950076220316,299.852442781522,312.972639640992
7.2,0.102718679011413,-0.0337770829788803,2.67058318415334,0.0609464746502518,-0.0863588013043705,-0.0650705447163624,-2.54781360567927,-0.802729622581907,1.89883470687496,302.904298386026,299.852442781522,299.852442781522,305.872824776894
7.21,0.083411905516961,0.00518820684382786,2.66952741367334,-0.05648184974372,0.0608184385167094,-0.057319987862996,2.08871827428262,-1.66337692132052,-2.26447018600339,299.852442781522,295.010673865129,299.852442781522,307.521568211909
7.22,0.0648086176919628,0.00407435453501021,2.89956807259966,-0.167569044665749,0.00229644286012556,0.0648959447285432,-0.246982203522829,2.89388565487866,0.0274130732499136,299.852442781522,305.95615399053,299.852442781522,306.491885189389
7.23,0.112665184786799,-0.0141185666495561,2.72853325325313,0.177670229097518,-0.0745399998005847,-0.0856537577518362,-2.15171663659955,-1.68717987784242,2.30079595961465,299.852442781522,299.898220615703,299.852442781522,307.531220374114
7.24,0.0927721732345308,-0.0143530618727777,2.55433112246604,0.0609464746460156,0.0938393670088476,0.0026191050304228,2.52657783722423,-0.38042921604124,-1.69638908417294,302.904298386026,297.716143858369,299.852442781522,304.565742785566
7.25,-0.071452649082195,0.0436258824174362,3.60095160122731,-0.404539403292582,0.0676054892083031,-0.0493780974367106,-1.74898526062333,3.17357135122565,0.391821330259936,297.716143858369,302.904298386026,299.852442781522,308.048880810562
7.26,0.0931825398751709,-0.0924595129351075,2.78718716934224,0.413231447829348,0.0250862421451507,-0.128850408322287,-1.89241740369583,-2.08756530834612,2.5523764864498,299.852442781522,294.969473814315,299.852442781522,308.333890235604
7.27,0.112547937175341,0.0147829697853536,2.43596751980431,-0.172501034256216,0.11345773257486,0.00359406136156166,2.37609876520312,0.563781005676154,-1.40852880452924,302.904298386026,302.858520551786,299.852442781522,283.245852869175
7.28,0.24869195633046,-0.0726837489950013,2.02855741863862,0.294393983551925,-0.226451109879088,0.125898813918041,-1.21577120417748,1.65033735865071,0.779040577740794,299.852442781522,305.910376156314,299.852442781522,296.938687924839
7.29,0.102718679010934,-0.0141771904554873,2.6709351076492,0.0609464746473715,-0.00456221149511499,-0.103592016937775,-0.541186008679392,-2.61624282627868,2.96042782877199,299.852442781522,297.716143858369,299.852442781522,283.276746982047
7.3,0.0348518527547014,-0.0336012115602375,2.96138930012748,0.0595373347599296,0.0171520047364224,0.0452714235724145,2.70285893792774,1.21157948266054,-1.12928976000519,299.852442781522,299.852442781522,299.852442781522,292.197953495788
7.31,0.092772173236944,-0.0338357067847021,2.73064479420874,0.295803123437674,-0.0987481188745034,-0.000583266210948716,-2.4711200095197,1.19895220026744,1.22697663773319,299.852442781701,305.95615399053,299.852442781522,292.63946708863
7.32,0.103129045650126,0.0246122279495329,2.72712555928408,-0.0557772798034009,0.00333859974072903,-0.105972711454962,0.770095506318731,-2.61673037055606,-2.87582620607852,299.852442781416,294.92369598004,299.852442781522,294.740092480806
7.33,0.112489313369762,0.053631011996729,2.61192926806623,-0.406653113102588,0.115025712124704,0.0479501472406342,1.44089219677191,2.21616130573992,-0.730948812422226,299.852442781522,299.852442781522,299.852442781522,301.814319742923
7.34,0.122201323922332,0.0245536041436677,2.61263311505429,-0.172501034255485,-0.118421204878427,0.0388903751583375,-2.61463216018021,0.138949874591147,1.4517730426281,299.852442781522,302.904298386026,299.852442781522,302.325760578614
7.35,0.122728938174109,0.00524683064974709,2.5508118875197,0.0609464746475801,0.0605376338528126,-0.106888336055504,1.29902735247952,-2.19610648553157,-2.58354792736018,299.852442781522,297.716143858369,299.852442781522,309.240332045843
7.36,0.0834119055174056,-0.0339529543955646,2.78683524584538,0.061651044589528,-0.00467252446255551,0.0899361807582393,0.973570418352426,2.61197476620548,-0.334663461810685,299.852442781522,305.910376156363,299.852442781522,312.416470233441
7.37,-0.0629131146384402,-0.131659297979921,3.54863230800257,0.53136434216124,0.0953901963522126,-0.110421651762512,-3.56320445092498,-0.422745032411391,1.83751962360436,299.852442781522,299.852442781522,299.852442781522,318.110135506632
7.38,0.171054495715111,0.0150760888130912,2.20205570243917,0.0602419047126443,0.122255579241925,-0.120584005168482,1.65910287241871,-1.44915701787634,-2.26140213078898,299.852442781522,295.010673865017,299.852442781522,318.543533313292
7.39,0.102425559983424,-0.0238892010091917,2.67234280161921,-0.057186419682579,-0.0188090886071885,0.103479019364035,0.0746679208967842,2.67191149508195,-0.0493343277037322,299.852442781522,302.904298386026,299.852442781522,319.394945087483
7.4,0.122201323922384,0.0434500109981572,2.61228119156031,-0.169682754493166,-0.123076050489578,-0.0409066354031988,-1.95529695874642,-1.74058009412643,2.23329874509283,299.852442781522,299.852442781522,299.852442781522,318.092833637989
7.41,0.229150687613109,0.0246122279492932,1.96990350255366,-0.28992935864762,0.217797197493134,-0.0753669699691129,1.98475396556963,-0.159155705316021,-1.79694459353341,299.852442781522,299.820398297582,299.852442781522,319.423905170981
7.42,0.00489508781480186,0.0344414861134865,3.19917227593066,-0.290633928589255,0.0307277657293742,0.0163089626800973,-1.360601754673,2.90997151132297,0.346766939581847,299.852442781522,305.95615399053,299.852442781522,319.053454729207
7.43,0.112606560980971,0.0542758738600139,2.67023126066035,-0.174614744083768,-0.109040921618146,-0.0611243443473612,-1.38825595405581,-2.28765615866716,2.53085407919297,299.852442781522,297.748188342271,299.852442781522,315.945256947589
7.44,0.112137570537174,0.0243191089222031,2.43807906075817,-0.0543681399269344,0.114743410802359,0.000451067833945679,2.3689101298535,0.579180626250573,-1.35330381082334,302.904298386026,302.858520551908,299.852442781522,309.333297453037
7.45,0.0640465082166004,-0.0143530618731301,2.9624450706182,-0.0557772798034009,-0.0529338705821706,0.0388068414723871,-1.9903373055198,2.19493719992817,0.71772549447021,297.716143858369,302.904298386026,299.852442781522,313.644654926797
7.46,0.112430689564027,0.00553994967771699,2.67093510764737,-0.0578909896243584,-0.0327092706401056,-0.107710048799852,-0.593237345915124,-2.60486375216719,2.89599866946792,299.852442781522,291.963396043876,299.852442781522,306.662423267938
7.47,0.034851852753608,-0.0336012115611747,2.84443339145239,0.0602419047068838,0.0142016348778179,0.046281817439845,2.51728150422196,1.32579192711152,-1.06486060068307,302.904298386026,305.910376156493,299.852442781522,306.003063710704
7.48,-0.0436649649481731,-0.0340115782013917,3.49068223889424,0.0623556145319973,0.0246166935464956,-0.0495725227773662,-3.11898538733076,1.56865575229639,1.12266276074673,302.904298385972,302.950076220204,299.852442781522,307.690788251838
7.49,0.122318571533493,0.0148415935907014,2.55327535198073,-0.0550727098598885,0.0166777595954993,-0.122081768406182,0.701068199796689,-2.45575882481107,-2.88507639277066,299.852442781522,294.969473814315,299.852442781522,305.565671755627
7.5,0.10266005520619,0.10266005520619,2.67128703113728,-0.642214331830118,0.145182433811167,-0.000484543643259741,1.44258274697336,2.33819773947051,-0.788735632204638,297.716143858369,302.904298386026,299.852442781522,308.763842192494
7.51,-0.0333080925346754,-0.0434304697263233,3.42956485836057,0.295098553497459,0.0278142284849669,-0.0471381313029446,-3.36874861192081,0.707482200242303,1.4496254039916,299.852442781522,302.904298386026,299.852442781522,310.205420294912
7.52,0.00577444490011883,0.0633430225493775,3.07764136183125,-0.289224788709034,-0.0531529075692032,-0.034934955796955,1.70502222341816,-2.57845429436096,-2.65104514186983,299.852442781522,294.969473814315,299.852442781522,300.487457154406
7.53,0.083236034099947,0.0927721732355122,2.72923710024163,-0.641509761885731,0.117825636422618,0.0406452076035093,0.469437533546146,2.76403659997985,-0.39909262111476,299.852442781522,302.904298386026,299.852442781522,305.352289525141
7.54,0.0438603776371158,-0.063792471723081,3.08256829074401,0.299325973144011,-0.0297108873452131,-0.0714875887701533,-3.07778992083067,-0.345010881759143,1.77922657471105,299.852442781522,297.74818834218,299.852442781522,311.159454305147
7.55,0.0642223796358961,-0.00452380370848026,2.78507562837044,0.0609464746463285,0.0530681371203312,-0.0364520461520029,2.14124504626145,-1.78197373167385,-2.24299379954764,299.852442781522,297.716143858369,299.852442781522,300.489228911071
7.56,0.151278731776697,-0.121243801761741,2.49602912985929,0.528546062410393,-0.120741875073581,0.151679641868386,0.536813737340317,2.49426409359522,-0.00331349962628989,299.852442781522,305.95615399053,299.852442781522,304.849248930523
7.57,0.180356139629324,0.150340750887801,2.37977706816535,-0.75330152677342,-0.233699824953741,0.0226951601909134,-1.54255278676451,-1.96248133352903,2.16886958578875,302.904298385875,297.748188342241,299.852442781522,301.803209757744
7.58,0.0929480446528906,0.0344414861134865,2.61228119155948,-0.173205604196326,0.0788690184893882,-0.0600435916066133,2.54929485695362,-0.595910175622353,-1.86663546750968,297.716143858369,297.674943807699,299.852442781522,311.959157822157
7.59,0.0543931214701988,0.0242018613095183,2.96174122362832,-0.288520218766733,0.0086321504810372,0.0589052436731204,-1.07675518352212,2.77412207141914,0.273133614660568,299.852442781522,302.950076220077,299.852442781522,307.228245034587
7.6,0.112782432398323,0.014548474561913,2.66917549017739,-0.0536635699775572,-0.0718359272096973,-0.088154039792195,-1.36196919774671,-2.29617453180189,2.5861250937271,299.852442781522,299.820398297707,299.852442781522,312.502171562169
7.61,0.150926988938399,0.0338552480547816,2.38048091517196,-0.287815648817292,0.153735615261167,-0.0170438965947631,2.33436142737227,0.547981716481993,-1.46054768051867,299.852442781522,299.820398297726,299.852442781522,309.203693811914
7.62,0.0250225945874821,0.0244363565334301,3.13770297189899,-0.172501034258927,0.00291629638311182,0.0348534212943902,-2.13046006445986,2.30999490484846,0.690066976790291,299.852442781522,302.950076220164,299.852442781522,312.092374993976
7.63,0.112430689564495,0.00518820684367166,2.67058318415292,0.0609464746510861,-0.0350038496788601,-0.106968724185439,-0.771420954769473,-2.55746724843062,2.87145422782149,299.852442781522,295.010673865015,299.852442781522,307.059071818908
7.64,0.034500109919074,-0.00475829893143083,2.84584108542929,0.0623556145291171,0.026469688878646,0.0226330414177309,2.42902410963821,1.48409621688655,-1.0004314413733,302.904298386026,307.759800652782,299.852442781522,302.394271524177
7.65,0.151278731774996,-0.0142358142616689,2.55503496944761,-0.0564818497440329,-0.139384960201048,0.0604958342772135,-2.26542703492625,1.18289232133611,1.0674837878867,299.85244278145,302.904298386026,299.852442781522,309.493529094653
7.66,0.131502967834508,-0.0626786194132947,2.49743682384575,0.293689413608846,0.085915937285855,-0.117643918674674,0.173218137235446,-2.50867288375733,-2.95559564190901,299.852442781522,291.917618209812,299.852442781522,305.248355726125
7.67,0.102835926622536,0.0246708517550509,2.61192926806767,-0.290633928589255,0.092226133486726,0.0517515123713682,1.71936381435044,1.98756903169125,-0.823987586507929,299.852442781522,305.95615399053,299.852442781522,306.588956817891
7.68,0.0735826473531602,-0.0532597278887109,2.84548916193202,0.295098553487944,-0.0777486266437787,-0.0469697313307769,-2.81118548517747,0.530214951572259,1.48771530936183,302.904298386026,302.904298386026,299.852442781522,307.178245440266
7.69,0.170116514827569,-0.0432545983102032,2.26493270043581,0.294393983560686,0.12565131253832,-0.122565641798397,0.930455496548494,-2.0858668519354,-2.59275209297084,299.852442781522,294.9236959802,299.852442781522,303.098622386552
7.7,0.0930066684585388,0.0826497960444891,2.78789101632806,-0.639396052071657,0.114933907839599,0.0476594795677717,0.640249744658172,2.78769508640967,-0.451203538781743,297.716143858369,299.852442781522,299.852442781522,302.940284370481
7.71,0.141449473611095,0.0340897432795974,2.49673297685282,-0.0543681399227625,-0.14548122210236,0.00229743276907558,-2.42426998759464,-0.59962194722246,1.79149879552906,299.852442781522,299.898220615586,299.852442781522,310.033643123018
7.72,0.0650431129148894,0.0147243459794204,2.78155639343692,-0.172501034255004,0.0381205537202877,-0.0547196151872377,2.17094094445721,-1.74752052702337,-2.31049101406966,299.852442781522,297.674943807736,299.852442781522,307.756936502618
7.73,-0.00481692273773724,0.0442707442777492,3.19917227593035,-0.408062252982184,0.0440005889003512,-0.00685927984481532,-0.259664612058973,3.2146216484424,-0.046266272492853,299.852442781522,305.95615399053,299.852442781522,309.91657901143
7.74,0.0836464007411479,-0.0529666088592109,2.84443339144692,0.17696565915192,-0.0426183385381532,-0.0893636348367763,-2.50218747311499,-1.36424924859196,2.13209894414876,299.852442781522,297.748188342275,299.852442781522,309.500437935593
7.75,0.131678839254254,-0.0337184591737702,2.43807906075707,0.177670229106616,0.13551519665034,-0.0105774606224951,2.25031599836874,-0.954921004218969,-1.89937161655426,299.852442781522,297.716143858369,299.852442781522,297.812103609048
7.76,0.10266005520593,0.00501233542710893,2.72958902373337,-0.0557772798034009,-0.0201974063015479,0.100778346979937,-0.720351329833647,2.63341248288886,0.246579596855503,299.852442781522,302.950076220126,299.852442781522,303.513724641743
7.77,0.12190820489436,-0.130252326644781,2.55503496944605,0.759175291545992,0.0547872038313102,-0.169781157120837,-1.90304455291948,-1.86627228666924,2.63525999783782,302.904298386026,299.852442781522,299.852442781522,302.208907580086
7.78,0.044387991889075,-0.00481692273740879,2.84548916193458,-0.0550727098622473,0.044141875549395,0.00670756226840113,2.84054363491794,0.176503348936907,-1.52809091586864,297.716143858369,299.820398297692,299.852442781522,300.790619221256
7.79,0.0731722807124226,0.00495371162077648,2.90660654248192,-0.17250103425417,-0.0378792967488931,0.0628003248501844,-1.80727488160327,2.28295328509879,0.610343562287128,299.852442781522,302.904298386026,299.852442781522,308.751533727056
7.8,0.132206453503731,-0.07268374899398,2.55257150499068,0.412526877881912,0.0414836011872658,-0.145053729867211,-0.969508926757203,-2.39705071994805,2.91747505589874,299.852442781522,297.716143858369,299.852442781522,307.644716999548
7.81,0.0441534966664909,0.0345001099189178,2.905198848502,-0.290633928589255,0.0546615383386921,-0.0123249778394495,2.50242775013395,1.50416215387307,-1.12928976000284,299.852442781522,305.910376156401,299.852442781522,306.782417100637
7.82,0.103070421844608,0.00501233542714364,2.78648332235689,-0.171796464318817,-0.0852862485569982,0.0580938135495816,-2.46615370672094,1.30846827464487,1.0214169389745,299.852442781522,299.898220615624,299.852442781522,312.780939097987
7.83,0.0740516377976722,0.0535723881911242,2.78507562838234,-0.288520218769862,-0.0404733969403446,-0.0819484592724441,0.748919221744976,-2.6979640790324,-2.97404999387244,299.852442781522,294.969473814315,299.852442781522,310.322228017815
7.84,0.112372065758205,0.0443879918889969,2.55397919896693,-0.174614744078007,0.113103762968603,0.0424889843258937,1.77651431416615,1.84317577815247,-0.835247349113932,299.852442781522,305.95615399053,299.852442781522,313.944364904159
7.85,0.0831774102940972,0.00495371162082855,2.84689685591108,-0.17179646431243,-0.0812161372221645,0.0186268595518801,-2.8361603941631,0.300881956799036,1.40483179799754,299.852442781522,302.904298386026,299.852442781522,308.930069441224
7.86,0.0832360340997941,0.0150174650083563,2.72888517674771,-0.173205604196326,0.0262135470469657,-0.0804152446937508,1.44551037932869,-2.32105886018675,-2.64797708667132,299.852442781522,294.969473814315,299.852442781522,309.580635439541
7.87,0.0637533891887934,0.0827084198460919,2.78789101633043,-0.522672297598974,0.102781831459743,0.0184681473969685,0.82081814888589,2.71510224781183,-0.478908077289814,299.852442781522,305.95615399053,299.852442781522,308.059210937095
7.88,0.112430689564495,0.00507095923268769,2.61228119155813,0.061651044589528,-0.109942530811829,-0.0240627201741126,-2.54000008949889,-0.613362389141159,1.83133749236761,302.904298386026,299.898220615632,299.852442781522,309.090438770527
7.89,0.0257847040612123,0.0246122279494635,3.01652398129422,-0.0557772798034009,0.00484917063040798,-0.035314278590364,2.39502769648524,-1.83476711539477,-2.24299379955451,299.852442781522,297.716143858369,299.852442781522,303.766669381729
7.9,0.0832360340999904,-0.0436063411426517,2.84584108542877,-0.0557772798034009,-0.0349527296069477,0.0872241770013778,0.232711611712597,2.83685880759526,-0.101445245365258,302.904298385851,302.904298386026,299.852442781522,305.534082799123
7.91,0.180414763432446,0.199487041703256,2.32147507558367,-0.989567315413741,-0.259788451640188,0.0696744362467009,-1.41308044423664,-2.09085954966069,2.14432514415097,297.716143858422,297.716143858369,299.852442781522,303.239711904924
7.92,0.103773907516047,0.0247880993667398,2.60700233914206,-0.173910174139004,0.0869423537186401,-0.061842549116505,2.4824587035097,-0.814926211586175,-1.95459661025474,299.852442781522,297.674943807613,299.852442781522,313.931927493857
7.93,0.0921859351750015,-0.0238305772014895,2.67480626609872,-0.0571864196910513,-0.0522351197519645,0.0796092665356469,-0.915109176882527,2.5140473428604,0.327714316757289,302.904298386026,302.904298386026,299.852442781522,303.667214474308
7.94,0.122201323922983,-0.0142358142622677,2.61228119155792,0.0609464746512947,-0.0570736279886794,-0.108988178094918,-1.52185514236619,-2.1240726028536,2.54321834167296,299.852442781522,297.716143858369,299.852442781522,309.400972358689
7.95,0.034793228946855,-0.0239478248148833,2.96174122363222,0.0602419047109756,0.0339727291569424,0.0250982223980434,2.96209894126778,0.0388590399518035,-1.53734110231639,299.852442781522,302.858520551935,299.852442781522,304.075057727437
7.96,0.112547937175323,0.0244363565324581,2.67023126066035,-0.172501034256007,-0.0447982940892337,0.106100360648286,-1.67800685855571,2.0842707537331,0.613319575832876,299.852442781522,299.898220615586,299.852442781522,303.997946394905
7.97,0.12214270011648,-0.0433132221138787,2.49532528288029,0.411822307944345,0.0245124607253769,-0.127255701918686,-0.781259691732013,-2.40538545243314,2.99110838083684,302.904298386026,299.852442781522,299.852442781522,303.555422881209
7.98,0.0830601626823562,-0.0144703094845187,2.7889467868134,0.061651044589528,0.070792196596359,0.0457913243143249,2.59107783213695,1.03360567857584,-1.1691284568482,297.716143858369,302.858520551848,299.852442781522,300.668177330633
7.99,0.0443879918896638,-0.00493417034982533,3.07975290278657,-0.171796464309301,-0.0393239646361999,0.0211722853355241,-2.63145141229631,1.60930277825376,0.966191945274023,299.852442781522,299.852442781522,299.852442781522,303.19832167319
8,0.083529153127459,0.00512958303817967,2.72747748277847,0.061651044589528,0.014210912457592,-0.0824710980371834,0.567039097884772,-2.66859531061429,-2.90962083446759,299.852442781522,299.820398297635,299.852442781522,303.348335139544
8.01,0.0444466156940636,-0.111121424568948,2.9037911545313,0.526432352588497,-0.0458188936128599,0.110562659306755,2.44559022238239,1.65173319733355,-0.79743356870978,299.852442781522,305.95615399053,299.852442781522,305.796159515487
8.02,0.190478516820347,0.00518820684380183,2.31971545810959,-0.0557772798034009,-0.189088007023298,0.0235522495802575,-2.31426551361499,0.168422219517375,1.47410848453118,299.852442781522,299.852442781522,299.852442781522,297.438062138576
8.03,0.0833532817113735,0.0149002173966153,2.72853325325384,-0.0557772798034009,0.0226427651447369,-0.0815909997311118,1.23118770985495,-2.43560703771285,-2.69399791474346,299.852442781522,294.969473814315,299.852442781522,303.740355641782
8.04,0.0832360340998548,0.0635775177713641,2.72923710024219,-0.289929358646994,0.0947830383330498,0.0445703240171746,1.00046647228889,2.55575057863041,-0.478954098121393,299.852442781522,302.95007622021,299.852442781522,302.219328144192
8.05,0.113192799039937,-0.00364444662001509,2.72571786529272,-0.0607092694065271,-0.110543029686775,-0.0246197143226803,-2.66693831418703,-0.566271599931531,1.75775018826314,299.852442781522,299.852442781522,299.852442781522,308.382436641844
8.06,0.0832946579056646,0.00536407825990462,2.67058318415256,-0.0571864196788243,0.0586451878169464,-0.0593928894491181,2.03265994302706,-1.7330834908011,-2.2982187932548,299.852442781522,297.716143858369,299.852442781522,305.810468243583
8.07,0.0832946579056646,-0.0142944380676555,2.78753909283507,-0.0564818497421556,-0.00371072519329571,0.0844308090321985,0.29436622026333,2.77252825446413,-0.126035707839944,299.852442781522,302.950076220131,299.852442781522,308.163498898402
8.08,0.0153692078414537,-0.150497081029534,3.0786971323124,0.762698141248109,0.074472588928823,-0.131679221771404,-2.9529312580755,-1.15770526139105,2.18727791702284,299.852442781647,299.852442781522,299.852442781522,303.963277896388
8.09,0.296724394843269,0.0244363565322846,1.62185116445698,-0.171796464314645,0.272965058181537,-0.118880524172915,1.59052491151659,-0.360757162987262,-1.89937161654896,299.852442781522,297.716143858369,299.852442781522,299.61367635332
8.1,0.0929480446525501,-0.0631476098593213,2.72923710024198,0.061651044589528,-0.0941264480085665,0.0613772875009001,-0.996401710349161,2.54159785022129,0.396208649228997,302.904298386026,302.904298386026,299.852442781522,302.61782980434
8.11,0.132030582086119,0.00501233542645606,2.61228119156257,0.0623556145324145,-0.0836482620745281,-0.102274954726648,-1.62565478210018,-2.04576337240896,2.49399139589856,297.716143858369,294.969473814315,299.852442781522,303.546018935018
8.12,-0.0237133295894014,-0.0242995676490608,3.19600496447411,0.061651044589528,-0.0229494225133231,0.0250222899521974,3.1925627178882,-0.160598494988005,-1.60177026163263,299.852442781522,297.716143858369,299.852442781522,306.37615898196
8.13,0.0444466156939248,0.00495371162167768,2.96279699411191,-0.0550727098648547,-0.0236644385528706,0.0379477964241878,-1.87979585239488,2.29075677124601,0.668590590354561,299.852442781522,302.904298386026,299.852442781522,306.737610087932
8.14,0.102953174233711,-0.0242409438427164,2.66952741367406,0.179079368982457,-0.00281545187275398,-0.105731039311712,-0.853935597156096,-2.53559461047348,2.883726448645,299.852442781522,297.716143858369,299.852442781522,310.089093571512
8.15,0.112137570535578,0.0631671511320511,2.55503496944761,-0.405243973219656,0.127294139504778,-0.0190033090670854,2.24231870214908,1.29012914505621,-1.20599114013218,299.852442781522,302.904298386026,299.852442781522,306.309084289637
8.16,0.0638706368003087,0.00512958303817967,2.90414307802146,-0.173205604196326,-0.0486227039178429,0.0417325236612923,-2.45000698542067,1.56892095732541,0.941647503639774,299.852442781522,299.852442781522,299.852442781522,311.769792032675
8.17,0.093299787487478,-0.0333080925312756,2.61052157408893,0.410413168054921,0.0583724106012482,-0.0800433698308602,0.345865973753611,-2.61985468785887,-2.85439584067372,299.852442781744,299.852442781522,299.852442781522,304.735759098391
8.18,0.0539827548303577,-0.0922250177105909,2.90449500151459,0.295098553487944,-0.0212702372841832,0.104724250852741,2.36123382254937,1.71690104704458,-0.840846549869605,299.852442781385,305.910376156384,299.852442781522,306.343690850266
8.19,0.0827084198510051,-0.0441339553922618,2.90731038945669,0.0637647544039147,-0.0890903928622965,-0.0291785988775671,-2.85256058149081,0.565170570245687,1.39713097942273,299.852442781522,299.852442781522,299.852442781522,302.642748621948
8.2,0.257348738385373,-0.0915215320462291,1.91617651535509,0.525727782647865,0.177598690769183,-0.207516912596791,0.195224179508528,-1.97737443575602,-2.77540875962108,297.716143858369,297.716143858369,299.852442781522,303.750535527981
8.21,0.083118786488694,0.0636947653831365,2.72994094722839,-0.408062252982184,0.0942766999786086,0.0455813519513114,0.863602079043707,2.6216948385986,-0.466589835634618,299.852442781522,305.95615399053,299.852442781522,297.736247479056
8.22,0.0832946579056646,-0.00499279415469784,2.84619300892243,0.0637647544138071,-0.0801801935959402,-0.0231098373860662,-2.7910887464695,-0.560985024109999,1.79154481635927,299.852442781522,302.904298386026,299.852442781522,308.771768181888
8.23,0.151278731773926,-0.0142358142612103,2.37907322119103,-0.0564818497458702,0.115206011433886,-0.0990731448188783,1.69122085125387,-1.67420178694897,-2.37487415256478,299.852442781522,297.674943807609,299.852442781522,307.362543624538
8.24,0.0347346051430559,0.073055033099918,3.0207470632041,-0.405948543151647,0.0776508893725957,0.0226687016681375,0.0798393682936896,3.04685620186015,-0.15978431510253,299.852442781522,302.904298386026,299.852442781522,311.181120601935
8.25,0.0834705293220104,-0.00469967512570453,2.8451372384455,-0.0550727098654805,-0.070594523313414,-0.0447864878030819,-2.4574854462855,-1.43478367367914,2.07989598483081,299.852442781522,297.748188342257,299.852442781522,310.947818590377
8.26,0.0347346051411634,-0.0240064486205228,2.90308730754564,0.0609464746505647,0.041385966415222,0.00836684848437306,2.64388837537468,-1.20061844337139,-1.97607299668713,302.90429838588,299.820398297652,299.852442781522,308.161665618632
8.27,0.0636361415775491,-0.00464105132025594,2.90519884850314,-0.17250103425632,-0.0217085195631646,0.0599986504065785,-0.953159811525334,2.74980423482409,0.274360836741113,299.852442781522,299.852442781522,299.852442781522,307.082603102528
8.28,0.112606560980971,0.0632843987431219,2.67023126066035,-0.287815648825058,-0.120327631935025,-0.0469724780392596,-1.47011743431211,-2.2476048501567,2.45498107397074,299.852442781522,297.748188342201,299.852442781522,310.153953488571
8.29,0.043567258608015,-0.0148220523193597,2.90766231296561,0.0630601844740495,0.04443524092064,0.0119711579181035,2.89748420879824,-0.251121430529678,-1.63556488972361,299.852442781522,299.852442781522,299.852442781522,310.008212648483
8.3,0.0830601626820785,-0.0144116856786916,2.7302928707277,0.061651044589528,-0.0648238554254709,0.0538939243018394,-1.72323097543282,2.11867293760844,0.705407252815846,302.904298386026,305.910376156373,299.852442781522,304.743072554863
8.31,0.0835291531273895,-0.00475829893111842,2.78648332235845,0.0623556145272397,-0.0234228146638384,-0.0803189428722779,-0.98975606869254,-2.60552498605006,2.8009349789242,297.716143858369,295.010673865034,299.852442781522,306.781505477529
8.32,0.0348518527521126,-0.0142944380676555,2.9613893001408,-0.0564818497421556,0.0296413696941836,0.0232458986184169,2.83406329963688,0.860872812899813,-1.2949647410919,299.852442781522,299.820398297648,299.852442781522,303.843453486657
8.33,0.063870636800003,-0.0240064486203145,2.90449500151654,0.0609464746497303,-0.0663924301576566,0.0157420785907827,-2.37566158102379,1.67213568201099,0.978464166100871,299.852442781522,302.904298386026,299.852442781522,304.111561285699
8.34,0.20001465595567,-0.131073059923005,2.20311147292407,0.645974386790806,0.158788918293265,-0.178807407737765,-0.318438368035105,-2.27367105718539,-2.99552638036399,299.852442781522,297.716143858369,299.852442781522,302.432997371712
8.35,0.0443293680834722,-0.0535528469182108,2.96279699410862,0.179079368982457,0.00116554474923145,0.069510012179274,2.42553214177094,1.71085629961441,-0.896117564398239,299.852442781522,302.904298386026,299.852442781522,296.499737685997
8.36,0.0655707271705094,0.00589169251438317,2.89604883764003,-0.0600046994607202,-0.0618102800843499,0.0226654269372461,-2.81285915732867,0.691753420653462,1.3089397325406,299.852442781522,297.716143858369,299.852442781522,304.468914340677
8.37,0.0930652922641002,0.0439190014420924,2.61157734457299,-0.0550727098592627,-0.011044098129577,-0.102313514299809,0.906703139320299,-2.44974664959559,-2.80819092949089,299.852442781522,299.852442781522,299.852442781522,307.166967522281
8.38,0.102718679011535,0.0347932289464905,2.6709351076456,-0.292747638404893,0.0853996665162811,0.0668475336665874,1.21901202680618,2.39449477083316,-0.580061857409297,299.852442781522,299.898220615632,299.852442781522,308.437966598939
8.39,0.0351449717805358,-0.0823957595486305,3.07728943834045,0.295098553496207,-0.0240100059051738,-0.0863003467518174,-3.08937908210872,-0.111938959376657,1.7026172362277,299.852442781522,299.852442781522,299.852442781522,309.201740421649
8.4,0.0546862404984484,0.0246122279493767,2.90132769007315,-0.173205604196326,0.0147613205755298,-0.0581244361637398,1.94092918358845,-2.16344550446848,-2.46998386392302,297.716143858369,297.716143858369,299.852442781522,304.864614947383
8.41,0.0443293680834375,0.0149002173966153,2.96314891760299,-0.173205604196326,0.0217615440071858,0.0413949822510724,0.300317473236492,2.9529749583235,-0.159738294277848,299.852442781522,305.95615399053,299.852442781522,307.086816932145
8.42,0.0641637558297045,-0.0919905224877337,2.96138930012904,0.528546062390528,-0.00879225874341308,-0.111812074374502,-2.82170512557496,-1.04267334831735,2.10137237126516,299.852442781522,302.904298386026,299.852442781522,308.428092970335
8.43,0.0350277241727988,0.0242604851135323,2.90167961355293,-0.171796464308884,0.0193272780382158,-0.0379732658893477,2.63591536159154,-1.22523826718866,-2.06504659764666,302.904298385831,297.716143858369,299.852442781522,301.186949932363
8.44,0.0832946579056646,0.00512958303817967,2.78753909283507,-0.173205604196326,-0.00738283461472454,0.083125245327872,-0.588069039055064,2.73030203104228,0.150089260643592,297.716143858487,299.898220615643,299.852442781522,307.844852879353
8.45,0.131971958281184,0.072644666463938,2.61228119155886,-0.403834833347152,-0.14479809940769,-0.0415614694897589,-1.56733734492716,-2.12850869004412,2.35350514804978,299.852442781522,297.716143858369,299.852442781522,307.220018321105
8.46,0.0344414861134865,-0.0338943305899077,2.84619300892243,0.061651044589528,0.0356753046539941,0.0325931626217547,2.8419460607451,-0.167206707859897,-1.6079063720381,302.904298386026,299.852442781522,299.852442781522,310.715350122555
8.47,0.063870636800274,-0.0241823200371289,2.90449500151573,-0.0550727098619745,-0.0552167043275203,0.0401915216290432,-1.63699041050952,2.3998722076605,0.57966301021972,299.852442781522,305.910376156325,299.852442781522,306.048068362379
8.48,0.112547937175144,-0.0726251251885173,2.67023126066035,0.411822307940903,0.0256206959987463,-0.131472532901621,-1.37425724352105,-2.32618778849762,2.7610042404227,299.852442781522,297.748188342294,299.852442781522,306.447331588156
8.49,0.0441534966660083,0.00518820684409355,2.90484692500979,-0.0564818497469132,0.0441097581975392,0.00554779143866481,2.8066036008394,0.75120042920982,-1.32871334835448,299.852442781522,299.852442781522,299.852442781522,300.891227304129
8.5,0.102542807595293,-0.0437235887540002,2.67163895462959,0.179783938920377,-0.110381787287515,0.0155769264705205,-2.19408793379952,1.5349120845649,1.02755304938351,302.904298386026,305.95615399053,299.852442781522,305.993736310206
8.51,0.122377195339407,-0.0532011040847589,2.61122542108015,0.295098553497459,0.050168898150372,-0.123651191152186,-0.359363855928868,-2.60315942174571,3.11694466508125,297.716143858369,294.969473814315,299.852442781522,304.825548888231
8.52,0.102601431400047,0.014431226951638,2.61298503854639,-0.28781564882923,0.0929219951765169,0.0458346686372188,1.99753722912339,1.70891008471608,-0.972818944524044,299.852442781522,299.852442781522,299.852442781522,303.355057354012
8.53,0.19012677398566,0.0342656146963597,2.32147507558103,-0.172501034255277,-0.173825497990624,0.084303136270398,-2.2818953556419,0.460387575052861,1.29754190745097,299.852442781522,302.950076220242,299.852442781522,307.842241223583
8.54,0.102601431399297,0.0247880993666704,2.61263311505642,-0.0564818497456616,0.0128195669866124,-0.104771953774244,0.970326170479615,-2.42641899022458,-2.78278743239687,299.852442781522,294.969473814315,299.852442781522,308.015513635073
8.55,0.073758518770815,-0.0540218373655045,2.84478531494244,0.181897648755672,-0.00811341932676313,0.0910650889772683,1.62633569282498,2.34113700089903,-0.543291215776136,299.852442781522,302.904298386026,299.852442781522,307.892491811754
8.56,0.0539827548303577,-0.0437822125594314,2.96350084109716,0.0623556145272397,-0.0509140664115234,-0.047315724628465,-2.96097919054777,-0.137214033501406,1.63814205608302,299.852442781522,299.820398297629,299.852442781522,304.207700759041
8.57,0.161225237551079,-0.00464105132025594,2.260709618527,0.061651044589528,0.103570364850756,-0.123645849527756,1.35281904844465,-1.81231604660026,-2.47309793996001,299.852442781522,297.716143858369,299.852442781522,304.547667771564
8.58,0.0838222721561078,-0.00481692273707035,2.72642171229498,-0.172501034256528,0.0159684154996671,0.0824280641559506,0.504054563595276,2.68496945178373,-0.248757916053411,299.852442781522,302.950076220104,299.852442781522,303.396914643143
8.59,0.083236034099973,-0.0632062336651798,2.8465449324162,0.296507693375386,-0.0459474148797157,-0.0938727884570415,-2.67610230323301,-1.01450053086538,2.03694321194853,299.852442781522,299.852442781522,299.852442781522,305.474106083423
8.6,0.0639292606061184,0.0340897432788363,2.78648332235226,-0.171796464312639,0.0367157679230073,-0.0624580927045154,2.4660282437172,-1.30870471539102,-2.12027159134714,299.852442781522,294.969473814315,299.852442781522,302.771914104819
8.61,0.0344414861134865,0.00518820684404148,3.02215475718452,-0.0564818497462874,-0.000767993144124924,0.0348215973569941,-0.571610654341882,2.96814265754977,0.171565647077948,299.852442781522,305.910376156363,299.852442781522,306.831378903099
8.62,0.0930066684581343,-0.0339529543955646,2.78753909283507,0.295803123431247,-0.0440803315964915,-0.0886564597545602,-2.22538363683433,-1.70456485673777,2.330157247936,299.852442781522,299.852442781522,299.852442781522,306.228900795246
8.63,0.248164342083558,0.0435672586114148,1.79640521872451,-0.170387324442142,0.248795441261086,-0.0398054658606125,1.79361998189735,0.197562422362553,-1.55565739189383,302.904298386026,299.852442781522,299.852442781522,301.023027436326
8.64,0.0830601626833148,0.0148415935910278,2.84724877940186,-0.172501034256737,-0.0284999500616596,0.0794167260202967,-1.56770721381823,2.38303930105387,0.521369961326105,297.716143858369,302.858520551943,299.852442781522,306.565505863835
8.65,0.131913334475146,0.0246708517550509,2.55397919896662,-0.173205604196326,-0.0790532139230313,-0.108445230909943,-0.943085065603184,-2.37979000945786,2.69657508111844,299.852442781522,295.010673864966,299.852442781522,303.661262950334
8.66,0.0546862404994498,0.0542172500533884,2.78401985789342,-0.292043068472525,0.068495044183035,-0.0351926700561268,2.56619344361461,1.11835009408374,-1.26433020987313,302.904298386026,302.904298386026,299.852442781522,307.582739653529
8.67,0.0641637558297045,-0.0241236962312845,2.96138930012904,0.061651044589528,-0.065726808097063,0.0194660468355822,-2.32469468464413,1.83559855671252,0.923239172397054,299.852442781522,305.95615399053,299.852442781522,309.258281709
8.68,0.0635775177709997,0.11254793717504,2.84689685591285,-0.408062252982184,-0.114820733359035,-0.0593745578440117,0.30256839792309,-2.86003301993065,3.10462642342806,299.852442781522,294.969473814315,299.852442781522,307.127236897164
8.69,0.0442121204719221,-0.0542563325834931,2.90519884850221,0.181897648734972,0.00706121289521758,0.0696318927969274,2.5259018744969,1.44675043610394,-0.98811319972637,297.716143858369,299.852442781522,299.852442781522,310.968511676768
8.7,0.0541000024414979,-0.0435477173372899,2.90449500151675,0.295803123436005,-0.0618574671566062,-0.0315732118484637,-2.78275349951228,0.883104559280758,1.36499310115058,299.852442781522,302.950076220115,299.852442781522,299.610115726522
8.71,0.131913334475215,-0.0143530618730347,2.49532528287894,0.061651044589528,0.0516570716632921,-0.122223913963981,0.658060437074336,-2.40778021834041,-2.85010056359471,299.852442781522,294.969473814315,299.852442781522,304.860040759309
8.72,0.0637533891887934,-0.0533183516952149,2.78789101632913,0.0609464746481016,-0.00813039907775483,0.0827117758930905,1.62109812828674,2.26894064491911,-0.59851620947661,299.852442781522,302.858520551821,299.852442781522,302.695555444779
8.73,0.132030582086188,0.0245536041433967,2.61228119156215,-0.172501034253857,-0.132247444997163,0.0233573837184438,-2.61061257733654,-0.196141789683538,1.57984900717739,299.852442781522,299.8982206157,299.852442781522,304.921102362338
8.74,0.0930066684581863,0.0148415935907014,2.67023126066035,-0.0557772798034009,0.0477533366890567,-0.081179628682719,1.74266099598299,-2.02395127002347,-2.45162155352584,299.852442781522,297.716143858369,299.852442781522,306.791661686532
8.75,0.0635775177724476,0.0149002173966153,2.84724877939936,-0.0557772798034009,0.02739645189321,0.059275219681038,0.51866179435706,2.80016547007632,-0.202737087976157,299.852442781522,302.904298386026,299.852442781522,306.753557254023
8.76,0.0831774102945939,-0.0147048047063684,2.84654493241526,0.0630601844674546,-0.0709471100384783,-0.0458390711288492,-2.64781428986681,-1.04684006682071,1.96944599743888,299.852442781549,299.852442781522,299.852442781522,307.471337922547
8.77,-0.0924008891293118,0.0241432375044515,3.54933615498407,-0.053663569983382,-0.0911494040752599,0.0285062513461295,3.0381256034449,-1.83588118828888,-2.12947575695445,297.716143858369,297.716143858369,299.852442781522,304.495979484597
8.78,0.0641637558287559,-0.0434304697254555,2.90308730754043,0.0602419047074295,-0.0485758175957292,0.0603621007547977,-0.179462862184284,2.89816115552288,0.0825920461182315,299.852442781522,302.904298386026,299.852442781522,305.467271111811
8.79,0.0736998949646582,-0.110711057923616,2.84548916193348,0.524318642738632,0.0285262121585853,-0.12990330282272,-2.35272296095387,-1.68416545469992,2.37429122205912,299.852442781522,299.852442781522,299.852442781522,297.486511073054
8.8,0.161342485161358,0.00542270206766227,2.31901161112618,-0.174614744082934,0.160116652910388,-0.0205781601833637,2.32515360310746,-0.0443382830697947,-1.66501821969719,299.852442781522,297.716143858369,299.852442781522,300.375031026526
8.81,0.0442121204719221,-0.0045824275148247,2.96385276458936,-0.0564818497411126,-0.0244220737569056,0.0371385588299364,-1.41462301898586,2.60508255601805,0.478417188447223,299.852442781522,302.950076220158,299.852442781522,306.987547824006
8.82,0.0931239160696182,0.043801753833296,2.72853325325498,-0.171091894380062,-0.0817804732698827,-0.0624708858170585,-1.10525286289049,-2.50051639856914,2.66278045302754,299.852442781522,297.748188342242,299.852442781522,306.468102386208
8.83,0.102835926622536,-0.0141185666506676,2.49426951239826,0.0602419047099326,0.0917882205876509,0.0484714791391562,2.36416926322029,0.797316237390782,-1.22137743698877,302.904298386026,302.858520551949,299.852442781522,309.964811973705
8.84,0.101780698120087,-0.0144703094843831,2.73416402915424,-0.0557772798034009,-0.0859963986718254,0.0563322268498473,-2.09032218126102,1.76332561422766,0.849651868292501,297.716143858369,302.904298386026,299.852442781522,309.606340448859
8.85,0.102835926622536,-0.0529079850546855,2.72853325325344,0.292984843666168,0.0409025996113568,-0.108173287053207,-0.600572572486707,-2.67769423532721,3.02792504329008,299.852442781522,291.963396044006,299.852442781522,308.187833638354
8.86,0.093123916069962,0.0926549256230676,2.55362727547521,-0.524081437489336,0.129805956876869,-0.020184462977796,1.75731569298555,1.9254908907493,-0.942184413305434,297.716143858443,305.91037615636,299.852442781522,304.118164034243
8.87,0.0733481521293311,-0.0534942231124358,2.78859486332132,0.179783938926595,-0.0860900804663309,-0.028811132787366,-2.60369205498192,1.01457935089475,1.26360921688482,302.904298386026,302.950076220164,299.852442781522,312.367928095506
8.88,0.161283861356649,-0.0824543833547387,2.31901161112142,0.412526877891219,0.129921669164219,-0.126220319877999,0.354790140976501,-2.32854401576705,-2.81434238018007,299.852442781522,294.969473814315,299.852442781522,302.910517813733
8.89,0.0540413786359452,-0.0338943305899771,2.90484692500979,-0.0557772798034009,0.0069306665335294,0.0634134221787254,1.75791941993113,2.31321552729315,-0.669035458363548,297.716143858369,302.904298386026,299.852442781522,305.522396157958
8.9,-0.100705928345736,-0.14037470383622,3.77656142596594,0.761289001362673,0.100671740344305,-0.140399224275392,-3.77637591963698,0.762208673051975,1.57055279990127,299.852442781522,299.898220615749,299.852442781522,306.248220871215
8.91,0.122670314368195,0.00512958303817967,2.49250989492744,-0.0557772798034009,0.0660902467925399,-0.103471725259796,1.47400107300736,-2.01073059309958,-2.53139098886921,299.852442781522,294.969473814315,299.852442781522,300.773537727873
8.92,0.044329368083611,0.00512958303817967,2.90449500151511,-0.173205604196326,0.017157355324557,0.0411950319226087,0.634618984056981,2.83960387030053,-0.279438468114142,299.852442781522,302.858520551854,299.852442781522,299.186023702847
8.93,0.0834119055175271,-0.0242409438430602,2.84548916193202,0.0623556145332489,-0.0709984595264742,-0.050043861614936,-2.71116268638642,-0.866194944156546,1.90194878291687,299.852442781522,299.89822061567,299.852442781522,302.760946761033
8.94,0.0347346051408163,0.0149002173966153,2.90379115453255,-0.0557772798034009,0.0214599462784141,-0.03111237661257,2.48726338435529,-1.4995449412836,-2.13254381216337,299.852442781522,297.716143858369,299.852442781522,302.903086372018
8.95,0.0638706367999335,0.0149002173966153,2.90449500151675,-0.173205604196326,0.00798499259308334,0.0650977312737074,-0.48279494867028,2.86932055244779,0.107136487770546,297.716143858369,302.904298386026,299.852442781522,307.629782097935
8.96,0.0833532817113215,-0.0629131146369302,2.78683524584795,0.295098553494539,-0.00958001202988941,-0.103990638688651,-2.09410244790647,-1.86232885963975,2.40317696180768,302.904298386026,297.748188342332,299.852442781522,308.511690414312
8.97,0.0539241310246174,0.00507095923243936,2.78789101632913,-0.0557772798034009,0.0520633331523507,-0.0149310373170961,2.75033733430409,-0.45944746315983,-1.7563235426125,297.716143858369,297.674943807584,299.852442781522,306.551672401182
8.98,0.0832946579056646,0.00524683064983387,2.84619300892243,-0.173910174138796,-0.0250890785623382,0.0795994183671121,-1.18681568307623,2.59278381804427,0.368243326019193,297.716143858369,302.904298386026,299.852442781522,308.046469154911
8.99,0.093182539875928,0.0435672586068695,2.7281813297575,-0.170387324422277,-0.0808216836374852,-0.0636313383031429,-1.07483882949105,-2.51330990906006,2.67509869467367,299.852442781522,299.852442781522,299.852442781522,306.322277051597
9,0.12184958109037,0.0437431300283334,2.49673297684443,-0.288520218775494,0.128094838535754,-0.0187748282834601,2.39032091166635,0.77671449938523,-1.37166612122811,299.852442781522,302.8585205519,299.852442781522,308.940741710043
9.01,0.064163755827541,-0.0144116856786916,2.90308730754564,-0.0557772798034009,-0.0553364461429786,0.0355325480969622,-2.07939095858492,2.02661300240824,0.779040577749231,299.852442781522,302.904298386026,299.852442781522,308.955139430603
9.02,0.103246293261891,-0.014587557095558,2.66811971970024,0.0630601844695405,-0.00425362385483874,-0.104184934508009,-0.542757862755816,-2.6130926749611,2.96042782876806,299.852442781522,294.969473814315,299.852442781522,305.015354086313
9.03,0.1026014313997,0.0241432375036705,2.55397919896725,-0.0529590000392038,0.0962867103192147,0.0428814535473044,2.00099118541612,1.58796998722568,-0.920708026871124,302.904298386026,305.95615399053,299.852442781522,302.414393942138
9.04,-0.0429028554726638,-0.0338943305897548,3.48716300394967,0.061651044589528,0.0250325416190181,-0.0486091813747979,-3.14910940325011,1.49907192415041,1.14418516801224,299.85244278148,299.852442781522,299.852442781522,307.846019051865
9.05,0.15127873177344,-0.0045238037084629,2.4373752137859,-0.0557772798034009,0.0523143594900057,-0.142017348511101,0.826654986940635,-2.29358901512156,-2.81854561562786,299.852442781522,294.923695980156,299.852442781522,302.072924741401
9.06,0.131678839254393,0.0728791616874854,2.55503496943886,-0.405243973231337,0.143375849891458,0.0457608411587566,1.45869939790347,2.13649770405957,-0.756352309509977,297.716143858369,302.950076220158,299.852442781522,305.073165662731
9.07,0.0544517452745019,-0.0240064486205749,2.84408146796607,0.0609464746507733,-0.0548889548773217,-0.0229892316375924,-2.8424553093477,0.113849389815994,1.55219048950604,302.904298386026,302.904298386026,299.852442781522,306.771671380738
9.08,0.0543344976639865,0.0246122279494461,2.8444333914562,-0.0550727098636032,0.011863039441692,-0.0584574006969016,1.71016455436204,-2.27358121007507,-2.51605071284581,299.852442781522,294.969473814315,299.852442781522,305.084248167204
9.09,0.0443879918889969,-0.00405481326334015,2.96279699410962,-0.176023883959689,0.0124637639569533,0.04279474176302,0.919994869849659,2.82183625950897,-0.374502158656395,297.716143858369,302.904298386026,299.852442781522,306.64890538876
9.1,0.054451745276558,-0.0334839639493643,2.96138930013154,0.176965659156926,-0.0426889649551998,-0.0475796245937187,-2.88955144825438,-0.672038584714769,1.85899601003812,299.852442781522,297.748188342305,299.852442781522,304.443221292628
9.11,0.0831187864880792,0.00518820684404148,2.72958902373729,-0.173205604196326,0.0618059923334784,-0.055818182245407,2.24363738352398,-1.56420833365821,-2.24299379956079,299.852442781522,297.716143858369,299.852442781522,301.321086745895
9.12,0.0835291531295284,-0.00499279415605162,2.78613139885341,-0.171091894363912,-0.00548474702727733,0.0834982931925418,-0.18750100048894,2.78507522031444,0.00589066598928647,299.852442781522,302.904298386026,299.852442781522,305.123527178927
9.13,0.0832946579056646,0.00512958303817967,2.84619300892243,-0.0557772798034009,-0.0709253256669684,-0.0439762531009833,-2.28993288556887,-1.69119281235802,2.18732393784861,299.852442781522,297.716143858369,299.852442781522,305.396512577163
9.14,0.112430689564209,0.053748259608008,2.55362727547191,-0.289224788710077,0.0944982491428023,-0.0812380223523335,2.54056900467292,-0.387520803227095,-1.83494245725058,299.852442781522,299.820398297544,299.852442781522,305.382107044115
9.15,0.0346173575305092,0.0343242385021381,3.08010482628455,-0.173205604196326,0.021950528051155,0.043528026711789,-1.11629592682967,2.87592234352214,0.314076811368605,299.852442781522,305.95615399053,299.852442781522,309.000094620435
9.16,0.0832946579056646,-0.0148806761247529,2.72853325325354,0.181193078807362,-0.0221706398072706,-0.0816571937314022,-1.33067447880249,-2.3889391112755,2.69968915714163,302.904298386026,299.820398297582,299.852442781522,304.407303306404
9.17,0.0446811109186777,-0.00428930848518923,2.90273538404168,-0.0578909896314347,0.0439658644590342,0.00904447912143837,2.87988557512164,0.368080358963101,-1.46361573573665,297.716143858369,299.820398297601,299.852442781522,304.734601113202
9.18,0.0446224871134408,0.00501233542631721,3.07904905579585,-0.173205604196326,-0.0234930890770039,0.0382670174985595,-2.03035152527363,2.32125309975913,0.662454479941042,297.716143858369,302.904298386026,299.852442781522,305.852109137851
9.19,0.102425559984274,0.10248418378974,2.67199087812242,-0.406653113105926,-0.11824278469821,-0.0837415496151946,-0.0482700636654544,-2.70232714676108,2.97270004959844,299.852442781522,297.716143858369,299.852442781522,305.204452895923
9.2,0.103011798039246,-0.0236547057869982,2.55221958149955,0.058832764832006,0.0784259172333224,0.0708544363273037,2.25734539190075,1.19234133874153,-1.06179254548141,299.852442781522,305.910376156441,299.852442781522,310.762056938098
9.21,0.103011798039506,-0.014646180901319,2.78683524584795,-0.0543681399225539,-0.0976350040594247,0.0359631357454039,-2.47923250388707,1.27389668882876,1.07664193267439,299.852442781522,302.904298386026,299.852442781522,303.777469100527
9.22,0.102660055205315,-0.004465179903035,2.61228119156111,0.0602419047066752,0.0270355023712082,-0.0991368063731183,0.518377267397812,-2.56104024168145,-2.91882499992221,299.852442781522,294.969473814315,299.852442781522,306.329816026724
9.23,0.0542758738594932,-0.0432545983073834,2.84513723843869,0.293689413605508,0.00742236817200974,0.0690053563766165,2.20975484384124,1.81605146054143,-0.78002235541904,299.852442781522,307.787267353232,299.852442781522,304.161173846397
9.24,0.0933584112936696,-0.0144116856786916,2.78648332234976,-0.0557772798034009,-0.0943792409968152,-0.00400605944095477,-2.77557924563202,0.252507944216407,1.46005679168479,299.852442781522,299.898220615673,299.852442781522,300.451378029345
9.25,0.122318571533958,-0.00458242751480735,2.49462143589057,-0.0557772798034009,0.0677228126639273,-0.10196299440936,1.34902534908667,-2.09913739923536,-2.59275209297162,299.852442781522,294.969473814315,299.852442781522,304.172548996184
9.26,0.0637533891887934,-0.0240650724260582,2.84619300892243,-0.0564818497423641,0.00490198799831748,0.0679675868160223,1.14280750718027,2.60729665456804,-0.432933270034348,299.852442781522,305.95615399053,299.852442781522,303.89452238208
9.27,0.131854710669732,-0.00493417034836672,2.55397919896568,0.0630601844695405,-0.124354096097513,-0.0441142782622132,-2.45610350758379,-0.703094514023049,1.8742902652458,302.904298386026,299.852442781522,299.852442781522,304.048513873965
9.28,0.151278731774753,0.0148415935909064,2.37907322118677,-0.0550727098623516,0.113879307250218,-0.100682823599191,1.95997685030485,-1.34963444732589,-2.19697297147098,299.852442781522,297.674943807728,299.852442781522,304.873769199709
9.29,0.102542807593487,-0.0242995676487484,2.72958902373667,-0.0550727098611401,-0.0185770148239827,0.103732304020014,0.0963458597961595,2.72844401026946,-0.0554704381094025,302.904298385925,302.904298386026,299.852442781522,305.571522163715
9.3,0.112372065757385,-0.0344219448427367,2.67128703114535,0.181193078812368,-0.0714988573695653,-0.0932752102339368,-2.28001487186749,-1.40361587289326,2.19034597222253,297.716143858392,297.716143858369,299.852442781522,304.095306257568
9.31,0.0345001099189178,0.024436356533326,2.96314891760495,-0.172501034258614,0.0243466459393621,-0.034563476916314,2.85034865243176,-0.827961758962411,-1.9116438373762,299.852442781522,297.716143858369,299.852442781522,303.164725425057
9.32,0.238804074363384,-0.150555704836094,2.02926126561209,0.528546062406221,-0.226811389958007,0.168080336674348,-0.242136206528661,2.0829383768337,0.370529027151571,299.852442781522,305.910376156428,299.852442781522,304.603398510471
9.33,0.093123916069705,-0.00434793229223195,2.72853325325446,0.0602419047099326,-0.0454100390064594,-0.0814180361885935,-1.48994596611514,-2.28660967794149,2.58617111455107,299.852442781522,297.674943807699,299.852442781522,296.287037262361
9.34,0.0539241310246662,0.0245536041436677,2.8465449324162,-0.172501034255485,0.0554512610800245,-0.02087699757734,2.82853534129044,0.363266406586911,-1.5035924950542,299.852442781522,299.852442781522,299.852442781522,306.442908474363
9.35,0.0738757663818791,0.00507095923240465,2.84478531494536,-0.0557772798034009,-0.0403025569790918,0.0621212313705528,-1.75271492934464,2.24140691743455,0.644046148717753,299.852442781522,302.904298386026,299.852442781522,306.30958393109
9.36,0.0247294755603606,0.112254818149113,2.96314891760568,-0.289224788716752,-0.114260516562209,-0.0125389598499292,-0.0304639016454034,-2.97707481212893,3.034061153703,302.904298386026,299.852442781522,299.852442781522,309.951741073776
9.37,0.0344414861134865,-0.0336012115630813,2.96385276458926,0.0602419047145217,0.0170553148214896,0.044993039690071,2.71271818539016,1.19549669338755,-1.13537984958604,297.716143858369,302.858520551889,299.852442781522,314.946000250829
9.38,0.258286719274998,-0.0144116856786916,1.97060734952348,-0.17250103425778,-0.226283291511918,0.125361868287272,-1.75974746534944,0.903514687767813,1.00914471815237,299.852442781522,299.898220615632,299.852442781522,307.207549451916
9.39,0.0736412711584039,0.0636361415776185,2.78683524584878,-0.173205604196326,-0.0420642122330867,-0.087767860757353,0.898962120219475,-2.64354269404535,-2.87587222728933,299.852442781522,297.716143858369,299.852442781522,309.361973420922
9.4,0.0541000024417062,-0.0437822125596744,2.90414307802246,0.179079368982457,0.00600090502085707,0.0693374468793291,2.14377256003785,1.96732194844914,-0.766706995825194,299.852442781522,305.95615399053,299.852442781522,310.494432971716
9.41,-0.00411343706840691,-0.0921077701000902,3.31260894966784,0.411822307943286,-0.00183938306823452,-0.0921812255681986,-3.27912620099795,0.62474556794585,1.50621568225879,299.852442781522,302.904298386026,299.852442781522,302.423308917061
9.42,0.131913334474452,0.0149002173966153,2.49497335938767,-0.0557772798034009,0.0478647937803736,-0.123822880789446,1.20453808302977,-2.18565577699862,-2.66024930748108,299.852442781522,294.923695980313,299.852442781522,303.968250635298
9.43,0.0445638633075295,-0.00487554654399421,2.90343923102888,0.062355614533289,0.0147908424086747,0.0423194972540622,1.30662412121009,2.59356530606295,-0.445205490846615,299.852442781522,305.95615399053,299.852442781522,306.445369739033
9.44,0.083587776935738,-0.0333667163354177,2.90308730753125,0.0595373347553564,-0.0742557859531329,-0.0508559973311845,-2.8457033798087,-0.577436475747907,1.7914987955375,299.852442781522,299.852442781522,299.852442781522,304.648684758703
9.45,0.063870636801031,0.0244949803366945,2.78718716933873,-0.172501034250351,0.0334517578662168,-0.0596694411128868,2.25344179161104,-1.64929348982063,-2.26442416515212,299.85244278156,297.716143858369,299.852442781522,305.727064241038
9.46,0.0834705293242814,-0.014646180903514,2.78683524584136,-0.0550727098563825,-0.00689153192459168,0.0844650618212437,0.201985672588231,2.78005134465241,-0.0922871005650058,299.852442781522,302.904298386026,299.852442781522,308.620375207962
9.47,0.0834705293212294,-0.013590952406056,2.72853325325696,0.174851949373708,-0.0582103557591145,-0.0613481681459782,-2.27761100338757,-1.51259876886658,2.22102652429778,299.852442781522,299.898220615383,299.852442781522,305.093766319134
9.48,0.131796086866192,-0.0238892010107538,2.43737521376724,0.176965659174954,0.133050998671561,-0.0154380760029713,2.28078698908044,-0.877567939054029,-1.86562300929876,299.852442781522,297.716143858369,299.852442781522,305.74234012529
9.49,0.0550966071322322,-0.0343633210330972,2.8409141565456,-0.0529590000558914,-0.0542017203092614,0.0357581803986702,-1.23232264744527,2.56026928137288,0.42995725647267,302.904298386026,302.904298386026,299.852442781522,303.865230845292
9.5,0.132206453503291,0.00477784020548811,2.61122542108068,0.0630601844653686,-0.0800447279562793,-0.105329082552505,-1.55537862477467,-2.09839751242628,2.52787806564563,297.716143858369,297.716143858369,299.852442781522,307.939784904575
9.51,0.05433449766357,0.0149588412021507,2.84443339145828,-0.173910174135289,0.0543301066588167,-0.0149747813641887,2.84448429129303,0.173075658883064,-1.57108970957622,299.852442781522,297.716143858369,299.852442781522,304.804710816707
9.52,0.0832946579056646,-0.0144116856786916,2.78789101632842,-0.0557772798034009,-0.0648096861544991,0.0542715514821386,-1.84356829412928,2.09205720972163,0.70233919761655,299.852442781522,305.95615399053,299.852442781522,307.243944642665
9.53,0.0348518527534491,0.101956569536902,2.96174122362779,-0.403834833335888,-0.107152385480347,-0.011320777268027,-0.264500314722164,-2.97742056684365,2.91747505590699,299.852442781522,297.674943807728,299.852442781522,306.636381078031
9.54,0.044094872860296,0.0638120129946064,2.90519884850429,-0.408062252982184,0.0654034002135201,-0.0416980341922686,2.51913548454126,1.50354632857941,-1.1722425328698,299.852442781522,302.858520552014,299.852442781522,311.366454184629
9.55,0.0831774102938649,-0.0143530618727917,2.84689685591247,-0.0557772798034009,-0.0769159564441496,0.0347624454346902,-2.38836802947814,1.55036478575633,0.975442131730155,299.852442781522,297.748188342159,299.852442781522,308.544946799552
9.56,0.151571850802742,-0.0921077700982852,2.31901161112726,0.646678956721008,0.123812310289841,-0.126997555444739,-0.109027481287518,-2.40502006934098,-2.91494391035293,299.852442781527,299.852442781522,299.852442781522,302.180854671158
9.57,0.054158626248558,-0.072566501380773,2.90379115452173,0.176965659146408,-0.0110689433931995,0.0898695299416597,2.2197484588681,1.88043524029637,-0.80709794259507,299.852442781522,302.904298386026,299.852442781522,299.969338698671
9.58,0.0832360340995111,-0.0340115782017181,2.84654493241898,0.061651044589528,-0.0871628486364438,-0.0220830849739557,-2.81019270240757,0.457641649016298,1.43101764918926,299.852442781522,299.852442781522,299.852442781522,303.64317522293
9.59,0.0828842912697113,0.00536407825872441,2.73099671769032,-0.0571864196717321,0.0273307260423535,-0.0784322031365043,1.11600410844587,-2.49322044523987,-2.7416601523529,299.852442781522,299.852442781522,299.852442781522,304.945579305587
9.6,0.0639878844096852,-0.0242995676475749,2.84513723844957,0.061651044589528,0.00499068375207257,0.068264276270778,1.25720187437746,2.553047238884,-0.435909283590195,299.852442781522,305.95615399053,299.852442781522,304.622399483788
9.61,0.112665184786281,0.00518820684348942,2.66987933716887,0.0609464746532764,-0.110271370613826,-0.0236767011242281,-2.5973614833925,-0.62103419584037,1.82831545798642,299.852442781522,302.858520551862,299.852442781522,305.521807597889
9.62,0.0638706367996211,-0.00452380370942818,2.78718716934297,-0.056481849740904,0.0489871219015713,-0.0412332988371189,2.03955742337446,-1.90047573861345,-2.3411715661304,299.852442781522,297.67494380765,299.852442781522,306.833066158187
9.63,0.0446224871104268,0.0631671511337867,2.9034392310393,-0.405243973227999,0.0682752587871416,0.0363282861669485,-0.0370606118613357,2.93134927247235,-0.126035707840337,299.852442781522,299.852442781522,299.852442781522,305.9791656137
9.64,0.122025452505882,0.0531033977465461,2.67199087812607,-0.28640650895172,-0.131968433118138,-0.017161426858996,-2.14489375857397,-1.61894864204805,2.1105765368878,299.852442781522,297.748188342227,299.852442781522,309.91337479101
9.65,0.122318571533733,0.0347932289475319,2.4939175889046,-0.292043068470519,0.101109271218347,-0.0771318157205116,2.4278651375824,-0.640612962561149,-1.94534642380207,302.904298385923,299.852442781522,299.852442781522,308.830057053454
9.66,0.0639878844118374,0.00477784020361365,2.90414307802142,-0.171796464312976,-0.0146632570379865,0.0624681198816794,-1.03619950085881,2.71842815560576,0.30508740962759,299.852442781522,302.904298386026,299.852442781522,308.744884941493
9.67,0.0930652922641002,-0.014294438066996,2.72888517674771,0.178374799039739,-0.0451903777514514,-0.0826033252510739,-1.79967296404186,-2.05907967288851,2.48859161874834,299.852442781522,297.74818834217,299.852442781522,306.334925646184
9.68,0.0733481521294253,0.0342656146956828,2.78824293982552,-0.172501034252565,0.072139411788992,-0.0367421969676903,2.79249865266148,0.0775020850615653,-1.60483831682644,299.852442781522,299.852442781522,299.852442781522,301.423399278638
9.69,0.141390849802148,-0.0633234812768861,2.49673297686822,0.297212263320109,-0.14204554872605,0.0618409069784158,-1.46221473751913,2.04546785568265,0.739109839262243,302.904298386026,305.910376156582,299.852442781522,304.831908122086
9.7,0.112547937174853,0.00495371161982321,2.67058318415668,0.0623556145355034,-0.0377491395126012,-0.106144146740106,-0.842966453686072,-2.534819584137,2.84388775181508,297.716143858369,294.969473814315,299.852442781522,301.247875939556
9.71,0.0445638633091557,0.0342656146948697,2.90308730752552,-0.289929358642237,0.0530578758772494,-0.0185723469397055,2.66595394290816,1.18518543798467,-1.2520119682008,299.852442781522,299.852442781522,299.852442781522,304.139778224803
9.72,0.0636361415784169,-0.0144703094838798,2.90555077199129,0.061651044589528,-0.0618277918691578,0.0208871377678149,-2.44580373763533,1.56973571561814,1.02141693899197,299.852442781522,302.904298386026,299.852442781522,305.603281196081
9.73,0.151454603193616,-0.0240650724265789,2.43667136678471,0.178374799046622,0.0521007267271393,-0.144232932487473,0.28275350625164,-2.42677468532737,-2.95252758641228,299.852442781522,299.852442781522,299.852442781522,303.582895809369
9.74,-0.415007694374557,-0.0630303622494242,1.55439916103332,0.295098553501631,-0.346369756076298,-0.237133306456569,1.33759388154825,0.845034032536289,-0.819738330057403,299.852442781522,302.904298386026,156.720414930288,304.771015405878
9.75,-0.444671340282556,-0.0532597278906414,1.02932930418346,0.178374799044536,0.416807451378412,-0.163831462055072,-0.950917521433194,0.432541619750452,1.31549003040837,297.716143858369,297.748188342257,156.720414930288,298.068863534169
9.76,-0.503764136877973,0.102953174233607,1.09044668472273,-0.174614744074253,-0.213745024913818,0.467643802496917,0.415673363729406,-1.02312263964629,-2.91446836180397,297.716143858369,284.898350319453,156.720414930288,293.273539300808
9.77,-0.473631500525171,0.161107989939418,0.910965701532856,-0.641509761888025,-0.197369608854103,-0.459704057207268,0.133241075272831,1.10618267018925,-0.733418596847788,291.917618209931,276.990992448186,156.720414930288,294.505003643392
9.78,-0.444495468866991,-0.0145875570958184,0.852663708939888,0.179783938923506,0.394312660235389,-0.205685547969225,-0.690645288952109,0.531381924877234,1.12280082324053,289.781319286659,263.872591132207,156.720414930288,292.349239499635
9.79,-0.493114145436229,0.0150174650082414,0.968915770632369,0.295803123433085,0.00920300243772355,0.493256920306961,-0.343001654241018,-0.953229837762547,3.09249226510041,286.729463682155,242.782742977299,156.720414930288,269.429406821077
9.8,-0.492645154988943,-0.0337184591719651,1.02545814574909,0.412526877881623,-0.492261037453982,-0.038926266552815,1.07488608630937,-0.257609656489137,-1.42354693474147,278.794639110445,234.847918405589,156.720414930288,269.176552784213
9.81,-0.454031608002313,-0.00428930848433614,0.910965701535044,0.294393983542225,0.163345445049126,-0.423652410372162,-0.062064235905483,0.955339917275817,0.377447491649704,268.723515615591,223.907016063333,156.720414930288,253.926234390284
9.82,-0.375925156940815,-0.0147048047090253,0.675646190194036,0.41534515765901,0.346092275879873,0.14749946263901,-0.788375791456678,0.0864464328908938,2.01276693695,265.976845571528,210.784036963939,156.720414930288,244.759169968789
9.83,-0.288517061970274,0.0343242385011795,0.385191997729041,0.0623556145359206,-0.0975708128090846,0.273678981444355,0.0247873920044933,-0.389418390649771,-2.91753641701014,252.853866472162,200.972321195594,156.720414930288,239.072547352412
9.84,-0.356325264418807,-0.072390629972809,0.675646190199622,0.645974386817506,-0.348979968917156,-0.102083684619893,0.898888890562971,-0.256475038118698,-1.08578473717452,250.717567549009,197.966243424968,156.720414930288,229.926102260623
9.85,-0.365744155945818,-0.00464105132025594,0.967860000163045,0.179079368982457,0.0899603171178361,-0.354538387639385,-0.0769189101398929,0.981277678118511,0.26118353962724,234.847918406223,197.920465591091,156.720414930288,216.906426616747
9.86,-0.258677544639585,0.00512958303817967,0.734652029777418,0.179079368982457,0.258692999491885,-0.00427980569673502,-0.727654537435485,0.20567425556152,1.53442644986389,229.964949438382,189.985641019381,156.720414930288,212.538305132664
9.87,-0.239429394949784,0.0636947653833795,0.677405807658462,-0.0557772798034009,-0.00833498385632037,0.247616611614363,-0.0976752356812941,-0.672643502552641,2.91523537560165,223.861238229374,179.914517524518,156.720414930288,201.906559095118
9.88,-0.248848286475649,-0.0143530618731909,0.734300106284796,0.179079368982457,-0.228311399732152,0.10002692047318,0.626135011408389,-0.423345029466078,-1.92610971766739,218.978269262167,176.862661920014,156.720414930288,199.35608373278
9.89,-0.229131146341929,-0.00446517990349361,0.734652029777418,0.295098553496207,-0.119705288224109,-0.195426876418572,0.626051989702199,0.484619095085566,-0.530098578387358,205.855290163139,174.726362996861,156.720414930288,187.132600258392
9.9,-0.180922836411818,0.00507095923250545,0.854071402914129,0.061651044589528,0.0825664725182643,-0.16106385373114,-0.31253788566048,0.797219469532427,0.445681039410921,203.718991239648,171.979692952807,156.720414930288,182.63079714858
9.91,-0.131542050368399,-0.0239478248140849,0.734300106283233,0.295803123433711,0.133491188312908,-0.00754400233670073,-0.765172481112817,0.202995586327295,1.69442552883228,197.920465591091,158.90249168747,156.720414930288,175.229680347809
9.92,-0.141254060920813,0.0149588412024631,0.909909931050092,0.178374799039739,0.0303868283575172,0.138755602838631,-0.456434057235574,-0.807106934025178,2.82049383086617,189.985641019381,148.785590358578,156.720414930288,166.975770680637
9.93,-0.0925767605461782,0.00507095923224511,0.675998113690056,0.062355614533289,-0.0744933272165434,0.0551988715552094,0.480504654918299,-0.479559119377565,-2.2632276236287,187.849342096228,145.733734754073,156.720414930288,165.135093781051
9.94,-0.141136813308283,-0.0337770829775205,1.08481590882305,0.178374799037733,-0.144200347729651,-0.0163325172565399,1.08068104081001,0.201919818247548,-1.22311088817376,182.966373129021,145.733734754073,156.720414930288,159.095073215205
9.95,-0.0634407288892279,0.0146070983660212,0.911669548528504,-0.05436813991145,0.00560878172284803,-0.0648585767054487,0.0734186760209086,0.91033343251961,-0.140041379843241,176.862661920014,148.785590358578,156.720414930288,152.627970596142
9.96,-0.0731527394417182,-0.0241236962309233,1.02827353371108,0.296507693375386,0.0530370911337665,-0.055860030180249,-0.765664393726508,0.747677275661686,1.07802255752396,174.726362996861,145.733734754073,156.720414930288,152.209123870223
9.97,-0.102054275878673,-0.0630303622501184,1.26112958060069,0.529955202291657,0.118371297628699,-0.0193942694680471,-1.36792180930007,0.0095004812122706,1.96166847748997,169.843394029655,135.967796819661,156.720414930288,143.786514549279
9.98,-0.0336598353691894,-0.0145875570945167,1.02686583974042,0.180488508854126,0.0199926322450356,0.030758348378635,-0.349080729154215,-0.982431778388376,2.97417271609656,163.739682820647,129.864085610653,156.720414930288,134.391438273329
9.99,-0.00464105132025594,0.0147829697858917,0.910613778039504,-0.0550727098665235,-0.0136815332079754,-0.00727263378198721,0.68729150456228,-0.599900695018717,-2.34881102359022,161.908569457944,129.832041126749,156.720414930288,139.544538559215
10,0.0246122279496023,0.0243777327278079,0.969619617619176,-0.171796464320485,0.0288609074068132,-0.0191594269550782,0.918111822737221,0.356015321264571,-1.37623752348212,155.804858248936,135.922018985535,156.720414930288,139.837846674558
10.01,0.0147829697855445,-0.0240650724260582,1.20423528196914,0.0609464746505647,-0.0166769709729898,0.0227934759463712,0.512327113014372,1.09152096470109,-0.388277726518774,153.973744886234,137.771443481904,156.720414930288,143.308736530187
10.02,0.0740516377978284,-0.0438408363652445,1.02545814576076,0.179783938922463,-0.0780958114614823,0.0361484194110547,-0.43324024046727,0.94667289358122,0.602750125649903,150.921889281731,137.798910182363,156.720414930288,137.394462391556
10.03,0.0733481521301022,0.0342069908906508,1.20458720546406,-0.171796464314228,-0.0698298033007563,0.0409129346010691,-1.21537132626647,-0.0584542556865303,1.47719188001387,145.733734754073,127.759831171332,156.720414930288,137.033551138543
10.04,0.0833532817114777,-0.0337770829781253,1.20353143498181,0.295803123433085,-0.0247822933738673,-0.086455184007182,-0.974786640836212,-0.765361618889662,2.47742389779878,142.98706471002,121.929261038943,156.720414930288,140.296704622297
10.05,-0.00364444661995844,0.0629326559061954,1.55087992607022,-0.169682754479607,-0.0616073855453023,-0.0133540711712122,0.579093716227654,-1.44867913979631,-2.87028836684358,142.98706471002,119.79296211579,156.720414930288,131.501206826014
10.06,0.102425559980629,0.0245536041430776,1.08833514377929,-0.172501034251939,0.0879830610797482,-0.0579038494126061,1.08217597018836,-0.20766598553917,-1.91758052419404,140.850765786868,124.981116643447,156.720414930288,141.851784264175
10.07,0.0445638633083226,-0.0240064486189287,1.43709132884167,0.0609464746441783,0.0190057966446651,0.0469151061190078,1.1456098186748,0.86978394073435,-0.879028496890404,137.798910182363,132.915941215158,156.720414930288,140.178139506808
10.08,-0.0334253401401828,0.0537482596057436,1.96392080313622,-0.28922478869647,0.0557433513427555,-0.029980119332842,-0.412122344805191,1.94185248469084,0.0629104719918509,137.798910182363,135.967796819661,156.720414930288,140.968040316983
10.09,0.0435086348102879,0.0147243459812067,1.79358983076383,-0.172501034262161,-0.024591537157269,0.0387951539225189,-1.50359974058749,0.992929457688806,0.891285377435553,135.967796819661,129.864085610653,156.720414930288,141.688667097346
10.1,0.0738171425733438,-0.0435477173383313,1.67170699321138,0.178374799047248,-0.0563246255438311,-0.0645980710270808,-1.64269671433445,-0.35772803189266,1.8915173952204,132.915941215158,125.022316694219,156.720414930288,174.30212318415
10.11,0.131854710671294,-0.091931898687771,1.20529105244222,0.645269816872911,0.0691733608901936,-0.145093710634556,-0.833376856639208,-1.08378165350896,2.97760893792781,135.967796819661,121.929261038943,156.720414930288,155.155132547618
10.12,0.150985612749749,-0.0334839639522535,1.14839675381786,0.176261089232444,0.115740276014406,-0.102576896070617,0.531445892299488,-1.0331739153283,-2.51420987971172,132.915941215158,121.929261038943,156.720414930288,153.332633252192
10.13,0.112606560980971,-0.0142358142621896,1.4968010154205,-0.056481849741947,0.110858641697533,0.0243568787952558,1.48556694568188,0.191557638875401,-1.48027527549587,129.864085610653,132.915941215158,156.720414930288,143.249454161121
10.14,0.112489313369797,0.0144312269519157,1.55651070198677,-0.288520218770488,0.0719673182261437,0.0876516459690459,0.582138790076172,1.47210186846134,-0.559858713879286,129.864085610653,140.850765786868,156.720414930288,138.160802403988
10.15,0.160990742327758,-0.0045238037089075,1.44061056378774,-0.173205604196326,-0.0646760744846197,0.147497421348643,-0.701749504292696,1.27000260277167,0.385148310208453,129.864085610653,135.967796819661,156.720414930288,129.640286519094
10.16,0.123373800037344,-0.0137082000095595,1.66818775825661,0.0581281948811528,-0.124132807334218,-0.00023542829577043,-1.65202148325665,0.238860425135384,1.46203568729968,129.864085610653,132.915941215158,156.720414930288,125.263175726637
10.17,0.171054495714044,0.0339138718608565,1.43885094632046,-0.170387324425454,-0.132828922005896,-0.112987913899372,-0.760215524043959,-1.23344892194802,2.47137982904441,129.864085610653,127.7277866875,156.720414930288,116.349132669772
10.18,0.239214440999094,-0.101702533039334,0.912725319010868,0.527841492442435,0.156464706355016,-0.207571071381261,-0.291783926017418,-1.01318620678788,-2.89767075955172,129.864085610653,127.7277866875,156.720414930288,117.496479005886
10.19,0.170995871907528,0.00512958303817967,1.2635930450508,-0.0557772798034009,0.166412259659879,-0.0396593074379064,1.24869786554187,-0.20132592737693,-1.7747625543797,129.864085610653,137.771443481995,156.720414930288,109.64654162742
10.2,0.122377195339407,0.024319108918338,1.55580685500048,-0.289224788697304,0.1040453741656,0.068863321967951,0.901554669402382,1.30053263186367,-0.789962854277807,129.864085610653,145.733734754073,156.720414930288,117.570459841341
10.21,0.151395979383688,-0.0142358142600748,1.5572145489879,-0.173910174143345,-0.0446309714453121,0.145366699656562,-0.485975164254086,1.48962748362749,0.204133053085283,129.864085610653,148.785590358578,156.720414930288,113.575612298888
10.22,0.131971958282278,-0.0145875570942563,1.61516461806934,-0.054368139933818,-0.131305347834618,0.0197053349341596,-1.57519997716979,0.361189244063568,1.31174700305858,132.915941215158,140.850765786868,156.720414930288,117.528689781583
10.23,0.15127873177779,-0.0440753315856504,1.49891255636946,0.297916833247054,-0.0910491132511985,-0.128599955361004,-1.35903361894582,-0.698942711349795,2.24201202188592,132.915941215158,132.915941215158,156.720414930288,121.128216859446
10.24,0.151337355582545,-0.0141185666518825,1.38160472419734,0.0595373347788959,0.0534238644867418,-0.142296239663329,0.30592641041618,-1.34862349807752,-2.87545803969582,132.915941215158,129.864085610653,156.720414930288,114.726420583926
10.25,0.0248467231713967,-0.0337184591737702,1.90667458104772,0.0609464746516076,0.0308183271913406,0.0283641472732163,1.86009922507614,-0.423265051306027,-1.76258237522002,135.967796819661,140.804987952741,156.720414930288,130.444672334693
10.26,0.0928894208474941,-0.0634407288874775,1.6151646180735,0.296507693375386,0.0305510088383356,0.108258054878689,1.42916961012566,0.808794028910076,-0.874257671050587,135.967796819661,148.817634842447,156.720414930288,133.65975497896
10.27,0.141683968833791,-0.0530838564730807,1.49820870939317,0.0595373347695091,-0.0826514744922638,0.126731908400387,-0.268006372450543,1.47524459512954,0.219427308289032,135.967796819661,148.785590358578,156.720414930288,134.084472226152
10.28,0.0741688854100273,-0.0240064486200021,1.84590912399243,0.0602419047074295,-0.0779414404239694,-0.00157003278544778,-1.74990521758573,0.590627895199276,1.27790635414797,137.798910182363,143.02826476066,156.720414930288,144.680846422077
10.29,0.132147829697843,-0.0239478248138766,1.49715293891312,0.0609464746472271,-0.082638001201151,-0.105865518298664,-1.15749619942846,-0.951516654387502,2.29952271671443,137.798910182363,137.798910182363,156.720414930288,146.231628036037
10.3,0.161283861355452,-0.0240650724253292,1.26288919805869,0.0609464746461842,0.0682569867965391,-0.148096574565444,0.295059150901936,-1.22944853361747,-2.85783206271004,137.798910182363,135.967796819661,156.720414930288,146.755239528431
10.31,0.054100002442331,0.00530545445613957,1.6141088475923,-0.173910174140713,0.0525902034929267,-0.0137560389581797,1.62136017499176,-0.0823608128669541,-1.72887978878317,140.850765786868,145.692534703511,156.720414930288,148.586175060537
10.32,0.102777302816469,0.0150760888148155,1.49750486240914,-0.291338498534605,0.0818895194201202,0.0639106332101485,0.823629431737437,1.28414699035713,-0.762442399085747,140.850765786868,153.927967052303,156.720414930288,155.077339256377
10.33,0.073524023547229,0.0244949803365903,1.73176860326257,-0.28922478869647,-0.00491150200137196,0.0773412131295724,-0.918449936984988,1.49637000333967,0.385010247729433,140.850765786868,150.921889281731,156.720414930288,158.585510892112
10.34,0.0544517452714472,-0.0336012115647475,1.78795905491688,0.177670229114126,-0.0570891756866004,-0.0288939440220605,-1.76663211534151,0.327681646444741,1.48644206645215,142.98706471002,145.733734754073,156.720414930288,158.674849247121
10.35,0.112723808591417,-0.0627372432238647,1.49644909193121,0.29439398356976,-0.0153722213555032,-0.128087132535951,-1.1167093309801,-1.0387434584178,2.51428658108549,140.850765786868,140.850765786868,156.720414930288,146.495846500095
10.36,0.0935342827065782,-0.00481692273618518,1.37773356578954,0.0623556145257796,0.0494302495485827,-0.0795519655046015,0.611395487565374,-1.2362174399153,-2.63707015041275,142.98706471002,140.850765786868,156.720414930288,145.596323675871
10.37,0.151102860360577,0.0343242385026588,1.14804483032576,-0.290633928589255,0.149297105980175,-0.0414801386675587,1.16058131888045,0.235639587401288,-1.6184298013954,142.98706471002,145.733734754073,156.720414930288,153.655100759358
10.38,0.0831774102946633,-0.0338943305900639,1.55686262547835,-0.0557772798034009,0.0130166137481802,0.0888699892877567,0.742188796356364,1.36970366507383,-0.532384279516057,142.98706471002,153.973744886234,156.720414930288,156.012638700784
10.39,0.17046825765895,-0.043430469726063,1.14910060081353,0.177670229103279,-0.141870040938274,0.104012134167496,-0.59311985998378,1.00010386100267,0.688701692228407,145.733734754073,153.973744886234,156.720414930288,155.661366496647
10.4,0.093006668458426,0.00489508781548277,1.55651070198781,-0.0543681399221367,-0.093097065102451,-0.0026718405204761,-1.54695881455227,-0.180554385491519,1.65207102672047,142.98706471002,143.02826476067,156.720414930288,153.357858558088
10.41,0.161225237550107,-0.00469967512601694,1.20493912895887,0.061651044589528,-0.0575863991502107,-0.150663435518679,-0.519731456169058,-1.088833490146,2.74736673504412,142.98706471002,137.798910182363,156.720414930288,157.172828648392
10.42,0.112665184786819,-0.00469967512610372,1.32048734366162,-0.0557772798034009,0.0739256626108162,-0.085150027697534,0.866985777775173,-0.997563827957075,-2.46832711411062,145.733734754073,142.955020226218,156.720414930288,154.183295449987
10.43,0.0928307970403619,0.0144312269491388,1.38125280071931,-0.288520218757972,0.093880103431421,0.00351331326700628,1.30101838141416,0.546309790640386,-1.37916751619774,145.733734754073,148.785590358578,156.720414930288,157.469219515001
10.44,0.0832946579056646,-0.0338943305895499,1.55580685500048,-0.0557772798034009,-0.011401706984353,0.0892010468524801,0.345044041699484,1.518087838136,-0.259327366231007,145.733734754073,153.973744886234,156.720414930288,157.574767478233
10.45,0.044563863308635,0.01466572217214,1.84696489445929,-0.171796464304375,-0.0241011518965197,0.0402511589532772,-1.50904363308481,1.07869396028656,0.857444728530534,145.733734754073,153.973744886234,156.720414930288,154.71852078547
10.46,0.141566721219046,0.0728791616789674,1.32295080813531,-0.404539403247092,-0.157319835835118,0.0245556106939272,-1.1280705054085,-0.800817023016355,1.89137933273444,145.733734754073,143.028264760826,156.720414930288,158.196756845665
10.47,0.0832946579056646,0.0149588412018035,1.49715293891312,-0.0557772798034009,-0.0234242887405798,-0.0813207824773004,-0.0980947794317241,-1.49497673616906,3.03883197954965,145.733734754073,140.850765786868,156.720414930288,165.141860542506
10.48,0.122377195339407,0.0149588412018903,1.20423528196758,-0.173205604196326,0.0928110308435288,-0.0811545280499142,1.0933775984898,-0.53358056821929,-2.16765770398912,145.733734754073,145.692534703311,156.720414930288,154.069002955584
10.49,0.0641637558263261,-0.0234202105674254,1.61199730664532,-0.0593001294877876,0.044528767098648,0.051794620622583,1.37731989680044,0.839667627020756,-1.06008977484392,145.733734754073,153.927967052081,156.720414930288,159.685024424972
10.5,0.0830015388784216,-0.023889201009886,1.61586846505708,0.0602419047136873,-0.0280520239352685,0.0816886365060159,-0.0214704874885444,1.61684847824911,0.0505426228046511,145.733734754073,153.973744886234,156.720414930288,151.147763995493
10.51,0.064163755827541,0.0050709592326443,1.73000898579841,-0.172501034257363,-0.0530486994456021,0.0364491107788052,-1.5848105629675,0.714886828295039,1.04765657268114,145.733734754073,148.785590358578,156.720414930288,150.994816646649
10.52,0.0932411636809667,-0.0343046972292975,1.49609716843306,0.181193078802476,-0.0429128421943533,-0.089605886142469,-1.19871921868388,-0.913350920488535,2.34241822888078,148.785590358578,145.733734754073,156.720414930288,152.296163079288
10.53,0.0834705293227914,0.00501233542676181,1.43779517583801,0.0623556145305772,0.00758395249227402,-0.0832762657451226,0.154345592380888,-1.43084612325684,-2.99079623965539,145.733734754073,140.883119874062,156.720414930288,147.747380233018
10.54,0.0442707442777352,-0.0145289332903177,1.67276276368071,-0.0550727098611,0.0464895846457052,0.003115641335093,1.63431705454378,-0.360799157642449,-1.82098701998811,145.733734754073,148.739256782693,156.720414930288,149.527331497102
10.55,0.0542172500539572,-0.0431959745009015,1.61340500060279,0.0588327648161528,0.00663840742231766,0.0690024199821366,1.16387314200986,1.11889959312446,-0.768648076426697,148.785590358578,155.804858248936,156.720414930288,151.9094817163
10.56,0.0929480446521269,-0.00469967512624257,1.61481269458338,-0.172501034251939,-0.0318730958605163,0.0874387311848265,-0.640560757256222,1.49233326092698,0.299031143173477,145.733734754073,153.973744886234,156.720414930288,148.999410976673
10.57,0.112430689562771,-0.0338943305894978,1.4392028698178,0.061651044589528,-0.114582987669646,-0.0256948348577697,-1.43100491620629,0.165319937043893,1.49858981491225,148.785590358578,150.889217530344,156.720414930288,154.170165642045
10.58,0.0833532817118181,0.0151347126212294,1.49680101541658,-0.0564818497497935,-0.055151386665242,-0.0643051603462575,-0.70702953909337,-1.32049714499982,2.61228974853967,148.785590358578,145.733734754073,156.720414930288,151.962941749287
10.59,0.170526881469953,-0.0530252326713463,0.972786929031211,0.17696565917996,0.126546637106222,-0.126004131840285,0.297977654683138,-0.942783416873944,-2.65551799524676,148.785590358578,142.98706471002,156.720414930288,156.07589139848
10.6,0.0543344976616955,0.0246708517550509,1.5540472375457,-0.173205604196326,0.0571830314702568,-0.017058413593887,1.51609437852126,0.382780398224192,-1.43448327923125,148.785590358578,148.785590358578,156.720414930288,149.532583683737
10.61,0.0636361415781739,-0.0240064486211997,1.61481269457932,-0.0564818497396524,0.000618030268327623,0.0680109265408664,0.531014338746102,1.52605177172027,-0.369824850994349,148.785590358578,155.804858248936,156.720414930288,159.962577402091
10.62,0.0251398421983619,-0.00487554654191147,1.84696489448468,-0.0550727098658977,-0.0201343261969447,0.0158237646732979,-1.24996809765276,1.36084241544754,0.713147152671576,148.785590358578,153.973744886234,156.720414930288,154.776130459673
10.63,0.0248467231715529,-0.0633234812763721,1.84802066495942,0.297212263313932,-0.00321323555176638,-0.0679477597173865,-1.84566493324309,-0.311506760405033,1.89745996202594,148.785590358578,148.785590358578,156.720414930288,159.383347523509
10.64,0.102718679011361,-0.111238672179238,1.38019703023154,0.527136922523705,0.0819663018709889,-0.127305516626864,-0.856018984474114,-1.20417966913897,2.88843780149166,148.785590358578,140.850765786868,156.720414930288,148.756122533741
10.65,0.0641637558285129,-0.00487554654295284,1.55334339054483,-0.0550727098627688,0.0526278042506021,-0.0370279993501382,1.23404305719823,-0.945011336070513,-2.25976282503144,150.904212129587,145.733734754073,156.720414930288,139.186816658995
10.66,0.0344414861134865,0.0725274188492919,1.61446077108784,-0.403130263390459,0.0694840034406089,-0.0402295378610239,1.10156765313396,1.24721541692354,-0.968163523602159,150.921889281731,155.804858248936,156.720414930288,158.84741742357
10.67,0.025198466007681,0.0338552480550087,1.84661297097434,-0.287815648818383,0.0350904263721699,0.0234478674302323,-0.193730550886993,1.85883990325376,-0.0507710609136685,148.785590358578,153.973744886234,156.720414930288,162.664659091565
10.68,0.10301179804034,-0.014353061872757,1.49644909192266,-0.0557772798034009,-0.097990005616748,0.0348625833789836,-1.35293599319686,0.641899671265581,1.09054148361595,148.785590358578,150.969811178255,156.720414930288,167.617935581352
10.69,0.0639292606068374,-0.00481692273829999,1.67205891668808,0.0623556145342518,-0.0491856292163688,-0.0411208825901582,-1.39604706200231,-0.922345837641594,2.19192102015035,148.785590358578,145.733734754073,156.720414930288,166.610900451832
10.7,0.0832360340995458,0.0150760888149717,1.43885094632209,-0.0571864196953517,-8.64214369654236e-05,-0.0845902970671749,0.311273430594362,-1.40594138701994,-2.96343232279387,148.785590358578,140.850765786868,156.720414930288,167.302776412238
10.71,0.0239673660805837,-0.0342460734265925,1.67663392214375,0.0630601844835648,0.0311095774367841,0.0279181370024043,1.61864487387346,-0.441663523548615,-1.79957849549119,150.921889281731,148.737328107728,156.720414930288,163.856196377567
10.72,0.0834119055160411,-0.0141771904579386,1.43814709933501,-0.0571864196729837,0.0499241200934904,0.0683090107086055,0.991293284023305,1.04349173018812,-0.79949375538126,148.785590358578,155.804858248936,156.720414930288,161.197797008944
10.73,0.132616820140043,-0.0439580839751003,1.31907964970343,0.179783938918291,-0.0898771277105257,0.106965583461805,-0.320677488702328,1.29207559190407,0.378732716572917,148.785590358578,153.973744886234,156.720414930288,157.342584280569
10.74,0.073524023547229,-0.00464105132025594,1.61446077108784,0.061651044589528,-0.0736672134368427,0.000680485401303461,-1.60579371191723,0.178075791301401,1.49852001407124,150.921889281731,150.921889281731,156.720414930288,155.898549076756
10.75,0.112489313370074,-0.101995652071922,1.38019703023071,0.529955202285399,0.0225256070089554,-0.150165094788787,-1.2062151977952,-0.854892540203096,2.55397587343144,148.785590358578,143.030909161179,156.720414930288,156.299881994382
10.76,0.0932997874862417,-0.00464105132025594,1.37843741276707,0.061651044589528,0.0536951666254477,-0.0764409496500437,0.683162955465918,-1.19882397727691,-2.57893356575373,148.785590358578,142.98706471002,156.720414930288,141.642040380858
10.77,0.0447397347225215,-0.00440655609776732,1.61199730663438,-0.173910174136332,0.0446277412997405,0.00542460193634582,1.60761723724463,0.210586998123242,-1.54801394891182,148.785590358578,148.785590358578,156.720414930288,154.088174067694
10.78,0.04432936808334,-0.00469967512596488,1.73141667976869,-0.173205604196326,0.0147793585032944,0.0420565141587954,0.586604600369206,1.638199909392,-0.443558944024428,148.785590358578,155.804858248936,156.720414930288,150.16822085774
10.79,0.0636361415771672,-0.00469967512606901,1.61516461807684,0.061651044589528,-0.0490089881796752,0.0408627524614327,-1.1181205057786,1.16720355094717,0.802075575334814,150.921889281731,153.973744886234,156.720414930288,160.513482610991
10.8,0.0635188939651939,-0.0148220523199905,1.67452238115528,0.0644693243629031,-0.0591186546964985,-0.0275559030411682,-1.6520456472437,-0.280938922538128,1.77772123660736,148.785590358578,143.030603165793,156.720414930288,160.384180183174
10.81,0.0834119055176379,-0.0242409438431156,1.5551030080094,0.179079368982457,0.00204177136447372,-0.0868389342989862,-0.571854915669326,-1.45718795676463,2.88227373529934,148.785590358578,140.850765786868,156.720414930288,161.332919649223
10.82,0.0734653997411622,-0.0240650724249954,1.4392028698178,0.0609464746441783,0.0700446079089437,-0.0327115510612287,1.0079464295149,-1.02910804510095,-2.32426036107354,148.785590358578,142.953360299754,156.720414930288,154.904025249063
10.83,0.0355553384304036,-0.0425511126309296,1.66748391123054,-0.0614138393745417,0.0189147854249133,0.0521249476676963,1.54660366360507,0.626331670604954,-1.22282443636762,148.785590358578,150.921889281731,156.720414930288,156.499404822902
10.84,0.0639878844093381,-0.00487554654080068,1.6720589167039,-0.171796464327995,0.00113452216339594,0.0641633319327721,-0.014553299736183,1.68079839586769,-0.0937278381962257,148.785590358578,155.804858248936,156.720414930288,156.912499453353
10.85,0.0442121204719221,-0.0340702020060105,1.84907643543729,0.0623556145247366,-0.0554079019878033,-0.00674200702047259,-1.55843668895989,0.997119337519808,1.03532046929117,148.785590358578,153.973744886234,156.720414930288,160.388289053402
10.86,0.0834705293215938,-0.0338943305902548,1.61375692410489,0.179079368982457,-0.0558208314429813,-0.0707120194054929,-1.49147631845641,-0.641700258668585,2.08761944812324,148.785590358578,143.029990523471,156.720414930288,154.658835280344
10.87,0.102953174233364,0.0149588412020292,1.37914125975419,-0.0557772798034009,0.00552215076858071,-0.103887578014515,0.325162396487894,-1.34142131159785,-2.94419976247915,148.785590358578,140.850765786868,156.720414930288,149.55033870279
10.88,0.0835291531276672,0.00512958303817967,1.49574524494263,-0.173205604196326,0.0766421716477311,-0.033606689356296,1.4637840064053,-0.352973655795378,-1.92270225667487,148.785590358578,148.738121915099,156.720414930288,160.334278436932
10.89,0.0928307970417504,0.0533965167744833,1.43990671679833,-0.405243973223827,0.10377756536857,0.0264378858690813,0.749762156298266,1.29437658349421,-0.799360575895279,148.785590358578,155.776445254184,156.720414930288,157.764176580053
10.9,0.035086347975903,0.0243191089210056,1.90456304008167,-0.171796464315062,0.0162997985919627,0.0394561457679198,-0.572964205202218,1.82444139899129,0.214336433653974,148.785590358578,155.804858248936,156.720414930288,166.938154614251
10.91,0.0541586262476408,-0.0339529543955646,1.78971867236155,0.061651044589528,-0.0594973365150881,-0.0233672175671237,-1.74754953889919,0.39110661793403,1.38505533590213,148.785590358578,148.818580019343,156.720414930288,157.054073955242
10.92,0.112606560980971,-0.111531791204572,1.3798451067384,0.645974386783296,0.0394098073919162,-0.153513664234144,-1.25431350847063,-0.864842788857056,2.61228152402886,150.921889281731,148.785590358578,156.720414930288,158.708741091507
10.93,0.0346173575312902,0.0539241310244232,1.67205891668952,-0.289929358645494,-0.0348714528550508,-0.0537601629923711,0.953093154148152,-1.40408457487484,-2.71692626176621,148.785590358578,143.02927577383,156.720414930288,151.236195642842
10.94,0.218852438997457,0.0430982681576432,0.857942561379181,-0.285701938976188,0.22033677068791,-0.034721149983074,0.846423492052521,0.318211107069252,-1.53265284652744,148.785590358578,150.921889281731,156.720414930288,162.235328838126
10.95,0.083177410293427,0.0632843987398428,1.61516461808051,-0.522672297591207,0.0941423363926321,0.0453940216936217,0.26733486079354,1.67644717971457,-0.471101639503895,148.785590358578,155.776853682401,156.720414930288,163.897573653855
10.96,0.0443879918905389,-0.00458242751405034,1.84837258844358,-0.0564818497504192,-0.029147422044057,0.0337893511950391,-1.10354313798353,1.48386790775672,0.608904706727322,148.785590358578,150.921889281731,156.720414930288,166.628129387974
10.97,0.132030582087466,0.0149002173966153,1.32189503763253,-0.0557772798034009,-0.131440119526923,-0.0194315738829799,-1.26346043422153,-0.39266439438345,1.82994797646773,150.921889281731,148.818103519512,156.720414930288,153.644960868118
10.98,0.102835926622536,-0.0144703094839666,1.3798451067384,0.179079368982457,-0.00508009344742735,-0.103724685159526,-0.434777581453794,-1.32174520753822,2.95286028759879,150.921889281731,145.733734754073,156.720414930288,158.394407522309
10.99,0.0251398421979454,0.0244949803389655,1.7879590549074,-0.172501034259449,0.00190310383578984,-0.0350484510832377,1.43218690464,-1.08415628902094,-2.31493992827669,148.785590358578,148.785590358578,156.720414930288,153.828451005902
11,0.0348518527516267,-0.0337770829792188,1.72965706230871,0.0609464746516076,0.0141846281950503,0.0464148607428083,1.54365610605781,0.782658196275545,-1.06633017129414,150.921889281731,155.804858248936,156.720414930288,157.750046842806
11.01,0.102601431400394,-0.0142358142620854,1.49856063288444,-0.0564818497423641,-0.015951673677655,0.102348699258936,-0.0815643205365076,1.4974048989491,0.0167437739369065,150.921889281731,155.804858248936,156.720414930288,154.764402686324
11.02,0.0833532817112867,-0.0145289332899359,1.61410884759449,0.0623556145295343,-0.0829971405541336,0.0164418409681497,-1.48351970489746,0.639065630218933,1.2026554112866,150.921889281731,150.967769393027,156.720414930288,156.059947945658
11.03,0.0833532817113735,-0.0436649649482912,1.55545493150661,0.295803123434336,-0.0411967340789847,-0.0846004009282256,-1.42765533798571,-0.684645724227237,2.20588567184426,150.921889281731,148.785590358578,156.720414930288,155.923171139694
11.04,0.0352622193948695,0.0338552480553558,1.72754552132859,-0.170387324427123,-0.0257841081827298,-0.0415304912415309,0.525836633144328,-1.65437033454766,-2.93215570006055,150.921889281731,145.733734754073,156.720414930288,149.023545068866
11.05,0.121908204892208,-0.0143530618727917,1.20599489944642,0.061651044589528,0.122570745655799,0.00663574521408289,1.19970557010355,-0.137590311622155,-1.63390813990114,153.973744886234,153.973744886234,156.720414930288,160.425442646057
11.06,0.0442707442779088,-0.0147634285146114,1.6731146871752,-0.0536635699702405,0.0167458826447879,0.0435595343739235,1.0221557581417,1.3256659237082,-0.688901115813359,150.921889281731,158.856713853441,156.720414930288,158.395531127547
11.07,0.228623073354799,-0.0821026405149416,0.858646408376536,0.292984843648637,-0.175852571217497,0.167586474531552,-0.122879684290984,0.898896187784936,0.464687641400279,150.921889281731,153.973744886234,156.720414930288,160.487551880432
11.08,0.0443293680842292,-0.0435477173355396,1.79007059585338,0.178374799036064,-0.043862489462996,-0.0440179347311036,-1.79187087133211,0.159276763972445,1.58145973616166,150.921889281731,150.921889281731,156.720414930288,151.521178042614
11.09,0.0933584112897811,0.0436845062256965,1.49574524495138,-0.287815648852592,-0.0816775104030517,-0.0628721984433042,-0.431192023258272,-1.46087820320434,2.66448322366379,150.921889281731,142.98706471002,156.720414930288,160.49243281915
11.1,0.112841056201863,-0.00464105132025594,1.32013542017817,-0.0557772798034009,0.0755436801911751,-0.083951150708509,0.8849317125403,-0.981205634253977,-2.44996480371339,150.921889281731,148.739812524381,156.720414930288,162.475211289024
11.11,0.102953174233155,-0.0142944380680721,1.4377951758428,-0.0564818497396524,0.0943107137358227,0.0436941222477817,1.35884014740158,0.473284925638345,-1.27489966004968,150.921889281731,155.804858248936,156.720414930288,161.598751143309
11.12,0.0832946579056646,-0.033718459173909,1.61410884759574,-0.056481849740904,-0.0115010968788339,0.0891215983657606,0.354553245481575,1.57569970722707,-0.256305331860449,150.921889281731,155.850636083074,156.720414930288,161.087948988595
11.13,-0.0720975109412964,-0.0143530618731909,2.43104059090681,0.0609464746509818,0.0499361966712857,-0.0539484729262347,-1.93215075298051,1.47664020504854,0.943304253446343,150.921889281731,153.973744886234,156.720414930288,157.090290122504
11.14,0.199838784539844,0.180121644406211,1.08974283773988,-0.872843560976772,-0.262200914708519,0.0602497046961722,-0.527954014670136,-1.29254009328054,2.07848467944003,150.921889281731,145.779512588157,156.720414930288,158.05840657107
11.15,0.102718679011187,-0.0142358142616689,1.43885094631942,0.0609464746488959,0.0255125413409606,-0.100513161624843,0.0986126308367666,-1.43676096395186,-3.03073231383542,150.921889281731,142.98706471002,156.720414930288,193.420804416038
11.16,0.209257676061631,-0.00458242751449494,0.857238714364922,-0.0557772798034009,0.195412341769407,-0.0749919350119502,0.814531896848032,-0.272959900654728,-1.95912199167363,150.921889281731,148.785590358578,156.720414930288,191.838196021722
11.17,0.122201323921864,0.0344414861134865,1.38054895372781,-0.408062252982184,0.116407216423003,0.0506827337326015,0.810530418540614,1.18973554060061,-0.885440732271672,150.921889281731,155.804858248936,156.720414930288,203.820145346429
11.18,-0.0729182442174379,0.0441534966659876,2.31795584064095,-0.290633928589255,0.0678276222109755,-0.051633470470156,-1.12081010763401,2.04967608714991,0.375668019626905,153.973744886234,158.856713853441,156.720414930288,187.325834053367
11.19,0.0254329612332418,-0.0336012115594765,1.90421111656757,0.177670229093009,-0.031458829847748,-0.028039596287513,-1.83375166713537,0.543085177521659,1.37590003739924,150.921889281731,150.96766711602,156.720414930288,187.719626261987
11.2,0.102718679010298,-0.0338943305894457,1.49750486240945,0.179079368982457,-0.0328653390885007,-0.103052521319593,-1.02412183709573,-1.10714258165729,2.51414851859852,150.921889281731,145.733734754073,156.720414930288,183.373983800497
11.21,0.15163047460851,-0.0337184591707422,1.08692744979844,0.17767022908842,0.0988209306962272,-0.119846397422628,0.334613234683472,-1.04929117722601,-2.67086477850234,150.921889281731,145.733734754073,156.720414930288,175.808320702833
11.22,0.0636947653836051,0.0343828623082983,1.55651070198197,-0.407357683047392,0.0646641619018067,-0.0325230767812768,1.5440554348393,0.452281617430321,-1.54182046291961,150.921889281731,153.927967052026,156.720414930288,173.631983832292
11.23,0.073582647352504,-0.0436649649487251,1.61446077108784,0.0609464746536936,-0.0125605326821531,0.0846360926208017,0.667568686368506,1.47124100783471,-0.388231705693604,150.921889281731,155.850636083117,156.720414930288,159.825409254135
11.24,0.0255502088354781,0.00501233542745605,2.02046317830612,-0.0557772798034009,-0.0140864740868358,0.0218976694142271,-1.43998877898157,1.41838460095994,0.765357051532402,150.921889281731,155.804858248936,156.720414930288,158.33385459992
11.25,0.131502967837908,-0.0151151713440747,1.44166633425654,0.0651738942791296,-0.122787300994103,-0.0494446930369901,-1.40733931508091,-0.319445626127215,1.83917637341838,150.921889281731,148.817634842466,156.720414930288,143.402559155198
11.26,0.122142700117266,-0.0240650724260582,1.38090087721689,0.178374799043493,0.0091191930157897,-0.124156382121695,-0.344042299303158,-1.34919965087543,3.02037762749286,150.921889281731,145.733734754073,156.720414930288,144.764705671479
11.27,0.0834119055169089,0.0149002173966153,1.49680101541977,-0.173205604196326,0.0620477533811037,-0.0577030221113754,1.35205771155455,-0.665096538641215,-2.1431592831703,150.921889281731,150.921889281731,156.720414930288,132.516240111587
11.28,0.0831187864885378,-0.0537873421409805,1.55651070198823,0.179783938923506,0.0410467126669323,0.0900942740753059,1.40816482921963,0.687109630151971,-1.00184274676584,150.921889281731,158.856713853441,156.720414930288,132.333685158018
11.29,0.0831774102940384,-0.0240650724255028,1.6738185341642,-0.0557772798034009,-0.0358791075186543,0.0788054499240526,-0.298051232925016,1.64801245529448,0.145609900049591,150.921889281731,158.856713853441,156.720414930288,122.32374169303
11.3,0.0732309045177297,-0.0242409438430288,1.79147828983498,0.061651044589528,-0.0771270999682802,-0.00134133715695631,-1.69190074413331,0.592171585142506,1.26851810522174,150.921889281731,153.973744886234,156.720414930288,123.990500408559
11.31,0.0832946579056646,-0.0336012115596448,1.55545493150494,0.294393983542225,-0.0211680321513349,-0.0872866305268897,-1.14485641980734,-1.09334881877415,2.52023860819212,153.973744886234,148.785590358578,156.720414930288,122.093267242057
11.32,0.0932411636823005,0.0438603776355216,1.43779517583371,-0.171796464305627,-0.0078586049052712,-0.102741859337385,0.671578114753345,-1.28286859365368,-2.77824671069241,150.921889281731,148.785590358578,156.720414930288,122.590366968394
11.33,0.0349104765627148,-0.0241236962309754,1.78831097837067,-0.0557772798034009,0.034804349116361,0.0242765602231184,1.78804917725041,0.0636191797924505,-1.56641092539234,150.921889281731,155.804858248936,156.720414930288,142.11745206228
11.34,0.0442121204719221,-0.00458242751511976,1.73176860326257,-0.173205604196326,0.0161109543666166,0.0414264093055611,0.636651171280666,1.61978330732168,-0.474183272274211,153.973744886234,158.856713853441,156.720414930288,140.44942177544
11.35,0.0931239160693232,0.00495371162251078,1.67276276368425,-0.172501034261118,-0.0506454717343864,0.0783047839900399,-1.12144139565297,1.25310058116085,0.627248546460265,150.921889281731,155.850636083133,156.720414930288,148.491053081367
11.36,0.180883753879403,0.122201323923478,1.1459332893719,-0.641509761895535,-0.208855343477563,0.0634944209125825,-0.906109981635292,-0.950611687009403,1.86981090464248,153.973744886234,153.973744886234,156.720414930288,152.553304763188
11.37,0.102718679011708,-0.0240650724263012,1.43885094631786,0.178374799044954,0.0117896221669366,-0.104839208018538,-0.346731975462979,-1.40779492535158,3.02344568269687,153.973744886234,148.785590358578,156.720414930288,163.574380646893
11.38,0.063987884410796,-0.00475829893125727,1.55439916102999,-0.0550727098648547,0.0543792809504855,-0.0340585461139603,1.28514918736245,-0.876117184744272,-2.20456640810751,153.973744886234,150.921889281731,156.720414930288,151.347847305418
11.39,0.0446224871110342,-0.0230684677309675,1.72930513881056,0.0560144850728152,0.0225891513015293,0.0448670347015013,1.43300188148879,0.969607906993427,-0.943549697864885,153.973744886234,158.856713853441,156.720414930288,161.027124000576
11.4,0.0640465082171645,0.0147243459795926,1.67170699320055,-0.172501034255694,0.00505956625026599,0.0655222280504657,-0.418603795307662,1.62761535397308,0.148908059393753,153.973744886234,158.902491687497,156.720414930288,154.291895058871
11.41,-0.0142358142614085,-0.0437822125597612,2.08263632930417,0.179783938924132,0.00562744111402483,-0.0456932429448996,-2.01015867769266,0.573548982502395,1.37896809261406,153.973744886234,155.804858248936,156.720414930288,161.474213918553
11.42,0.0834705293232079,-0.00428930848516924,1.55475108451636,0.060241904704092,-0.0527870173843878,-0.0648016838395254,-1.08719425941117,-1.11305375619984,2.40667454476322,153.973744886234,148.785590358578,156.720414930288,157.670001823415
11.43,0.0834705293234683,0.014665722172877,1.4377951758353,-0.171796464308804,0.0222846625585158,-0.0817667810730316,0.767848443581393,-1.22767168269611,-2.70159135137496,153.973744886234,148.785590358578,156.720414930288,152.134177732819
11.44,0.034910476561604,-0.0240064486190849,1.61234923011359,0.0609464746448041,0.0297020087531266,0.0302132690235309,1.59446619225832,0.247107414629324,-1.37925955786542,155.804858248936,158.856713853441,156.720414930288,162.821781052058
11.45,0.083177410293427,0.0924204303967932,1.49785678590578,-0.522672297591207,0.118146280418541,0.0387488575459073,0.127022616697497,1.58133694594182,-0.415890223373101,153.973744886234,158.856713853441,156.720414930288,161.35774794254
11.46,-0.00411343706440556,-0.00475829893266715,2.0808767118119,-0.0550727098563825,-0.000601109606531877,-0.00626102551155814,-1.47677353255881,1.46704493000923,0.762242975495824,153.973744886234,155.850636083171,156.720414930288,170.920455003598
11.47,0.131854710671901,-0.00499279415138546,1.38125280070139,0.0630601844591108,-0.123281603978609,-0.0470344431270364,-1.32845874923832,-0.383449133369214,1.89742340148954,153.973744886234,150.921889281731,156.720414930288,160.10810479003
11.48,0.0832946579056646,-0.0145289332892416,1.49715293891312,0.0623556145253624,0.00279152589988466,-0.084506196940196,-0.270175624745254,-1.47389289873876,3.00192327542941,153.973744886234,145.733734754073,156.720414930288,163.48459479903
11.49,0.102484183790365,0.00495371162209423,1.32295080810998,-0.171796464322571,0.0867997664962178,-0.0547114953388613,1.23641360297862,-0.500993281593696,-2.08491225509908,155.804858248816,150.921889281731,156.720414930288,160.870824083744
11.5,0.0442121204719221,-0.0241823200371289,1.61481269458015,0.0609464746516076,0.01834152538293,0.0469370285129898,1.27655648279514,0.99082695642749,-0.873030448970723,153.973744886338,161.908569457944,156.720414930288,163.442836301371
11.51,0.0349691003633049,0.00495371162157354,1.78831097839294,-0.1717964643184,-0.00331010916341529,0.0351627703171249,-0.582762445019507,1.69939933896301,0.234583501002637,153.973744886234,158.856713853441,156.720414930288,159.533918394986
11.52,0.0732895283247404,-0.0144703094843137,1.61586846506125,0.0623556145295343,-0.0746987658165617,-0.000916080846435267,-1.57765664197288,0.354850164268825,1.38812623740056,155.804858248936,153.973744886234,156.720414930288,162.570634280166
11.53,0.0834705293227914,0.00518820684388861,1.55475108451886,0.0609464746484787,-0.0553535337269564,-0.0626915708817434,-1.00286577403393,-1.18963256800408,2.48035389051888,153.973744886234,148.817634842409,156.720414930288,157.650853007837
11.54,0.122025452504529,-0.00458242751444287,1.26394496854166,0.061651044589528,0.0652196737985463,-0.103235671405146,0.581177153127893,-1.12409557044004,-2.61568580562557,153.973744886234,148.785590358578,156.720414930288,158.281935417245
11.55,0.0641051320241925,0.0343242385016868,1.49574524493304,-0.289929358645911,0.0650711642809996,-0.0324555831818654,1.48673292629082,0.333073680478311,-1.54186648373956,153.973744886234,153.973744886234,156.720414930288,158.589628577441
11.56,0.0734653997412423,0.0734067759352557,1.55651070199156,-0.524786007430722,0.0964800318238935,0.0384359619576493,0.133722849857421,1.63714511221069,-0.406686057758557,153.973744886234,158.856713853441,156.720414930288,163.757599560928
11.57,0.0154864554572828,-0.0240064486189287,1.84661297096514,0.178374799037107,-0.0273198762923502,-0.00835249886527073,-1.29590105393643,1.32756826260448,0.869624907682904,155.804858248936,158.856713853441,156.720414930288,167.61548062032
11.58,0.054451745279586,-0.0335425877524898,1.72930513878677,0.176965659143279,-0.0415612543090693,-0.0486082287003267,-1.70039685839106,-0.361197496564082,1.8820831254612,153.973744886234,148.81763484255,156.720414930288,155.945751634314
11.59,0.112430689565563,-0.0918732748845441,1.32224696112234,0.527841492490412,0.0779747039111294,-0.122479811169722,-0.680075636004421,-1.250780075275,3.02339966186549,153.973744886234,145.733734754073,156.720414930288,151.966283761657
11.6,0.122142700118515,0.0147829697861694,1.20529105244013,-0.172501034261118,0.0941816639362272,-0.0791655832173546,1.10346555676249,-0.514632774852363,-2.1493414144138,153.973744886234,150.889844797793,156.720414930288,152.769744931869
11.61,0.189892278768812,0.140745987950085,0.973490776024583,-0.872138991063883,0.235644068067713,-0.0184494944255061,0.361899371170364,1.25592179529036,-1.01109293321469,153.973744886234,155.804858248936,156.720414930288,160.086244335512
11.62,0.170233762439551,-0.0918146510757978,1.20881028736573,0.29298484368787,-0.120641662568405,0.151178878416355,0.0732064753929572,1.24165343048395,0.178898299022811,153.973744886234,158.856713853441,156.720414930288,168.092278693651
11.63,0.0263709421145701,-0.0137668238181843,1.89928418770171,0.0588327648353435,-0.0293325026500323,-0.00495543281023751,-1.78839761581503,0.642164844583575,1.25702823847379,153.973744886234,154.0012115867,156.720414930288,157.242302984147
11.64,0.0835877769336018,-0.0633234812764588,1.55439916102791,0.297212263314975,-0.00521259764053648,-0.104735899096296,-1.22675006842932,-0.999788052978096,2.44353722805284,153.973744886234,148.785590358578,156.720414930288,165.750793605313
11.65,0.0542758738587289,0.0146657221739184,1.55439916102582,-0.0543681399221367,0.0091694447704476,-0.0554695878172258,0.694243505355949,-1.39181126655429,-2.71386357219952,153.973744886234,148.739812524522,156.720414930288,156.918488712328
11.66,0.102601431399492,0.0150760888138983,1.32259888462778,-0.173910174138001,0.102575582303774,-0.0152509702704711,1.32289342539062,0.171655303866825,-1.57250101496699,153.973744886234,153.973744886234,156.720414930288,164.842265600978
11.67,0.0735826473530768,0.0631671511303155,1.55580685500048,-0.405243973211312,0.0875103108750026,0.0417904350775124,0.257853086335865,1.58690561589454,-0.415890223363615,153.973744886234,158.856713853441,156.720414930288,162.991073882599
11.68,0.0445638633075295,-0.00475829893212508,1.78866290187379,-0.171796464308804,-0.0299056545989072,0.0333801010278654,-1.18475562978216,1.35099337503485,0.624180491250435,153.973744886234,153.973744886234,156.720414930288,169.667526201436
11.69,0.141683968832221,0.0342069908894278,1.32224696113816,-0.171796464306878,-0.145747516450666,-0.0014583203427947,-1.2401607461732,-0.489747256284874,1.81769998697479,153.973744886234,150.921889281731,156.720414930288,161.221609370893
11.7,0.0351449717869123,0.0144312269476647,1.72824936829923,0.0637647544274542,-0.016823512817159,-0.0340646263682542,-0.182946665855326,-1.7197215880445,3.07248854515045,153.973744886234,148.817634842558,156.720414930288,166.487820615194
11.71,0.0541586262489745,-0.0240650724247177,1.55510300800677,0.0609464746425096,0.0575634379558777,-0.014097344384062,1.19283847787472,-0.999598021198812,-2.22911084975524,153.973744886234,148.785590358578,156.720414930288,160.308299777024
11.72,0.102484183791406,-0.0146461808994446,1.49891255636685,-0.0550727098686094,0.0808850186886459,0.0646152636307197,1.26374476481228,0.807911520165449,-1.03870543006458,150.921889281731,158.810936019233,156.720414930288,154.634301922648
11.73,0.0637533891887934,0.0147829697860652,1.73176860326257,-0.172501034260492,0.0109525358746381,0.0645218783566337,-0.275526386696631,1.71839003497484,0.0597043542927092,153.973744886234,155.804858248936,156.720414930288,161.399452012217
11.74,0.0732895283257817,-0.0534942231124358,1.67417045765057,0.179079368982457,-0.0856187832946033,-0.0300401533912591,-1.55104894410986,0.655105575186747,1.27772227083181,153.973744886234,155.777391548444,156.720414930288,158.462586429772
11.75,0.0833532817111132,-0.0634993526926658,1.55580685500048,0.297916833251226,-0.00685299014594579,-0.104560862135214,-1.24640141502849,-0.977636395709521,2.42512889681891,153.973744886234,150.921889281731,156.720414930288,154.838025880999
11.76,0.150575246109544,-0.0524976184183344,1.15086021827424,0.291575703802642,0.099163910756831,-0.124881637897482,0.103758854729122,-1.18267904907441,-2.80595124919082,153.973744886234,150.921889281731,156.720414930288,152.738074907498
11.77,0.0350277241697081,-0.0240650724258846,1.72895321531575,0.0609464746495217,0.0344701398328865,0.0248571645863617,1.7298931696258,-0.0215247579518086,-1.54800259415356,153.973744886234,155.804858248936,156.720414930288,150.399584549216
11.78,0.04432936808334,-0.00469967512596488,1.73141667976869,-0.172501034255277,0.0146459526942245,0.0421031577276146,0.582045420375219,1.63975103427948,-0.440388644180256,153.973744886234,161.862791623899,156.720414930288,160.223141634779
11.79,0.0154278316489329,0.0438017538312306,1.96392080315053,-0.288520218762353,0.0247443854609462,0.0392979263605557,-1.44598950151562,1.35990558465972,0.670201319342521,153.973744886234,155.850636082949,156.720414930288,168.953032628331
11.8,0.112254818145572,0.0143726031435166,1.49856063289319,0.0637647544195593,-0.11106573782735,-0.0217282718798085,-1.44232424970626,-0.411643866798372,1.89133331190267,153.973744886234,153.973744886234,156.720414930288,169.420257912007
11.81,0.112430689563012,-0.0532597278884892,1.38090087722502,0.295098553486612,0.027508417698738,-0.121328255266784,-0.588619185999842,-1.28354892499803,2.92215384008493,153.973744886234,145.733734754073,156.720414930288,164.328627212635
11.82,0.10312904565287,-0.0048169227384562,1.37808548925829,-0.0550727098580512,0.0866493307210579,-0.056131063481219,1.15245975508041,-0.75762070457148,-2.19229418729203,155.804858248741,153.927967051961,156.720414930288,160.187777421755
11.83,0.0445638633088433,-0.0529079850509005,1.61340500059822,0.292984843643423,-0.000482086544289849,0.0691734080967491,1.4170290599831,0.825193588028587,-0.863826283359204,153.973744886413,161.908569457944,156.720414930288,164.048443637885
11.84,0.0346173575288951,-0.00464105132025594,1.84837258845642,-0.173205604196326,-0.00938378899741699,0.0336429086687307,-0.427157982931921,1.80665919993219,0.138737456379357,153.973744886234,158.856713853441,156.720414930288,159.622487486441
11.85,0.103129045648651,0.00518820684340264,1.55439916103666,-0.0564818497386095,-0.0973374042129944,0.0344666112016767,-1.5056242775654,0.39043883770321,1.28074430520742,153.973744886234,153.973744886234,156.720414930288,165.224773820842
11.86,0.0930652922641002,-0.0241236962318192,1.55580685500048,0.061651044589528,-0.0468377027233227,-0.0839602938756715,-1.1192085063466,-1.08245468297148,2.37910806873651,153.973744886234,148.785590358578,156.720414930288,162.999614889593
11.87,0.0930652922641002,-0.0143530618732777,1.43849902282576,0.0609464746520248,0.0526262390914379,-0.0780873739373488,0.557573808580181,-1.32744316617645,-2.70159135138101,153.973744886234,148.785590358578,156.720414930288,160.604245884848
11.88,0.0537482596083551,0.0243777327275476,1.61551654156571,-0.171796464319234,0.0554838268740124,-0.0201170131798311,1.59722620086418,0.297113083686978,-1.49282362128615,155.804858248936,158.810936019331,156.720414930288,160.961292537852
11.89,0.0735826473528164,-0.0439580839763499,1.6141088475947,0.0623556145291171,-0.00655856428123387,0.0854617129063635,0.775164160181237,1.41716481727331,-0.461911051447426,153.973744886234,161.908569457944,156.720414930288,164.580409424027
11.9,0.112606560980971,-0.00469967512593016,1.49750486240678,-0.0550727098627688,-0.0806777976828961,0.0786982686168394,-1.06749570974858,1.05166854377792,0.756106865091707,153.973744886234,158.856713853441,156.720414930288,155.69578101925
11.91,0.190126773985087,0.0924790542064902,1.08939091425507,-0.405243973215484,-0.210523473160664,0.0195046892124577,-0.876548897172412,-0.763319901977406,1.9311259879274,155.804858248936,153.973744886234,156.720414930288,163.078097563977
11.92,0.12202545250432,-0.0240064486195856,1.32295080812457,0.177670229097021,0.00906946865282616,-0.124033323637498,-0.336395116635843,-1.29174450899874,3.02033160666837,153.973744886234,148.785590358578,156.720414930288,165.782860117884
11.93,0.0834119055175337,-0.00446517990245225,1.49644909192266,-0.0564818497471618,0.0749384548310208,-0.0369013793938152,1.33287629665918,-0.682635233394191,-2.08184419989976,153.973744886234,153.973744886234,156.720414930288,160.470783632448
11.94,0.0445638633080102,-0.0821612643215811,1.73036090927973,0.176261089203561,-0.00671665032272203,0.093227130580631,1.55276570685469,0.783667982979183,-1.00188876760298,153.973744886234,158.856713853441,156.720414930288,163.054308895163
11.95,0.0929480446518626,-0.0338357067833269,1.55651070199315,0.0609464746435525,-0.0594761022044808,0.0790366201497387,-0.395718642724045,1.50660107327431,0.295990625932742,155.804858248936,161.908569457944,156.720414930288,154.03259791532
11.96,0.063812012994999,0.00501233542576848,1.73176860326257,0.0623556145365464,-0.0606459239589469,0.0204736029086226,-1.66387160161224,0.484192122259878,1.32360503642491,153.973744886234,154.001211586775,156.720414930288,159.482059212092
11.97,0.0541000024407342,-0.140374703844968,1.73106475628107,0.760584431468766,0.0771698448702854,-0.129138231311823,-1.66606664552102,-0.894033444851723,2.47728583530744,153.973744886234,148.785590358578,156.720414930288,156.75913883962
11.98,0.0732309045208538,0.0343242385029364,1.55721454896555,-0.173205604196326,0.000881503958111658,-0.0808711424212661,0.832242653812771,-1.32751252273177,-2.69238718576646,153.973744886234,148.785590358578,156.720414930288,144.929473139494
11.99,0.132323701113928,0.0249053469764982,1.32013542017567,-0.291338498526132,0.132923477416077,-0.0214752726670842,1.31216027574999,0.325378332206603,-1.5449345389512,153.973744886234,155.777391548444,156.720414930288,157.925362547182
12,0.0638706367996906,-0.0625027480000397,1.67276276368289,0.175556519292855,-0.0351871421359686,0.0821457045806876,0.768377571540663,1.4961788872269,-0.369869395287467,153.973744886234,158.856713853441,156.720414930288,150.613096242486
12.01,0.0446811109162051,0.00495371162157354,1.78795905490011,-0.0550727098644375,-0.0293055884966419,0.0340899312759857,-1.34540838359686,1.1788582894981,0.820490003575081,155.804858248936,158.856713853441,156.720414930288,162.943830068321
12.02,0.112430689564105,0.0146070983685045,1.49820870939317,-0.0543681399233883,-0.111173162799079,-0.0222385959956285,-1.4015542826694,-0.532194348214391,1.89742340149458,153.973744886234,150.967667115803,156.720414930288,166.663022305052
12.03,0.122435819145133,-0.0340115782012908,1.37949318324442,0.296507693375386,0.0285296223617448,-0.123828017465267,-0.357599976230846,-1.36493242024956,3.09707900762966,153.973744886234,148.785590358578,156.720414930288,169.702227709252
12.04,0.123139304814977,0.024788099366677,1.25901803961869,-0.173910174138627,0.0994163213880534,-0.0767732590307025,1.20578118995292,-0.401824457580616,-2.02973328222492,153.97374488627,153.973744886234,156.720414930288,165.020104196819
12.05,0.0832946579056646,0.00507095923227982,1.55580685500048,-0.172501034252982,0.0660343597802883,0.051021348390302,1.05748594809318,1.15412956225473,-0.852152333308938,153.973744886234,158.856713853441,156.720414930288,172.240969757876
12.06,0.14156672122036,-0.0821612643218897,1.32330273162427,0.293689413597839,-0.10852151159974,0.122534449981065,0.0263403985764047,1.355245282075,0.198963380066924,153.973744886234,158.856713853441,156.720414930288,167.946808610007
12.07,0.112665184787038,-0.00464105132025594,1.55545493150446,-0.0557772798034009,-0.111990407634304,0.0131579564658454,-1.54483244599163,0.189852212774333,1.41267067903598,153.973744886234,155.804858248936,156.720414930288,164.55692518581
12.08,0.122201323920946,-0.0336598353647969,1.32224696114066,0.2950985534826,-0.0235578693303693,-0.124543867281495,-0.846920184330283,-1.05742441048389,2.68586756844379,155.804858248936,154.001211586785,156.720414930288,168.818179886729
12.09,0.1027773028174,0.0148415935914791,1.38019703022883,-0.0557772798034009,0.0396429846880637,-0.0959785426008128,0.751793181841986,-1.15881920890649,-2.60648164001728,153.973744886234,150.921889281731,156.720414930288,162.611806358802
12.1,0.0247294755602739,-0.0435477173383313,1.84872451194633,0.0609464746543194,0.0162758928701106,0.0473608061391069,1.8282639088943,0.28097664187351,-1.38534964744455,153.973744886234,155.804858248936,156.720414930288,166.84935905417
12.11,0.0443293680825416,0.00507095923286993,1.84837258845433,-0.173205604196326,0.0171610454922012,0.0411862358046167,0.345982036411497,1.82394567834542,-0.280895794332895,153.973744886234,161.908569457944,156.720414930288,162.091301308679
12.12,0.122142700117752,-0.0338357067847368,1.49856063288152,0.0609464746520248,-0.113479867624434,0.0564447862040293,-1.07415713169232,1.04670191536526,0.838990376462248,153.973744886234,155.804858248936,156.720414930288,163.802356567679
12.13,0.122435819144908,0.0738757663802329,1.3798451067384,-0.292747638404893,-0.142995527615981,0.000661626615615779,-1.03464660310658,-0.958738809614772,2.10907318983666,155.804858248936,153.973744886234,156.720414930288,160.327033777044
12.14,0.180356139628561,-0.0529666088621488,1.03073699815937,0.293689413617029,0.0753940147087435,-0.172190421633059,-0.160708915293342,-1.05964374937549,-3.01453298232833,155.804858248936,150.921889281731,156.720414930288,168.913546399133
12.15,0.0641637558285129,-0.00464105132025594,1.55369531403849,-0.0557772798034009,0.063383508422189,-0.0110026260262074,1.52112289414504,-0.321349303274909,-1.81487737619344,155.804858248936,155.804858248936,156.720414930288,158.588357142469
12.16,0.0442121204719221,-0.0155841617939116,1.73176860326257,-0.0501407202700006,0.0162141327089593,0.0439849928491392,1.06648079742591,1.36534072516605,-0.692061212677379,155.804858248936,161.908569457944,156.720414930288,169.756892413104
12.17,0.122084076310168,-0.0143530618728438,1.43990671680458,-0.0557772798034009,-0.0649917206236488,0.104338910881848,-0.663843113724212,1.27896629291086,0.440051158097926,155.804858248936,161.908569457944,156.720414930288,161.512214305438
12.18,0.102718679010667,-0.0337770829777609,1.49785678590357,0.178374799038696,-0.0983082046643069,-0.0450279385255829,-1.508406455393,0.0101235042455023,1.68261351628017,155.804858248936,155.804858248936,156.720414930288,167.609721881375
12.19,0.0931239160701149,0.00495371162013562,1.49680101541741,-0.0543681399139531,-0.0424009694447028,-0.0830587791458473,-0.559112961294769,-1.3895185752283,2.72273025173526,155.804858248936,148.785590358578,156.720414930288,161.169184998008
12.2,0.111903075307546,0.00507095923206086,1.32471042561437,-0.0557772798034009,0.0741150877188255,-0.0839938489608034,0.960653246921859,-0.913845805293299,-2.37330944440937,155.804858248936,153.927967051972,156.720414930288,164.586790647408
12.21,0.0636361415763822,-0.121302425559429,1.49785678590683,0.645974386766095,-0.00753589113324321,0.136773708387826,1.61723376294199,0.21310282833751,-1.03261534048306,158.856713853441,161.908569457944,156.720414930288,160.650670786808
12.22,0.0439190014459809,0.01507608881218,1.79183021331291,-0.173910174131118,0.0176843157203947,0.0429352083887596,-0.0660766388721783,1.79903700345565,-0.0600418403747579,155.804858248936,158.856713853441,156.720414930288,155.339046027211
12.23,0.122787561976332,0.00524683064872974,1.37808548928206,-0.0564818497392352,-0.109181007030681,0.0564253693981209,-1.27391861310673,0.528621965396793,1.1364996897267,155.804858248936,158.856713853441,156.720414930288,164.842892389023
12.24,0.122201323923322,0.0438017538343894,1.43885094631754,-0.171796464322571,-0.122434550869637,-0.0431455439290246,-1.00768637928276,-1.04133291116753,2.25377801359797,155.804858248936,153.973744886234,156.720414930288,164.311385925998
12.25,0.132030582086945,-0.0147048047059345,1.20458720546093,0.0630601844653686,0.0555326259656274,-0.12068319411177,0.319467703836711,-1.1631626320641,-2.82124550439065,155.804858248936,150.921889281731,156.720414930288,167.537284734311
12.26,0.0930652922641002,-0.0142944380676208,1.43849902282576,-0.0557772798034009,0.0935144994369721,0.0109780680870538,1.43957257235336,0.00462088096109359,-1.60634166388501,155.804858248936,158.856713853441,156.720414930288,162.356912973079
12.27,0.0930066684584781,-0.18928649943496,1.49750486240647,0.761289001367053,-0.111503918735366,0.179015349489207,1.43787832245134,0.868670067607948,-0.557020762813979,155.804858248936,161.908569457944,156.720414930288,164.295781307759
12.28,0.0830601626827594,-0.0337184591726594,1.61551654156977,0.0609464746482701,-0.0782867843466551,0.0436704077210768,-0.963687517681338,1.29804257908698,0.676337429752284,155.804858248936,161.908569457944,156.720414930288,144.762569091655
12.29,0.102894550428349,-0.0141771904554393,1.49715293891312,0.0609464746472271,-0.0952024678731728,-0.041530366575788,-1.45764764494085,-0.347051492528869,1.84522044216416,155.804858248936,154.001211586847,156.720414930288,157.501061746194
12.3,0.0735826473531288,-0.0435477173363006,1.55580685500048,0.178374799039113,0.0289635194900889,-0.0804482704316538,-0.4672058894258,-1.49468096792746,2.95278837130944,155.804858248936,148.817634842607,156.720414930288,151.0590773257
12.31,0.103129045652469,0.00489508781423313,1.32013542016442,-0.0543681399146273,0.0847656358056839,-0.0589436080364635,1.14725131744166,-0.655383732510065,-2.13097910401364,155.804858248936,150.921889281731,156.720414930288,160.015925322618
12.32,0.0348518527559538,-0.0336012115591641,1.73000898578246,0.0595373347534791,0.0129885529967535,0.0466367939487365,1.52107555201973,0.826320125717315,-1.03875145089549,155.804858248936,155.804858248936,156.720414930288,160.600940893509
12.33,0.0347932289504077,0.00495371161971908,1.78866290186722,-0.171796464303541,-0.00380721469667223,0.0349372745911909,-0.608926953306557,1.69057297009033,0.249969797852338,155.804858248936,161.862791623693,156.720414930288,164.963249191413
12.34,0.103070421843081,0.00507095923304349,1.49644909193225,-0.0550727098692352,-0.0974180868008692,0.0340432497055155,-1.4508191159062,0.370832551211942,1.28376633958356,155.804858248936,155.850636083161,156.720414930288,177.348165460815
12.35,0.0931825398745461,0.0454432203816044,1.61375692410593,-0.179546733613204,-0.0948338527098122,-0.0418880937300337,-0.903801894930144,-1.34892200455463,2.44046917284322,153.973744886234,150.921889281731,156.720414930288,172.72922901118
12.36,0.141508097419112,-0.0143530618733818,1.20564297593369,0.0609464746532764,0.0717526870933854,-0.122809217549811,0.444599926234257,-1.12232809988141,-2.71390959303194,155.804858248936,148.785590358578,156.720414930288,177.19309110187
12.37,0.0547448643007382,0.0150760888128569,1.61094153616683,-0.173910174133829,0.0550315807480574,-0.0139933463320762,1.60719786222751,0.205651193203693,-1.55107064936137,155.804858248936,155.804858248936,156.720414930288,169.167371265336
12.38,0.0443293680829235,-0.0046996751257566,1.73141667976994,-0.17250103425778,0.0117748929469754,0.0429945545041024,0.470202551061145,1.67525218602489,-0.372937450492248,155.804858248936,161.862791623834,156.720414930288,172.736859371504
12.39,0.122025452505882,-0.0337770829788022,1.44025864029147,0.177670229103279,-0.111564190129753,0.0598709768962769,-0.918656870321314,1.12337937307719,0.80821778275416,155.804858248936,158.856713853441,156.720414930288,164.543908982183
12.4,0.11272380859232,0.0150174650079637,1.49644909192579,-0.0564818497440329,-0.111233797104444,-0.0236479102787259,-1.39088468590268,-0.55496835459099,1.91271765669405,155.804858248936,153.973744886234,156.720414930288,161.089056817024
12.41,0.0835877769344696,0.0241432375032019,1.49574524493638,-0.0536635699783757,-0.0263206651403981,-0.0829278901006754,0.0145339435054178,-1.49663702378993,3.11544131803432,155.804858248936,150.921889281731,156.720414930288,165.836622403141
12.42,0.0537482596069666,0.0147243459790719,1.61551654157196,-0.172501034253608,0.04177713995061,-0.036882954773668,1.52648043065476,-0.556334250014563,-2.02666522703218,155.804858248936,155.804858248936,156.720414930288,161.62195760367
12.43,0.0443293680837913,-0.0535528469183704,1.73141667976734,0.179783938926218,-0.00254615280382983,0.0694731415272853,1.41205867184958,1.01794709633005,-0.84271806355058,155.804858248936,155.850636083253,156.720414930288,162.885368167231
12.44,0.0543344976664458,0.0244949803370069,1.78866290187138,-0.172501034251602,0.0125475789810865,0.0582649119117909,-0.54400778547363,1.71263747264064,0.211419684201759,153.973744886234,158.856713853441,156.720414930288,155.060846971534
12.45,0.0932997874885755,-0.0142358142603351,1.55475108451148,0.0602419046975771,-0.0943760861527619,-0.000814319074175153,-1.53035665833499,0.280871002705828,1.42801095506351,155.804858248936,155.777391548379,156.720414930288,160.15528216138
12.46,0.083529153130487,-0.13113168372407,1.55475108450992,0.763402711159024,0.0830187153522633,-0.131455432752952,-1.35328603985846,-1.0810418717672,2.70125386529959,155.804858248936,153.973744886234,156.720414930288,154.995209854725
12.47,0.0831774102952881,0.0245536041446744,1.49750486240386,-0.0557772798034009,0.0238589764873496,-0.0833793157857521,0.849817088404196,-1.23427826446134,-2.57584710879104,155.804858248936,150.921889281731,156.720414930288,149.242854316268
12.48,0.0345001099187615,-0.0240064486213038,1.79042251934992,-0.0564818497392352,0.0287394759727939,0.0306693606164709,1.73933789403951,0.428376805515324,-1.36085122662907,153.973744886234,158.856713853441,156.720414930288,161.53070454203
12.49,0.0640465082156024,0.0821808056037902,1.67170699320805,-0.520558587816968,0.0953519451201305,0.041995792480995,-0.0957765942881332,1.74825980863179,-0.247147187073048,155.804858248936,158.856713853441,156.720414930288,160.629949109125
12.5,0.112430689564678,-0.0143530618732603,1.55651070198489,-0.0557772798034009,-0.0959145154959799,0.0603910263060497,-1.23699953432637,0.946397814036,0.881897128509698,155.804858248936,155.850636083068,156.720414930288,173.07189697364
12.51,0.0638120129943114,-0.0633821050819074,1.67276276368248,0.29721226331414,-0.0204149376211212,-0.0875927769221062,-1.57525963283083,-0.636417694757632,2.13059559710269,155.804858248936,153.973744886234,156.720414930288,166.587550221818
12.52,0.132147829697843,-0.0340702020067742,1.26218535107043,0.179783938922254,0.0544001447457557,-0.12515770775415,0.0206622213250776,-1.27475770158924,-2.98389845110236,155.804858248936,153.927967052157,156.720414930288,170.916088632967
12.53,0.0441534966662306,-0.0142358142616168,1.67346661066897,-0.0564818497442415,0.0461670705570202,0.00455974470000326,1.64745456092281,-0.29928943527804,-1.78424284496745,155.804858248936,155.804858248936,156.720414930288,164.256497935518
12.54,0.063694765383015,-0.0630889860535363,1.61481269458213,0.178374799040573,-0.0106686832683154,0.0890136084864612,1.1325391972397,1.16481439475654,-0.66133463980799,155.804858248936,161.908569457944,156.720414930288,168.109461439203
12.55,0.103129045651948,-0.0145875570963391,1.55439916102082,-0.0550727098602657,-0.0600392910409742,0.085109813831413,-0.758295335805372,1.35800513211453,0.47384578618593,155.804858248936,161.908569457944,156.720414930288,158.729042775508
12.56,-0.0527321136348352,-0.1214782969797,2.31443660568639,0.646678956721634,0.0698003000347239,-0.112541417089656,-2.38377535207751,0.304015699652897,1.71640814436796,155.804858248936,155.804858248936,156.720414930288,162.975154296395
12.57,0.0834119055177634,0.0535137643819626,1.55510300800865,-0.288520218753832,-0.0805765835178453,-0.057694741086378,-0.307295049545145,-1.55150218648649,2.76261496940549,155.804858248936,150.921889281731,156.720414930288,161.555541019018
12.58,-0.0813991548404745,0.0440362490535136,2.31126929420743,-0.289929358643071,-0.0892736254202914,0.0243974064966775,1.87132666466554,-1.38714141220751,-2.33347074756743,155.80485824898,153.973744886234,156.720414930288,164.840998355857
12.59,0.0348518527493183,-0.0330735973187822,1.61270115363619,0.174851949378715,0.0111175857575503,0.0467430611597982,1.44621125441364,0.734745685763702,-0.992730622812841,158.85671385337,161.908569457944,156.720414930288,171.930218799492
12.6,0.0443293680823333,0.0147829697862041,1.79007059585907,-0.289224788719255,0.0154030389773084,0.0441177454154486,-0.264098580521258,1.79394973629018,-0.0140210122937653,155.804858248936,161.862791623742,156.720414930288,180.905141239998
12.61,0.083353281710957,-0.0143530618733992,1.61446077108784,0.060946474653485,-0.0826383726718395,0.0180188600992946,-1.47325297364506,0.663116678873505,1.18558857301308,155.804858248936,158.856713853441,156.720414930288,171.328169635712
12.62,0.0834119055164229,-0.0052859131794268,1.55545493150859,0.0644693243378718,-0.0581433750827891,-0.0600402764317687,-1.1939650066513,-0.9990214715546,2.3089569864669,155.804858248936,153.973744886234,156.720414930288,170.802310786745
12.63,0.151747722220199,-0.0533769755014692,1.14522944238895,0.178374799044119,0.10606240200594,-0.120943125449252,0.261068104113422,-1.12925262437736,-2.75988440028253,155.804858248936,150.921889281731,156.720414930288,170.600649962741
12.64,0.122201323922697,-0.00458242751468585,1.26324112154975,-0.0564818497427813,0.121992557940608,0.00848398594380114,1.26079194670575,0.0968090783271998,-1.53884444936611,158.856713853441,158.856713853441,156.720414930288,164.75538258742
12.65,0.0445638633058633,-0.00417206087500101,1.73036090928833,-0.0585955595650947,0.0172739899955553,0.0412910798396196,0.76198274958834,1.55465899969211,-0.489569569123165,155.804858248936,158.856713853441,156.720414930288,169.254969098438
12.66,0.0446224871121277,0.00501233542669238,1.8469648944728,-0.0550727098619344,-0.0266354465658486,0.0361502814475835,-1.29512264076348,1.31794145172245,0.746856678635254,155.804858248936,161.908569457944,156.720414930288,161.476445412359
12.67,0.0832946579056646,-0.0143530618728611,1.55580685500048,0.178374799039947,-0.0728848865012257,-0.0427995764050455,-1.51878581305782,-0.381630964484418,1.93112598791517,158.856713853441,154.001211586844,156.720414930288,162.928491052256
12.68,0.0832946579056646,0.0346759813371554,1.49715293891312,-0.173910174139879,-0.0435304597072961,-0.0790286201004921,0.0100282048430695,-1.5071864868931,3.03260382747801,155.804858248936,148.785590358578,156.720414930288,160.098406465611
12.69,0.0832946579056646,-0.00458242751425862,1.49715293891312,-0.0557772798034009,0.0761936210795937,-0.0339636685934311,1.35737498446178,-0.63412236910223,-2.04507355826283,155.804858248936,153.973744886234,156.720414930288,164.755050632021
12.7,0.151161484159959,0.160463128069721,1.14804483035795,-0.990271885327913,0.216173685615542,-0.0432105011629613,0.362004475123955,1.47227650235027,-0.952845905144483,155.804858248936,158.856713853441,156.720414930288,164.390755354417
12.71,0.0733481521287163,-0.024123696230958,1.61516461808113,-0.0557772798034009,-0.0475103580123671,0.0608660005428117,-0.598784205908174,1.50110803182128,0.345033488391225,158.856713853441,161.862791623699,156.720414930288,179.043681335451
12.72,0.102894550427707,0.02461222794988,1.49715293891312,-0.0557772798034009,-0.09657561921585,0.0431995375606253,-1.4816823083603,0.221800731582527,1.38496614053347,155.804858248936,158.856713853441,156.720414930288,167.906996842758
12.73,0.122084076313119,0.0349104765555479,1.38125280070305,-0.175319314003204,-0.0969865758227335,-0.0819564956104397,-0.623633817735444,-1.24486024223175,2.5509191602375,155.804858248936,150.921889281731,156.720414930288,177.407014198709
12.74,0.0927135494320335,-0.00434793229353366,1.43990671679249,-0.0571864196767384,0.0507764696242959,-0.0776946387854929,0.779683337383477,-1.21189749280463,-2.60959571604841,155.804858248936,150.921889281731,156.720414930288,166.15275109056
12.75,0.228916192395301,0.111727203899503,0.739227035176092,-0.639396052079479,0.240726108609165,-0.0832858443305449,0.65666448353062,0.723930712858298,-1.44982482758344,155.804858248936,155.804858248936,156.720414930288,170.235253595031
12.76,0.0446224871105483,0.00448472117748147,1.73000898579893,-0.170387324441307,0.0159099125111808,0.0419303441895886,0.284357848567379,1.71496459008151,-0.262487463098161,155.804858248936,161.86279162384,156.720414930288,172.243603823543
12.77,0.112430689564157,-0.00464105132025594,1.55615877849373,-0.0557772798034009,-0.0925700831018951,0.0639763943008461,-1.27617444367008,0.892255590147089,0.924803880559024,155.804858248936,158.856713853441,156.720414930288,159.708782088946
12.78,0.131620215446618,0.0337966242508791,1.38230857119478,-0.170387324432964,-0.133069564218701,-0.027542403737046,-1.16646084429099,-0.761037400567101,2.02623569928047,155.804858248936,153.973744886234,156.720414930288,161.826366335228
12.79,0.0735826473530073,0.0246122279492725,1.55580685500048,-0.0557772798034009,-0.0109316170277431,-0.0768158024449576,0.335579126848004,-1.52020811885501,-2.9601670434864,155.804858248936,148.785590358578,156.720414930288,161.191846399606
12.8,0.0640465082182058,-0.00481692273790344,1.61305307710818,-0.0550727098602657,0.0622946551832715,-0.0156375795826893,1.54802951114792,-0.456703257657172,-1.89180886047984,155.804858248936,155.804858248936,156.720414930288,157.280209257171
12.81,0.073524023547229,0.0247294755610202,1.55615877849592,-0.173910174140504,0.0666961147667296,0.0396100653258716,0.883017743556679,1.29311815280876,-0.710423523092137,155.804858248936,161.908569457944,156.720414930288,153.756560077709
12.82,0.025139842203446,0.0341483670832396,1.8473168179577,-0.289224788698973,0.0234179421725421,0.0353514161649759,-0.90696852509871,1.63512644733905,0.351123577972325,155.804858248936,155.85063608322,156.720414930288,157.932339361126
12.83,0.0928307970395555,-0.00487554654480064,1.55721454898623,-0.0543681399110328,-0.0928082597476984,-0.00528722571046671,-1.55695809673386,-0.0612742297108714,1.57523158409396,155.804858248936,158.856713853441,156.720414930288,156.241945987272
12.84,0.0636947653836745,0.0151933364222094,1.6151646180685,0.0602419047216139,-0.0331226520416789,-0.0564867288010701,-0.529044322391319,-1.52725175903987,2.84540643912468,155.804858248936,154.001211586772,156.720414930288,152.979021845213
12.85,0.112899680006999,-0.00434793229422791,1.37808548928414,0.059537334784528,0.0768883156756099,-0.0827854405888247,0.853121151097924,-1.08390433690345,-2.43160249330948,155.804858248936,150.921889281731,156.720414930288,157.982427924754
12.86,0.0835877769321265,-0.0238305772053746,1.49574524494763,-0.0571864196754868,0.0691820219495154,0.05261806440162,1.37235131884301,0.597642018309126,-1.19829032157161,155.804858248936,161.862791623769,156.720414930288,153.388386322618
12.87,0.044153496666543,0.0634602701618975,1.79077444284182,-0.524081437500937,0.0671977518316485,0.0382256367595835,-0.359769862258421,1.83087413671149,-0.090676371598175,155.804858248936,158.902491687589,156.720414930288,160.290147859998
12.88,0.132030582086876,-0.00469967512573924,1.43885094631827,-0.0557772798034009,-0.116137283654071,0.062978511398259,-1.26796339082052,0.68240163408523,1.03832192315685,155.804858248936,155.804858248936,156.720414930288,165.920903140783
12.89,0.0736412711583691,-0.0533183516957255,1.67241084018913,0.295803123436005,-0.0183819070718036,-0.0890392550382869,-1.43398954542529,-0.910017301938578,2.31133472925244,155.804858248936,153.973744886234,156.720414930288,159.626242182574
12.9,0.0931825398754139,0.0342069908908591,1.4381470993322,-0.172501034255903,-0.0113269728413743,-0.0986144190759708,0.505967401440787,-1.35721062286449,-2.90412901577477,155.804858248936,153.927967051831,156.720414930288,160.585603443949
12.91,0.0545103690820506,0.0150760888138462,1.61199730662927,-0.173910174137793,0.0536180328163727,-0.0179937585925436,1.61903015516337,0.0867261317039696,-1.6247499951279,155.804858248936,158.810936019065,156.720414930288,163.774440360185
12.92,0.122084076310255,0.0436845062194483,1.38125280071681,-0.288520218761727,0.0962257629224606,0.0869106456204047,0.398991477095643,1.35348033503534,-0.492591603511171,155.804858248936,163.739682820647,156.720414930288,165.621431274187
12.93,0.0734653997413118,0.00501233542634526,1.73212052675769,-0.172501034252774,-0.0398231503529854,0.0619387210195726,-1.17216025392803,1.28687158067345,0.639520767276968,155.804858248936,161.908569457944,156.720414930288,168.685498689254
12.94,0.199838784534926,0.111844451503006,1.08974283776202,-0.521263157708017,-0.224628536721136,0.0445728799487534,-0.875165008532511,-0.832670967356044,1.88515118066457,155.804858248936,155.804858248936,156.720414930288,165.216101799362
12.95,0.132089205891759,-0.0728596204110547,1.2628891980598,0.295803123429827,0.0445682872974224,-0.144117141128086,-0.545685668703904,-1.17669697262215,2.93744809528459,155.804858248936,148.785590358578,156.720414930288,174.380902468279
12.96,0.0636361415764516,-0.0144703094848625,1.49785678590641,-0.0550727098567996,0.0642078627308409,-0.0116747049154735,1.39921745834423,-0.537399719688765,-1.97424750385536,158.856713853441,155.804858248936,156.720414930288,155.904143871247
12.97,0.0444466156926057,-0.0434304697281457,1.61375692410656,0.294393983571637,0.00235339715980871,0.0620980584973618,1.37334851183563,0.89710260990808,-0.811715365694463,155.804858248936,161.908569457944,156.720414930288,169.782017221552
12.98,0.0538655072198424,0.0439776252508914,1.79077444284109,-0.406653113110932,0.0314486742231347,0.0620202005830833,-0.780000722453282,1.66247969386335,0.215392815687783,155.804858248936,158.902491687627,156.720414930288,155.82043365565
12.99,0.0264881897207291,-0.0330149735100533,1.89893226423253,0.0574236249695154,-0.032466529550418,-0.0271576348289517,-1.85051086993272,0.429942713752374,1.37273994054223,155.804858248936,155.804858248936,156.720414930288,166.785742750578
13,0.122318571533976,0.0931239160695314,1.43849902282576,-0.408766822919896,-0.148117507497563,-0.0411716001504298,-0.543707979966493,-1.39310853371567,2.49262611133719,155.804858248936,148.81763484247,156.720414930288,156.705239053617
13.01,0.132265077308879,-0.0241823200371289,1.26183342757822,0.061651044589528,0.0916169004242623,-0.0984133061864735,0.627721411808177,-1.09635317275517,-2.57277905358172,155.804858248936,153.927967052129,156.720414930288,165.139204594162
13.02,0.0247294755606557,-0.0437235887540002,1.6731146871752,0.178374799042659,0.014191843242151,0.0481860017061409,1.67007024282284,0.204928547090334,-1.34248891622101,158.856713853441,161.862791623867,156.720414930288,154.180787179272
13.03,0.0830015388772067,0.0645154986627839,1.55756647246932,-0.529013427079312,0.0859353352704517,0.0605526479656107,-0.0512822886374188,1.64415286669544,-0.2962360703681,155.804858248936,163.739682820647,156.720414930288,161.883535870743
13.04,0.151689098414716,-0.0046996751260343,1.32119119065104,-0.0550727098615172,-0.12528586235046,0.0856453280644136,-1.09955958562354,0.734539231960274,0.940190177403348,155.804858248936,158.902491687806,156.720414930288,164.380467158214
13.05,0.0833532817115471,0.0533965167715328,1.55545493150557,-0.170387324423785,-0.0989847457064689,0.000988783516652242,-1.22759920376941,-0.970294841362142,2.13054957626567,158.856713853441,155.804858248936,156.720414930288,164.150063499659
13.06,0.102835926622536,-0.00452380370831739,1.43814709933032,0.0609464746453498,0.0284254431010241,-0.0989327387107898,0.276752703024621,-1.41258256164108,-2.90577042480935,155.804858248936,148.785590358578,156.720414930288,166.586625851068
13.07,0.083060162681467,0.0147243459784671,1.49820870940087,-0.0550727098582598,0.0734629716502871,-0.0414606896406039,1.43154055118891,-0.445369498952839,-1.90915871265927,155.804858248936,153.973744886234,156.720414930288,163.122375367526
13.08,0.102425559979583,0.0149002173966153,1.44061056380438,-0.290633928589255,0.0805404474265925,0.0650096003981086,0.765863661320644,1.25430448028401,-0.747240185554749,155.804858248936,158.856713853441,156.720414930288,163.239357958515
13.09,0.0444466156923974,-0.00469967512537477,1.73036090930124,-0.0550727098694438,-0.0271455836443409,0.0355064202842223,-0.947605826153224,1.44887027647428,0.54738706946254,158.856713853441,161.908569457944,156.720414930288,164.40534494509
13.1,0.112313441954943,0.0244363565342285,1.49856063287652,-0.0550727098684008,-0.112637336393584,0.0228970568980603,-1.49766663038313,-0.075575379697207,1.5844817705404,155.804858248936,154.001211586756,156.720414930288,162.857841169014
13.11,0.0832946579056646,-0.0139426952363525,1.55580685500048,0.059537334781399,-0.0191273071792369,-0.0822590110939015,-0.652676035218053,-1.41353940778154,2.74727469338259,155.804858248936,150.921889281731,156.720414930288,159.570370605711
13.12,0.0640465082156892,0.0149002173966153,1.55439916103291,-0.0557772798034009,0.0318659136963653,-0.0575198681968634,1.08316668309305,-1.11625167117424,-2.40710407249254,155.804858248936,150.921889281731,156.720414930288,158.976389274333
13.13,0.034734605140903,-0.0144116856786916,1.73036090929249,-0.0557772798034009,0.0283524971015698,0.0247047644494201,1.62289605905081,0.602883374183731,-1.24733318402738,155.804858248936,158.856713853441,156.720414930288,159.142959474854
13.14,0.0253157136163218,0.02408461369935,1.9045630400873,-0.287815648831733,0.0257049236286597,0.0236687742436171,-0.161325864836542,1.91941975261112,-0.0661319299528713,155.804858248936,161.908569457944,156.720414930288,158.760401481857
13.15,0.0834119055169783,-0.0240650724258152,1.61410884759428,0.0609464746491045,-0.0855807854828985,0.0145809070007033,-1.42718476728303,0.75644265128929,1.12115941369127,155.804858248936,158.856713853441,156.720414930288,164.067456769286
13.16,0.00524683064966697,-0.170741835413663,2.02433433671121,0.883649315340023,0.106809358806644,-0.13331190668356,-2.11362837151257,-0.641358500704581,2.27698785121168,155.804858248936,150.921889281731,156.720414930288,152.259838487523
13.17,0.102660055205045,0.0149588412024457,1.3805489537276,-0.0564818497459103,0.0140372145736328,-0.102790128280086,0.436350639836622,-1.31099341421049,-2.8611762428975,155.804858248936,148.785590358578,156.720414930288,150.411380352466
13.18,0.0439776252482533,-0.0150565475437809,1.6745223811557,-0.0522544300856389,0.0455639919641617,0.00920074902949458,1.66706558340047,-0.166277091316142,-1.70140535443232,155.804858248936,155.804858248936,156.720414930288,163.784535452196
13.19,0.0735826473532263,-0.14178167517434,1.61410884759224,0.533478051994785,-0.0864455058699609,0.134326557022943,1.26526513019329,1.13536353391883,-0.520250121186134,155.804858248936,163.712216120067,156.720414930288,156.260163913438
13.2,0.0834119055178328,0.0146070983661948,1.61410884759172,-0.17179646430521,-0.0302163710600848,0.079106790004113,-0.974925734770196,1.29783712718678,0.538228924672969,155.804858248936,158.902491687714,156.720414930288,158.014456799624
13.21,0.0831187864870999,-0.0339529543955646,1.6738185341687,0.0623556145363378,-0.075582058840131,-0.0484653294713072,-1.65736682661357,-0.242264132780158,1.75317878600695,155.804858248936,154.001211586779,156.720414930288,165.921836213313
13.22,0.0638706367991352,0.0538068834148451,1.6141088475972,-0.055072709868818,-0.0609629885684877,-0.0570802327670815,-0.135644000052637,-1.60934181593395,3.0233996618659,155.804858248936,150.921889281731,156.720414930288,165.06092280728
13.23,0.102953174233051,0.0149002173966153,1.37914125975607,-0.173205604196326,0.0704624139022307,-0.0765272552114481,1.17916016928867,-0.735942994293504,-2.25370131222471,155.804858248936,150.921889281731,156.720414930288,172.287097606953
13.24,0.102484183790469,0.0340897432814198,1.44025864028418,-0.289224788715917,0.105177436688333,0.0245525016212892,1.07622867069526,0.999863879582877,-1.02034311965862,155.804858248936,161.862791623785,156.720414930288,169.900005812869
13.25,0.0635775177724996,0.0149588412020465,1.73247245024698,-0.173910174134038,0.0097569458244832,0.0645807223898793,-0.313747576063953,1.71267860325459,0.0811347199040294,155.804858248936,161.936036158424,156.720414930288,174.055357990718
13.26,0.0247294755605689,-0.0339529543955646,1.43849902282576,0.061651044589528,-0.032527725188795,-0.0265762519503841,-1.37589916025546,0.424242608395191,1.31453893329821,155.804858248936,158.810936019336,141.766322468218,165.314015640782
13.27,0.0440948728607125,0.053631011996729,1.26324112155017,-0.171796464316731,-0.0693998002395293,-0.00207629167245677,-0.63682808177589,-1.10441937260657,2.48337592488191,155.804858248936,153.973744886234,141.766322468218,164.229278984016
13.28,0.0342656146964118,0.0149002173966153,1.20458720546385,-0.0564818497442415,-0.000377713690606445,-0.0373631658369212,0.521188318341022,-1.08746644626057,-2.74152208988891,155.804858248936,150.921889281731,141.766322468218,168.181761464435
13.29,-0.0626199956073094,-0.0822785119357374,1.6699473757266,0.294393983549735,-0.0697803190756336,0.0763002257265436,1.68968335771155,-0.142696201487858,-1.48055140047435,155.804858248936,155.804858248936,141.766322468218,159.238720439612
13.3,0.0245536041432859,-0.00452380370849095,1.32189503764086,-0.056481849746536,0.00503380363239656,0.0244541427453226,0.444363781908841,1.24624938082954,-0.38520967132226,155.804858248936,158.856713853441,141.766322468218,157.825723353904
13.31,-0.00440655609637883,-0.00469967512622522,1.49609716842681,-0.0557772798034009,-0.000671506460293659,-0.00640732096873392,-1.02096485931334,1.09501077545579,0.71315409220683,155.804858248936,154.001211586821,141.766322468218,158.750329790202
13.32,0.0149002173966153,-0.0241236962310795,1.37949318324248,0.179079368982457,-0.00560838854040187,-0.0277941572330533,-1.35597403982901,-0.310491974642549,1.92498987750689,155.804858248936,148.817634842576,141.766322468218,156.53354371534
13.33,0.0732895283226843,-0.140785070470858,1.02932930419997,0.645974386769433,0.119232942680112,-0.104763048872621,-0.872907878871902,-0.84547830241249,2.90067745364885,153.973744886234,140.882810270847,141.766322468218,149.782766036821
13.34,0.0342069908930112,-0.0143530618735727,1.14663713635027,-0.0557772798034009,0.0356256910979431,-0.0103411191316558,0.926807785055892,-0.67743276932815,-2.25058723619274,153.973744886277,142.98706471002,141.766322468218,137.308555320314
13.35,0.0245536041446397,-0.0432545983123553,1.20423528196716,0.293689413635386,-0.00444206257479375,0.0495389526709689,1.15720404937124,0.444201389163561,-0.965072105135117,155.804858248936,150.889844797789,141.766322468218,151.822036683643
13.36,0.0345001099187789,-0.0146461808998611,1.26253727456367,-0.0543681399313149,-0.0121168657987943,0.0354675874929955,0.0369354668168985,1.2631674614212,-0.072268040366869,153.97374488611,148.785590358578,141.766322468218,143.245749737755
13.37,0.219262805648457,-0.00458242751487677,0.503907523838798,0.060946474652442,-0.189911120924974,0.109685654174928,-0.399417533917952,0.313213823055132,1.02614174399038,150.921889281731,145.733734754073,141.766322468218,153.137298304426
13.38,0.0343828623080032,-0.0242995676480956,1.32189503763607,0.179783938920794,-0.017413559200449,-0.0383329905479332,-1.23185533910759,-0.512114419571317,2.09996106587656,150.921889281731,140.850765786868,141.766322468218,146.527647084904
13.39,0.0344414861134865,0.0246708517550509,1.26253727456367,-0.0557772798034009,-0.0256649856945421,-0.0337072010307016,0.0189263032603834,-1.26362702948688,3.11241928364245,150.921889281731,135.922018985231,141.766322468218,155.42580449258
13.4,0.0541586262473284,-0.0142944380673778,1.08587167931447,0.0609464746491045,0.054635335805162,-0.0123477867699877,0.934840325515617,-0.555792535483546,-2.05111762702071,150.921889281731,140.850765786868,141.766322468218,153.520732916443
13.41,0.0246708517550509,-0.09228364151746,1.32119119065104,0.412526877885378,-0.0344617341851645,0.0890915837494981,1.31045676155321,0.445452200950031,-0.940481642670101,150.921889281731,145.733734754073,141.766322468218,157.407815303202
13.42,0.0150174650082761,0.00507095923234925,1.43849902282576,-0.172501034253817,0.00541697253155497,0.0148961502208901,-0.139180854041764,1.44210427339964,-0.0231331362589832,145.733734754128,145.733734754073,141.766322468218,148.550714230808
13.43,0.102191064757447,-0.014528933290526,1.14839675384506,0.0623556145330804,-0.096808046327689,0.0358092974664013,-0.980620173974678,0.600905484497798,1.07527664809842,145.733734754073,140.850765786868,141.766322468218,156.056098831796
13.44,0.0835291531296539,-0.00423068467827467,1.26148150407686,0.0602419047004975,-0.0689668312889438,-0.0473137854897124,-1.10651354254455,-0.608763051092513,2.1214834731359,145.733734754073,135.967796819661,141.766322468218,149.78917835532
13.45,0.0539827548303577,-0.0142358142604392,1.26253727456367,0.17767022909134,0.0124907404914856,-0.0544130281155773,-0.218219031697833,-1.25616381661505,3.10939724927105,145.733734754049,132.915941215158,141.766322468218,154.258055057449
13.46,0.0539827548303577,0.00518820684436792,1.26288919806042,-0.0557772798034009,0.0434820474541606,-0.0324093637476668,1.10902632899825,-0.606680173657119,-2.11550076549966,142.98706471002,132.915941215158,141.766322468218,146.320640176039
13.47,0.034734605139341,-0.0140599428476662,1.43709132886318,-0.0578909896071493,0.0263476948716989,0.0266453328373549,1.29716000014984,0.621255815411582,-1.16440365182914,142.98706471002,140.850765786868,141.766322468218,151.178725828655
13.48,0.0832946579056646,-0.0241236962318713,1.3798451067384,-0.0557772798034009,-0.0112421127078797,0.0859858573102148,0.153657539025297,1.37239680276254,-0.151899413222701,140.850765786947,142.98706471002,141.766322468218,144.866313078561
13.49,0.0439190014451999,-0.00481692273628932,1.55721454896722,0.0623556145261967,-0.0397119225333817,0.0193660693299787,-1.28361549779364,0.883819341269525,1.00782545441402,142.98706471002,142.98706471002,141.766322468218,145.371925473467
13.5,0.0445638633045096,-0.0824543833551552,1.55439916103166,0.412526877892887,-0.0160229022595073,-0.0923467912289549,-1.60488691850863,-0.103310965535276,1.89449340877142,140.850765786868,132.915941215158,141.766322468218,144.78307987427
13.51,0.121790957284227,-0.0325459830631321,1.26535266250549,0.17203366959491,0.00334430285523168,-0.126020212379469,-0.461451512767501,-1.19070376053349,2.90699764737774,137.798910182363,127.7277866875,141.766322468218,128.180752624188
13.52,0.063870636800003,-0.014294438067482,1.3791412597519,-0.0557772798034009,0.0544461223962993,-0.0363236694306916,0.992743336761748,-0.958959011953838,-2.3793074923407,140.850765786868,129.864085610653,141.766322468218,135.258808427831
13.53,0.0447397347231463,0.00518820684387125,1.5533433905441,-0.173205604196326,0.0448978678882365,0.00356970761306264,1.49044183570413,0.47059431005375,-1.37600741935024,137.798910182363,137.798910182363,141.766322468218,137.762749237205
13.54,0.0932411636814353,0.081887686566984,1.43779517583718,-0.518444877956273,0.107859848472819,0.061365795875075,-0.0201793001773853,1.52827774144103,-0.332868649518372,137.798910182363,142.98706471002,141.766322468218,150.259393268835
13.55,0.112313441951559,-0.00464105132025594,1.38125280071806,-0.0557772798034009,-0.0770030906768151,0.0818924454793093,-0.94601666188413,1.00797960290442,0.713338175519232,137.798910182363,142.98706471002,141.766322468218,159.795367328345
13.56,0.112665184786941,-0.0141771904548144,1.3798451067384,0.0602419047011716,-0.110454851075065,-0.0263469631315052,-1.37821149501872,-0.0901924645976457,1.67977556521663,137.798910182363,135.967796819661,141.766322468218,152.98049156448
13.57,0.0835877769359115,0.0241432375006064,1.43709132884209,-0.0536635699679777,-0.0546017963063458,-0.0677381444255651,-0.506500119693295,-1.34594535361786,2.74434470065807,137.798910182363,129.909863444937,141.766322468218,154.715760990997
13.58,0.0831774102933922,0.0245536041427786,1.38019703023483,-0.172501034250142,0.0281922427822524,-0.0820155991651717,0.940425717681704,-1.02484141144339,-2.52346006615999,137.798910182363,132.915941215158,141.766322468218,152.74239151564
13.59,0.170820000495755,0.00489508781770436,0.971379235068848,-0.171796464328412,0.170729073829216,0.0074173987037846,0.956487754511841,0.241294050791934,-1.49872962756026,137.798910182363,140.850765786868,141.766322468218,152.146389275292
13.6,0.0928307970432778,-0.266689464841853,1.43955479329831,1.22747944929881,-0.198642563404199,0.200703661006801,1.73567203838299,0.752639606009734,-0.455590857728225,137.798910182363,145.692534703291,141.766322468218,148.089333084408
13.61,0.112372065759802,-0.0337770829796874,1.49820870938723,0.060241904717442,-0.0805699399270944,0.0853044974071493,-0.617810185290508,1.36622435892464,0.464871724716575,135.967796819661,140.88281027079,141.766322468218,127.220648608974
13.62,0.0446811109149555,-0.0531424802801608,1.72965706231121,0.177670229108285,-0.0450840616762647,-0.0528010631113862,-1.72825552043226,0.190822219905945,1.56318946741737,137.798910182363,135.99526352015,141.766322468218,141.446370240857
13.63,0.122377195339407,-0.0338943305900813,1.26253727456367,0.296507693375386,-0.0214786874373643,-0.125154582701782,-0.806187448899906,-1.01586366168385,2.70143794861654,137.798910182363,132.915941215158,141.766322468218,134.864861772121
13.64,0.0738757663806495,0.034089743280066,1.43673940536056,-0.171796464317565,0.000888546664054052,-0.0813569292688392,0.771384134719263,-1.22421430344987,-2.69833921287274,137.798910182363,129.864085610653,141.766322468218,141.275446704309
13.65,0.0447397347228339,-0.00446517990328534,1.55334339054556,-0.0571864196842478,0.0448307393765148,0.00343314747618853,1.55424864208888,0.0213806948612533,-1.59383933893298,137.798910182363,140.850765786868,141.766322468218,144.944862139555
13.66,0.0542172500533323,-0.0337770829783336,1.55475108451824,-0.0564818497448673,0.00370115288642616,0.0637707064817546,0.85106297297105,1.30235669084891,-0.615129728414217,137.798910182363,148.739812524196,141.766322468218,150.852881131922
13.67,0.122318571533577,-0.0239478248138072,1.380197030233,-0.0564818497459103,-0.0684584188528105,0.104157458415135,-0.574620353099714,1.25616300352234,0.388124323747808,137.798910182363,145.733734754073,141.766322468218,150.570299499296
13.68,0.308136495761522,0.112958303816475,0.499332518437728,-0.644328041655143,-0.301638723172654,0.129312640929092,-0.533151930936444,-0.616636528087054,1.51716863933065,137.798910182363,140.850765786868,141.766322468218,152.241763452788
13.69,0.0930652922641002,-0.00458242751425195,1.43849902282576,0.061651044589528,-0.0467786242947984,-0.0805847850106449,-0.834217918794658,-1.17352492684712,2.56644351957346,137.798910182363,135.967796819661,141.766322468218,162.50046234459
13.7,0.14191846405628,-0.0241236962310448,1.08657552630159,0.061651044589528,0.0741430549128904,-0.123392100914627,0.338225473904325,-1.03443257608157,-2.76890448259138,137.798910182363,132.915941215158,141.766322468218,144.072064602294
13.71,0.121908204889901,-0.0143530618725033,1.20634682295356,-0.0557772798034009,0.122426193848168,0.00891335315382377,1.2076338954209,0.00203391813068399,-1.61531572536528,137.798910182363,140.850765786868,141.766322468218,153.442321998844
13.72,0.131854710671988,0.07293778549552,1.26394496852624,-0.522672297636778,0.135251802161855,0.0664269169189322,0.294321547045205,1.3357088159942,-0.60899361799787,137.798910182363,145.733734754073,141.766322468218,147.115435870662
13.73,0.0931239160693579,-0.0143530618734339,1.55580685500048,-0.0557772798034009,-0.0502517322554515,0.0797046895393354,-0.670752721941182,1.40489745569463,0.409600710191083,137.798910182363,145.733734754073,141.766322468218,156.197263465921
13.74,0.0832946579056646,-0.0241236962317845,1.49715293891312,0.178374799045788,-0.0840270851147047,-0.0214336586384891,-1.49064520360055,0.226409735686159,1.53864502577392,140.850765786868,145.69253470333,141.766322468218,144.465609834216
13.75,0.0835291531273895,-0.0337770829792708,1.55439916103166,0.178374799044745,-0.0256826838389976,-0.0863620895277177,-1.10875289367458,-1.10392089459274,2.46826575300669,137.798910182363,135.967796819661,141.766322468218,150.595558209077
13.76,0.0835291531277366,0.00507095923266166,1.37878933626022,-0.0557772798034009,0.0278808460848094,-0.0789017900390819,0.588675410033095,-1.24805144138754,-2.74129198574868,137.798910182363,135.922018985214,141.766322468218,143.170687169442
13.77,0.112137570536133,0.0438017538326885,1.14769290684168,-0.288520218769862,0.114089976930708,-0.0384305286005301,1.13270699486942,0.342662791717471,-1.52332009003809,140.850765786868,142.98706471002,141.766322468218,147.016918754146
13.78,0.0442121204719221,-0.014353061873,1.55580685500048,-0.0557772798034009,0.0150114415943603,0.0439929381038938,0.887892095266725,1.27878602673458,-0.642742225263055,140.850765786868,148.785590358578,141.766322468218,151.254787477691
13.79,0.0249053469781643,0.0343242385019298,1.78936674886706,-0.289929358647371,0.0203239023263956,0.0372205407143321,-1.029410269377,1.49204788537697,0.443303296615826,140.850765786868,145.733734754073,141.766322468218,145.66481947754
13.8,0.074227509217819,-0.0139426952316316,1.55228762005133,-0.0578909896328064,-0.0751613926547164,-0.00740857133373946,-1.55141411304711,0.0778618769587925,1.48337401124269,140.850765786868,142.98706471002,141.766322468218,150.90107813454
13.81,0.0832946579056646,-0.100823175949413,1.43849902282576,0.52361407277528,0.0288311827275048,-0.127562046654486,-1.29401242100967,-0.817913803619703,2.48356000819936,140.850765786868,132.915941215158,141.766322468218,142.716240247969
13.82,0.0929480446520014,-0.0143530618726422,1.26324112155551,0.061651044589528,0.0528260451244303,-0.0778123277267941,0.486032923604501,-1.16762621573013,-2.69838523369617,140.850765786868,132.870163380874,141.766322468218,134.481861534226
13.83,0.141449473607191,0.0345001099196227,1.03038507468929,-0.290633928589255,0.140615268280529,-0.0377565556508045,1.03682029611992,0.266767981855907,-1.59388535975639,140.850765786868,142.95502022604,141.766322468218,144.216717732685
13.84,0.0930066684589814,0.044270744277041,1.32154311414137,-0.408062252982184,0.0919084903539436,0.0465077259983875,0.485411824416692,1.29513179466795,-0.658082501284581,140.850765786868,148.739812524348,141.766322468218,145.124081722997
13.85,0.102835926622536,-0.0145875570943084,1.43849902282576,-0.0543681399334008,-0.0588755193693838,0.0855669202746049,-0.689557696610593,1.26362396161024,0.461757648682101,140.850765786868,145.733734754073,141.766322468218,151.457323890393
13.86,0.0739930139895681,-0.00458242751496355,1.61199730664824,0.060946474653485,-0.0741300479896809,-0.000837105870197062,-1.60685727148534,0.142335865081616,1.52023669454107,140.850765786868,142.98706471002,141.766322468218,149.541978679729
13.87,0.102777302817157,0.0347346051403824,1.3798451067384,-0.0578909896146587,-0.0876736479257718,-0.0638983429207331,-0.748922254026492,-1.16036172924323,2.52651278108032,140.850765786868,135.967796819661,141.766322468218,152.278244476762
13.88,0.103011798038986,-0.0338943305900813,1.20317951149127,0.179079368982457,0.0769344319082361,-0.0764287208340654,0.386187919295095,-1.15350303348455,-2.67077273685364,140.850765786868,135.967796819661,141.766322468218,151.462739053718
13.89,0.0150760888133255,-0.0143530618731215,1.61375692410176,-0.0557772798034009,0.0167391290231863,0.0123733745835991,1.6082231918313,-0.144708950257438,-1.69508516071161,140.850765786868,137.798910182363,141.766322468218,146.532709223383
13.9,0.0832946579056646,0.0731722807132878,1.3798451067384,-0.524081437494262,0.108703732282032,0.0218101189442447,0.420670464178697,1.41480395542408,-0.65199241170799,140.850765786868,145.733734754073,141.766322468218,150.257184243459
13.91,0.0440948728604348,-0.00464105132025594,1.55686262548272,-0.0557772798034009,-0.0262675084097133,0.0357199548135325,-0.834130303502701,1.31573514673194,0.529208842366255,142.98706471002,148.785590358578,141.766322468218,159.544834096112
13.92,0.0735826473530594,-0.0142358142612003,1.55510300801128,0.0609464746470186,-0.0747946001394909,-0.00477830400223407,-1.53478020513579,0.257894474971752,1.44348929357212,140.850765786868,140.882810270916,141.766322468218,149.064675373001
13.93,0.083411905517499,-0.102171523486862,1.43779517583551,0.530659772217687,0.0306140844167411,-0.128293975030051,-1.29414313200284,-0.821004455162013,2.48969611860957,140.850765786868,132.915941215158,141.766322468218,149.1182467841
13.94,0.112372065756955,-0.00440655609623998,1.20493912896324,-0.0564818497479962,0.0437481928944888,-0.10360016659051,0.477739967227567,-1.1076249489656,-2.78122272424214,140.850765786868,129.864085610653,141.766322468218,139.862714273219
13.95,0.0446224871145109,-0.0142944380665233,1.55369531402373,-0.0564818497489591,0.0463590367695516,0.00680713050570677,1.54202606458642,-0.198279964460548,-1.73501589920469,140.850765786868,137.798910182363,141.766322468218,146.233928584495
13.96,0.0442121204719221,-0.189227875619148,1.55580685500048,0.761289001319429,-0.120804813767619,0.15221070093305,1.56314818811665,0.746098958305173,-0.670400742934738,140.850765786868,145.692534703257,141.766322468218,140.898632568828
13.97,0.0639292606043061,0.0047778402071543,1.55475108452855,-0.171091894392578,-0.020329397064612,0.0607987971381648,-0.759321345577331,1.36746278388853,0.397282468540414,140.850765786868,145.733734754073,141.766322468218,126.53787953963
13.98,0.0541000024408731,-0.0338357067850492,1.61410884759668,0.178374799046831,-0.05941478984984,-0.0232711852909483,-1.55347100982678,0.473173078748822,1.38519624467554,140.850765786868,142.98706471002,141.766322468218,141.310542974091
13.99,0.0930066684587557,-0.0630303622494936,1.43849902282576,0.412526877894973,-0.00872397867919286,-0.112013209663433,-1.21952740759861,-0.867300850784914,2.46826575300579,140.850765786868,132.961719049317,141.766322468218,127.361689673731
14,0.112489313370109,-0.0241236962316977,1.20423528196852,0.061651044589528,0.0625367379746608,-0.0965658052617303,0.370469282392294,-1.14749116617101,-2.77815466903101,140.850765786868,135.967796819661,141.766322468218,141.033516003849
14.01,0.0539827548303577,0.00518820684369769,1.43849902282576,-0.0564818497421556,0.0524928756693554,-0.0136217955236858,1.42945380803041,-0.1706793740565,-1.72887978879985,140.850765786868,140.850765786868,141.766322468218,135.562499579478
14.02,0.0736998949640434,-0.0141185666506676,1.43779517583926,-0.0571864196829962,0.0349307508653987,0.0664142385784842,0.852054024299888,1.15953835380171,-0.673468798146245,140.850765786868,145.733734754073,141.766322468218,146.621229058832
14.03,0.102777302816844,0.014665722173849,1.3798451067384,-0.172501034255485,-0.0134284347025136,0.102946270076318,-0.536155658484754,1.28306906878932,0.271446184284887,140.850765786868,145.733734754073,141.766322468218,147.988758828343
14.04,0.0541000024419145,-0.0338357067840078,1.61375692409926,0.0609464746476443,-0.0596254161661576,-0.0227260877583673,-1.57145309295086,0.372103560189197,1.37603809988147,140.850765786868,140.850765786868,141.766322468218,154.338572654913
14.05,0.073641271158994,-0.073152739441072,1.43779517583593,0.414640587711446,0.0172577912796717,-0.102354915591744,-1.16824725685485,-0.935082954333931,2.52655880190218,140.850765786868,135.995263520264,141.766322468218,153.78955290884
14.06,0.0738171425770754,0.0243777327252045,1.32013542016473,0.0623556145337061,-0.00370392211841244,-0.0776500183644957,0.29370598959848,-1.28855831917355,-2.87028836685535,140.850765786868,132.915941215158,141.766322468218,156.179188387996
14.07,0.131678839249448,-0.0142358142605434,1.08868706727709,-0.0564818497485419,0.132074425786133,-0.00991570305151424,1.0808399266045,-0.142178700461667,-1.75342423043737,140.850765786868,137.798910182363,141.766322468218,157.052975970022
14.08,0.0345587337257589,0.00489508781363497,1.61375692409497,-0.171796464303958,0.0276069912304166,0.0213570128209635,1.00216170872877,1.27647849365731,-0.771646564713022,140.850765786868,145.733734754073,141.766322468218,157.937344493878
14.09,0.151278731778884,-0.101761156853426,1.1469890598406,0.293689413639557,-0.134148322329369,0.12346989652944,0.0189329164356171,1.18384074932113,0.234675542654416,140.850765786868,145.779512588303,141.766322468218,156.971330061511
14.1,0.0828842912692253,-0.0437822125592058,1.55756647245474,0.179079368982457,-0.0898738405361384,-0.0266342010029589,-1.49196971595544,0.481777026415837,1.37292402385344,140.850765786868,140.850765786868,141.766322468218,143.325430689907
14.11,0.0834705293215418,-0.0628544908338247,1.43779517584301,0.2950985535033,-0.00836090469548271,-0.104154268063631,-1.17480041311873,-0.87987619202547,2.41606279368551,140.850765786868,137.771443481858,141.766322468218,155.469908256394
14.12,0.112254818148696,-0.013884071430279,1.20529105244388,0.0588327648411842,0.0389399038492834,-0.106196024055925,0.215593436247503,-1.18731094729525,-2.9131951188967,140.850765786868,132.915941215158,141.766322468218,145.0612505641
14.13,0.122670314366824,0.0829429150727648,1.08516783233151,-0.523376867560096,0.105252361325167,-0.104160806559376,1.16312853738858,0.31407733973721,-1.75644626482022,140.850765786868,137.798910182363,141.766322468218,153.295790115098
14.14,0.0446224871109127,-0.0142944380675514,1.55404723753528,-0.0557772798034009,0.0199645497129622,0.0423900232411979,1.01868717882579,1.17492567983225,-0.750170178281259,140.850765786868,145.733734754073,141.766322468218,154.410803650393
14.15,0.0542172500529852,0.0243777327267666,1.5547510845198,-0.171796464315479,0.00966595041887029,0.0586545263275182,-0.564580955702528,1.45877116245997,0.259219984291387,140.850765786868,145.733734754073,141.766322468218,154.615869640575
14.16,0.0929480446526129,-0.0241236962313853,1.43920286981392,0.061651044589528,-0.095782856459042,-0.00685099504851894,-1.4041028213832,0.321871121356587,1.38826429987425,140.850765786868,140.850765786868,141.766322468218,153.630030256477
14.17,0.112547937175141,-0.0141771904553698,1.32119119065104,0.177670229097438,-0.073740096888077,-0.0861999362095143,-1.09709847501609,-0.757289778538439,2.30863484066252,140.850765786868,135.995263520274,141.766322468218,149.013612807193
14.18,0.132030582086008,-0.0240650724252945,1.14558136588407,0.0609464746459756,0.0541000541665166,-0.122818510233534,0.207046918088255,-1.12836284604853,-2.90696696683554,140.850765786868,135.967796819661,141.766322468218,146.00180098691
14.19,0.131385720219791,-0.00481692273826792,1.09044668475367,-0.0543681399142101,0.130857903220464,-0.0127129613813288,1.08798124648341,-0.0912506122083893,-1.70428932632344,140.850765786868,140.850765786868,141.766322468218,146.806895772331
14.2,0.0640465082192139,-0.00464105132025594,1.49574524492862,-0.0557772798034009,0.0442741783077567,0.0465111998082618,1.06936604045428,1.04729232508979,-0.833099710477866,140.850765786868,145.733734754073,141.766322468218,148.721283882142
14.21,0.112430689562407,-0.0434890935292472,1.38090087722865,0.0602419046959084,-0.0687489679279128,0.0990229297704359,-0.266731375367671,1.3562340112262,0.237789618687685,137.798910182363,145.733734754073,141.766322468218,146.240899215048
14.22,0.0443879918874348,-0.0144116856786916,1.73071283279064,0.061651044589528,-0.0466586986170475,-0.000977932136661031,-1.63915645587516,0.558868387053671,1.27781431248611,140.850765786868,140.850765786868,141.766322468218,143.577844679845
14.23,0.112372065759941,0.0729377854946522,1.32224696112453,-0.405243973239681,-0.132906855280927,-0.0168276420022258,-0.748308219641413,-1.16301096833488,2.27246246979861,140.850765786868,135.967796819661,141.766322468218,146.828302144693
14.24,0.112606560980971,-0.0436063411433113,1.20388335847631,0.179079368982457,0.0682850069765815,-0.0995937165993733,0.101984078614734,-1.21284945847391,-2.91003502203535,140.850765786868,132.870163380998,141.766322468218,158.141208425099
14.25,0.0636947653833621,-0.0045824275148247,1.43885094631796,-0.0557772798034009,0.0629152588738474,-0.0109403829917848,1.40970955204412,-0.293465721231487,-1.81478533455158,140.850765786868,140.804987952394,141.766322468218,144.762413949888
14.26,0.0445052394995122,-0.024240943842647,1.61305307711694,0.061651044589528,0.0193095416393025,0.0468559633661645,1.29191738655221,0.967827746667509,-0.889643967904931,140.850765786868,145.733734754073,141.766322468218,156.577124679718
14.27,0.239742055251846,-0.199701995655343,0.675646190196809,0.882240175460427,-0.248841541325019,0.18824193856868,0.706150348702677,0.858019339263979,0.228631473894021,140.850765786868,145.733734754073,141.766322468218,141.757461297409
14.28,0.0549793595271146,-0.0433132221141591,1.66783583476868,0.176965659159935,-0.0649062562835596,-0.026190515061279,-1.55161167960884,0.636784431312423,1.28706449892455,140.850765786868,140.850765786868,141.766322468218,143.974367319899
14.29,0.0832946579056646,0.0147829697850586,1.43849902282576,-0.0550727098615172,-0.0727640227959322,-0.0431501241926452,-1.05410664455351,-0.980393606644945,2.28171265623926,140.850765786868,137.798910182363,141.766322468218,148.751428820438
14.3,0.151747722220598,-0.102230147292849,1.02756968671931,0.530659772218104,0.133171865959066,-0.125473616077796,-0.291041466081356,-1.11928285966337,-2.91928520848579,140.850765786868,132.915941215158,141.766322468218,147.594560810315
14.31,0.102660055204628,0.0246122279490816,1.26324112155454,-0.173205604196326,0.0866939322799525,-0.0602412716090376,1.23980299528475,-0.297769785899038,-1.94276925743403,140.850765786868,137.798910182363,141.766322468218,138.256213125398
14.32,0.0446224871142679,-0.0721561347385661,1.61270115360826,0.174851949311611,-0.00908432508975307,0.084351343642747,1.38026114091355,0.85220736790496,-0.909663028128007,137.798910182363,145.692534703218,141.766322468218,150.108263640946
14.33,0.0637533891887934,-0.00458242751411977,1.61446077108784,-0.173205604196326,-0.0209619438549005,0.0603828633372409,-0.58603639280587,1.51428039312858,0.262380081158502,140.850765786868,145.692534703242,141.766322468218,139.383555822961
14.34,0.0446224871077539,-0.0241236962320101,1.72965706232058,0.1783747990485,-0.0504067141222676,-0.00568174682399279,-1.53738192614764,0.81239641513588,1.18742940614076,140.850765786868,140.882810270828,141.766322468218,152.228440617174
14.35,0.131971958282226,-0.0342460734215926,1.32189503763274,0.180488508852457,-0.0828151842658492,-0.108309909854344,-1.15219045848086,-0.672636409757538,2.23490947408217,137.798910182363,132.96171904936,141.766322468218,141.219495666819
14.36,0.102308312374904,0.02513984219739,1.32365465509064,-0.0585955595475728,-0.0135626320900432,-0.104475152344951,0.205981444801403,-1.30884175129744,-3.02973519587412,140.850765786868,129.864085610653,141.766322468218,149.263753538192
14.37,0.034969100361899,-0.00464105132025594,1.55334339055723,-0.0557772798034009,0.0338327379072909,-0.00998614956699429,1.44168930681128,-0.580963627567242,-1.98975652290376,140.850765786868,137.771443481874,141.766322468218,146.479741515063
14.38,0.0732309045198124,0.0527516549152083,1.43955479330331,-0.401721123537146,0.090219236215373,0.0024478336948885,0.901249358406646,1.19224471397029,-0.919419443676139,140.850765786868,145.692534703369,141.766322468218,152.017211760595
14.39,0.0637533891887934,0.0147829697854751,1.61446077108784,-0.172501034256946,0.0048086673034346,0.0652679672389213,-0.418587883462623,1.56876523801987,0.15430783655388,140.850765786868,148.785590358578,141.766322468218,159.652700721634
14.4,0.0639878844114208,-0.00458242751459907,1.6130530771136,0.0609464746491045,-0.0610847914764148,0.0195983734952376,-1.47409547428548,0.657797259836847,1.18884071153511,140.850765786868,143.028264760675,141.766322468218,153.591901610526
14.41,0.122318571533663,0.0147243459793843,1.26288919805775,-0.0550727098619344,-0.105832902046285,-0.0630716747123298,-0.966159545082801,-0.815142848455343,2.22803703042889,140.850765786868,137.798910182363,141.766322468218,151.45789254586
14.42,0.0735826473530594,0.0343242385018257,1.3798451067384,-0.172501034253817,-0.0254198808699777,-0.0771128328929177,0.333799048070512,-1.34992863548995,-3.02355306462959,140.850765786868,135.967796819661,141.766322468218,153.037989600374
14.43,0.0832360340997474,0.00518820684409688,1.3798451067384,-0.0564818497469532,0.0746176895831279,-0.0372472182073697,1.29255905799558,-0.486265153526676,-1.97153227497734,140.850765786868,137.798910182363,141.766322468218,151.772819109075
14.44,0.0441534966659181,-0.024006448619117,1.61446077108784,0.0602419047003373,0.0204091283772076,0.0459272067734606,1.31738871232135,0.935200325658499,-0.916167305151533,140.850765786868,142.98706471002,141.766322468218,147.764388699238
14.45,0.0834705293239169,0.00489508781384324,1.49644909192087,-0.0550727098578426,-0.00522915302539382,0.0834502672791233,-0.235531781036122,1.47882306859334,0.121157500065521,140.850765786868,142.98706471002,141.766322468218,145.218322705837
14.46,0.102835926622536,-0.0142944380663151,1.43849902282576,-0.0564818497502106,-0.0969288396043585,0.0372069726919542,-1.28650192703304,0.646051414178579,1.066164524142,140.850765786868,140.850765786868,141.766322468218,145.821559337092
14.47,0.0738171425730835,-0.0525562422297015,1.55404723754727,0.291575703833306,-0.0202418010643436,-0.0883255264611172,-1.35509858986439,-0.814731255900813,2.29758984192263,140.850765786868,137.798910182363,141.766322468218,142.097932894313
14.48,0.0249639707813393,0.0830015388793762,1.67135506971938,-0.289224788718003,-0.0768510357418637,-0.0400795908027882,0.597382989801822,-1.58751765690373,-2.95303381573967,140.850765786868,137.771443481855,141.766322468218,143.002961671117
14.49,0.0834119055163535,0.00524683064886859,1.37949318324671,-0.173910174132995,0.0746019146920969,-0.0376779715218333,1.33647211635246,-0.383521151311753,-1.97565880923756,140.850765786868,137.798910182363,141.766322468218,156.351610875259
14.5,0.0739343901852477,-0.110535186516406,1.49468947446768,0.406185748453482,-0.005032681337276,0.132887146213765,1.44849210785225,0.548592837012047,-0.943411635382041,140.850765786868,148.739812524451,141.766322468218,153.293259875573
14.51,0.102894550428054,-0.0145289332897276,1.3798451067384,-0.0557772798034009,-0.0197137876830256,0.102028157807133,-0.125485576872709,1.37525888236691,0.0505922303355354,140.850765786868,145.779512588178,141.766322468218,148.775407048668
14.52,0.15198221744274,-0.0240064486203145,1.14382174841596,-0.0557772798034009,-0.149595903075433,0.0359995802366881,-1.07805317800808,0.386316764428224,1.17797979610712,140.850765786868,140.882810270722,141.766322468218,149.723750651653
14.53,0.0444466156946884,-0.072625125189466,1.67170699320013,0.411822307945789,0.00999931494701346,-0.0845572241507925,-1.56826237209207,-0.710461129630727,2.23770140432482,140.850765786868,137.798910182363,141.766322468218,146.815612143804
14.54,0.112430689563636,-0.0531424802777656,1.20493912895918,0.294393983549735,0.0672967116896704,-0.104575024559332,-0.13538089957989,-1.2329712624697,-3.01132686463662,140.850765786868,135.967796819661,141.766322468218,140.653911837767
14.55,0.112547937175089,-0.023947824813599,1.26253727456367,-0.056481849746536,0.113979798384297,-0.0157842337775887,1.20639696348812,-0.376559338617556,-1.91805607274498,140.850765786868,140.850765786868,141.766322468218,136.074138149812
14.56,0.0349104765612407,0.0447983585316149,1.67065122270715,-0.293452208365968,0.0551077045645654,-0.0137395487001804,1.13424529328338,1.26122056801825,-0.906318847944151,140.850765786868,148.739812524614,141.766322468218,147.727790116859
14.57,0.0838808959661585,0.00442609736558695,1.49433755094579,-0.169682754470621,-0.00550259982367057,0.0838171607796143,-0.344826125763344,1.4638756423694,0.118273528171563,140.850765786868,145.733734754073,141.766322468218,149.512360080193
14.58,0.054744864310128,-0.0434304697233193,1.66924352871439,0.177670229090089,-0.0655668476606779,-0.0241701128785931,-1.53035903274036,0.689885424813278,1.25331589168132,140.850765786868,142.98706471002,141.766322468218,152.328955299081
14.59,0.112430689562303,-0.0144116856786916,1.32189503764495,0.179079368982457,-0.0753279064452449,-0.0846998415000446,-1.11453048607665,-0.733005938960419,2.28720447506931,140.850765786868,137.798910182363,141.766322468218,147.082388769222
14.6,0.102835926622536,-0.0240064486215121,1.26253727456367,0.060946474654528,0.0459461471267438,-0.095081485810543,0.217046883451471,-1.24523310782339,-2.9207885559536,140.850765786868,135.922018985806,141.766322468218,145.26262221866
14.61,0.0634602701623314,0.0050123354275949,1.38125280070389,-0.0557772798034009,0.0606742944354512,-0.0192603060794732,1.35797009356175,-0.258626428244463,-1.79935301684691,142.98706471002,142.95502022634,141.766322468218,149.1377901716
14.62,0.102718679011777,0.0438603776396471,1.32154311414293,-0.289224788715083,0.108275818788022,0.0274081522616994,0.875494353197872,1.03132769693464,-0.919312061739952,140.850765786868,148.817634842478,141.766322468218,152.532741818225
14.63,0.0830601626837314,0.00495371162172975,1.49856063288319,-0.172501034257989,-0.00912949031989569,0.082705394566365,-0.422835011993517,1.44798174362793,0.169510050095402,140.850765786868,145.733734754073,141.766322468218,155.179932732914
14.64,0.0638120129943635,-0.00475829893139612,1.6141088475948,-0.0550727098640204,-0.061441679548056,0.0178755258783436,-1.5313026521265,0.513315266523356,1.21324709069297,140.850765786868,142.98706471002,141.766322468218,152.445743588697
14.65,0.0931825398754139,-0.0431373506974315,1.43779517583864,0.176261089220763,-0.0481320212145195,-0.0907035021188893,-1.25173496301884,-0.729028477903555,2.22016746882546,140.850765786868,137.798910182363,141.766322468218,149.011502770318
14.66,0.131971958280612,-0.0536114707239231,1.14593328937711,0.179783938923923,0.0769043867041664,-0.11990205532541,0.0334160843430801,-1.15946916030778,-2.95716034998514,140.850765786868,132.915941215158,141.766322468218,141.251652719251
14.67,-0.0819267691002862,-0.0533183516949445,2.13777101044427,0.177670229097438,-0.0641683267672833,0.0737378326408131,2.0071340380433,-0.756997065206618,-1.84853394179488,142.98706471002,140.850765786868,141.766322468218,144.673801151764
14.68,0.083411905517499,0.0053054544559313,1.37949318324327,-0.173910174139879,0.0690163592297677,0.0471427193499887,0.980414701725772,0.985917442752683,-0.90800627831019,140.850765786868,148.739812524598,141.766322468218,145.759308744119
14.69,0.0542172500543737,0.0243777327250309,1.61340500060091,-0.288520218755469,0.0118183763032589,0.0582589910471002,-0.637289828376085,1.51002691606577,0.222403321842323,140.850765786868,145.733734754073,141.766322468218,138.364604738114
14.7,0.112372065756635,-0.0144116856786916,1.38090087722677,0.061651044589528,-0.111912741757765,0.0176271404026509,-1.30840979902762,0.445815973057454,1.28701847811209,142.98706471002,142.98706471002,141.766322468218,154.704874323282
14.71,0.0930652922641002,0.054041378636546,1.38019703023515,-0.173910174143136,-0.105658920928203,-0.0204404417131508,-0.925886887309106,-1.03823025521773,2.28798682914334,140.850765786868,137.798910182363,141.766322468218,157.48863234142
14.72,0.0736998949627417,0.0149588412017862,1.37914125975711,-0.0557772798034009,0.00304581113378873,-0.0751409640752413,0.383014391362476,-1.32606247790816,-2.90083085640948,140.850765786868,135.967796819661,141.766322468218,160.905969735745
14.73,0.0824153008267994,0.00489508781714896,1.38406818863236,-0.0550727098677751,0.0756240865868677,-0.0331246316660484,1.31754417189471,-0.427498665802038,-1.92431490536675,140.850765786868,140.850765786868,141.766322468218,154.472369674368
14.74,0.0442707442772666,-0.0242995676478179,1.61410884759616,-0.0550727098667321,0.0181709695690701,0.0471188248118938,1.19825670147676,1.08284867485087,-0.870054435422689,140.850765786868,145.733734754073,141.766322468218,153.882306812033
14.75,0.0538655072194953,0.0246122279496197,1.55651070198489,-0.172501034258614,0.00674816023148335,0.0588363575193754,-0.645388518947609,1.42686924131975,0.314398957169817,142.98706471002,148.785590358578,141.766322468218,149.455319666747
14.76,0.102660055205982,0.00495371162162561,1.38090087721658,0.0623556145282827,-0.095480059455946,0.0380418774512309,-1.28571127561531,0.507663245780481,1.23986246960077,140.850765786868,142.98706471002,141.766322468218,152.403204924125
14.77,0.0832946579056646,-0.0139426952338532,1.43849902282576,0.0595373347701349,-0.053276300324229,-0.0655288837824082,-1.11863536476048,-0.906354816619508,2.29311048133296,140.850765786868,135.967796819661,141.766322468218,143.99653526299
14.78,0.0539827548303577,0.0246708517550509,1.49750486240689,-0.173205604196326,-0.0149869603758711,-0.0574297811600069,0.428980047328631,-1.44516335175343,-2.96819000844989,140.850765786868,135.92201898561,141.766322468218,147.085221373945
14.79,0.102484183787866,0.0244363565319375,1.32295080812248,-0.289224788705488,0.0878039049555505,-0.0582290109977634,1.34164234922129,-0.183971807322847,-1.9223053292088,140.850765786868,137.798910182363,141.766322468218,147.207442537111
14.8,0.0249639707844634,-0.0630303622473414,1.67205891669046,0.177670229096186,-0.0231069339155083,0.0637345746622895,1.36943440856561,0.975703403615939,-0.845878160397249,140.850765786868,142.98706471002,141.766322468218,148.847422453818
14.81,0.0832946579056646,-0.0143530618727223,1.49715293891312,-0.0557772798034009,-0.0330894703954896,0.0777759433866919,-0.397948008089687,1.44437370866958,0.23160748745811,140.850765786868,145.733734754073,141.766322468218,139.061703265423
14.82,0.102894550428585,0.00501233542608089,1.3798451067384,-0.0550727098582598,-0.0951563370370073,0.0394674997437599,-1.31737322807238,0.414165787963202,1.2263016655953,140.850765786868,142.98706471002,141.766322468218,144.073225400441
14.83,0.112489313368699,-0.0144703094848277,1.38019703023483,0.062355614535712,-0.072429974508192,-0.0872761953312055,-1.05223847173036,-0.895335838411343,2.32095308232763,140.850765786868,137.771443482017,141.766322468218,143.727760524974
14.84,0.141508097412719,-0.0724492537670775,1.03003315119598,0.411117737979403,0.101491258755648,-0.122364048645703,-0.177257765250212,-1.09479028663142,-2.92235326367562,140.850765786868,132.915941215158,141.766322468218,143.584041977583
14.85,0.064105132020027,-0.00452380370984473,1.49504139796801,-0.0564818497384009,0.0626785663925111,-0.0141890826444094,1.44760926871457,-0.37784439405617,-1.86387421781662,140.850765786868,140.850765786868,141.766322468218,135.745378269962
14.86,0.0832360341003722,0.014548474564861,1.43849902282576,-0.17179646432424,0.0696642542228405,0.0478203635337309,0.907930843021,1.12891764452335,-0.79619100635315,140.850765786868,148.785590358578,141.766322468218,148.561049779429
14.87,0.0735826473526082,0.0827670436572521,1.55545493150859,-0.405948543170926,0.0705711773067307,0.085349273229019,-0.638518303987387,1.47530628654868,0.153172656128502,140.850765786868,145.733734754073,141.766322468218,150.566641478904
14.88,0.0636361415778268,-0.00469967512573924,1.67346661066772,-0.0557772798034009,-0.0621513311283109,0.014451902995099,-1.61423850320912,0.444787203861746,1.26861014687347,140.850765786868,140.850765786868,141.766322468218,156.117102971146
14.89,0.064163755827784,-0.0633821050820116,1.55369531404224,0.413936017768311,0.00677738810517024,-0.089935231233519,-1.32123884908305,-0.916318754231527,2.43753918012617,142.98706471002,137.798910182363,141.766322468218,149.755842161378
14.9,0.141390849805368,-0.0821612643255171,1.08903899075651,0.527841492459122,0.107508651375597,-0.123222301730052,-0.311501003093196,-1.16943990423679,-2.95059471184763,140.850765786868,137.771443481926,141.766322468218,145.69556914412
14.91,0.0546862404992815,0.024319108920589,1.49398562746639,-0.288520218764856,0.0469665998053131,-0.0370963941827813,1.51891514793586,-0.0901872778347729,-1.82087542411929,140.850765786868,140.850765786868,141.766322468218,139.346147128224
14.92,0.102425559981723,0.0342656146959952,1.32330273161865,-0.289929358646746,0.0981599266762558,0.0450528188127668,0.767128914073683,1.11655827510561,-0.817667392785284,140.850765786868,148.785590358578,141.766322468218,155.065970705887
14.93,0.112489313369137,-0.0241823200371289,1.38019703023352,-0.0557772798034009,-0.0464887098268445,0.105249370940037,-0.334472041222877,1.34021766920448,0.204179073921054,140.850765786868,145.733734754073,141.766322468218,154.861411725024
14.94,0.170644129071547,0.0244363565310349,1.03108892167502,-0.172501034251731,-0.161427306247236,0.0604795759315469,-1.04408787131366,0.0527398160271828,1.35456171345761,142.98706471002,142.98706471002,141.766322468218,159.255721701815
14.95,0.0736998949654813,-0.0423752412140657,1.43779517583351,0.289461993919803,-0.0169476053156277,-0.0833073481749296,-1.1679077727766,-0.88714973249285,2.41908482807148,142.98706471002,137.844688016289,141.766322468218,157.641666525212
14.96,0.0446811109214281,0.0440362490533574,1.55334339052323,-0.289224788695635,-0.0321171779639356,-0.0538895145969526,0.651133174433582,-1.43963615418281,-2.90092289806619,140.850765786868,137.798910182363,141.766322468218,153.972388372058
14.97,0.0442121204719221,-0.0143530618735207,1.55580685500048,-0.0557772798034009,0.0459203741784597,0.00721395987507021,1.54518798897442,-0.189842444511108,-1.72887978878002,142.98706471002,142.955020226313,141.766322468218,155.998959592901
14.98,0.112489313370456,0.0636947653835357,1.263241121546,-0.408062252982184,0.12136973957965,0.0445000570133156,0.506794518689012,1.22696872384771,-0.70414935019195,142.98706471002,148.739812524397,141.766322468218,151.440972408491
14.99,0.0831187864896312,0.0247294755603954,1.49820870938817,-0.173910174132995,-0.0024567224655782,0.0866847399703559,-0.632965299279568,1.36902484106807,0.317513033202417,140.850765786868,145.779512588227,141.766322468218,159.110355510061
15,0.102953174233398,-0.0337770829792708,1.37914125975399,0.178374799044745,-0.10608252247379,-0.0220623173061867,-1.35057510357383,0.33135339578252,1.45882956960683,142.98706471002,142.98706471002,141.766322468218,148.414175558537
15.01,0.0639878844108654,0.00489508781610759,1.5547510845223,0.0623556145282827,-0.0469358692364612,-0.0437656876459573,-1.0987957184675,-1.10172007631883,2.39760844162748,140.850765786868,135.995263520124,141.766322468218,150.481939533829
15.02,0.0934756589033338,-0.0244168152595481,1.31907964969155,0.0630601844691233,0.0541034624599992,-0.0800418329667104,0.379046297274274,-1.2650184242209,-2.80269911067224,140.850765786868,137.798910182363,141.766322468218,146.647548989266
15.03,0.0447397347231463,-0.0044651799031812,1.49468947445674,-0.0564818497442415,0.0447729908181514,0.00411837199182057,1.49508226143109,0.0448982845595355,-1.57854508372242,142.98706471002,145.692534703428,141.766322468218,142.666177845661
15.04,0.0442707442777005,-0.0145289332902483,1.55545493150619,0.061651044589528,0.0170560150609702,0.0433599014262486,1.03982940418202,1.15844538302173,-0.691877129365026,142.98706471002,148.785590358578,141.766322468218,149.466964529182
15.05,0.247988470657892,-0.101643909234024,0.683388507083264,0.410413168052635,-0.188520996278867,0.190498293497969,0.118838657392595,0.788248814546281,0.391192378965244,140.850765786868,145.733734754073,141.766322468218,140.556269276034
15.06,0.0436258824122294,-0.0537287183363129,1.67628199863412,0.180488508870813,-0.049802658489192,-0.0480592134529626,-1.64215707977503,0.381860663231997,1.44957938316826,142.98706471002,140.882810270642,141.766322468218,137.586392594833
15.07,0.0736998949653772,-0.0821026405151499,1.49644909192128,0.410413168042606,0.0165489901287319,-0.10908092877853,-1.26792498878948,-0.894519466539434,2.45287945615829,140.850765786868,135.967796819661,141.766322468218,142.975439925241
15.08,0.0638706368010657,-0.014235814260283,1.37949318324196,-0.0564818497495849,0.0396120010545159,-0.0520865244135559,0.627504264438275,-1.22980894454137,-2.71070347533285,142.98706471002,137.771443482017,141.766322468218,135.482390602643
15.09,0.0541586262490266,0.0146657221717235,1.43779517583184,-0.172501034249099,0.0536568682568917,-0.0164067270612545,1.44261518013119,0.12598816022697,-1.60308952535976,142.98706471002,145.733734754073,141.766322468218,148.945730991614
15.1,0.0636361415783822,-0.0629131146396378,1.49785678589482,0.176965659177457,-0.011123202449959,0.08879128828833,1.05284086233974,1.08000829356398,-0.655060466894653,140.850765786868,148.785590358578,141.766322468218,148.394627453762
15.11,0.0638706367993781,0.0146657221754457,1.55510300801774,-0.17179646432424,-0.0162986537740691,0.0634735814117847,-0.866660366833905,1.30259709782397,0.477051903881917,142.98706471002,145.733734754073,141.766322468218,149.69915348283
15.12,0.0443879918880596,-0.0534355993070566,1.61375692410406,0.296507693375386,-0.0457653576917765,-0.0522607800602183,-1.60548245896644,0.33845870689887,1.54473511535707,142.98706471002,140.850765786868,141.766322468218,155.855647470099
15.13,0.112606560980971,0.0146657221746821,1.32119119065104,-0.0543681399267258,-0.0756645423131796,-0.0846770217910576,-0.70083673093268,-1.12130724311786,2.54185305710836,140.850765786868,135.995263520131,141.766322468218,145.811074691122
15.14,0.0735826473527991,-0.00469967512582603,1.37949318324536,0.061651044589528,0.0394952206586712,-0.0622625126609709,0.609120542199545,-1.23926367613592,-2.64009218478717,142.98706471002,135.967796819661,141.766322468218,152.556701994647
15.15,0.00530545445515027,-0.0338943305899077,1.78936674886924,0.0609464746491045,0.00834986418580849,0.0332754152670133,1.77651674911801,-0.222567012008148,-1.66138257426821,140.850765786868,142.955020226177,141.766322468218,147.558214160729
15.16,0.0636947653830497,-0.0630303622478968,1.55580685500048,0.0609464746480615,-0.014716753800776,0.0883926855563864,0.947632623472006,1.23541161309503,-0.615175749230754,140.850765786868,145.733734754073,141.766322468218,148.908841497622
15.17,0.112606560980971,-0.0241236962312985,1.32119119065104,0.061651044589528,-0.0812487162919492,0.0816139473174257,-0.663475138107373,1.14417994855105,0.57211559442642,142.98706471002,145.779512588081,141.766322468218,144.05943201851
15.18,0.131561591638671,0.00495371162042804,1.20705066993242,0.0623556145330804,-0.130818345389693,0.0148172926954135,-1.19896222140457,0.152804234537883,1.49564623207646,140.850765786868,137.844688016343,141.766322468218,149.31066504291
15.19,0.0930066684580962,-0.0921663939041503,1.43849902282576,0.529250632327454,0.0247765988157869,-0.128572954753676,-1.24054140556726,-0.900245906162789,2.55110324355804,140.850765786868,135.967796819661,141.766322468218,144.750540144024
15.2,0.160697623294058,-0.0627958670221986,0.973138852584241,0.293689413593153,0.123813447528218,-0.120155221520356,0.13657149808914,-1.0072740064031,-2.71372550971087,140.850765786868,135.967796819661,141.766322468218,141.371470284084
15.21,0.0549793595355579,-0.0334839639460586,1.49257793345537,0.0595373347490986,0.0577829770821433,0.0283731100869396,1.48107228038427,-0.194315418699221,-1.66138257426246,140.850765786868,142.955020226294,141.766322468218,138.998929868885
15.22,0.0540413786355286,-0.0338943305903937,1.55580685500048,0.0609464746549451,0.00174695960412014,0.0637671105127168,0.913162920630552,1.26110385108635,-0.587563252376538,140.850765786868,145.733734754073,141.766322468218,146.393659211239
15.23,0.112196194344168,-0.0337770829797915,1.38160472419422,0.0609464746539022,-0.0822933723741962,0.0834067037067157,-0.591768333601694,1.24994252909275,0.486256069497704,140.850765786868,145.779512588254,141.766322468218,148.885130834411
15.24,0.0150174650073042,-0.0533183516964024,1.84837258845392,0.178374799045788,-0.0199305160543456,-0.0516831250281399,-1.82364090743812,0.350189427882582,1.47728392166638,140.850765786868,140.850765786868,141.766322468218,149.675060573723
15.25,0.102777302817105,0.0830601626839396,1.3798451067384,-0.289929358651543,-0.125092061997206,-0.0425927297168022,-0.491175754689132,-1.32165726631512,2.57866971957243,140.850765786868,135.99526352014,141.766322468218,150.063632709861
15.26,0.0445638633050302,0.0343828623079685,1.55404723753685,-0.173205604196326,-0.0102572110662869,-0.0553435520571257,0.863306760974003,-1.30375014258005,-2.6677046816362,140.850765786868,135.967796819661,141.766322468218,172.249812337828
15.27,0.0442707442775269,-0.00452380370904634,1.55580685500048,-0.0564818497431985,0.0444118623857304,0.0028195883236935,1.55682820366747,-0.00333371900877812,-1.6092256357772,140.850765786868,142.98706471002,141.766322468218,158.49681046498
15.28,0.0928894208470255,0.034089743279337,1.3809008772197,-0.289224788707574,0.0770926260478373,0.062026462991172,0.463955903124459,1.33239751240576,-0.541542424302053,140.850765786868,148.785590358578,141.766322468218,170.065947094803
15.29,0.122377195339407,-0.0240650724255722,1.3798451067384,-0.0557772798034009,-0.0708102810234102,0.102670393743148,-0.600677169975751,1.24349127902132,0.409600710196479,140.850765786868,142.98706471002,141.766322468218,159.358354899552
15.3,-0.00393756564966599,-0.0921077700991183,2.02151894875023,0.411822307938905,-0.000160967604041923,-0.0921917557339478,-2.00121294627895,0.501281574684183,1.52632678412995,140.850765786868,140.850765786868,141.766322468218,160.396554774809
15.31,0.0832360340996953,-0.0620337575455166,1.38019703023383,0.407594888270707,0.0200265728196914,-0.101859515161614,-0.963446174690723,-1.06904111412261,2.69525581738283,142.98706471002,140.850765786868,141.766322468218,149.161412896617
15.32,0.170292386234797,-0.0140599428423952,0.915188783486419,0.0602419046992459,0.0870863435088304,-0.147014106726309,0.345880456031979,-0.849450591050625,-2.68918106806815,140.850765786868,135.967796819661,141.766322468218,146.246258601141
15.33,0.122259947727135,-0.00487554654480064,1.20458720546919,-0.0550727098572168,0.122219412303384,0.00580353586769336,1.20413441324229,0.064215681859868,-1.56320480769067,140.850765786868,142.98706471002,141.766322468218,152.677373825044
15.34,0.0831774102932187,0.0143726031406087,1.43920286981967,-0.287815648800347,0.056738517520941,0.0624963513626976,0.528911455262361,1.36908561481151,-0.566040845111499,140.850765786868,148.785590358578,141.766322468218,146.292006812805
15.35,0.16081487091589,-0.0433718459227665,1.20669874640312,0.060241904719528,-0.110087465564263,0.12499315842109,-0.480228337587278,1.10866211959878,0.458643572648677,140.850765786868,142.98706471002,141.766322468218,150.996132803457
15.36,0.112254818149217,-0.0242995676477137,1.3229508081079,0.062355614525571,-0.111151875551176,-0.0289287702302661,-1.32439828359524,0.00749998307942959,1.61223232987463,142.98706471002,142.98706471002,141.766322468218,142.669818227969
15.37,0.122084076312511,-0.0825130071608468,1.20529105244388,0.412526877894139,0.0199333662366501,-0.145998558041785,-0.903525390807841,-0.898079514437284,2.68293757572701,142.98706471002,137.798910182363,141.766322468218,146.771855136372
15.38,0.0439776252499889,0.0346173575299364,1.55686262547803,-0.174614744073001,-0.00955133495236038,-0.0551467584324929,0.893683420410128,-1.2867173300854,-2.64622829519887,140.850765786868,137.798910182363,141.766322468218,137.288039299185
15.39,0.0442707442774922,-0.00446517990354568,1.49715293891312,-0.0571864196821618,0.0435523640831455,0.00911198184937136,1.48275890612422,0.214856313385386,-1.46507306195255,142.98706471002,145.733734754073,141.766322468218,147.308678408822
15.4,0.0637533891887934,-0.023713329591874,1.49715293891312,-0.0578909896246713,0.0061363076184982,0.0677433565908995,0.594179441303815,1.37541596642899,-0.446432712935466,142.98706471002,150.921889281731,141.766322468218,143.835743870799
15.41,0.0832360340999209,-0.024006448619898,1.55615877849456,0.0602419047065951,-0.0652512073199616,0.0569809344545208,-0.791935857025122,1.34093132908671,0.572161615253514,140.850765786868,145.779512588108,141.766322468218,147.863038503783
15.42,0.11243068956348,-0.00464105132025594,1.32189503764024,0.061651044589528,-0.11049987168441,-0.0212597664805114,-1.31642512828172,-0.135026750924837,1.71961426206869,142.98706471002,142.98706471002,141.766322468218,143.663759705755
15.43,0.122201323921655,0.0440362490541705,1.26324112155392,-0.172501034252774,-0.0963038384305709,-0.0871660799996465,-0.441461059504935,-1.1960965140589,2.65230304450687,140.850765786868,132.915941215158,141.766322468218,148.040369315937
15.44,0.170702752877551,-0.0338357067835566,0.913429166004656,0.0609464746449326,0.122768300144576,-0.12333786674468,0.455495136469887,-0.794097912559834,-2.55418663903174,140.850765786868,135.967796819661,141.766322468218,148.483072428931
15.45,0.102425559979947,-0.0242995676492972,1.26464881554042,0.0623556145350862,0.0933806907984939,0.0485953795246481,1.24153768495111,0.248614211496589,-1.32389650167115,142.98706471002,145.733734754073,141.766322468218,145.547271805026
15.46,0.093006668457912,-0.110886929333096,1.43885094632251,0.407594888247023,-0.0594589999916186,0.13194991017261,0.992309782027004,1.11881496913109,-0.449500768135108,140.850765786868,145.733734754073,141.766322468218,147.915784450914
15.47,0.170409633859194,-0.0532597278917522,1.14910060078602,0.177670229113291,-0.144451468524074,0.104927666362912,-0.543378419513726,1.02797801253078,0.639658829766063,140.850765786868,145.733734754073,141.766322468218,135.87568519718
15.48,0.0638706367993087,-0.0144703094839492,1.55545493150932,0.061651044589528,-0.0614465697295461,-0.022653193377149,-1.55026423457928,-0.141144246216261,1.70120593083044,142.98706471002,140.850765786868,141.766322468218,141.387685429844
15.49,0.102777302817191,-0.0441925791967558,1.3798451067384,0.181193078792463,-0.00347298487149061,-0.111821717061225,-0.748303810182994,-1.17339032638667,2.70445998299249,140.850765786868,132.961719049311,141.766322468218,142.761791333004
15.5,0.122435819144838,-0.023947824815404,1.08657552630159,0.0609464746518162,0.0958056057871665,-0.0799081599263234,0.638020132276845,-0.881641173006055,-2.45912294849904,142.98706471002,137.798910182363,141.766322468218,143.208178038786
15.51,0.0345001099190045,-0.0238305772040208,1.55580685500048,0.0595373347732638,0.0283954416667572,0.0308521131666857,1.53063365056235,0.285026826920822,-1.34844094332035,142.98706471002,148.739812524473,141.766322468218,146.318741640164
15.52,0.0735826473528338,0.0631671511327454,1.49715293891312,-0.522672297615918,0.0873758762864331,0.0420707881653829,0.121669728561744,1.58109130993216,-0.412684105676779,140.850765786868,145.733734754073,141.766322468218,150.571787033615
15.53,0.0639878844115597,-0.0144116856786916,1.55475108451917,0.061651044589528,-0.0533586811538258,0.0381444252950924,-0.989233944680584,1.20102788843732,0.728632430727629,142.98706471002,145.733734754073,141.766322468218,164.317326745335
15.54,0.151513226997381,0.0540413786361361,1.08763129678446,-0.290633928589255,-0.159817019629147,0.018309800569935,-0.993505434047177,-0.529487365959747,1.79933767658013,142.98706471002,140.850765786868,141.766322468218,155.388681782301
15.55,0.112430689563324,-0.0434304697245877,1.2632411215535,0.295098553489115,0.00283669663542297,-0.120494061299225,-0.705033066806381,-1.08893969629393,2.79650163915963,140.850765786868,135.967796819661,141.766322468218,164.958791717256
15.56,0.122377195339407,-0.0143530618727223,1.08657552630159,0.0609464746453498,0.0944076752618428,-0.0791794113132703,0.701189110634429,-0.832282811463126,-2.3854436027359,142.98706471002,137.798910182363,141.766322468218,149.787592391012
15.57,0.0834705293238128,-0.0142944380665928,1.37914125974656,-0.0564818497485419,0.0801836900147459,0.027244009999563,1.35309567296989,0.272677306493442,-1.4128701026277,140.850765786868,142.98706471002,141.766322468218,158.797991808995
15.58,0.112430689562563,-0.0145289332909639,1.32224696114035,-0.172501034250142,0.026067017346755,0.110327967735886,0.305034719188813,1.2980937767171,-0.360527167179478,140.850765786868,145.733734754073,141.766322468218,148.051782036808
15.59,0.0638706368012393,-0.00469967512647889,1.55510300800656,0.062355614536755,-0.0502971929195076,0.0396451456815093,-1.10529319380095,1.09570093726008,0.829832231671182,142.98706471002,145.733734754073,141.766322468218,153.032545791702
15.6,0.131620215450992,0.0434500110042492,1.26500073899963,-0.169682754521326,-0.137378470804924,0.018410332178849,-1.21194877587953,-0.40024901186096,1.75643092452683,140.850765786868,137.798910182363,141.766322468218,148.508943725791
15.61,0.102835926622536,-0.0241236962318365,1.32119119065104,0.178374799046414,-0.0104750281926844,-0.105106870891317,-0.59657574371828,-1.19225044063558,2.81184191518044,140.850765786868,132.915941215158,141.766322468218,149.329740509099
15.62,0.131737463060188,-0.00469967512563511,1.08903899074484,-0.0557772798034009,0.0873519201884713,-0.0987243037919639,0.735183731202042,-0.805370666016988,-2.45289479643252,140.850765786868,135.99526352015,141.766322468218,142.142541966148
15.63,0.112606560980971,-0.00446517990380602,1.26218535107115,-0.173910174134664,0.110150688110111,0.0238117894414445,1.21330423034656,0.388908027365462,-1.39752982660689,140.850765786868,145.692534703369,141.766322468218,145.751769663965
15.64,0.0638706367999335,-0.0144703094842617,1.55545493150744,-0.0557772798034009,0.00659764320130441,0.0651561141105546,0.441888959180328,1.49240922559719,-0.323710504720965,140.850765786868,148.785590358578,141.766322468218,143.448713613773
15.65,0.131854710669558,-0.0142944380673778,1.26394496853791,0.0609464746491045,-0.101921211543519,0.084864965226625,-0.834669367574559,0.951103781454552,0.768471127569198,142.98706471002,148.785590358578,141.766322468218,143.627216632662
15.66,0.0832360340999209,-0.00452380370876865,1.49785678590128,0.0609464746480615,-0.0810910478042801,-0.0193117616669902,-1.48467240053221,-0.207454300848334,1.75029481412162,140.850765786868,137.798910182363,141.766322468218,141.618260110345
15.67,0.0931239160699306,-0.0435477173365089,1.3794931832438,0.295803123432876,0.0148019175682452,-0.10173185669063,-0.681548101209969,-1.23531093906993,2.84865857765063,140.850765786868,132.915941215158,141.766322468218,141.952734289671
15.68,0.102718679010701,-0.0240064486193773,1.20458720546656,0.0609464746459756,0.0874049701451646,-0.0590576649296364,0.773718788086898,-0.925258907175091,-2.39460174752462,140.850765786868,137.771443481975,141.766322468218,136.203741248261
15.69,0.0247294755610549,-0.0435477173359882,1.67276276367956,0.0609464746449326,0.0139256899033233,0.048104322128229,1.64108442446755,0.329684164154936,-1.33612270166565,140.850765786868,145.733734754073,141.766322468218,141.641442789844
15.7,0.0931825398762684,-0.073035491829307,1.43779517583351,0.296507693375386,-0.0463695426689601,0.108935918397986,0.659254764258703,1.31169925504404,-0.262349400607692,140.850765786868,148.785590358578,141.766322468218,141.814313104236
15.71,0.0736998949657937,0.00495371161961494,1.61340500059759,-0.172501034249516,-0.0430197930967185,0.0600459089255451,-1.15866362076621,1.13592733776567,0.688793733890894,140.850765786868,142.98706471002,141.766322468218,139.4911190572
15.72,0.131502967840963,0.0047192164019834,1.26535266248882,-0.0536635699996524,-0.128994551457621,-0.02599436955722,-1.21817428019866,-0.346480248030276,1.80551980781263,140.850765786868,140.850765786868,141.766322468218,151.308232133991
15.73,0.102835926622536,-0.0336012115640185,1.26218535107251,0.295098553504134,0.0173362765462205,-0.106788214417128,-0.48626278729074,-1.20155878692576,2.98672106188705,142.98706471002,135.99526352017,141.766322468218,150.606561918899
15.74,0.0638706367994823,0.0148415935912708,1.43779517584239,-0.0557772798034009,0.0316260244478407,-0.0574414982667097,1.00204396274497,-1.03260542771392,-2.40998804438565,140.850765786868,135.967796819661,141.766322468218,151.356671876484
15.75,0.112137570537522,0.0241432375061698,1.26500073900911,-0.287815648838408,0.114386684085885,0.0085683806622337,1.13189260950326,0.633943087320756,-1.28396576318003,140.850765786868,145.733734754073,141.766322468218,151.274686381847
15.76,0.1027186790115,-0.0533183516958817,1.43885094631848,0.0609464746507733,-0.0224207908207114,0.11353978062515,0.461430096326459,1.36421727913779,-0.283825787051506,140.850765786868,148.785590358578,141.766322468218,155.395132538876
15.77,0.0443293680831317,0.00507095923257488,1.78971867236343,-0.172501034256528,-0.0260677338051804,0.036211610796131,-1.33156150853955,1.20821913658151,0.73783659634286,140.850765786868,142.98706471002,141.766322468218,145.953883603805
15.78,0.112254818146822,0.0337966242508791,1.32295080811988,-0.169682754492123,-0.117136106367127,-0.0047422139429037,-1.19486846242105,-0.592689155787937,1.90369757439035,142.98706471002,140.850765786868,141.766322468218,152.445993137264
15.79,0.102835926622536,-0.0144703094844699,1.26253727456367,0.179079368982457,-0.00315829918159804,-0.10380097690856,-0.390354127259577,-1.21395776095762,2.97138078586551,142.98706471002,137.798910182363,141.766322468218,152.484104623605
15.8,0.0441534966660396,0.00518820684406217,1.55580685500048,-0.173205604196326,0.0274970902121105,-0.0349336340503218,1.22103984887476,-0.979590138196278,-2.35778508506035,140.850765786868,137.798910182363,141.766322468218,148.111540665573
15.81,0.0344414861134865,-0.0145289332906301,1.61446077108784,-0.0550727098592227,0.0262207364581422,0.0266416750198203,1.46950900846404,0.67086500787849,-1.17662985181393,142.98706471002,145.733734754073,141.766322468218,150.458495285776
15.82,0.0445638633082185,0.0144898507542695,1.61270115360826,-0.171091894360903,0.0209396369238743,0.0419216566148203,0.0700094611358907,1.62023952627902,-0.14887737883674,142.98706471002,148.785590358578,141.766322468218,148.803811821057
15.83,0.0834119055179369,-0.0241823200371289,1.5551030080076,0.061651044589528,-0.0790107014404418,0.0360505151475084,-1.13889269558951,1.06069300211991,0.860558804564032,140.850765786898,142.98706471002,141.766322468218,150.068012786962
15.84,0.0835291531305564,-0.0142944380662456,1.43709132883792,0.17837479903523,-0.0690234741329681,-0.0491651339971036,-1.37187088546879,-0.463701768332934,2.02023765136084,142.98706471002,140.850765786868,141.766322468218,142.035533155495
15.85,0.102718679012125,-0.0141185666526635,1.32154311414189,0.060241904719528,-0.00602723157831219,-0.103509098256255,-0.314857901361902,-1.28490069327168,2.94683634421648,140.850765786868,135.967796819661,141.766322468218,145.488390282137
15.86,0.0654534795422726,-0.00464105132025594,1.48835485162881,-0.0557772798034009,0.053480181619831,-0.0380206196090732,1.18446653359853,-0.902967496698739,-2.25960731849412,142.987064709864,140.850765786868,141.766322468218,143.736845662118
15.87,0.0340897432812115,-0.0348909352816313,1.55791839595184,0.183306788604973,0.0107971709880387,0.0475700437298616,1.42358643095408,0.658872355465952,-1.02020505717372,142.98706471002,148.785590358578,141.766322468218,147.740583028623
15.88,0.0637533891887934,-0.024006448620679,1.55580685500048,0.0602419047128529,-0.0151008243907405,0.0664286783788077,0.271551543358771,1.53310919912751,-0.136605158021492,142.98706471002,145.779512588189,141.766322468218,147.720951448103
15.89,0.0832946579056646,-0.0143530618731215,1.55580685500048,0.0609464746501475,-0.0757428562176535,0.0375104005943314,-1.22077620870444,0.966413416245856,0.940328239897946,140.850765786868,142.98706471002,141.766322468218,145.665060680102
15.9,0.0637533891887934,-0.0244168152597564,1.55545493150692,0.0630601844703749,-0.0474178607925,-0.0491143764935474,-1.43584086884216,-0.601479534296251,2.0080114513731,142.98706471002,137.844688016425,141.766322468218,146.99278544731
15.91,0.112547937175228,-0.0919905224887418,1.26288919805775,0.527841492453908,0.0754491564926869,-0.124244594146759,-0.698298744516676,-1.17723601335219,3.00210735874704,140.850765786868,132.961719049192,141.766322468218,145.811506291015
15.92,0.122142700116085,0.0147829697849544,1.08798322028,-0.172501034253817,0.093460079857587,-0.080016178741079,1.00112307963181,-0.459583152278214,-2.15840751753884,142.98706471002,140.850765786868,141.766322468218,132.340982273937
15.93,-0.00370307042558059,-0.15903661545996,1.78584751391332,0.639633257287988,-0.0826472555198339,0.135925674331876,1.86660020686574,0.33791376785803,-1.04777153318828,142.98706471002,148.785590358578,141.766322468218,145.192445764015
15.94,0.073465399741225,0.073582647353233,1.55615877849612,-0.525490577375109,0.0817294672821598,0.0642795856273405,-0.338393079648775,1.60725250488104,-0.11815080595549,140.850765786868,145.733734754073,141.766322468218,137.032135483211
15.95,0.102718679010368,-0.0240064486188766,1.38019703023452,0.0609464746439697,-0.100295724154803,0.0326833950070897,-1.14894878615702,0.767186419215063,1.02618776482637,142.98706471002,142.98706471002,141.766322468218,154.236109578639
15.96,0.0832946579056646,-0.0533183516938711,1.43849902282576,0.295803123428576,-0.0455221376502026,-0.0877985287275876,-1.39392077783934,-0.462345965277648,2.09387097628971,142.98706471002,137.844688016598,141.766322468218,137.368331039036
15.97,0.102718679012194,-0.0238892010112745,1.32189503763232,0.177670229113291,0.0180352052807497,-0.103906459440443,-0.252227644310883,-1.30971539514335,3.08494484928669,140.850765786868,135.967796819661,141.766322468218,152.117261381592
15.98,0.0533378929725233,0.00518820684343735,1.44166633424623,-0.0557772798034009,0.0437061954806534,-0.0310099466882088,1.27874418149315,-0.668076524463059,-2.09091030302629,142.98706471002,140.850765786868,141.766322468218,143.245447715337
15.99,0.0344414861134865,0.014607098369893,1.61446077108784,-0.289224788715917,0.0373727887349556,0.00169054744553142,1.33146405186749,0.95777765602144,-1.12447291332904,140.850765786868,145.733734754073,141.766322468218,152.847362707435
16,0.0831187864893709,-0.0142358142623978,1.49785678589753,-0.0564818497411126,-0.00769735712642648,0.0839770311957226,0.0607338721921424,1.49769040431526,-0.0782200674634451,142.987064709894,145.779512588205,141.766322468218,149.42946741731
16.01,0.043860377638814,-0.00487554654232802,1.67487430463884,0.0630601844670374,-0.041577486768493,0.0147924397825908,-1.47872236658995,0.78902514899783,1.11827544180976,142.98706471002,142.98706471002,141.766322468218,156.774285961746
16.02,0.0832946579056646,-0.0340702020067394,1.49680101541997,0.179783938922046,-0.0589729917906096,-0.0679776797167013,-1.41698435810705,-0.514675502949706,2.03873802425431,140.850765786868,135.967796819661,141.766322468218,154.996446500159
16.03,0.102718679011153,0.00512958303817967,1.3215431141448,-0.0557772798034009,-0.0103140381839798,-0.102328198734666,-0.0110797302967564,-1.32267325786165,3.09103493887462,140.850765786868,132.915941215158,141.766322468218,155.495200715657
16.04,0.0639878844119762,0.00518820684397539,1.49574524493554,-0.173205604196326,0.0498867092495492,-0.0404064732688618,1.33237285262255,-0.701453206327235,-2.17067973836075,140.850765786868,137.798910182363,141.766322468218,157.037058226279
16.05,0.0831774102939343,-0.0438994601715956,1.43885094632057,0.0623556145324546,0.0560800768278871,0.0755027759061962,1.32481732497392,0.564835660914099,-1.12447291332348,140.850765786868,142.98706471002,141.766322468218,155.959491655753
16.06,0.0832946579056646,-0.0140599428428759,1.49715293891312,-0.0578909896359354,-0.00982453974240215,0.0838997046908783,0.017987009984963,1.49816379500007,-0.0506535914373751,140.850765786868,148.785590358578,141.766322468218,149.46968966603
16.07,0.0154864554572828,0.00489508781391267,1.72930513879042,-0.0543681399127016,-0.0110069549998814,0.0119431624357582,-1.52772391739979,0.812103312324961,1.0507782272972,142.987064710005,145.733734754073,141.766322468218,153.565730962445
16.08,0.0541586262487663,-0.0434304697233193,1.61375692409497,0.177670229090089,-0.029330454376552,-0.0629212757627077,-1.52561509796147,-0.555226704366246,2.0294878378043,140.850765786868,137.844688016615,141.766322468218,151.563824575482
16.09,0.102660055207231,0.00542270206368703,1.32189503763149,0.0602419047220311,-0.00714747863988642,-0.102554405960523,-0.0824522237643534,-1.32069572892306,3.12478354612774,140.850765786868,132.961719049387,141.766322468218,139.913863955013
16.1,0.170702752884736,-0.0142944380682803,0.913429165966314,-0.0557772798034009,0.152942096825371,-0.0771522897960538,0.807552835614966,-0.430490840634746,-2.12154483425249,140.850765786868,137.798910182363,141.766322468218,146.56072517988
16.11,0.0345001099187963,-0.0338943305902548,1.61446077108784,0.061651044589528,0.0136686612380067,0.0463923585359822,1.44077125106891,0.731069514323951,-1.06306578839352,140.850765786868,145.733734754073,141.766322468218,143.143808460588
16.12,0.151571850803957,-0.072683748997032,1.14593328937274,0.295098553501214,-0.0729115318711257,0.151462410665506,0.293375485253451,1.1463756298105,0.00150334704788175,140.850765786868,145.779512588222,141.766322468218,147.812610097081
16.13,0.122142700117474,-0.0143530618732083,1.32259888462111,-0.0557772798034009,-0.107855733150123,0.0590930656149498,-1.11014602854177,0.721078851344434,0.952600460718562,140.850765786868,140.850765786868,141.766322468218,141.080967393644
16.14,0.0832946579056646,-0.053259727890086,1.55510300801419,0.295098553496207,-0.0479527062551415,-0.0864588723807789,-1.50837950769828,-0.479812236782517,2.06630450027468,142.987064709929,137.798910182363,141.766322468218,149.673033563205
16.15,0.0541000024416715,0.0150760888135859,1.4381470993322,0.0609464746491045,-0.00911305848494992,-0.0554170631047322,0.095560559569614,-1.43626241736826,-3.03280325107562,142.98706471002,135.995263520098,141.766322468218,142.732277831342
16.16,0.151278731774632,0.0245536041435983,1.03003315117809,-0.173205604196326,0.112611927172964,-0.103955221235744,0.954588899214011,-0.423943990815128,-2.15533946233456,140.850765786868,137.798910182363,141.766322468218,153.082570477097
16.17,0.102835926622536,0.0345001099193169,1.32119119065104,-0.291338498531764,0.105907542447281,0.0234324100667836,0.982076940854338,0.930563896367588,-1.0293632019569,140.850765786868,148.739812524571,141.766322468218,150.748552766976
16.18,0.0832946579056646,-0.062913114635264,1.49715293891312,0.176965659151174,-0.0604563767752517,0.0850945740687405,0.220566878798631,1.49135308327439,-0.0291772050000457,140.850765786868,148.785590358578,141.766322468218,157.365663140937
16.19,0.170995871907571,0.0146070983665953,1.08763129678852,-0.171796464307135,-0.134554197078864,0.106527571926633,-1.00188990758348,0.456806825676546,0.986349067983364,140.850765786868,142.98706471002,141.766322468218,147.233688905486
16.2,0.141449473607746,0.0631671511281259,1.20599489945244,-0.287815648807856,-0.153331647210756,-0.022078236550692,-0.866239573260277,-0.887068513093453,2.13380171479836,142.98706471002,140.850765786868,141.766322468218,155.788391997086
16.21,-0.0137082000042244,0.150809741321632,1.84555720046874,-0.638691482085928,-0.150999226023352,-0.011433571847933,0.935252214875796,-1.71444203286698,-2.97536925730259,142.98706471002,137.798910182363,141.766322468218,152.993343649953
16.22,0.151161484168178,-0.0240650724267871,1.08903899073609,0.0609464746549451,0.147922583334944,-0.0393424878007136,0.970622477538922,-0.497606674204181,-1.98862134248587,140.850765786868,137.798910182363,141.766322468218,161.438099224512
16.23,0.102542807596334,0.0141967317337314,1.32224696112421,-0.16968275451924,0.0920853555546059,0.0472954741390778,0.984736386205322,0.898567478304628,-0.958751911411121,142.987064709853,145.733734754073,141.766322468218,158.995002469918
16.24,0.0347346051402088,0.0244363565336731,1.67205891670015,-0.171796464322989,0.0215358253614342,0.0366037776860369,-0.30697272442068,1.65259274854155,0.0812727823875395,140.850765787012,145.779512588232,141.766322468218,163.03743695798
16.25,0.0830015388784216,0.00471921640003951,1.49891255637467,-0.0536635699896398,-0.0754218780934161,0.0349723714448766,-1.41321112703719,0.502446953239779,1.1934121137869,142.98706471002,142.98706471002,141.766322468218,148.146539485495
16.26,0.0832946579056646,-0.0142944380676555,1.43885094631848,0.178374799043702,-0.0560027136127937,-0.0632931833872743,-1.23366287381983,-0.761699106218512,2.24727373656358,140.850765786974,140.850765786868,141.766322468218,150.756027632636
16.27,0.122611690561757,-0.0729768680237196,1.20282758799688,0.296507693375386,0.0864634216680266,-0.113504742819058,-0.157619332530828,-1.22876652163449,-3.02748017526285,140.850765786868,135.967796819661,141.766322468218,146.397245111497
16.28,0.102484183788386,0.00501233542679652,1.20564297594515,-0.0550727098625602,0.097185549592802,-0.0329104904786832,1.17456598651384,-0.277493661445207,-1.84844190014024,142.98706471002,140.850765786868,141.766322468218,139.65640068575
16.29,0.0446224871124921,-0.0241823200371289,1.55404723752851,0.061651044589528,0.0148310086229246,0.048538563449173,1.15063704077401,1.04637377077591,-0.7931689719706,140.850765786913,148.785590358578,141.766322468218,148.190930379815
16.3,0.0347346051428122,-0.00469967512612108,1.73036090928332,-0.1725010342534,-0.00893922301902252,0.0338920349423627,-0.384169567067927,1.69597146996438,0.123397180364331,140.850765786868,145.733734754073,141.766322468218,141.595462808145
16.31,0.112547937175002,-0.0240064486192211,1.3798451067384,0.0602419047011716,-0.113065447933479,0.0214371691521338,-1.24892503171193,0.589735424436484,1.17327033137164,142.98706471002,142.98706471002,141.766322468218,146.977776491049
16.32,0.0638706368009269,-0.00452380370812244,1.55545493150446,0.0609464746441783,-0.0477641510691412,-0.0426439786838634,-1.2678692037802,-0.903140187799693,2.22891142616532,140.850765786868,137.844688016295,141.766322468218,141.791032031656
16.33,0.112489313368699,-0.0242409438432651,1.26288919806011,0.062355614535712,0.0514184010228459,-0.10294472797005,0.253238856317231,-1.238808875853,-2.89061423221453,142.98706471002,132.915941215158,141.766322468218,144.888089210631
16.34,0.0150760888119197,-0.0144116856786916,1.67205891670453,-0.0557772798034009,0.0187394159637786,0.00915529504181989,1.61009399466733,-0.454411107049086,-1.87921449385634,142.98706471002,142.955020226059,141.766322468218,144.569386620169
16.35,0.102484183791302,0.0436845062250717,1.32295080810529,-0.288520218784255,0.108493390425146,0.0253086594973828,0.89686251862694,1.01443599107874,-0.938686830363376,140.850765786868,148.785590358578,141.766322468218,148.274324888013
16.36,0.0445638633037806,-0.0243581914530582,1.67135506971782,-0.0543681399308977,-0.0324676926962236,0.0390526354348265,-0.374524926153563,1.62975910594194,0.193364179312746,142.98706471002,145.733734754073,141.766322468218,154.630269451752
16.37,0.0734067759364706,-0.0242995676478873,1.4978567858969,0.179079368982457,-0.0773214950926978,-0.000640420089761944,-1.37095585587589,0.629384153512117,1.25940598125602,142.98706471002,142.98706471002,141.766322468218,146.198855229808
16.38,0.151571850803749,0.219790419896348,1.08763129677914,-0.993794735070146,-0.257425649468259,0.0708088245216115,-0.193626619391928,-1.46050626340645,2.26944043542284,140.850765786868,137.798910182363,141.766322468218,148.214441993652
16.39,0.122259947728232,0.00518820684376712,1.14593328937524,0.0609464746499389,0.0215259662603922,-0.120461799278112,0.189738308807646,-1.13175834463079,-2.92235326368247,142.98706471002,135.967796819661,141.766322468218,165.734956927263
16.4,0.0642810034397052,-0.00464105132025594,1.49433755096464,0.0609464746491045,0.0615761487041647,-0.0190253691510895,1.37012968289862,-0.599586391636148,-1.9425391532899,140.850765786868,140.850765786868,141.766322468218,159.264202125943
16.41,0.0543931214704418,-0.0724492537720441,1.5540472375306,0.176261089217425,-0.00292085249272182,0.0905481896900211,1.3223630923066,0.835156656055566,-0.89455285623325,140.850765786868,145.692534703438,141.766322468218,167.718129723277
16.42,0.0348518527542995,0.0242604851142379,1.72965706229495,-0.287815648819217,0.0134073337564725,0.0402922595535183,-0.765476352427542,1.57752887603564,0.28687850198159,142.98706471002,148.785590358578,141.766322468218,150.448397650531
16.43,0.0641051320244007,-0.00440655609651768,1.67100314620384,0.060946474645767,-0.0615748727059505,0.0183690157532623,-1.54335364036023,0.643448155006845,1.21224997275125,140.850765786868,142.98706471002,141.766322468218,159.601280102649
16.44,0.0738171425772489,-0.0821026405156948,1.5543991610179,0.410413168045334,-0.0034791212792985,-0.110352661196018,-1.45272071811174,-0.688620530805674,2.27158807407218,140.850765786868,135.967796819661,141.766322468218,146.436493136259
16.45,0.200366398788694,-0.0827475023816759,0.794361716352843,0.413231447822961,0.112126852599455,-0.185530083382979,-0.288211905757598,-0.847764509316395,-2.98962037406601,140.850765786868,135.967796819661,141.766322468218,144.540343038498
16.46,0.0830601626808422,0.00495371161956287,1.38090087722896,-0.172501034249308,0.0757535648667133,-0.0344227728889239,1.35085981730464,-0.334397358752247,-1.93773764689989,140.850765786868,137.798910182363,141.766322468218,148.656552290466
16.47,0.0540413786355286,-0.102288771099443,1.55545493150984,0.296507693375386,-0.0253037102886854,0.112885718952794,1.37558086007689,0.784304885602008,-0.864240470811597,140.850765786868,145.733734754073,141.766322468218,143.579308524578
16.48,0.102718679012055,-0.0629131146394295,1.43885094631682,0.177670229111622,-0.0834894873480601,0.0868256443337665,-0.135224804742845,1.4434586963996,0.216267211423399,140.850765786868,148.785590358578,141.766322468218,134.509488554986
16.49,0.0837050245430758,0.00507095923283522,1.55369531405037,-0.0557772798034009,-0.0764531976979559,0.0344551059068939,-1.47230385571437,0.499401231769557,1.20789333435851,140.850765786868,142.98706471002,141.766322468218,141.118322184602
16.5,0.0931239160695488,-0.0340702020064617,1.43814709933345,0.179783938920377,-0.0462512429735859,-0.0877135390477878,-1.18757503815974,-0.830815787497341,2.30561280629329,140.850765786868,135.967796819661,141.766322468218,141.055825677569
16.51,0.0446224871105483,-0.0240650724260929,1.61234923013148,0.178374799043702,0.0328397445296416,-0.0386244125655267,0.161710946985605,-1.61410568999198,-2.93155742929937,140.850765786868,135.922018985556,141.766322468218,141.189411487332
16.52,-0.0820440167151059,-0.0726837489957824,2.19712877353688,0.294393983556618,-0.0566861882357811,0.0938127076153762,2.00986913275337,-0.935130330094801,-1.87307838344056,140.850765786868,140.850765786868,141.766322468218,143.745436852855
16.53,0.0734067759358458,-0.0534355993067442,1.49750486240689,0.178374799041616,0.0153635573227938,0.0894867539525019,1.19784059658302,0.916251213938104,-0.799259061554452,140.850765786868,148.785590358578,141.766322468218,145.704289436663
16.54,0.102718679010944,0.0246122279492552,1.43920286981454,-0.173205604196326,0.00834334557360518,0.105296141273168,-0.394851602855726,1.39477499745647,0.156102648850422,140.850765786868,148.785590358578,141.766322468218,144.469196207938
16.55,0.10266005520494,0.00495371162058424,1.43955479331019,-0.171796464310473,-0.096535697010486,0.035277264579343,-1.42546607246314,0.264345426191639,1.26865616770538,140.850765786868,142.98706471002,141.766322468218,151.063875431589
16.56,0.112430689563064,-0.00481692273816378,1.32189503764191,0.0630601844778843,-0.0685599518360315,-0.0892378602641976,-0.89779627790006,-0.972288496690915,2.4436752905412,142.98706471002,137.844688016327,141.766322468218,150.976850494053
16.57,0.0832360340995978,0.0150760888148155,1.38019703023442,0.0602419046988287,0.0015145982547971,-0.0845767806121053,0.211187008996391,-1.36527395660388,-2.9445046222611,140.850765786868,135.995263520225,141.766322468218,151.895710983917
16.58,0.0639878844133381,-0.00446517990184742,1.49609716842381,-0.0564818497495849,0.0632057098209035,-0.0109281942372155,1.46637816914628,-0.302046356985267,-1.81167125851033,140.850765786868,140.850765786868,141.766322468218,148.220539610686
16.59,0.0151347126170212,0.0728205378860113,1.78936674887925,-0.521967727706367,0.0612364699384708,-0.0422135643304684,0.93364135039937,1.61325679902056,-0.808463227176731,140.850765786868,148.739812524348,141.766322468218,151.978799939691
16.6,0.0832946579056646,0.0147829697862041,1.55545493150963,-0.173205604196326,-0.00369451977172354,0.0845156006603388,-0.507493222825986,1.48050358124131,0.219335266628414,140.850765786868,145.733734754073,141.766322468218,156.691228367266
16.61,0.0832360341003548,-0.0437822125593099,1.49750486240459,0.179079368982457,-0.0901367922959109,-0.0268417246828114,-1.43451523063732,0.465570925198422,1.37599207905994,142.98706471002,145.733734754073,141.766322468218,146.328411150978
16.62,0.131796086865568,0.199311170293931,1.20564297593578,-0.872138991057208,-0.237403920576592,0.0271022067713269,-0.106557021472688,-1.48419911276096,2.4436752905349,142.98706471002,140.850765786868,141.766322468218,150.282303700735
16.63,0.151337355581816,-0.0630303622489382,1.08798322027166,0.295098553498711,0.10089144772733,-0.129215856361411,0.00385554222975282,-1.12728691053513,-2.87331040122554,140.850765786868,137.844688016479,141.766322468218,163.994011879633
16.64,0.0150174650077902,-0.0533769755012609,1.67276276368206,0.178374799042868,0.021677751963344,0.0510362698356585,1.63654135074255,-0.389467893162693,-1.69819923673357,142.98706471002,142.98706471002,141.766322468218,152.75876740945
16.65,0.0539827548303577,-0.0436649649483433,1.55580685500048,0.061651044589528,-0.000245962343753951,0.0694313076755725,1.02221127316718,1.1744870941715,-0.676582874167469,142.98706471002,148.785590358578,141.766322468218,164.713267216017
16.66,0.0638706368002459,0.0048950878152745,1.5554549315065,-0.17179646431381,-0.0175696683663359,0.0616013545588501,-0.700807752165288,1.39922212804246,0.354329695670944,142.98706471002,145.733734754073,141.766322468218,149.017838214048
16.67,0.0345001099193169,-0.0242995676487898,1.73141667976796,0.179783938924966,-0.036160566521271,-0.0217517815643639,-1.71397258832359,0.304013075622443,1.49871428728092,142.98706471002,143.028264760626,141.766322468218,157.447737969038
16.68,0.0930652922641002,0.0438603776363147,1.43849902282576,-0.171796464308804,-0.0938038899291889,-0.0422576807782343,-0.803912542086911,-1.20520458366828,2.43447112492468,140.850765786868,135.995263520046,141.766322468218,147.919648994189
16.69,0.160521751877087,-0.0722147585452512,0.973842699570238,0.292280273707813,0.126829656687795,-0.122050982633874,0.0916576061027142,-1.01261850918719,-2.75974633779258,142.98706471002,137.798910182363,141.766322468218,148.181281968834
16.7,0.160638999488217,0.0242604851125837,0.973138852583095,-0.171091894360277,0.161449638104676,-0.0180962330428803,0.965879793582063,0.208201553962503,-1.53252425564924,142.98706471002,145.733734754073,141.766322468218,144.279823270589
16.71,0.0733481521286122,0.0244949803364341,1.43955479331632,-0.172501034249308,0.0635755326781943,0.0440239381138056,0.724894904406715,1.25562812462219,-0.642834266914147,142.98706471002,145.733734754073,141.766322468218,150.26282736687
16.72,0.102835926622536,-0.0143530618735207,1.49715293891312,-0.0557772798034009,-0.0570746729470918,0.0867393791621959,-0.692553352959886,1.3285134100725,0.4433032966212,140.850765786868,145.733734754073,141.766322468218,144.203984307896
16.73,0.0732895283262677,-0.00475829893073659,1.55686262547366,-0.0550727098679837,-0.0734436974665025,-0.000140262075795785,-1.55724461151899,0.0429355081955935,1.50787243206257,142.98706471002,142.98706471002,141.766322468218,146.094079426203
16.74,0.073524023547229,0.0334448814226308,1.43849902282576,-0.168273614639645,-0.0698651547668878,-0.0405364315319704,-0.696513622778425,-1.26982842200772,2.52344472587456,142.98706471002,137.771443481868,141.766322468218,145.338851170907
16.75,0.131913334476048,-0.0337184591737702,1.08763129677852,0.0609464746516076,0.0923660470181352,-0.100032872896297,0.463342168093731,-0.985885564236934,-2.64627431602738,142.98706471002,137.798910182363,141.766322468218,146.382323659578
16.76,0.0443293680829582,-0.00434793229266585,1.49680101542039,-0.0571864196809103,0.0441305425394354,0.00604091094381299,1.49351682004826,0.11441623395467,-1.53252425564349,142.98706471002,145.692534703379,141.766322468218,142.115814982069
16.77,0.0637533891887934,-0.0533183516956735,1.4388509463189,0.0609464746499389,-0.00953881072193333,0.0825612036649927,0.841227112184199,1.16890695276454,-0.581473162801275,142.98706471002,148.785590358578,141.766322468218,147.028846342061
16.78,0.122084076310949,-0.0434304697255423,1.26429689203252,0.177670229100775,-0.100893067627134,0.0813100011933684,-0.510165696517794,1.17036075788977,0.550685228815258,142.98706471002,145.733734754073,141.766322468218,139.011812858971
16.79,0.0250812183956209,-0.0433718459192259,1.7296570622962,0.177670229098272,-0.0229903307960554,-0.0445154942074987,-1.73614919340435,0.0952168141685223,1.6183684402906,142.98706471002,142.98706471002,141.766322468218,142.047717749537
16.8,0.08347052932326,-0.0241236962312638,1.43744325234132,0.17837479903953,-0.0200189011325435,-0.0845489537653125,-0.861872435356162,-1.16414628711654,2.62775860286323,142.98706471002,135.995263520059,141.766322468218,142.980203710242
16.81,0.0735826473531982,-0.00469967512622522,1.37949318324296,0.061651044589528,0.0443310099081712,-0.0589173531170471,0.705934161263934,-1.18678526021912,-2.56032274944288,142.98706471002,135.967796819661,141.766322468218,142.901466484495
16.82,0.0442121204719221,-0.00464105132025594,1.55580685500048,-0.0564818497487505,0.0442333594494448,0.00443405748690941,1.55605418569622,0.0491989897741287,-1.57547702852464,142.98706471002,140.850765786868,141.766322468218,147.727973312666
16.83,0.0930652922641002,0.0345001099196227,1.38019703023483,-0.408062252982184,0.0769613114055198,0.0626766523947398,0.348922529211156,1.39632077732405,-0.532338258692759,140.850765786868,148.739812524326,141.766322468218,148.991491692481
16.84,0.0832946579056646,-0.0145289332888945,1.43885094631598,0.0623556145232764,-0.0624343948366747,0.0570178593031434,-0.830596695452022,1.17655828494858,0.658021140169209,142.98706471002,148.817634842542,141.766322468218,156.961316706761
16.85,0.0637533891887934,-0.0241236962319233,1.61446077108784,0.178374799047457,-0.063182200485722,-0.0255823551443156,-1.61813343259413,0.141227988153529,1.59377797781299,142.98706471002,140.850765786868,141.766322468218,148.717013836671
16.86,0.0834119055162841,-0.0242409438424387,1.49644909193016,0.179079368982457,-0.0188488236602184,-0.0847932260670377,-0.876508769612635,-1.22603494319123,2.64003082367885,140.850765786868,132.915941215158,141.766322468218,149.528373727847
16.87,0.0732309045203331,-0.00446517990411844,1.38090087721408,-0.0564818497404868,0.0408191923566427,-0.0609630768891605,0.745792549863832,-1.16355958360899,-2.61247968794074,142.98706471002,132.915941215158,141.766322468218,145.466778145944
16.88,0.0545689928851908,0.0150174650075819,1.49433755097297,-0.173910174134664,0.0545907916320903,-0.0149380289442635,1.49408285802082,0.176084861029481,-1.56934091810849,140.850765786868,140.804987952752,141.766322468218,148.345165985582
16.89,0.0439190014439849,-0.00423068468114385,1.61622038855356,-0.174614744075504,0.0171612498718834,0.0406481104547653,0.614885336813057,1.50485038319331,-0.495521596222379,140.850765786868,148.739812524495,141.766322468218,149.02063186825
16.9,0.0828842912660665,-0.0237719533975309,1.49926447987448,0.0595373347682576,-0.065898376794563,0.0556085914482136,-0.785389117065866,1.27847667543804,0.590569946484902,142.98706471002,150.889844797888,141.766322468218,148.997953314324
16.91,0.0930066684583739,-0.00469967512598223,1.43885094631973,-0.055072709862143,-0.0929677924012269,-0.00541450829328312,-1.43838506977208,-0.0661319903942577,1.57848372261984,140.850765786868,142.98706471002,141.766322468218,144.099902127222
16.92,0.0832946579056646,-0.0625613718009063,1.43849902282576,0.292984843662839,0.0185983174334971,-0.102498916413179,-0.906584593072079,-1.15465316562643,2.67689350697705,140.850765786868,135.967796819661,141.766322468218,146.130034201078
16.93,0.141390849802869,-0.0433132221124582,1.0893909142634,0.176965659151174,0.113254108417193,-0.0950837238667441,0.444075648591344,-1.01038914628308,-2.56645885985402,140.850765786868,137.798910182363,141.766322468218,139.002598105715
16.94,0.0446224871139501,-0.00464105132025594,1.61234923011398,-0.0557772798034009,0.0441966919844435,0.00770442283523656,1.60467487723848,0.166732369835839,-1.50184370359612,140.850765786868,142.955020226013,141.766322468218,141.005881564213
16.95,0.0833532817117313,-0.131190307531387,1.43849902282576,0.529250632325191,-0.0839564613384952,0.130805118255414,1.08525168352897,1.08241140694507,-0.434160492121158,140.850765786868,145.733734754073,141.766322468218,144.800321425071
16.96,0.0832946579056646,0.0149588412028209,1.55580685500048,-0.173910174143345,-0.0288948810535448,0.0795415162959219,-0.93171503775457,1.25804880952968,0.52614078716605,140.850765786868,143.028264760826,141.766322468218,134.078804937171
16.97,0.0735826473523999,-0.0435477173384875,1.55545493150984,0.177670229113291,-0.0704005583811387,-0.0485239225166755,-1.56400977034804,0.069858374782949,1.63989084754985,140.850765786868,142.98706471002,141.766322468218,149.985676444777
16.98,0.0834119055161452,0.18936466452269,1.43779517584364,-0.870729851199724,-0.206059778820522,-0.0188650392012035,0.368319577062198,-1.64005064879175,2.81797802559048,142.98706471002,140.850765786868,141.766322468218,144.34066984562
16.99,0.0151933364233376,0.0439776252505443,1.73036090929583,-0.172501034259657,-0.0287504858609665,-0.0365824897609279,1.0818017462064,-1.36147363732998,-2.56952691506571,140.850765786868,135.995263520157,141.766322468218,162.203212672975
17,0.208436942790974,0.110965094428411,0.802455956664837,-0.635168632450914,0.220833524511563,-0.0836167791376517,0.715363719927986,0.731867134285478,-1.44355065468804,140.850765786868,145.733734754073,141.766322468218,158.066909116807
17.01,0.0732309045196389,0.0635188939667213,1.49891255637675,-0.5240814374976,0.0884303348157514,0.039717642829027,0.155056964579569,1.58030299073589,-0.434160492115406,140.850765786868,148.785590358578,141.766322468218,166.847523450395
17.02,0.103011798039402,-0.0436063411427559,1.43779517583905,0.061651044589528,-0.0937685523509666,0.0609950990914274,-0.75317105627582,1.22629082152375,0.593638001689917,140.850765786868,143.028264760685,141.766322468218,157.783901131931
17.03,0.11254793717528,-0.00469967512594752,1.3215431141448,0.061651044589528,-0.109668446615786,-0.0257285235794958,-1.3096484362708,-0.18734467490688,1.75949897973723,142.98706471002,142.98706471002,141.766322468218,162.951252819278
17.04,0.0736412711588204,-0.0336012115607903,1.43814709933136,0.177670229098272,0.00942674287354099,-0.0803941213960078,-0.609685765303966,-1.31457866147628,2.83025024641795,142.98706471002,137.844688016381,141.766322468218,156.093020612666
17.05,0.0930066684582351,0.00507095923231453,1.32154311414585,-0.0557772798034009,0.0516833928737489,-0.0774905278488512,0.836703741493258,-1.02445798179318,-2.49891562450827,140.850765786868,140.850765786868,141.766322468218,152.953819519366
17.06,0.0539241310243885,0.0538655072184192,1.49750486240855,-0.407357683038006,0.0660449030420558,-0.0380443892945916,1.34070234123366,0.781651026403685,-1.3085562256572,142.98706471002,148.785590358578,141.766322468218,153.326681814945
17.07,0.0832946579056646,-0.0338943305894978,1.43849902282576,0.0609464746441783,-0.0100320504486573,0.0893654499542606,0.448821770126941,1.36804712276381,-0.274667642269388,142.98706471002,150.921889281731,141.766322468218,153.241977750996
17.08,0.102366936173446,-0.0240064486187204,1.44096248730082,0.0609464746433439,-0.0877063766265409,0.0579904362448248,-0.944447387649701,1.0900029791433,0.756244927569237,142.98706471002,145.733734754073,141.766322468218,139.430671920636
17.09,0.083470529320969,-0.0238892010116216,1.49609716844244,0.17767022911496,-0.0713857584307689,-0.0494175746406106,-1.47396089578061,-0.31194987649439,1.89756146397328,142.98706471002,140.882810270832,141.766322468218,145.490234567485
17.1,0.0737585187680514,0.0343242385030753,1.4374432523532,-0.172501034261326,-0.0543495263458382,-0.0605359515135925,-0.254366679874295,-1.42523587617163,2.84554450161036,142.98706471002,132.96171904936,141.766322468218,141.805683792612
17.11,0.102718679011916,-0.0240064486211997,1.20458720545926,0.0602419047170248,0.0900268215844395,-0.054978250142751,0.815919271735045,-0.888220223059264,-2.34862694027831,142.98706471002,137.798910182363,141.766322468218,147.557277038629
17.12,0.0344414861134865,0.0146070983697194,1.43849902282576,-0.0543681399292289,0.0373279808623789,0.00249101048292045,1.25946659269098,0.697122109250157,-1.10304254771913,145.733734754073,148.785590358578,141.766322468218,142.244741440924
17.13,0.0637533891887934,-0.0143530618732083,1.49750486240564,-0.0557772798034009,0.000668298703245956,0.0653456838286749,0.289543105455721,1.47030497107024,-0.23166884856032,142.98706471002,145.733734754073,141.766322468218,150.91713941924
17.14,0.0831774102945591,0.00495371162152148,1.49750486240605,-0.055072709864229,-0.0598358084510076,0.0579887650252439,-1.17132688477787,0.934637440560847,0.860558804557732,142.98706471002,148.785590358578,141.766322468218,145.272154219599
17.15,0.0735826473528858,-0.0438408363653139,1.49715293891312,0.17978393892288,-0.0544115677747154,-0.066149876923294,-1.46969323051696,-0.337329209176188,1.91592377438345,142.98706471002,140.850765786868,141.766322468218,150.06755277171
17.16,0.0638706368002459,0.112020322923709,1.49644909192516,-0.522672297610078,-0.122996977124049,-0.0387266653811947,0.194262556823932,-1.57315233668862,2.92842801298955,142.98706471002,132.915941215158,141.766322468218,144.141545655353
17.17,0.0638706368004542,0.0244949803375596,1.3794931832438,-0.172501034253817,0.0348230257450182,-0.058879700958775,1.18804032871724,-0.722023702364523,-2.24129102891227,142.98706471002,137.771443481959,141.766322468218,158.297999615821
17.18,0.0348518527550285,0.0151347126203535,1.55404723752434,-0.174614744083848,0.0379785800609401,0.00115698881309957,1.3315356597608,0.820101159671106,-1.13065504457353,142.98706471002,145.733734754073,141.766322468218,152.48778133168
17.19,0.0927721732340803,0.0537482596063418,1.38125280072097,-0.407357683037588,0.0694527467323922,0.0816815004062186,-0.15412415611808,1.43179793474155,-0.179557930903195,142.98706471002,148.785590358578,141.766322468218,159.298211684366
17.2,0.131971958279538,0.00501233542597675,1.20458720546877,-0.055072709857634,-0.104145961742139,0.0812116982420856,-1.00953945322854,0.659464503461057,0.94646435030278,142.98706471002,145.733734754073,141.766322468218,154.404024796864
17.21,0.0541586262488704,-0.043313222110804,1.55510300800719,0.294393983535582,-0.0303424908481986,-0.0623580408280412,-1.53104026926399,-0.401159415877273,2.01414756177757,142.98706471002,140.850765786868,141.766322468218,153.414384518584
17.22,0.02461222794988,0.0543344976613831,1.6731146871752,-0.175319314000075,-0.056855158504689,-0.0180413511738559,-0.0229619294283134,-1.68211841678871,3.02353772435058,142.98706471002,132.961719049371,141.766322468218,144.488759182146
17.23,0.063870636799274,0.00524683064866031,1.37949318324734,0.0609464746541108,0.0500037281182521,-0.0400825978608725,1.10929514285282,-0.822301770301979,-2.16454362795591,142.98706471002,135.967796819661,141.766322468218,148.149282714967
17.24,0.165622022952608,0.112137570538216,0.921523406281731,-0.6415097618947,0.195738073354803,-0.0411350927126355,0.610288312957335,0.942490497564283,-1.18276596223137,142.98706471002,142.98706471002,367.526197501974,144.681925651842
17.25,1.02133418012094,0.00471921640003951,2.90449500151748,-0.288520218775494,0.149916698913694,1.01028251587047,0.127464753319261,2.91600546418273,-0.142695247604505,142.987064709898,150.921889281731,370.960678366464,158.743297121511
17.26,1.0499425975301,-0.0145289332897276,2.90801423644433,-0.0550727098646461,-0.943662644316407,0.460533779143901,-2.62034079154425,1.26229708821023,1.10293516578283,142.98706471002,161.908569457944,370.960678366464,158.407671789225
17.27,1.07018735191329,-0.0725078775787076,3.02180283369116,0.176261089222432,-0.650636420615869,-0.852778170847688,-2.1237373521211,-2.15687273534706,2.4221989040998,142.98706471002,176.830617436163,370.960678366464,169.684848937574
17.28,1.03092894306255,0.0443293680833053,3.14016643634678,-0.643623471708879,0.550562991597241,-0.872731327959654,2.31709171915563,-2.21494523325382,-2.53582432863082,148.785590358578,197.920465591091,370.960678366464,173.352678907649
17.29,1.0212169325097,-0.0337184591723817,3.25747426852275,-0.408766822924276,0.697093801764253,0.747048317898741,2.01026408141386,2.59558610887575,-0.783826743870349,153.973744886234,229.873393770346,370.960678366464,181.748975509787
17.3,1.08019248149543,0.0438603776367313,3.07869713230302,-0.758938086275113,-0.688928098224825,0.833137206756501,-2.62133926504763,1.7840805779923,0.731516402622831,163.739682820577,247.970897504955,370.960678366464,187.756774146803
17.31,1.01156354576303,-0.0141771904548144,3.37407825370869,-0.40947139287054,-0.465925704768007,-0.89798387373176,-1.23498274697903,-3.16652625101914,2.64895886432044,166.791538425151,257.736835439367,370.960678366464,195.089438910549
17.32,0.963237988225548,0.0253743374278519,3.42956485833186,-0.763870075887715,0.959956505363778,-0.0833953642024968,3.46937615121997,0.555735307217054,-1.63111620967617,179.914517524518,273.879625659247,370.960678366464,199.129543357029
17.33,0.835985246342033,-0.0433718459171831,3.89985195751631,-0.527604287213661,-0.381571373156383,0.745087737321831,-2.0768334628481,3.34274951828946,0.42145874355585,195.784166667938,286.729463682155,370.960678366464,203.128077384895
17.34,0.806438848040112,-0.0825130071622353,3.7252979032524,-0.0571864196708977,-0.262579372944448,-0.766944642645946,-1.50720796896225,-3.40726266860484,2.70976771849201,216.841970339015,302.858520551791,370.960678366464,204.85871504973
17.35,0.708615256845551,-0.0238305772058953,3.84295765891673,-0.527604287180109,0.690285123470548,0.161894802138617,3.66567493842605,1.26866744967811,-1.37404386401574,234.847918405589,318.728169695244,370.960678366464,198.827778508991
17.36,0.601724516955855,-0.00493417034680467,4.01469632528047,-0.758938086288463,-0.475252841687393,0.369095484679542,-3.62088740781221,1.89286766124487,0.902269015069578,268.723515614671,325.765748719303,370.960678366464,184.236598109393
17.37,0.503842301956056,0.00524683064893801,3.95850587363094,-0.525490577375109,0.171338613623541,-0.473843512094234,1.87705165250363,-3.52456893709204,-2.78421407806747,281.846494714949,333.728039991515,370.960678366464,163.753292639548
17.38,0.464701140717557,0.0242018613111845,3.8419018884375,-0.640100622014688,0.146003682590138,0.441832326731807,0.396689330753132,3.87460662539436,-0.267120226460342,297.716143858369,346.818974607002,370.960678366464,174.069245817978
17.39,0.473885537020884,0.0438603776386058,3.66769975763843,-0.40665311310384,-0.38670345727987,-0.277401642121974,-2.5040194980099,-2.71058565999385,2.28536364193779,312.975421880649,346.896796924977,370.960678366464,194.325951349572
17.4,0.395661838347323,-0.0144116856786916,3.55179961943857,-0.172501034255903,0.370830967407724,0.138709699083866,3.31526675023845,1.28609623210191,-1.2492660588045,325.793215419805,359.941953706406,370.960678366464,225.240053621576
17.41,0.570067661655662,0.0339138718619499,2.62037543192241,-0.522672297610078,-0.538303692635766,0.190673606104573,-2.66254604862488,0.224504507446084,1.28979506807111,336.77989559602,359.973998190249,370.960678366464,224.260330546816
17.42,0.346691418942617,0.0439776252486004,3.55179961944378,-0.52408143749009,0.214683151396857,-0.275753723451317,2.88697933677235,-2.13431305080866,-2.3539039952231,341.968050123676,359.941953706444,370.960678366464,229.115832823306
17.43,0.327619140672493,-0.11200078165118,3.49103416238818,0.179079368982457,-0.23360043488563,0.255556868909256,-1.23103466293856,3.27168803555599,0.411134737764426,349.902874695386,367.90882276196,370.960678366464,198.502010990571
17.44,0.258931581133491,0.0535723881883298,3.7263536737285,-0.288520218755469,-0.0742247716922576,-0.253783860305819,-0.0121262727617855,-3.73748693266605,3.06107537977403,357.837699266541,365.804568322813,370.960678366464,210.988135620905
17.45,0.278590097462176,-0.0437235887540002,3.55074384896323,-0.0557772798034009,0.0913712872713646,0.266787335681226,1.60807620261986,3.16622549930673,-0.485642458477789,357.837699267096,373.707348410517,370.960678366464,206.755762349073
17.46,0.249395441999072,0.190361269205262,3.55039192546742,-0.993090165107017,-0.313016963125269,-0.0213513488844343,-2.01419396698908,-3.08780400346287,2.29085546074163,362.720668234596,373.739392894489,370.960678366464,212.668913416402
17.47,0.1908888834588,-0.00452380370991415,3.72529790325157,-0.173910174130909,0.178692332163545,0.0672910176331606,3.45900688554258,1.39404468450829,-1.23433997024367,367.90882276196,375.84364733367,370.960678366464,198.009396771851
17.48,0.161811475604593,-0.0240650724266483,3.84190188844334,0.0609464746541108,-0.161747369107813,-0.0244922423419437,-3.84204942130492,0.050801943346253,1.57343677179643,370.960678366464,380.772394135068,370.960678366464,206.198974379232
17.49,0.239155817197881,0.0149002173966153,3.31788780206312,-0.173205604196326,0.223390380478342,-0.086684827321706,3.21431860879318,-0.840556678380536,-1.87872872203956,373.707904295914,380.726616300876,370.960678366464,184.339009288135
17.5,0.15151322699837,-0.0142358142623458,3.78535951330484,-0.0571864196792415,-0.126841220844696,0.0840846065448282,-2.98149491688554,2.33300342737615,0.891714863574792,375.84364733367,383.77847190538,370.960678366464,201.837379300537
17.51,0.210137033148775,0.0344414861134865,3.37478210069414,-0.0564818497421556,0.0884572591088695,-0.193698482124206,1.9268773452005,-2.77118893673256,-2.55074595327005,378.895502938174,383.77847190538,370.960678366464,199.104974802857
17.52,0.180707882461912,-0.00446517990338948,3.61010161203154,-0.174614744076339,-0.0528566366679952,0.172862525075811,-1.1382166959174,3.4304207775689,0.27204002213906,378.895502938174,386.830327509884,370.960678366464,190.557120672755
17.53,0.141977087861972,0.0440362490548474,3.60834199456436,-0.172501034255485,-0.019279172187637,-0.147394023719912,0.782929337669095,-3.526600375542,-2.97089878906896,383.77847190538,386.830327509884,370.960678366464,178.168300276954
17.54,0.112665184786767,0.0926549256235302,3.72564982673846,-0.523376867548832,0.115198870582537,0.0894851905169018,0.310247707222332,3.74941813314077,-0.222123531190653,383.77847190538,391.745777629976,370.960678366464,198.463388281724
17.55,0.161518356579016,0.0535137643834366,3.49103416238859,-0.171091894367546,-0.131244744327065,-0.10828997911624,-1.71248571674422,-3.0469631814693,2.58059028657796,383.77847190538,386.862888078941,370.960678366464,216.51123616911
17.56,0.0737585187711061,-0.0832751166354968,3.66699591065006,0.533478051993774,-0.0221329545129379,0.10901924814679,2.63253761575738,2.60791172057372,-0.645629887536027,386.849386434532,396.901451004747,370.960678366464,209.190422270576
17.57,0.12231857153334,-0.0339529543955646,3.60869391805813,0.061651044589528,-0.0914399383649895,-0.0880532436992022,-3.20354336076694,-1.66246280596432,2.0665671831055,388.966626433037,386.863046910794,370.960678366464,193.936918775559
17.58,0.0539241310242216,0.0531620215444513,3.78500758981666,-0.40383483330508,0.0673087910357223,-0.0346920609177314,3.49302896678135,1.51265120394182,-1.26841943216033,391.71329647709,393.816796583161,370.960678366464,198.55695524169
17.59,0.0931239160692017,-0.00469967512535741,3.66699591065527,-0.0550727098696524,-0.0929479356728014,-0.00740485952009806,-3.6638450932725,-0.161651305710399,1.59987105035054,391.71329647709,391.71329647709,370.960678366464,225.253776546366
17.6,0.15110286036266,-0.00452380370984473,3.3768936416355,-0.0564818497384009,0.147628638368054,-0.0325318973221191,3.28834935875987,-0.770298228617785,-1.81762252788313,388.966626433037,391.71329647709,370.960678366464,259.070784098829
17.61,0.0927721732375515,-0.0435477173380709,3.61010161202404,0.295803123439134,-0.102463473022631,-0.00207762092677945,-3.17816386079213,1.73770181876228,1.15219685759161,391.727193609301,396.901451004747,370.960678366464,254.960230163504
17.62,0.112665184786351,0.00518820684355884,3.49068223889962,-0.0564818497404868,0.073279234734428,-0.0857351451269004,2.42885698701377,-2.50772933725986,-2.38834957045718,391.71329647709,386.830327509884,370.960678366464,258.317925883984
17.63,0.06387063679976,-0.0241823200371289,3.72529790324782,-0.0557772798034009,-0.0550421721975367,0.040430213051154,-2.07378641347734,3.0952165488317,0.575333362445478,393.849595400243,396.901451004747,370.960678366464,237.623728853542
17.64,0.10271867901143,0.014958841202168,3.43343601678192,-0.0557772798034009,0.017239848843687,-0.102360546890937,1.10529656277642,-3.25114033757268,-2.83012317364179,393.849595400243,388.966626433037,370.960678366464,251.360832765871
17.65,0.0635775177718228,0.0149588412022722,3.72705752071353,-0.173205604196326,0.00954144792557518,0.0646129125455955,-0.487041157419014,3.69915515422269,0.084470761953422,391.71329647709,396.901451004747,370.960678366464,257.776798831972
17.66,0.142035711667733,-0.0535528469181621,3.25606657454601,0.414640587709569,0.039617430580143,-0.146535012868007,-0.726457997441655,-3.20096159502187,3.0450852974887,393.849595400243,391.71329647709,370.960678366464,289.036828744955
17.67,0.0639878844121151,-0.0242995676487898,3.72494597974905,0.061651044589528,0.00816236086658997,0.0679580326711999,1.78286220225953,3.27115052712373,-0.482467064040922,391.71329647709,396.901451004747,370.960678366464,295.211001471902
17.68,0.0932997874878385,-0.014763428514299,3.49033031539772,0.0637647544208109,-0.0458652550423119,-0.0825783721483798,-2.20100959860146,-2.70961775927066,2.47766639310338,393.849595400243,393.816002422913,370.960678366464,278.815063880628
17.69,0.0247880993670589,-0.0629717384408515,3.72564982673721,0.2943939835416,-0.0206904613107058,0.0644344203298546,3.06993818804977,2.13134088558499,-0.885077567144184,393.849595400243,399.905203190306,370.960678366464,259.51564354517
17.7,0.10301179804084,0.024553604142848,3.49068223889095,-0.055072709857634,-0.103376555374709,-0.0229694974013436,-3.11508286271182,-1.57612000010117,2.02342804652879,393.849595400243,393.849595400243,370.960678366464,235.269255172206
17.71,0.112137570531604,0.00489508781349612,3.25888196251384,-0.0543681399101984,0.109020418458489,0.0267085186517042,3.11322145085646,0.964945458646516,-1.28691706741811,396.901451004747,396.819289457441,370.960678366464,216.513844103181
17.72,-0.00469967512542684,-0.0440167077798546,4.01927133066966,0.180488508851622,0.000424994442077548,-0.0442648493704189,-3.98303032777605,0.56796790348287,1.47402991899305,393.849595400243,393.849595400243,370.960678366464,230.389483151171
17.73,0.102601431401575,0.0247294755602912,3.37443017719975,-0.173910174131743,0.089057592857703,-0.0566334339549586,3.24880182088876,-0.928606751026905,-1.90069553926276,396.86253903436,393.815605343021,370.960678366464,242.156138267305
17.74,0.0635188939674155,-0.0145289332893805,3.66840360462055,0.0623556145261967,-0.0617316429608065,0.0208553122904108,-3.09349999423594,1.97264568909833,1.02013111017195,393.849595400243,393.849595400243,370.960678366464,242.526378354249
17.75,0.102718679011639,-0.0240650724262317,3.374430177201,0.178374799044536,0.0890427532661747,-0.0565830612423451,2.23264343646378,-2.53651333041129,-2.36701255760655,393.849595400243,391.669390762257,370.960678366464,225.307187160661
17.76,0.0055399496768058,-0.0537287183345079,3.84119804145122,0.180488508859966,-0.0473172859517192,-0.0260488131486572,-2.03948468395993,3.2600430548341,0.605984066982001,396.901451004747,396.901451004747,370.960678366464,225.750810952991
17.77,0.122377195339407,0.00530545445504614,3.37372633021534,0.0602419047095154,0.0352027672082129,-0.117324724448849,1.05172239442187,-3.20617192978524,-2.80676786278736,391.677128403833,388.966626433037,370.960678366464,226.645922455908
17.78,0.102542807594078,-0.0437235887540002,3.31718395509017,0.061651044589528,-0.0441916361238985,0.102341970371388,0.0464946522287334,3.31743100765046,0.00456887583697516,393.849595400243,393.849595400243,370.960678366464,201.175461914524
17.79,0.131854710668864,-0.0725665013829413,3.25853003900593,0.411822307942034,0.0399379462088472,-0.145108656878732,-1.1578009676573,-3.07361554975806,2.9070572922434,391.71329647709,388.966626433037,370.960678366464,152.692256957514
17.8,0.0443293680836524,-0.00464105132025594,3.66699591065068,-0.0557772798034009,0.0155925405545273,0.0417552980004767,1.58361969795662,3.30788735689638,-0.461705280622661,391.71329647709,396.901451004747,370.960678366464,187.793596438252
17.81,0.122201323921499,-0.0830406214116197,3.25747426852484,0.415345157656667,-0.00480737231284756,-0.147667862258654,-2.2533144281348,-2.38877045737965,2.51218717385038,396.901451004747,391.669921392437,370.960678366464,115.417791931577
17.82,0.0446224871143894,-0.0528493612457015,3.66523629316937,0.176261089201058,0.00742235122191286,0.0687686705025702,3.13667370660938,1.90428546037554,-0.977117112891436,391.71329647709,393.815938639851,370.960678366464,85.1219657684243
17.83,0.199897408339396,0.140804611739693,2.90801423647773,-0.754710666591495,-0.236342719095968,0.0626660328910103,-2.46525672558378,-1.71716168918017,1.92527383255321,393.849595400243,393.816018056647,370.960678366464,9.24990099305661
17.84,0.0155450792527315,-0.0725665013884952,3.72283443882082,0.29439398357414,0.00687564170524462,0.0738936544222931,3.73156770367347,0.146855539003835,-1.45254801106547,391.71329647709,393.77302870986,370.960678366464,-29.3129978375828
17.85,0.0638706367992046,-0.0533769755020246,3.54968807847992,0.179079368982457,-0.069221576083244,-0.0462269744135532,-3.5100720527379,0.558344928772474,1.46345519313377,393.849595400243,391.71329647709,370.960678366464,-18.3987231584155
17.86,0.161049366135983,0.0533378929719506,3.08186444374631,-0.404539403300926,0.117088632470945,-0.122768405160176,2.91043243281705,-1.09129447559192,-2.0600498358017,396.834134230686,386.830327509884,370.960678366464,-8.06988769007842
17.87,0.0839395197648354,-0.0240064486209914,3.60552660663109,0.060946474652442,-0.0795255816073708,0.0360254690983047,-2.70910899459654,2.37997164674149,0.866885437231248,388.966626433037,391.71329647709,370.960678366464,-3.38482317896168
17.88,0.0928894208476503,0.00507095923269637,3.37513402418624,-0.0557772798034009,0.0494650693180928,-0.0787868393217283,1.99333830071496,-2.72419588228613,-2.52642066484064,391.71329647709,388.933446172472,370.960678366464,1.5458098228109
17.89,0.0829429150723482,-0.0434890935317892,3.49314570334808,0.0602419047111842,-0.0713797616510071,0.0606280301804445,-1.25196910163179,3.26163599447603,0.383748308454416,391.71329647709,391.746397321102,370.960678366464,9.66413718094094
17.9,0.10295317423385,0.0147243459796447,3.43132447582181,-0.0543681399225539,0.0034728545613636,-0.103942781041058,0.652493238840067,-3.36915362165046,-2.96613737394874,391.695712789317,386.830327509884,370.960678366464,24.6082307762701
17.91,0.0635775177716145,-0.00446517990307707,3.60974968854006,-0.173910174137584,0.00791456171129212,0.0632407962511933,0.527473233944016,3.57523559364362,-0.194619235579974,388.966626433037,393.816653389345,370.960678366464,17.3960793657554
17.92,0.0827670436531907,0.142035711667941,3.55215154293838,-0.643623471710547,-0.163520143509793,-0.0169023539971356,-0.87691846204368,-3.5018631852577,2.71697576142706,388.966626433037,386.863190103979,370.960678366464,33.7263951637784
17.93,0.112313441951299,-0.00434793229058312,3.19987612292273,-0.174614744083848,0.0686030495044584,0.0890327768680729,1.91557735102714,2.56909729732728,-0.695208918667645,391.71329647709,391.71329647709,370.960678366464,117.236853931005
17.94,0.0832946579056646,-0.0242409438431329,3.55004000197077,0.0623556145341233,-0.0560747069358155,-0.0661910162793262,-2.99462756758548,-1.90758432833613,2.1555428729676,388.966626433037,388.966626433037,370.960678366464,222.756702304972
17.95,0.0927721732335929,0.0240846136940363,3.3754859476936,-0.170387324413259,0.0953333841210766,0.00991416235987698,3.10227734675931,1.3411981535857,-1.21317113548234,388.966626433037,391.71329647709,370.960678366464,475.906291494673
17.96,0.053865507218016,-0.0436649649478293,3.7263536737295,0.178374799035856,-0.0505656909272159,-0.0474471593754839,-3.72949443644349,-0.0916543462442622,1.64319886782674,388.966626433037,388.966626433037,370.960678366464,479.403037186626
17.97,0.0736998949627417,0.0246708517550509,3.43202832281476,-0.0564818497379837,0.0684271125536353,-0.0368518074375054,3.39158833798528,-0.528334319910038,-1.74178792641396,388.966626433037,386.830327509884,370.960678366464,469.256450164793
17.98,0.0832946579056646,-0.00481692273597691,3.54968807847971,-0.171796464325492,-0.0746888884406347,0.0371856521224045,-3.16631632012924,1.61376591875617,1.05108542731341,391.707149333963,386.862713604395,370.960678366464,470.90593432602
17.99,0.112547937175627,0.0247294755603954,3.25677042153396,-0.173205604196326,0.0616660851795188,-0.097344127006273,2.41566917978984,-2.1911403820196,-2.36062775139123,388.966626433037,386.862634187835,370.960678366464,462.217267518266
18,0.102484183789844,-0.00452380370935875,3.37583787117024,-0.0557772798034009,-0.0575689245127824,0.0849075477063903,-1.81692169304096,2.84573154017146,0.551707892835599,388.966626433037,393.849595400243,370.960678366464,450.700095075353
18.01,0.102894550428054,0.0146657221745432,3.3150724141286,-0.0550727098646461,0.0206656605406977,-0.101859228296256,1.16287552801626,-3.10490879425292,-2.79984708047303,388.966626433037,383.77847190538,370.960678366464,442.152671841017
18.02,0.102484183788803,0.0535723881910027,3.31753587858143,-0.288520218769236,0.0543243146197762,0.102087597407502,-0.264124805206396,3.31956718708756,-0.00735119025897074,386.830661075936,391.745364905123,370.960678366464,429.525531913147
18.03,0.0931239160697918,0.0150174650079984,3.49068223889587,-0.173205604196326,-0.0430514229268557,-0.0839295119931785,-0.913633972130607,-3.37344566270704,2.82752760856482,386.830327509884,383.77847190538,370.960678366464,413.968320024261
18.04,0.0443293680835136,-0.0532597278892529,3.60834199456374,0.177670229098272,-0.0198871468060538,0.0663791599934449,2.1422931446786,2.9089996119462,-0.585564718272034,386.830327509884,393.849595400243,370.960678366464,401.638427475563
18.05,0.0736412711589593,-0.0235374581726124,3.43273216979605,0.17626108921075,-0.0338161455356837,-0.0695235000287263,-2.49753380154492,-2.36157638692103,2.37952400598619,386.837188723109,388.966626433037,370.960678366464,389.290657538131
18.06,0.131620215444119,0.0340897432776709,3.14192605382729,-0.28852021875672,0.133187523054439,0.0273326803097911,2.69409554687912,1.64219134958026,-1.11495515132512,388.966626433037,388.966626433037,370.960678366464,375.452188262708
18.07,-0.0144116856786916,-0.0246513104856629,3.90196349849494,0.298621403211435,0.0187185082049527,-0.0215638874821558,-3.88995210772703,-0.427511971332811,1.75664080048628,388.966626433037,386.862745130094,370.960678366464,362.75034433474
18.08,0.103422164683898,0.0640465082194742,3.25395503356246,-0.410175962820736,0.0939930539976949,-0.0772230869830831,3.27960308105372,-0.0259096828493111,-1.70408963551295,386.830327509884,383.77847190538,370.960678366464,350.71412440318
18.09,0.00553994967388997,-0.0532597278920299,3.84154996495645,0.178374799048708,-0.0233668102028842,-0.0481796828389798,-3.55055590213007,1.47745608667124,1.22287109420846,386.837776372863,391.71329647709,370.960678366464,339.163865072001
18.1,0.0832946579056646,0.00512958303817967,3.31542433762132,-0.0557772798034009,0.062433818855146,-0.0553744609087085,2.64529876250107,-1.99938593086587,-2.23483772927179,388.966626433037,386.830327509884,370.960678366464,331.718030350156
18.11,0.0443879918878514,-0.00452380370963645,3.66664398716254,-0.0564818497396524,-0.0269233952317106,0.0355793396936534,-1.95294202636452,3.10378571580006,0.546220067549667,386.830327509884,388.966626433037,370.960678366464,327.938358603438
18.12,0.0933584112909961,-0.0140599428464165,3.25571465105829,0.294393983564128,0.0517919912405293,-0.0789370926432195,1.09327027605912,-3.08076383550572,-2.71040750009727,386.841111684565,386.830327509884,370.960678366464,326.378972635678
18.13,0.063108527328477,0.0053640782601129,3.55320731340344,-0.174614744073001,0.00660534153100276,0.0629907058256101,-0.104635385427543,3.55595612416517,-0.0196864509211673,386.830327509884,386.86322162615,370.960678366464,330.982623909003
18.14,0.112547937175419,0.0338552480579592,3.19846842893953,-0.0529590000467133,-0.0593824619243164,-0.101424549293133,-0.700981239134062,-3.12115847867278,2.90411231179982,388.966626433037,383.825576951382,370.960678366464,341.8064106336
18.15,0.0249053469776784,0.0341483670852022,3.66629206366481,-0.172501034255903,0.0420971244342503,0.0037708615768173,1.73961003974494,3.2319051676263,-0.540802130331142,386.830327509884,391.71329647709,370.960678366464,354.833726218432
18.16,0.0834705293228435,-0.00428930848589819,3.37407825370869,0.176965659158683,-0.0560692903571385,-0.0619835632371177,-2.5138707755688,-2.25747084818663,2.35490921604508,383.815462101228,383.825803854381,370.960678366464,362.005641009872
18.17,0.0343242385018257,0.0735826473530594,3.43343601678525,-0.290633928589255,0.0681670619932722,-0.0441113477397857,2.75463477815436,2.07000922722289,-1.01080564848763,391.71329647709,391.6705956168,370.960678366464,371.431665286852
18.18,0.200131903565352,0.0831187864878609,2.8483045498938,-0.524081437487587,-0.207993487228432,0.0608294399321743,-2.77428978751787,-0.831153618134963,1.67991585687105,386.830327509884,383.826030757365,370.960678366464,381.835847323879
18.19,0.0543344976663817,0.00518820684418366,3.37231863623047,-0.173205604196326,0.0531893002705554,-0.0122496311636217,3.3660064183018,-0.269321290549893,-1.70195424280526,388.966626433037,386.782655206562,370.960678366464,386.304433293288
18.2,0.0831187864873602,-0.0242409438432304,3.43343601678851,0.0623556145352948,-0.0852640352422464,0.0150466049244001,-3.05131149345513,1.57539495808296,1.11235246929128,388.946948093736,386.830327509884,370.960678366464,390.701374459328
18.21,0.121966828696211,-0.0142358142601789,3.14122220684247,0.0609464746429268,0.0987172295459481,-0.0730306394647736,2.24999764696717,-2.19282968198031,-2.32392800712812,386.830327509884,380.726616300876,370.960678366464,394.431093459881
18.22,-0.0522044993986761,-0.00511004176162311,4.01328863132873,-0.0529590000650696,0.0244073199522973,-0.0464295705021928,-2.24885844807706,3.32444370903656,0.581557932907873,388.966626433037,388.966626433037,370.960678366464,396.54920622081
18.23,0.122377195339407,0.0149588412018556,3.3147204906392,-0.0557772798034009,0.0159121116573516,-0.12225689989463,0.87750007163222,-3.1969480227697,-2.89053498578632,383.74559526108,378.895502938174,370.960678366464,400.261805460426
18.24,0.0637533891887934,-0.00481692273628932,3.55004000197077,-0.171796464322989,0.00389607220403274,0.0638162831813801,0.312481958130919,3.540431197833,-0.136387971035649,383.77847190538,388.932858740588,370.960678366464,399.688780798801
18.25,0.112841056202766,-0.121243801761551,3.31436856714439,0.645974386802487,0.0649205956824994,-0.152376112585862,-1.93719559204275,-2.76579014848375,2.72307759710282,383.77847190538,380.726616300876,370.960678366464,396.310964102479
18.26,0.0831774102946286,-0.0723320061630908,3.37478210069414,0.293689413620367,0.00143485996789926,0.110219516764368,2.46657537474388,2.32194177781126,-0.728787230204406,383.77847190538,386.830327509884,370.960678366464,388.563926301446
18.27,0.102718679011292,-0.043664964948378,3.37443017720204,0.179079368982457,-0.0703906919542465,-0.0866193204081526,-3.06671646378183,-1.41918940666016,2.05724002200678,386.791097891034,383.77847190538,370.960678366464,392.388913425049
18.28,0.0441534966662306,0.00471921639833861,3.6090458415519,-0.0543681399217195,0.0442065214769233,0.00419353433031131,3.5254876468968,0.774018496316256,-1.36973918353009,380.726616300876,383.729778538744,370.960678366464,390.808986837153
18.29,0.122142700116224,-0.014528933290283,3.25782619201715,-0.0550727098613086,-0.122950006075824,-0.00363663308433888,-3.24986819364847,0.234139327487792,1.4819716701211,386.830327509884,383.77847190538,370.960678366464,393.270600901062
18.3,0.0543344976655486,0.00512958303817967,3.48997839190416,-0.173205604196326,0.0450812429537278,-0.0307608808791304,3.13867782549905,-1.53578998076025,-2.07544506329347,383.77847190538,380.726616300876,370.960678366464,392.542848505661
18.31,0.00536407826205678,0.0147829697846767,3.84225381192127,-0.172501034252148,0.00628456679945013,0.0144157466473084,-2.9058830442402,2.51962590382757,0.811605377983599,383.77847190538,386.830327509884,370.960678366464,391.346435126993
18.32,0.16075624710035,0.00530545445637992,3.0253220686487,-0.0564818497487505,0.0682077426322536,-0.14566544776916,1.42293391087615,-2.67039751791426,-2.6706755568011,380.726616300876,375.84364733367,370.960678366464,391.48250593986
18.33,0.0928894208456917,-0.0433718459171831,3.31683203160707,0.176965659143905,-0.0577184422205071,0.0847239219521256,-0.357684918095587,3.30223455705041,0.161198660491152,380.763308548971,380.775015053418,370.960678366464,388.202555217488
18.34,0.0929480446538973,0.0344414861134865,3.49138608588341,-0.173205604196326,-0.0499328110447031,-0.0856286713190292,-0.430604836007847,-3.46905699826796,2.96852820803144,380.726616300876,375.891932633993,370.960678366464,387.817352499663
18.35,0.0539241310251521,0.0634016463575597,3.55074384895247,-0.289929358654255,0.0813819554079748,0.0174515902324472,1.42686282162847,3.26433812619617,-0.493552348101216,380.726616300876,388.966626433037,370.960678366464,389.325616790289
18.36,0.112606560980971,-0.00475829893087544,3.37407825370869,0.179079368982457,-0.0752644665058571,-0.0838936175538135,-2.48532311019884,-2.28902654428833,2.36812810212179,380.726616300876,380.774674696399,370.960678366464,389.474789584445
18.37,0.0444466156934388,0.0443879918880596,3.5486323080032,-0.292043068463427,0.0594472411407506,-0.0202933730860137,3.05784482457258,1.82418898145897,-1.11502213344217,383.77847190538,383.77847190538,370.960678366464,386.173720824936
18.38,0.131971958281393,0.0439776252499889,3.19882035243164,-0.0550727098650633,-0.137320656686314,0.0222186080233116,-3.14848062579336,-0.567938728655312,1.73204730533818,383.77847190538,383.826303396449,370.960678366464,389.697070385296
18.39,0.171347614742692,0.00542270206594332,2.96279699411129,-0.17461474407467,0.167162563480085,-0.0380274656856435,2.9416572040118,-0.394092922099122,-1.76284073718714,380.726616300876,378.895502938174,370.960678366464,387.692688762103
18.4,0.13144434402996,-0.0243581914540995,3.20233958736932,0.0623556145299514,-0.128426781316681,0.0371146724223526,-2.83500980667862,1.49049872577341,1.10623311484286,380.752189686072,386.830327509884,370.960678366464,387.583885679115
18.41,0.102542807593904,-0.0238305772027712,3.19917227592853,0.176965659158683,0.0884154862822547,-0.0571456523677013,2.09677047267019,-2.42272030588131,-2.37293099502433,383.77847190538,378.895502938174,370.960678366464,385.918047140775
18.42,0.0731722807122464,-0.014059942843709,3.55179961944378,0.0595373347619997,-0.0396538756663372,0.0630827615283194,-1.23337474539405,3.33130784652751,0.371349726640082,380.726616300876,386.830327509884,370.960678366464,384.502305660897
18.43,0.142211583085953,-0.0728596204115033,3.02109898669883,0.530659772217479,0.11144916960724,-0.114506511798141,0.380978182610642,-3.04359893968593,-2.84318926941359,380.747424458913,380.726616300876,370.960678366464,383.160564152137
18.44,0.0831774102936566,-0.0337184591715486,3.43343601678734,-0.0564818497479962,-0.0102007843138528,0.0891703990764028,0.865472049339549,3.32304547253501,-0.271234299249636,380.726616300876,386.830327509884,370.960678366464,383.536817513149
18.45,0.0834119055178675,-0.0242995676493319,3.37372633021246,0.179783938928224,-0.0203357130535676,-0.0844658140591155,-1.83160555312085,-2.83893865971815,2.62185756440682,383.77847190538,380.726616300876,370.960678366464,383.968600172978
18.46,0.044270744278093,-0.0242409438432998,3.54933615497748,0.0623556145361292,0.0167312694141223,0.0476191850113206,2.6819381750154,2.32570053727679,-0.838850927255801,383.76242897449,386.783403637301,370.960678366464,384.735734786937
18.47,0.0542172500510413,-0.0728009966086234,3.54898423149884,0.413231447833728,-0.0190826344999765,-0.0887431595721397,-3.40002517233664,-1.09812482550182,1.99911063073509,383.77847190538,383.77847190538,370.960678366464,385.95417884303
18.48,0.0251984660022138,-0.0431959745068373,3.48892262144599,0.176965659176205,0.0177859610348877,0.046738790019913,3.47081502985141,0.396662238589445,-1.40632626455289,386.830327509884,383.703756756363,370.960678366464,383.530254425372
18.49,0.102777302817191,0.00507095923283522,3.43273216979605,-0.0557772798034009,-0.0962961082384384,0.0362759995044751,-3.28515328628874,0.997260818482912,1.25982397382751,380.719849678429,380.726616300876,370.960678366464,387.944856543891
18.5,0.0149588412020639,0.0048364640109367,3.6673478341455,-0.0550727098654805,0.0091566193427431,-0.0127794615085986,2.98223363734226,-2.13512427560738,-2.20716157679027,380.726616300876,378.895502938174,370.960678366464,386.108016818657
18.51,0.1027186790115,-0.0338357067845285,3.37443017720142,0.061651044589528,-0.0882974842972135,0.0624462676087167,-1.95758568848401,2.74926138159855,0.637029296965076,380.726616300876,383.732115294269,370.960678366464,387.103404292023
18.52,0.0635188939663047,0.00524683064942398,3.49208993287011,0.0609464746495217,0.0197261003575074,-0.0606057760221907,1.29429307655756,-3.24395006188445,-2.74450912687364,380.726616300876,378.849259779293,370.960678366464,385.518810479946
18.53,0.0737585187699953,0.0726446664618553,3.54828038450193,-0.521263157730065,0.080005621482728,0.0657013484462868,-0.144837577196672,3.58343843855028,-0.105465907507254,383.770593396595,380.726616300876,370.960678366464,389.010823688594
18.54,0.10236693617617,-0.0719802633249841,3.37618979467505,0.409004028173665,0.0268228843671917,-0.122232077641896,-1.68209154392303,-2.95575876258413,2.74476775728248,378.895502938174,375.84364733367,370.960678366464,388.221034271247
18.55,0.0734653997413638,0.0247880993667812,3.3744301772035,-0.291338498532182,0.0674214704198021,0.0382878591175786,2.03024346230634,2.71104567008949,-0.728906406689604,380.726616300876,380.726616300876,370.960678366464,381.733108175323
18.56,0.064105132024609,-0.042844231664461,3.60658237708552,0.174851949317388,-0.0380680202586936,-0.0670516366123471,-3.30165202160232,-1.46188357099094,2.03606776274673,380.726616300876,378.922976547957,370.960678366464,387.440822874292
18.57,-0.100412809304411,-0.129959207603985,4.18608306803521,0.639633257264623,-0.121023584862602,0.11101990731605,4.23390343693764,0.0805223135390146,-1.40015301382513,380.726616300876,383.732694071101,370.960678366464,380.680765785314
18.58,0.122084076308726,-0.0242995676494013,3.375134024198,-0.0550727098572168,-0.124461865466731,-0.00205784368793056,-3.33049722751206,0.549864439843591,1.39085680651243,378.895502938174,378.895502938174,370.960678366464,381.992176005189
18.59,0.170409633860166,0.0439776252515163,2.85041609080515,-0.172501034262578,0.121858579061516,-0.126980162010556,2.51560963429062,-1.35142024012028,-2.12421404229219,378.895502938174,375.889425167905,370.960678366464,387.687185585182
18.6,0.103129045648564,-0.0339529543955646,3.37302248323613,-0.0557772798034009,-0.0901512367221064,0.0605075010725579,-2.11639515999599,2.62702556213378,0.661626105029224,378.895502938174,378.922969638696,370.960678366464,386.803880915208
18.61,0.0639878844100323,0.073524023547229,3.49033031540898,-0.290633928589255,-0.0502247370028042,-0.0835326713498634,1.35217471570095,-3.23086634346412,-2.8283020313667,378.895502938174,378.895502938174,370.960678366464,387.663570819631
18.62,-0.00423068468260176,0.0439776252504055,3.84154996494811,-0.289224788715083,0.0441613946511602,-0.00130439181735535,-0.543392660947234,3.81390633440687,0.06637737436114,378.895502938174,386.830327509884,370.960678366464,388.820736949694
18.63,0.12225994772844,-0.0238892010097124,3.19882035243164,0.177670229105782,-0.018456240124876,-0.123197223767,-1.23920067918107,-2.9543865749354,2.79992252070652,378.895502938174,375.889425167785,370.960678366464,389.653153177411
18.64,0.0542172500525687,-0.03342534014559,3.49068223889754,0.292984843679526,0.00730281587861405,0.063272683263429,2.39060926861762,2.56040815816154,-0.667378708552456,378.895502938174,386.830327509884,370.960678366464,381.355759641503
18.65,0.0832360341000077,-0.0242995676484427,3.43308409328961,0.0623556145299514,-0.0555772321628425,-0.0665573258606173,-2.88549065719821,-1.86115509334483,2.16181305878783,378.895502938239,378.895502938174,370.960678366464,384.376868540135
18.66,0.0247294755607772,-0.0630889860536925,3.49103416238943,0.29509855349287,0.00377293747684796,0.0676574612706528,3.40838102729174,0.810765966257417,-1.25293238480445,383.77847190538,383.732694070998,370.960678366464,384.27411016554
18.67,0.151044236550581,-0.00499279415523852,3.14227797731606,0.0630601844745468,-0.151124821434586,0.000760088803391987,-3.13760055660665,0.182620428137374,1.53272367920368,380.726616300876,380.726616300876,370.960678366464,384.363323268283
18.68,0.121908204891931,0.0341483670838137,3.14192605382583,-0.171796464308804,0.0999468490072543,-0.0777068128801132,2.97364101325829,-1.02891811001984,-1.9585390612093,378.895502938187,378.895502938174,370.960678366464,385.802060411218
18.69,0.0538068834123458,-0.0535528469184398,3.49208993287469,0.297212263319981,-0.0753481370149148,-0.00925993326116591,-2.57471595107653,2.37778573467515,0.910046535000008,383.77847190538,386.784549675584,370.960678366464,386.698999605079
18.7,0.14191846405628,-0.0238892010066216,3.08080867327188,0.0602419046979943,0.0785231994186357,-0.120605354432917,1.17382678866442,-2.84905981660664,-2.73122876467872,378.895502938174,375.84364733367,370.960678366464,384.800726572647
18.71,0.0927135494270749,-0.0433718459169749,3.37548594769527,0.0595373347497244,-0.0526916309501995,0.0877525571902064,-0.288491512831521,3.36366210020292,0.103194036816841,380.726616300876,383.77847190538,370.960678366464,382.219421706043
18.72,0.102835926622536,-0.130897188512699,3.31507241413068,0.762698141274183,0.107411200835552,-0.127169712195591,-1.41697894000546,-3.0925045269513,2.93807704659621,378.895502938226,375.84364733367,370.960678366464,382.931736573765
18.73,0.0927721732378986,-0.0142944380682109,3.31718395507662,-0.0557772798034009,0.0366158484441209,0.086430820484858,1.69657258766465,2.85104576454762,-0.553599881271767,378.895502938174,380.726616300876,370.960678366464,377.499641226146
18.74,0.0639292606048267,-0.0337770829795312,3.54863230800403,0.178374799045788,-0.0310959710012702,-0.0652754339975932,-2.9525678471893,-1.97660110646751,2.21094796292476,380.726616300876,375.84364733367,370.960678366464,384.26858648798
18.75,0.12184958109037,0.0534551405813204,3.1415741303131,-0.288520218775494,0.132491213283532,-0.0122821361792266,2.89009887333813,1.26493495296178,-1.24981830874734,378.895502938174,380.6991496004,370.960678366464,382.020535690954
18.76,0.122553066755961,-0.0526734898351835,3.25571465105578,0.0581281948957544,-0.123780569308268,-0.0497204320619742,-3.25338552149951,0.136159555810471,1.54682139289474,380.726616300876,378.895502938174,370.960678366464,387.11669559805
18.77,0.083060162683176,0.0244363565325623,3.31648010810138,-0.17250103425632,0.063318699055317,-0.059049712069445,3.04249662967557,-1.33116909995104,-2.03519442052396,378.895502938174,375.84364733367,370.960678366464,383.725866964182
18.78,0.0834119055170477,-0.0241236962314374,3.43202832280851,0.0609464746486873,-0.0767535138805981,0.0406004533082132,-2.4261156349486,2.42827012648714,0.802710623631372,378.895502938174,380.772394135269,370.960678366464,385.968202888229
18.79,0.15122010796835,-0.0432545983076344,3.02461822164527,0.17696565915618,0.103223591336554,-0.118673381683924,1.12055884342207,-2.81495650226745,-2.70430658026339,375.84364733367,373.707348410517,370.960678366464,383.206031491917
18.8,0.150868365132604,-0.0530838564713798,3.02708168611186,0.176965659153677,-0.0661164397754873,0.145628897568694,-0.089315378860437,3.03093436781672,0.0878537607809859,375.843647333713,378.895502938174,370.960678366464,381.369740854097
18.81,0.102835926622536,-0.0241236962311597,3.37407825370869,0.0609464746453498,-0.00654736878939592,-0.105424439700216,-1.0310804171057,-3.21325251239032,2.84914946645942,375.84364733367,373.739392894534,370.960678366464,381.572893776427
18.82,0.0443879918901224,-0.0149392999332923,3.60799007106609,-0.0529590000220023,0.0145561260731683,0.0445151176599194,2.11420532182763,2.9241294201438,-0.640686628276324,375.84364733367,383.77847190538,370.960678366464,381.925427927817
18.83,0.0834119055179369,-0.0148220523216448,3.31577626111776,0.181193078821009,-0.0559280095361176,-0.0636340865141219,-2.70399815711082,-1.92758841871028,2.24469657017507,375.84364733367,378.895502938174,370.960678366464,383.345492371326
18.84,0.044563863302531,0.00512958303817967,3.48962646843228,-0.0564818497371493,0.0444634814619498,0.00593711637708819,3.36959449246158,0.909129278433714,-1.32345163368652,378.895502938109,378.895502938174,370.960678366464,383.880321142699
18.85,0.0542172500511802,-0.0336598353695365,3.54898423149822,0.295098553505386,-0.0568857649239122,-0.028922386990667,-3.5109818413929,0.596136512145754,1.4855676707166,378.895502938174,380.772394135079,370.960678366464,383.749270379032
18.86,0.160756247109434,0.0535723881931895,2.90836615992456,-0.289224788716752,0.117509209331097,-0.122082584686808,2.71020419085904,-1.09409229156075,-2.05360275173418,378.895502938174,373.707348410517,370.960678366464,381.383488223416
18.87,0.0640465082156892,-0.00487554654177262,3.49033031540773,-0.0543681399292289,-0.0493281698697459,0.0411394922915297,-2.5409431122324,2.39352662523154,0.799688589276485,378.895502938174,380.726616300876,370.960678366464,384.439085893686
18.88,0.161049366134768,-0.062795867027005,2.9069584659649,0.294393983560373,0.125497839274709,-0.118871828392867,0.973824896368861,-2.75476685249655,-2.7008703584094,378.895502938174,375.84364733367,370.960678366464,382.346358202201
18.89,-0.00364444662585953,0.043801753833053,3.83873457699942,-0.288520218771739,0.04394663599497,0.000754198107744447,-0.670964816753333,3.79063758277815,0.10017200245345,375.84364733367,383.732694071286,370.960678366464,380.378261576031
18.9,0.0446224871115202,0.0339138718625747,3.48927454492204,-0.052959000041707,-0.0410825849542599,-0.0381252970375962,-0.547900991453703,-3.44639608998885,2.96875759863269,380.726616300876,378.895502938174,370.960678366464,386.764159733127
18.91,0.0833532817113909,0.0629912797143516,3.43238024630207,-0.404539403275895,0.10142859629135,0.0250581473073421,1.84792235476712,2.92062822946698,-0.681445741691578,375.84364733367,378.895502938174,370.960678366464,388.73963883633
18.92,0.00565719729065352,-0.150438457220996,3.7818402783634,0.76269814123455,0.0799236699974061,-0.127577193362939,-3.5560746953416,-1.49611400195492,2.16804121085987,378.895502938174,375.84364733367,370.960678366464,386.105853840382
18.93,0.20036639878909,0.0931239160700348,2.67128703114603,-0.525490577375109,0.21767845810029,-0.0378793662434805,2.44308485988582,1.2013538683817,-1.30801931601085,378.895502938174,378.849725103852,370.960678366464,377.626112243822
18.94,0.044739734725958,-0.0531424802764118,3.60587853009298,0.177670229093266,-0.0489576832835512,-0.0492839965991539,-3.5790612012053,0.473547887882999,1.48848232314016,378.895502938174,378.895502938174,370.960678366464,384.082338713935
18.95,0.170468257652268,0.0438603776353134,2.96631622906699,-0.289224788697721,0.121975917790939,-0.126905614818141,2.67561990338096,-1.3129132042352,-2.12416802146688,380.726616300876,375.811602849682,370.960678366464,379.009968765353
18.96,0.0636361415764516,-0.0143530618725207,3.55074384896406,-0.0557772798034009,-0.051911898133698,0.0395059961526243,-2.32593687135537,2.68345125842971,0.698442767489928,375.84364733367,375.84364733367,370.960678366464,382.830912859915
18.97,0.112313441955117,-0.0240064486216163,3.14051835983117,0.0609464746549451,0.0602461604207283,-0.0977804631497908,0.994705035292826,-2.97945161631677,-2.79996854155492,378.895502938174,370.960678366464,370.960678366464,381.149136563436
18.98,0.0635775177730724,0.0536896358041562,3.49208993286552,-0.406653113111349,0.0581026634454347,0.0595714550730029,-0.155653843982078,3.51224013052603,-0.0716390890569788,378.895502938174,380.726616300876,370.960678366464,382.020486846117
18.99,0.122494442950096,-0.0339529543955646,3.19741265846323,0.179079368982457,-0.0152459373668546,-0.126195297296086,-1.38304519480224,-2.88837378433445,2.75097169990081,375.84364733367,375.84364733367,370.960678366464,384.151606749652
19,0.0345587337243837,0.00495371162183389,3.60799007107351,-0.172501034258406,0.0277679299086436,0.021160987785399,2.40738403131012,2.69292611959153,-0.777245765461665,375.84364733367,378.895502938174,370.960678366464,380.117195614524
19.01,0.102777302817018,0.00489508781610759,3.25712234502669,0.0623556145282827,-0.0943026057425559,-0.0411601070119167,-2.94743470645327,-1.38757444641004,2.02993270581196,378.895502937842,373.73939289439,370.960678366464,383.420605153249
19.02,0.0538655072191134,0.0244363565325623,3.49173800937676,-0.289224788709242,0.0553035705363195,-0.0209795966237007,3.46644536320173,0.509550633860383,-1.50748892519762,375.84364733367,375.81160284958,370.960678366464,381.375571263911
19.03,0.112372065758205,-0.014353061873,3.25817811550904,-0.0557772798034009,-0.112518313698805,0.0131575313138109,-3.1755478688422,0.731253355558819,1.32734806375233,375.843647333767,378.92296963881,370.960678366464,383.455893779795
19.04,-0.00452380370866451,0.024436356531868,3.66664398715671,-0.0550727098613086,-0.0178422088376168,-0.0172990145482904,3.02078103035294,-2.07898847966595,-2.18859718078881,378.895502938174,375.84364733367,370.960678366464,382.060958105925
19.05,0.112372065757511,0.0149002173966153,3.31648010810575,-0.0557772798034009,-0.0424525677057367,0.105106028068168,-1.6840083863122,2.85766813455194,0.515694059180341,375.84364733367,378.895502938174,370.960678366464,382.663472668653
19.06,0.0638120129947626,-0.0238305772013133,3.37407825370869,0.295098553487029,0.0420892210244382,-0.0535571366462725,0.743825324735953,-3.30427164511356,-2.83293479474323,375.843647333681,378.849725103863,370.960678366464,379.046930961411
19.07,0.0540413786364245,0.0537482596060908,3.55004000197077,-0.406653113091485,0.0633043255335377,0.0424488914384464,0.297584270765453,3.56084180661998,-0.197429352485641,375.84364733367,378.895502938174,370.960678366464,381.292085651942
19.08,0.0931239160702364,-0.00487554654480064,3.25677042153396,0.063060184481896,-0.0399448657201533,-0.0842629361045879,-1.60250571682413,-2.83593116859197,2.6466118020806,378.895502938174,375.84364733367,370.960678366464,382.743974953053
19.09,0.0539241310252563,-0.0921077701053665,3.43308409328627,0.411822307967066,-0.0211442717627144,0.104616313222348,2.83471006228951,1.97991991445845,-0.841720945612715,378.895502938174,380.699149600335,370.960678366464,379.425711831976
19.1,0.0832946579056646,-0.0144116856786916,3.37407825370869,0.179079368982457,-0.0721706030422419,-0.0440125070433648,-3.20380591377549,-1.07335974836129,1.94709521525762,378.895502938077,375.84364733367,370.960678366464,377.783936550574
19.11,0.102425559985368,-0.0435477173380709,3.14122220681662,0.178374799046205,0.0982073186079762,0.0523709995656386,3.14475400443715,0.0980651472702951,-1.48289846270426,380.726616300876,378.849725104004,370.960678366464,379.810220250315
19.12,0.0250225945873259,-0.0142944380679332,3.84084611796433,-0.0557772798034009,-0.0287201117452804,-0.00236989048233415,-3.50399893871328,1.57391278167506,1.13410660666353,375.84364733367,378.849725104026,370.960678366464,380.887533071791
19.13,0.102953174233502,-0.0238892010097124,3.19741265846156,0.0602419047128529,0.0894573197148295,-0.0562799960827569,2.20869499703602,-2.31273500549495,-2.36036225143972,375.843647333854,373.666148359813,370.960678366464,380.700836669309
19.14,0.064925865299848,0.0144312269521934,3.54405730259088,-0.17109189437881,-0.0145553393744875,0.0648981539951115,-1.66229825582921,3.13470558570291,0.439345505366814,375.84364733367,375.84364733367,370.960678366464,379.503565455194
19.15,0.151571850803402,-0.0920491462952664,3.02250668067808,0.528546062399546,0.109200712490146,-0.139722137405998,-0.170189555358431,-3.06364865643379,-3.02396725142356,375.84364733367,373.707348410517,370.960678366464,382.08049370511
19.16,0.0153105840366993,0.0438603776375644,3.72424213276297,-0.406653113099668,0.046434568591819,-0.00140625379865924,0.953582685459103,3.62298582385208,-0.366126367962797,373.707348410517,378.895502938174,370.960678366464,376.861393087805
19.17,0.112489313369311,-0.00458242751442551,3.31577626111592,0.061651044589528,-0.0698347806514433,-0.0883059888998969,-2.2076847940049,-2.47473249370481,2.43175589603793,373.707348410517,370.960678366464,370.960678366464,383.586167875544
19.18,0.112196194339429,0.0729377854878833,3.20022804641796,-0.522672297600065,0.132993654122843,-0.0148524253635912,2.62563110137645,1.90281559780325,-1.10557369328373,375.84364733367,373.707348410517,370.960678366464,380.956493184528
19.19,0.0827670436516287,-0.0151737951567434,3.43519563426555,0.0651738943125048,-0.0809765459019153,-0.0228785180482571,-3.42613769956991,-0.257676436180717,1.66483413635321,375.84364733367,375.84364733367,370.960678366464,385.070544397957
19.2,0.102835926622536,0.0149588412027168,3.1981165054466,-0.0564818497491677,0.096308730650356,-0.039033615448237,3.11944412435249,-0.707253658034918,-1.81141047383067,375.84364733367,375.811602849682,370.960678366464,378.861298879127
19.21,0.132265077310184,-0.00446517990174328,3.25641849803732,-0.0571864196966033,-0.104244700586022,0.08152932544278,-2.53266650207477,2.04771387411076,0.873321914196913,373.707348410517,375.84364733367,370.960678366464,381.239034755148
19.22,0.102308312375998,0.0151933364224698,3.14227797728438,0.176965659178708,0.0370492693626748,-0.0965669710230318,1.39020513287174,-2.8235717486177,-2.62781996396989,375.84364733367,375.84364733367,370.960678366464,378.884646604739
19.23,0.083177410295184,0.00512958303817967,3.37513402418187,-0.173205604196326,-0.00831474580732716,0.0829195948357111,-0.713778805693683,3.30333917105973,0.161533106552335,373.707348410517,375.84364733367,370.960678366464,377.779354416473
19.24,0.102718679011847,-0.00458242751491148,3.25747426851733,0.061651044589528,-0.0112669376041127,-0.102201672084625,-0.561813770661847,-3.20925298916216,2.98721195071551,375.843647333571,373.739392894428,370.960678366464,379.905518278676
19.25,0.0735826473526776,-0.0533769755015386,3.37407825370869,0.178374799044536,-0.00790936147995895,0.0905590939999937,1.88899865747899,2.80141137698958,-0.540453264709284,375.84364733367,380.726616300876,370.960678366464,378.78737354316
19.26,0.102894550428054,-0.0823371357435985,3.31542433762132,0.529250632344976,-0.0258501180351179,-0.129222536067907,-2.87933842441659,-1.72671798739908,2.26928703262924,373.707348410623,375.84364733367,370.960678366464,377.525264856816
19.27,0.0345587337247308,-0.0341874496180532,3.4906822388967,0.180488508862469,0.0184818119400202,0.0449612101200301,3.28446906457907,1.19570128318211,-1.17000285260519,378.895502938174,380.699149600228,370.960678366464,375.762111804422
19.28,0.0930066684584086,-0.0144116856786916,3.37407825370869,0.061651044589528,-0.094055386843086,-0.00339429928426826,-3.34351380351338,0.457296795488818,1.45313832717314,375.84364733367,375.84364733367,370.960678366464,381.567803530575
19.29,0.102660055205149,0.014958841202411,3.19846842894099,-0.173205604196326,0.0836053233142246,-0.0614247814678009,2.90505738515822,-1.34938580887565,-2.05973886216261,378.895502938109,373.707348410517,370.960678366464,379.448701718501
19.3,0.102835926622536,-0.0531424802772449,3.31507241412651,0.177670229096604,-0.108521548179933,0.0402793321067199,-2.10004828901113,2.57119991541522,0.73841952680783,375.84364733367,375.84364733367,370.960678366464,381.825856397248
19.31,0.180825130072115,-0.0533769755004972,2.8468968559133,0.295803123431207,0.114574254571115,-0.149731657870509,0.742984367886988,-2.76410843222843,-2.77547012075076,375.84364733367,367.95460059627,370.960678366464,378.266406787401
19.32,0.0833532817117313,-0.0148806761272256,3.43167639930798,-0.170387324414928,-0.00732477795614068,0.0843537297457075,0.138899173209718,3.4330950714436,-0.0900474202971409,378.895502938174,375.84364733367,370.960678366464,377.688611725595
19.33,0.151220107965626,-0.0333080925280666,3.14157413033787,0.176261089197721,-0.034224292781425,-0.151015389495923,-1.49666252279355,-2.76777117566437,2.70192883743408,370.960678366464,370.960678366464,370.960678366464,379.779875872756
19.34,0.073406775937026,-0.0830406214081485,3.37443017719891,0.180488508849954,0.000446195453689541,0.110833661253869,2.65619635041314,2.08901318106648,-0.850925111228872,375.84364733367,375.84364733367,370.960678366464,377.125232431049
19.35,0.034969100360337,-0.0337184591747421,3.66488436970954,0.177670229112457,-0.0220072538296345,-0.043306503530164,-3.52118258138488,-1.03160912278142,1.90423448403865,373.707348410517,373.707348410517,370.960678366464,377.594169000063
19.36,0.0545103690781455,0.0150174650072348,3.43026870535571,-0.173910174132578,0.0545829502277461,-0.0147514791364984,3.42937988949517,0.190635025993867,-1.56592003656241,373.707348410517,375.811602849751,370.960678366464,378.203959715822
19.37,0.122670314366303,0.00495371162204216,3.25536272756639,-0.17250103425924,-0.108185842078563,0.0580376503600389,-3.00374864757396,1.26674273514658,1.1187663306366,373.707348410517,373.707348410517,370.960678366464,382.980187099289
19.38,0.131854710670426,0.0053640782601129,3.02391437464711,0.0602419047128529,0.0859936713652253,-0.100097585119183,2.0180667585555,-2.25279688172151,-2.39118086597796,373.707348410517,373.739392894398,370.960678366464,380.231779241776
19.39,0.141742592639622,-0.0338357067844591,3.14051835983805,-0.0557772798034009,-0.080639561119615,0.12137989456348,-1.13535093444735,2.92864216473635,0.352074675063313,373.707348410517,373.739392894622,370.960678366464,379.62334978341
19.4,0.102777302816879,-0.00475829893156968,3.19846842894016,0.0623556145299514,0.0211300405375643,-0.100694273769244,0.449846413260395,-3.16729012218128,-2.98101447854816,375.84364733367,373.707348410517,370.960678366464,378.59813583797
19.41,0.0928894208469213,0.014841593590889,3.2578261920159,-0.172501034255068,0.0445964732281294,0.0828243441338736,0.909702087423061,3.13299061861698,-0.335491836737807,375.84364733367,380.726616300876,370.960678366464,381.116330847115
19.42,0.0835291531289863,-0.102288771098783,3.37302248322488,0.648792666554169,0.0291206539050894,-0.128810324242605,-2.58891788852645,-2.2573694343157,2.47791478660383,373.707348410555,375.84364733367,370.960678366464,379.363571904692
19.43,0.0831187864878609,-0.0242995676489981,3.14051835984492,0.179783938926218,0.0560897704304152,0.0659783245331841,2.72260678646294,1.5756237239661,-0.988987595479076,378.895502938174,380.699149600283,370.960678366464,374.877649124073
19.44,0.0442707442779261,-0.0436063411419922,3.60834199456249,0.178374799037861,-0.0419842195573716,-0.0458119754526232,-3.61274274297907,-0.00627628130468819,1.62192738430612,375.84364733367,371.001878417334,370.960678366464,379.119377794157
19.45,0.0831774102934617,0.0150174650088182,3.37407825370869,-0.173910174142093,0.0739733784582532,-0.0408894255020779,3.25175702083966,-0.91691062172929,-1.89713193626834,375.84364733367,373.707348410517,370.960678366464,375.859113964969
19.46,0.0820049341699051,-0.0242995676494707,3.43906679273567,0.0623556145361292,-0.0788746989812034,0.0330765789764633,-2.62348074319944,2.22450385875663,0.885640155846716,373.707348410555,375.84364733367,370.960678366464,380.044286889727
19.47,0.0832946579056646,0.0147829697862735,3.37372633021805,-0.055072709868818,0.027064611548255,-0.0801501280913863,1.66959768498082,-2.93215039261043,-2.64029160839018,373.707348410517,370.914900532251,370.960678366464,378.171969651448
19.48,0.0835291531266259,-0.00493417034645755,3.48962646842811,-0.171091894390075,-0.00792361959866457,0.0832987497596142,-0.296005653754282,3.48125637930123,0.0358348847879318,375.84364733367,373.707348410517,370.960678366464,380.42185971629
19.49,0.0932411636801336,0.0149002173966153,3.43167639932099,-0.0557772798034009,-0.0432178067531854,-0.0839532742800195,-1.01652380894474,-3.2781387036621,2.82465104565824,370.960678366464,370.960678366464,370.960678366464,378.662050838889
19.5,0.0542758738576007,-0.04331322211586,3.48997839191417,0.059537334775767,0.00148466328056037,0.0694240698029679,2.28043329701174,2.64255895830919,-0.694914504025792,373.707348410517,375.811602849781,370.960678366464,378.812144473055
19.51,0.10301179803909,-0.0434304697264101,3.31472049063587,0.177670229104947,-0.0730922877904489,-0.0845881416125278,-3.05011190433622,-1.3098687004345,2.02997872660916,373.707348410517,373.707348410517,370.960678366464,377.062799292727
19.52,0.0349104765584638,-0.0239478248146403,3.48962646841665,0.0602419047095154,0.0319177618415186,0.0278117990414113,3.4733150213833,0.342351775795293,-1.45528596587763,373.707348410517,375.84364733367,370.960678366464,375.280900625831
19.53,0.0834705293227393,-0.0142358142616168,3.43202832280851,-0.0564818497442415,-0.0834168105549563,0.0145472811874957,-3.25266837431241,1.09642922920641,1.22921631800792,373.707348410517,373.707348410517,370.960678366464,378.282594179918
19.54,0.131678839251477,0.0246122279492552,3.02426629815088,-0.0557772798034009,0.0835126282554745,-0.104741201984249,2.32422137994658,-1.93579253125759,-2.28370689215577,373.707348410517,367.954600596325,370.960678366464,377.50586397395
19.55,0.219204181835788,-0.111414543592668,2.73346018218025,0.409708598110751,-0.195249089951867,0.149470621632571,-0.812604867569257,2.64184386974959,0.447184386437978,373.707348410517,373.707348410517,370.960678366464,377.180323537908
19.56,0.112665184786941,-0.0239478248132518,3.19741265845573,0.1776702290941,0.0519791333260773,-0.102786730053211,0.64639248104054,-3.13642968663631,-2.88283671215765,373.707348410524,373.707348410517,370.960678366464,372.564350995242
19.57,0.0832946579056646,0.0631671511281259,3.37407825370869,-0.405243973200785,0.08158077775148,0.065365631020658,0.430224994125554,3.37098400981006,-0.246472214943519,373.707348410517,378.895502938174,370.960678366464,378.870902045484
19.58,0.0931825398763726,0.0438603776351051,3.31507241412489,-0.171796464303958,-0.0935200976395879,-0.0431359455858769,-2.00078862225918,-2.64878538675321,2.44289293645059,373.707348410517,373.739392894496,370.960678366464,381.403190889245
19.59,0.0441534966668207,-0.0546666992144652,3.37407825370869,0.302848822779122,-3.73019457502524e-05,0.0702707469682556,2.81413268991622,1.88594238383718,-0.890855849727135,378.895502938063,380.699149600335,370.960678366464,381.230041702606
19.6,0.0635775177731766,-0.0630889860552546,3.49244185635596,0.178374799047457,-0.0550126355798991,-0.0706818990564904,-3.48667314889839,-0.268473540061648,1.69867478527781,373.707348410517,371.001878417246,370.960678366464,380.198540134668
19.61,0.0441534966666124,-0.0144703094840013,3.49138608588341,-0.0550727098671493,0.0461381824878663,0.00549447369341928,3.4338984121989,-0.63336521752482,-1.76896393005607,375.84364733367,373.666148359764,370.960678366464,376.515528020142
19.62,0.0832360341002854,-0.0145289332894499,3.43308409328794,-0.0550727098663149,-0.0768183193505746,0.0351891046692908,-2.86005855056571,1.89978011419602,0.968431625572699,373.707348410623,375.811602849766,370.960678366464,380.554362663231
19.63,0.0931239160695835,0.00518820684366298,3.25641849804145,0.061651044589528,0.047087424335111,-0.0805093516547777,1.74644906849702,-2.74917768375043,-2.55671778461498,373.707348410517,370.914900532007,370.960678366464,379.521967844526
19.64,0.0639878844110043,0.0142553555355353,3.60693430059345,-0.287111078893395,0.00658231180122973,0.0652252840867094,-0.711967945187609,3.54760615985572,0.118626354483294,375.843647333444,373.739392894622,370.960678366464,379.648998368118
19.65,0.0832946579056646,0.00507095923252281,3.43273216979605,0.061651044589528,-0.0242546342585525,-0.0798462734267758,-0.85626585022818,-3.3247946996145,2.90748853618181,370.960678366464,367.90882276196,370.960678366464,379.9267382154
19.66,0.0931239160698265,-0.0634993526937766,3.25677042153396,0.0630601844720437,0.0032632713200372,0.112665800476456,1.96295641762057,2.5994869239845,-0.627417289533466,373.707348410517,375.811602849599,370.960678366464,376.831808119741
19.67,0.122259947727746,0.0440948728602613,3.1988203524358,-0.289224788704236,-0.127855293173068,-0.023342592799057,-2.61985013228945,-1.85808716423679,2.09752196196437,373.707348410517,371.001878417383,370.960678366464,376.867364959732
19.68,0.0344414861134865,-0.0244168152608672,3.55004000197077,0.062355614533289,0.0298837571830916,0.0298221040473475,3.51066293721157,0.530959489552156,-1.40312902737781,373.707348410517,373.707348410517,370.960678366464,379.282138137773
19.69,0.0249639707850709,-0.0340115782015685,3.72459405625028,0.061651044589528,-0.0319506752805666,-0.0275525250791116,-3.61605901238485,0.894717248131594,1.34478995759849,373.707348410517,371.001878417334,370.960678366464,376.522060638528
19.7,0.170644129070572,0.0247294755611524,2.84900839689227,-0.0564818497491677,0.119938219979689,-0.123878122103491,2.2893359545827,-1.69675570780494,-2.22843587762171,373.707348410487,370.960678366464,370.960678366464,377.121805767051
19.71,0.122025452502382,-0.00469967512642683,3.25888196251384,-0.173205604196326,-0.0625622323213304,0.104872613639963,-1.71269185754969,2.7779486006775,0.499387345765937,370.960678366464,373.707348410517,370.960678366464,377.034822821297
19.72,0.160873494721442,-0.0625613718088207,2.96666815251294,0.410413168095397,0.10588065499442,-0.136321287568905,0.453517557843582,-2.96038523175756,-2.85211013946765,370.960678366464,370.960678366464,370.960678366464,376.591672779824
19.73,0.0444466156928834,0.00512958303817967,3.54898423149759,-0.172501034260909,0.0140071486843432,0.0424925176287679,0.548370559482024,3.51060328315989,-0.203519442060359,373.707348410517,378.895502938174,370.960678366464,375.716871046196
19.74,0.112547937175627,0.0441534966665777,3.31577626111301,-0.0564818497400696,-0.103806898370014,-0.0619733594472004,-1.98494710401138,-2.6566044883248,2.48286969578195,370.960678366464,373.739392894428,370.960678366464,379.426332964593
19.75,0.0442121204719221,-0.05331835169609,3.31648010809825,0.295803123437465,-0.00190946160195629,0.0692380833111544,2.6886497596509,1.96410342527472,-0.850925111249983,373.707348410812,378.895502938174,370.960678366464,377.09684934191
19.76,0.0832946579056646,-0.0341288258121186,3.49138608588341,0.0630601844670374,-0.0762824503669524,-0.0477887492298037,-3.45130954063239,-0.531239910309005,1.7415815373029,373.707348410517,373.707348410517,370.960678366464,378.55678029871
19.77,0.0146070983685045,-0.0536114707236801,3.55144769594418,0.179783938922463,0.0227217537530531,0.0507077806878668,3.48092674146734,-0.726809481404323,-1.72605717803487,375.84364733367,375.81160284958,370.960678366464,375.793991159534
19.78,0.0644568748570923,-0.0435477173369254,3.48821877443949,0.177670229100775,-0.0777496008445894,-0.00246819166732222,-2.85615047821444,2.01038338991752,1.00836236404856,373.707348410517,375.84364733367,370.960678366464,376.905235672979
19.79,0.0835291531288475,-0.0143530618728958,3.31401664364375,0.178374799040365,0.0597652520843429,-0.0600936307011364,1.75929299015801,-2.81414499591996,-2.52910528775824,373.707348410517,367.90882276196,370.960678366464,376.495252957616
19.8,0.209316299865622,-0.160033220161385,2.73346018218025,0.644565246896609,-0.215265280250279,0.151936842350452,-0.201627084872612,2.80118108013701,0.303430659773825,375.84364733367,375.84364733367,370.960678366464,375.020747565291
19.81,0.0931239160700695,0.0247880993669895,3.43202832280518,-0.056481849747579,-0.0436182969010963,-0.0859299586285301,-0.65871603137048,-3.36869437585296,2.93203297783316,370.960678366464,365.804568322824,370.960678366464,371.953707795114
19.82,0.0830601626813976,0.121673709666606,3.31648010810939,-0.756824376434219,0.147320987840899,-9.3756468608916e-05,1.2467910473212,3.16501746102134,-0.599620709360924,373.707348410517,375.811602849675,370.960678366464,378.680510104975
19.83,0.122377195339407,0.02437773272437,3.1981165054466,-0.171796464303958,-0.116883057640239,-0.0436898458293085,-2.62876509096723,-1.82949646189036,2.12513445882157,373.707348410517,371.001878417295,370.960678366464,384.608978488027
19.84,0.150985612753498,0.0439190014464148,2.96666815250919,-0.289224788721758,0.156637979896763,-0.0137868488227212,2.85416045179245,0.859382930332778,-1.37551653052158,373.707348410517,375.811602849705,370.960678366464,382.271477305184
19.85,0.0543344976615914,-0.0435477173383833,3.66558821669124,0.060946474654528,-0.0624214791181956,-0.0308577424031294,-3.56690190240791,0.847031443169214,1.35427024819493,370.960678366464,371.001878417246,370.960678366464,383.13469675158
19.86,-0.0427269840637345,0.0538655072197383,3.89703656961427,-0.173205604196326,-0.0664806710442668,-0.0175330662670933,3.22409285886931,-2.19593247701833,-2.21314162241424,373.7073484104,367.954600596129,370.960678366464,378.45377528782
19.87,0.0443293680826805,0.0341483670865907,3.66664398716171,-0.406653113108012,0.00790040586812635,0.0553966374106696,-2.15904248875853,2.99135093473249,0.514727621772737,370.960678366464,373.707348410517,370.960678366464,379.003505062098
19.88,0.151689098414716,-0.101643909238814,2.96385276458968,0.527841492469552,0.143528678465735,-0.11287420130879,0.413479245474145,-2.98195820978438,-2.82756569734369,370.96067836661,371.001878417476,370.960678366464,378.901942964469
19.89,0.0735826473527817,0.063401646355477,3.37407825370869,-0.405948543164668,0.0762325515678856,0.0601894744409558,0.242809427933182,3.38972592749829,-0.191247221260662,373.707348410517,375.84364733367,370.960678366464,374.679297425431
19.9,0.0932411636810708,-0.0630303622482439,3.43132447582181,0.412526877887464,-0.00587264483817988,-0.112393297008094,-2.39663102642959,-2.49004534225954,2.49495783327752,370.960678366464,373.707348410517,370.960678366464,381.056242484578
19.91,0.0442707442776484,-0.0534355993067095,3.37443017720267,0.296507693375386,-0.00130416362089285,0.0693798330166201,2.75099508680503,1.9765429075589,-0.860129276858763,373.707348410577,380.653371765857,370.960678366464,371.681269590012
19.92,0.0641637558296064,-0.0142358142612003,3.4896264684104,-0.0564818497459103,-0.0605002485289986,-0.0256781209937591,-3.42103905499296,-0.690778454060326,1.7538537581328,373.707348410517,373.707348410517,370.960678366464,378.327387194778
19.93,0.150926988937566,0.0145484745610079,2.90871808345729,-0.171091894365043,0.146861778074099,-0.037712494517424,2.90018705091594,-0.280763948982729,-1.72605717802503,375.84364733367,373.666148359627,370.960678366464,376.860006586122
19.94,0.0345587337254945,-0.0340115782015685,3.60834199456249,0.0623556145341233,-0.047495685862853,-0.00975978242012767,-2.99468080828183,2.01392825813026,0.996044122407436,373.707348410517,373.707348410517,370.960678366464,380.230468895916
19.95,-0.101233542588686,0.0535723881876475,4.18995422648831,-0.171091894359026,-0.102033643232723,0.0520323607944202,2.54881423581458,-3.3299451718747,-2.52910528774951,373.707348410517,370.914900532196,370.960678366464,378.036042031202
19.96,0.0251984660105889,-0.0341288258140772,3.60623045358161,0.0630601844827304,-0.0398844109885543,0.0144559053964293,-0.964787194628031,3.47535039100926,0.28827446707367,375.84364733367,375.84364733367,370.960678366464,382.098965772216
19.97,0.0935342827054674,0.0240846137033419,3.37161478927419,-0.0529590000650696,-0.0440735774374668,-0.0859432977627058,-0.690151273312658,-3.30064874878943,2.91976075702035,370.960678366542,367.954600596173,370.960678366464,381.003224019691
19.98,0.0443879918876431,-0.01411856665249,3.49033031541023,-0.173910174131743,0.013542985129153,0.0445669754631141,1.83607852020759,2.97346029517303,-0.602964889527171,373.707348410517,373.707348410517,370.960678366464,377.920722726942
19.99,0.122377195339407,0.0243777327283286,3.25677042153396,-0.171796464322989,-0.11779243648363,-0.0411751587654883,-2.71788582709996,-1.80254382320696,2.10370409322077,370.960678366464,370.960678366464,370.960678366464,378.788047872459
20,0.0446224871100623,0.00553994967631982,3.4309725523345,-0.0578909896171619,0.0448855301674118,0.00267330879140281,3.36314260138121,0.68131920883414,-1.38778875133342,373.707348410517,373.707348410517,370.960678366464,377.318254125751
20.01,0.073524023547229,-0.024299567648165,3.55004000197077,-0.0543681399258914,-0.0771208878815041,-0.00697278128365546,-3.4696826359368,0.753022121926238,1.3417679232432,370.960678366464,371.001878417158,370.960678366464,377.083836681049
20.02,0.132030582086598,0.0249053469775395,2.96385276459051,-0.0571864196834134,0.0880268437528441,-0.101506776587132,2.3587197660742,-1.79558752554642,-2.24075411925388,373.707348410517,367.90882276196,370.960678366464,376.026395475338
20.03,0.102308312371312,-0.00434793229179805,3.37689364165884,-0.174614744078007,-0.0514510073349844,0.088536371846238,-1.72577565440468,2.90785133158306,0.483955028098969,370.960678366464,373.707348410517,370.960678366464,375.131737334724
20.04,0.0927721732351216,-0.0334253401434031,3.31718395509329,0.293689413607017,0.0572925670962388,-0.0802589013505206,0.615309974768649,-3.27282087785803,-2.86745041587893,370.960678366523,367.954600595978,370.960678366464,375.245983201775
20.05,0.0734653997413638,0.0342656146958911,3.3744301772035,-0.289929358646328,0.0501867610640155,0.0636599271406202,0.490947551209323,3.35109065168167,-0.231177959719378,373.707348410517,375.84364733367,370.960678366464,376.073623878535
20.06,0.102777302816567,-0.0427269840525225,3.31577626111676,0.291575703766138,-0.0320978190801904,-0.10657625978973,-2.32722280500106,-2.37979465935512,2.45507311563119,370.960678366464,373.707348410517,370.960678366464,378.254375749247
20.07,0.0442707442779889,-0.0245340628735294,3.37372633021267,0.181193078818506,0.0194285013223136,0.0467370557093431,2.75538940608133,1.95516994244406,-0.900013994518496,375.843647333635,380.699149600312,370.960678366464,371.413328144355
20.08,0.151102860353354,0.0436258824105604,3.02497014515602,-0.287815648804519,-0.155432676153859,0.0239994834676668,-2.96356512390471,-0.671240629847162,1.69867478527342,373.707348410517,371.00187841729,370.960678366464,377.657020145252
20.09,0.0636361415785904,0.0050709592330782,3.37443017719891,-0.0557772798034009,0.0611167142260699,-0.0184396416657932,3.30962778887208,-0.660495287537087,-1.78430420608931,373.707348410517,370.914900532234,370.960678366464,377.387170129006
20.1,0.0830601626848422,-0.043606341143589,3.37513402418124,0.061651044589528,-0.0928062861982695,0.013692949107055,-2.6910200182091,2.03807305906406,0.940865149548005,373.707348410517,373.707348410517,370.960678366464,378.814837773522
20.11,0.141566721224422,-0.00464105132025594,2.96526045855454,0.061651044589528,0.0769993462745151,-0.118885560893187,1.47673359031819,-2.5721252577571,-2.59962453663647,373.707348410517,367.876778278041,370.960678366464,376.15460790708
20.12,0.0836464007379396,-0.00516866556866846,3.4302687053528,-0.170387324447982,-0.0104618507578793,0.0831503766611588,-0.387540061572471,3.41256324951373,0.06344738164024,375.843647333357,373.707348410517,370.960678366464,376.3580145613
20.13,0.0933584112915167,0.0826497960453482,3.43097255233346,-0.404539403290496,-0.106848908586715,-0.0642657955606363,-0.643306795314995,-3.39431600632318,2.83692326648367,367.90882276196,367.90882276196,370.960678366464,376.867335670917
20.14,0.112547937175419,0.0628740321055024,3.19846842893953,-0.521263157740078,0.120506106932176,0.045808954012252,1.65646609158695,2.78532505427333,-0.698074600884122,370.960678366464,373.707348410517,370.960678366464,380.312121294779
20.15,0.112782432397942,0.0247294755607078,3.3147204906342,-0.173205604196326,-0.112629591646901,-0.0254165124388908,-2.92867060336819,-1.56213335196528,2.00859438186245,370.960678366464,371.001878417119,370.960678366464,380.617005756757
20.16,0.16163560419033,0.0543344976647155,2.90414307802184,-0.292747638413028,0.165535059639448,-0.0409444771442298,2.87050816194301,0.529085144033665,-1.48898855227533,370.960678366464,373.666148359881,370.960678366464,377.434582193962
20.17,0.104477393185788,-0.00382031803862995,3.30768202074008,-0.176728453908873,-0.0979502944274445,0.036549423229251,-3.12243570618925,1.10561682216878,1.1771054003797,370.960678366464,370.960678366464,370.960678366464,378.32526978304
20.18,0.112137570533495,0.0246708517550509,3.14192605382583,-0.0557772798034009,0.0632107766343258,-0.0958534473493761,2.29176580703215,-2.15002788781218,-2.34204596185077,370.960678366464,371.001878417041,370.960678366464,374.603665697791
20.19,0.0731136569052011,0.0246122279490469,3.49349762685727,-0.290633928589255,-0.00378020119982526,0.0770524410356748,-1.54603100569944,3.1462329663775,0.373735144853153,370.960678366464,373.707348410517,370.960678366464,374.186312499642
20.2,0.102660055204231,-0.00446517990195156,3.19882035243906,0.0609464746437611,0.0214436233670413,-0.100494755002364,0.47086629958953,-3.16456174657103,-2.97483234825961,373.707348410487,370.960678366464,370.960678366464,374.706384564043
20.21,0.0831774102933228,-0.033718459170881,3.31577626111797,0.0609464746429268,-0.00390780059949433,0.0896668565660508,1.16813759072596,3.10379465424145,-0.341581926276523,373.707348410517,378.895502938174,370.960678366464,375.571648213327
20.22,0.0833532817108355,0.00507095923300878,3.37407825370869,0.0623556145241108,-0.0568569732142511,-0.0611618246655761,-2.19114077564827,-2.56655301642184,2.45341636583276,370.960678366464,371.001878416944,370.960678366464,373.264059517305
20.23,0.0443293680824028,-0.082688878577262,3.43202832281393,0.413936017768311,-0.00610880570719238,0.0936227857296615,3.13169681470449,1.46377474229221,-1.013532037079,375.843647333496,375.811602849978,370.960678366464,374.898175370754
20.24,0.112547937175627,-0.0241236962317845,3.31542433762132,0.061651044589528,-0.112499558378328,-0.0243483109692116,-3.31554079711763,0.0550328305589238,1.57279248020501,373.707348410517,371.001878417202,370.960678366464,373.28105513445
20.25,0.122084076312164,-0.0141185666514486,3.08221636724112,-0.0564818497413212,0.118463351733695,-0.0327152855604932,2.87826659440534,-1.10400604408197,-1.95537896432931,373.707348410517,370.914900532343,370.960678366464,373.129948221661
20.26,0.0638706367998294,-0.00493417034784604,3.54933615498532,-0.0543681399258914,-0.0497457496119755,0.0403629121568293,-2.61316293062562,2.40252420044608,0.812052851758649,370.960678366464,375.8116028498,370.960678366464,374.70008084895
20.27,0.0539241310247356,0.0148415935909931,3.4330840932894,-0.0550727098633946,0.0083565642306412,-0.0553014705170869,1.4456653443418,-3.11434601596186,-2.72303705726455,373.707348410517,367.90882276196,370.960678366464,376.277032414382
20.28,0.141039106970906,-0.13089718850593,3.08467983170334,0.410413168064108,-0.124125858261707,0.147033584478862,0.554894510124762,3.06198966609477,-0.0470026057450127,375.843647333514,373.707348410517,370.960678366464,376.280864383558
20.29,0.122553066756794,0.00501233542658824,3.31436856713814,-0.0550727098613086,-0.0556900443850091,-0.109284018201746,-1.33285977982677,-3.03505466335039,2.71117902389961,367.90882276196,367.90882276196,370.960678366464,369.787243001893
20.3,0.0929480446523699,0.0533378929658412,3.31612818461094,-0.405243973210477,0.105241307379153,0.0202122995193789,2.24891242135789,2.47049018125081,-0.860083255995438,370.960678366464,373.66614835992,370.960678366464,376.583328428291
20.31,0.102718679010597,-0.0144703094846608,3.37443017720412,0.061651044589528,-0.0931800482486782,-0.0455850357314546,-3.22746706761403,-0.986932722930854,1.88582615282768,370.960678366464,371.001878417031,370.960678366464,377.535126101523
20.32,0.0729964092926282,0.033620752828552,3.37654171818083,-0.169682754469578,0.0716669969385203,-0.0363685625257532,3.38054989865307,0.041335148441656,-1.60878076775962,370.960678366464,373.666148359978,370.960678366464,377.668645369894
20.33,0.0447983585332839,0.0244949803366424,3.664532446174,-0.172501034250142,-0.0268637199284915,0.0434193222030551,-3.2719133529741,1.65925816752823,1.05442921300092,370.960678366464,371.001878416983,370.960678366464,380.446298751373
20.34,0.141801216446077,0.024553604144848,3.02285860416497,-0.0557772798034009,0.0696718882646667,-0.125921771142741,1.9367608497816,-2.32158192973448,-2.46476817005826,370.960678366464,373.707348410517,370.960678366464,377.804133294934
20.35,0.141214978393813,-0.0432545983123553,3.14298182426775,0.0588327648495279,-0.0807481955183953,0.123662279286981,-0.815783886878006,3.0358347602937,0.281233280420656,370.960678366464,373.707348410517,370.960678366464,376.58687456229
20.36,0.122494442950027,-0.034070202006184,3.08045674978041,0.179783938918708,0.0278971632027546,-0.12404602171621,-0.333722920937333,-3.06759923458098,3.09152582769812,373.707348410517,370.960678366464,370.960678366464,375.540058473222
20.37,0.06398788441031,-0.0242995676478873,3.37302248323301,0.061651044589528,0.00692676546067687,0.0680950678054896,1.56556613169548,2.98832464952897,-0.464304134513797,373.707348410517,375.84364733367,370.960678366464,375.379930780326
20.38,0.0737585187691622,-0.0531424802795359,3.43167639931849,0.295098553498711,-0.0168650743270783,-0.0893309104914074,-2.69102097052081,-2.14985864701236,2.33064813676737,370.96067836661,373.707348410517,370.960678366464,375.751040252336
20.39,0.0348518527523556,-0.0337184591733536,3.43062062883844,0.295098553497042,0.0174175177119714,0.045257222694838,3.23602380152535,1.17660146661872,-1.13625424531699,375.84364733367,375.811602849804,370.960678366464,375.117140049871
20.4,0.0539827548303577,-0.0340115782012214,3.55004000197077,0.061651044589528,-0.0575995149951055,-0.0274448746242523,-3.51830297795813,0.477628539958164,1.45323036885956,373.707348410517,373.707348410517,370.960678366464,377.55837621459
20.41,-0.0518527565520996,-0.0042306846801719,3.89386925813347,-0.0578909896271744,-0.0432669022156271,0.0288891368437639,3.4315886654716,-1.84113236817012,-2.07810117253744,373.707348410517,367.90882276196,370.960678366464,375.301748645399
20.42,0.0832946579056646,-0.0145289332903524,3.43273216979605,-0.0550727098608914,-0.0641887047925405,0.0550354441722177,-2.22578712818003,2.61391560937843,0.689330643551393,370.960678366464,375.811602849865,370.960678366464,377.660036673488
20.43,0.08323603409973,-0.00464105132025594,3.31542433762132,0.061651044589528,0.0359477096266091,-0.0752166132088494,1.2038661919752,-3.08974846575088,-2.75146258892352,373.707348410517,367.954600595934,370.960678366464,377.811512030012
20.44,0.122904809593443,-0.0541977087844837,3.19565304097709,0.0651738943125048,-0.0330525694160116,0.130194130104578,0.594530690027429,3.14053805157994,-0.166702779574388,370.960678366464,373.707348410517,370.960678366464,378.434706079109
20.45,0.112665184787073,0.102132440949318,3.31507241412509,-0.40453940325335,-0.145429530964223,-0.0444379441569646,-1.35083183139139,-3.05427742731035,2.60375107089181,367.90882276196,367.90882276196,370.960678366464,375.07681560285
20.46,0.0343828623073156,-0.0335425877523683,3.55039192546742,-0.0578909896432045,0.00928088932978569,0.0471290940589508,2.89072402695901,2.06212239963296,-0.967465188175206,370.960678366464,373.666148360008,370.960678366464,379.906898060529
20.47,0.0834119055160064,-0.00446517990474326,3.43202832281476,-0.0564818497379837,-0.0806995585124703,-0.0215653673579953,-3.34665906913562,-0.76281169558735,1.77844422064791,370.960678366464,371.001878416944,370.960678366464,373.896930683664
20.48,0.151044236557072,0.0147829697861347,2.96666815251669,-0.0557772798034009,0.146732440631882,-0.0387619460169079,2.93736626149806,-0.419655189306635,-1.73150297596711,370.960678366464,370.960678366464,370.960678366464,375.82476975519
20.49,0.13185471067112,0.00518820684352413,3.19952419941334,-0.173205604196326,-0.10399165403872,0.0812300320491579,-2.69812272027195,1.72831972456165,0.947001259962657,370.960678366464,373.707348410517,370.960678366464,376.21252747818
20.5,-0.101350790211988,0.102308312373498,4.19030615003941,-0.405948543168423,-0.140327522635033,0.0323598493263199,2.5499093374245,-3.34983913370091,-2.58753639912317,370.960678366464,371.001878417173,370.960678366464,376.949429688208
20.51,0.131678839253699,-0.0335425877569384,3.20057996989569,0.0595373347732638,-0.0539073351007109,0.124733400190057,-0.446414593267916,3.16985344280249,0.158511072182915,370.960678366464,371.001878417158,370.960678366464,379.111269507064
20.52,0.0735826473528511,0.0731136569078739,3.37372633021534,-0.288520218769236,-0.0848567124958238,-0.0596602980406354,-0.306014864552415,-3.37218448049626,2.96578158511375,373.707348410517,373.707348410517,370.960678366464,372.542599870837
20.53,0.0540413786360493,-0.0338357067841814,3.37407825370869,0.0609464746486873,0.00172926683128972,0.0637364518521085,1.91819846284947,2.77644254254323,-0.586520113612259,373.707348410517,378.849725104123,370.960678366464,380.154179679594
20.54,0.0930652922641002,-0.0436649649482045,3.37407825370869,0.295803123433293,-0.048826457307141,-0.0904641081035139,-2.88799558237642,-1.76957200084005,2.20797194938833,370.960678366523,373.707348410517,370.960678366464,374.377251229081
20.55,0.0348518527545425,-0.0144116856786916,3.43062062882718,0.179079368982457,0.0290471861945734,0.0240542989651226,3.3306995083254,0.841230113922896,-1.27124867434513,375.84364733367,375.811602849872,370.960678366464,377.261664760626
20.56,0.073524023547229,-0.0240650724251904,3.43273216979605,0.0609464746453498,-0.0771566285846525,-0.00563599280101734,-3.31685923145556,0.88645894492209,1.3273940846195,373.707348410517,373.707348410517,370.960678366464,378.164038669049
20.57,0.102835926622536,-0.00446517990205569,3.13946258935924,-0.0564818497487505,0.0857207310570216,-0.0569835230827567,2.56991628845263,-1.80414683983403,-2.20086940157111,373.707348410517,370.960678366464,370.960678366464,375.592216215715
20.58,0.0638120129949295,-0.0243581914555375,3.5493361549779,0.062355614535712,-0.0548061266184856,0.0407625192858366,-1.85271818840936,3.0280539423918,0.56665445617252,370.960678366464,373.707348410517,370.960678366464,376.686902051949
20.59,0.0832946579056646,0.00518820684328114,3.37407825370869,0.0609464746557795,0.0125188937586164,-0.0825117859758885,0.65296291989105,-3.31085456644809,-2.92881152024288,370.960678366464,365.772523838807,370.960678366464,376.351044649572
20.6,0.122259947728996,-0.043606341143589,3.25747426851567,0.060946474654528,-0.00451838329465131,0.129725063187614,1.04493635410076,3.08592953560076,-0.307787298185532,367.908822762213,373.707348410517,370.960678366464,377.486514379795
20.61,0.132030582087223,-0.00493417034680467,3.19882035242955,0.0630601844620311,-0.0800453491851194,-0.105114997584239,-2.08037350984764,-2.43073534007841,2.45341636580607,367.90882276196,367.954600596124,370.960678366464,373.999737468572
20.62,0.132030582087084,0.063636141578035,3.08151252025567,-0.408062252982184,0.146566086595596,0.000124021152306128,2.59728972392715,1.70772372027321,-1.12082192763818,370.960678366464,370.960678366464,370.960678366464,375.940543448605
20.63,0.0737585187691622,0.00530545445462959,3.49033031540585,-0.0571864196800759,-0.073937740531025,0.00129516916185822,-3.48208446132519,-0.246503146906023,1.62508748118444,370.960678366464,373.739392894398,370.960678366464,378.009531843382
20.64,0.0927721732363366,0.0342069908912756,3.14157413031685,-0.171796464317982,0.0784147907122902,-0.0602321753747645,3.0506913071944,-0.769600279129871,-1.87254147378145,370.960678366591,370.960678366464,370.960678366464,375.998225111578
20.65,0.112430689564001,0.00507095923252281,3.25782619201465,-0.0557772798034009,-0.0758275234516877,0.0831658660182072,-2.34069313356011,2.26664912521181,0.784348313257405,370.960678366464,371.001878417119,370.960678366464,377.80931163397
20.66,0.219614548477955,-0.0336598353669331,2.67234280162421,0.29509855349287,0.116520631813388,-0.189173139694603,0.768800202920092,-2.57632401953954,-2.74161413153155,370.960678366464,371.0018784171,370.960678366464,374.027892432787
20.67,0.0832946579056646,-0.00464105132025594,3.37407825370869,-0.173205604196326,-0.00429985061276611,0.0833129682443666,-0.159384459109601,3.37475937478055,-0.0040958536937962,370.960678366464,373.707348410517,370.960678366464,372.230028282843
20.68,0.0830601626819263,-0.0038789418431066,3.316480108107,0.0581281948707231,-0.0229412260747745,-0.0799233192551233,-1.11778919846863,-3.12297398360845,2.81540085923059,373.707348410517,367.954600595934,370.960678366464,375.799143909936
20.69,0.0446224871139501,-0.0141771904546756,3.43097255231783,0.0602419047003373,0.0201301221032508,0.0422721807993271,2.3878366769842,2.46443456920432,-0.752057032211538,373.707348410517,378.849725104221,370.960678366464,375.658822997399
20.7,0.10260143139813,0.00495371161987528,3.25782619202265,0.0630601844810616,-0.093658384378588,-0.0421864909580154,-2.93106611047277,-1.42346743564214,2.0422509474783,373.707348410487,373.707348410517,370.960678366464,376.042572716404
20.71,0.0348518527566827,-0.0240650724247872,3.43062062881617,0.061651044589528,0.0313253487450604,0.0285044185589548,3.40811713042755,0.397110029392803,-1.43683161377131,375.84364733367,373.666148360008,370.960678366464,376.90648599573
20.72,-0.00499279415128132,-0.034246073421419,3.90337119245751,0.0630601844586936,-0.00914036358541859,-0.0333792643979559,-3.55140571232986,1.62104926495215,1.15874308998788,373.707348410517,370.960678366464,370.960678366464,378.109681258779
20.73,0.0445638633033641,0.00512958303817967,3.43097255234075,-0.173205604196326,0.0270822712908323,-0.0357603288071608,2.49577911381121,-2.36064809984553,-2.37881660350656,373.707348410517,367.876778278029,370.960678366464,374.289449174588
20.74,0.112841056202349,-0.0436063411433113,3.25571465105891,0.061651044589528,-0.0835201447029575,0.0875157264813909,-1.19070668937985,3.03079136865022,0.393278656491868,370.960678366464,371.001878417202,370.960678366464,375.684038243602
20.75,0.103011798038882,0.00495371162183389,3.25606657454935,0.0623556145274483,-0.0110376122317269,-0.102538485020297,-0.254824605463459,-3.24667863839509,3.08241370374215,370.960678366464,367.90882276196,370.960678366464,375.173653345208
20.76,0.112313441953381,-0.0240650724260929,3.31683203159223,-0.0557772798034009,0.0311529115941435,0.110557374487169,1.49916401073816,2.95922170505117,-0.485734500119964,367.90882276196,373.666148359822,370.960678366464,374.851118328232
20.77,0.122259947728163,0.0437431300269449,3.25747426852067,-0.171091894376307,-0.121891647932481,-0.0447591600384919,-2.39120879275957,-2.21867788464771,2.26631101911389,367.908822762079,367.954600596032,370.960678366464,375.276961479646
20.78,0.0344414861134865,-0.0145289332900747,3.55004000197077,-0.0557772798034009,0.029200917867552,0.0233369291884217,3.4014516946409,1.01785140838898,-1.29574709516506,370.960678366464,370.960678366464,370.960678366464,376.977950176593
20.79,0.0930066684583045,-0.014528933290283,3.37443017720308,0.061651044589528,-0.0940766251725221,-0.00330437231789146,-3.34285200508845,0.464672297639922,1.45094466773459,370.960678366464,373.739392894329,370.960678366464,375.023389768194
20.8,0.0540413786362229,0.00512958303817967,3.3744301772035,-0.0557772798034009,0.0451170231204328,-0.0301867098538333,2.99583824603053,-1.55397661803022,-2.06582895171202,370.960678366503,370.960678366464,370.960678366464,374.38219037471
20.81,0.0539241310243885,0.0246122279490816,3.55039192546621,-0.173205604196326,-0.0105081378922178,0.0583365469443565,-2.16574163735787,2.8186603495198,0.606401111353863,370.960678366464,371.001878417031,370.960678366464,376.779795727721
20.82,0.034793228949887,0.0538655072182243,3.48997839189932,-0.0550727098580512,-0.0374756735297981,-0.0520349453936853,1.32350126918729,-3.22975642576262,-2.76845961456747,370.960678366464,371.001878417002,370.960678366464,376.274944503756
20.83,0.0444466156964668,0.121673709665773,3.60763814756882,-0.756824376430047,0.127709739537654,0.0216844575197243,-0.0911944246533358,3.6850399885842,-0.182043055597436,370.960678366464,373.707348410517,370.960678366464,381.14065195393
20.84,0.0928307970436943,-0.042961479287681,3.25782619200464,0.175556519313715,-0.00723498225231573,-0.102033820932875,-1.72767549771573,-2.76756011016522,2.63736161567027,373.707348410517,371.001878416963,370.960678366464,381.04468254869
20.85,0.0927721732380722,-0.0726837489980734,3.25782619200652,0.295098553505386,0.0274863265196435,0.114604124490288,2.73532167092087,1.79402620108942,-0.899967973683418,373.707348410292,375.84364733367,370.960678366464,373.447449922076
20.86,0.17058550527318,0.0724101712463438,2.96631622902897,-0.40172112355592,-0.184179290088556,0.0205094273861179,-2.7269256112918,-1.23462080907156,1.8613277319948,373.707348410517,370.960678366464,370.960678366464,375.065223694433
20.87,0.0149588412019945,-0.053552846917815,3.54968807847888,0.179783938919543,0.0172876538291699,0.0528470563815261,3.53842248352621,-0.334923942507456,-1.61456405184561,375.84364733367,370.914900532321,370.960678366464,378.9203243222
20.88,0.0442121204719221,-0.00475829893122256,3.72600175023285,-0.0550727098650633,-0.0391286645892819,0.0211258280974286,-3.10161226418089,2.06545961199751,0.9685236672319,367.90882276196,373.707348410517,370.960678366464,376.413305522608
20.89,0.122142700117057,-0.043430469726063,3.08186444375131,0.177670229103279,0.103645888862184,-0.0778625366558248,1.55334402624851,-2.66769141695329,-2.55671778458149,373.707348410517,367.90882276196,370.960678366464,375.376156524828
20.9,0.0832360341000077,0.00477784020423847,3.37443017720225,-0.171796464315479,-0.00510658321994868,0.0832165124090924,-0.569947271368053,3.33038333436627,0.118626354516782,370.960678366464,373.707348410517,370.960678366464,373.505500393134
20.91,0.132089205892116,-0.0725665013834967,3.13981451285322,0.411822307944537,0.0399461234872161,-0.145319519179617,-1.12893674734511,-2.95863728918202,2.90748853621433,370.960678366464,367.954600595999,370.960678366464,375.550956492975
20.92,0.0443879918894134,-0.0138840714262177,3.60799007106893,-0.0585955595734385,0.0168069026220058,0.0433657616974193,2.20283995822222,2.85806261495321,-0.67288586763986,367.90882276196,370.960678366464,370.960678366464,371.271520086482
20.93,0.0347932289490939,-0.0828647499936772,3.60763814757245,0.414640587712072,0.0110322005084081,-0.0891931955036984,-3.33595904013121,-1.43469756512131,2.09138585158755,367.908822761981,367.954600595934,370.960678366464,376.062406613469
20.94,0.15174772222072,0.0345587337254945,3.02180283368887,-0.29133849853385,0.154383336644805,-0.0196840707757103,2.97932290575911,0.58292839151748,-1.4736942970687,370.960678366464,367.90882276196,370.960678366464,372.40714326373
20.95,0.0546276166974738,-0.0431373506929856,3.4889226214098,0.176261089199389,-0.0635015074283438,-0.0285055448147152,-3.34048153386414,1.02217031441121,1.32432602941804,370.960678366464,375.84364733367,370.960678366464,377.702009577128
20.96,0.0344414861134865,0.0147829697842735,3.43308409329269,-0.0550727098567996,0.0177176275179359,-0.0330278342687484,2.71888893125886,-2.09684104654319,-2.24377615361566,373.707348410468,370.914900532565,370.960678366464,374.681181743143
20.97,0.152392584076766,-0.0241823200371289,3.07728943836545,0.061651044589528,-0.0850931638247309,0.128714559216391,-1.21765928342631,2.82680331969882,0.426766479060676,370.960678366464,375.84364733367,370.960678366464,378.088049092423
20.98,0.122494442949888,-0.00446517990453498,3.08045674978082,0.17837479904704,0.0392462030358507,-0.11612304651727,0.70838288310216,-3.00320246522494,-2.8521101395206,370.960678366679,370.960678366464,370.960678366464,374.323021413601
20.99,0.0733481521311956,-0.0336598353688423,3.4337879402711,0.0595373347795217,-0.00566425325846877,0.080503740118969,1.26532471158176,3.19271008506009,-0.359990257531654,370.960678366464,373.707348410517,370.960678366464,378.945238135889
21,0.112489313370074,-0.0632648574708714,3.19882035243122,0.296507693375386,-0.0237302369299873,-0.126858833624337,-2.28128955202199,-2.26187675154821,2.44435026267775,373.707348410517,373.707348410517,370.960678366464,373.578909570042
21.01,0.0831187864891105,-0.0341874496176366,3.25747426851942,0.0630601844670374,0.0566250916575917,0.0697933619590727,2.89048344575921,1.50340302205466,-1.07182508600487,373.707348410517,373.666148359822,370.960678366464,374.596884799963
21.02,0.122142700116918,-0.0340115782011867,3.14087028333265,0.179079368982457,-0.11740420408203,-0.0478735783857023,-3.14056170189434,-0.184411913150425,1.68640256446791,373.707348410517,373.707348410517,370.960678366464,376.604584116429
21.03,0.00530545445525441,-0.0533183516953611,3.54933615498323,0.179079368982457,0.0167467092597533,0.0508973693176404,3.4259456320367,-0.944856120155334,-1.78948921936673,375.84364733367,370.914900532413,370.960678366464,376.196566610082
21.04,0.131737463057273,-0.0144116856786916,3.25853003900593,-0.0557772798034009,-0.104023665680633,0.0821068379322427,-2.3621647123385,2.24528550341133,0.793644520533548,367.90882276196,370.960678366464,370.960678366464,378.750996054019
21.05,0.0443293680836524,0.0342656146958911,3.43202832280643,-0.1725010342534,-0.0139673669020551,-0.054259910495748,1.51422161977535,-3.0847541071484,-2.73549336139027,373.707348410517,365.772523838807,370.960678366464,377.133811528922
21.06,0.0635775177708855,0.00512958303817967,3.49208993287428,-0.173205604196326,0.00869599621853703,0.0631885514774634,0.0234045915026134,3.4963044068993,-0.0562527921814728,370.960678366464,373.739392894291,370.960678366464,379.047870867626
21.07,0.0828842912631974,0.0935342827126342,3.37583787118879,-0.410175962818233,-0.118899890119361,-0.0384874513364215,-0.976143884466442,-3.25755564339968,2.72954133431166,370.960678366464,371.001878417002,370.960678366464,376.677410318096
21.08,0.0442707442780583,-0.0242409438432651,3.49173800937984,-0.0557772798034009,0.0171572651230861,0.0474673615323382,2.58131991832038,2.35204866241594,-0.847811035166134,367.90882276196,370.960678366464,370.960678366464,379.883549678364
21.09,0.0834705293210731,-0.0145289332889639,3.43202832281518,0.179079368982457,-0.0737370164836703,-0.0417285461973243,-3.29269173213262,-0.9844130160386,1.91343864968391,370.960678366388,367.954600595837,370.960678366464,373.455657970643
21.1,0.15016487947937,0.0235569994561444,3.02954515049239,-0.284997369109255,0.147315309661916,-0.0374516059955297,3.04292054637544,0.00136664457109159,-1.66414382396551,370.960678366464,367.90882276196,370.960678366464,373.934738509623
21.11,0.0833532817109743,-0.0240650724265094,3.3157762611128,0.0609464746532764,-0.0856682385458148,0.0137058450064036,-2.97441744386956,1.46660408977211,1.13108457228483,370.960678366659,375.811602849754,370.960678366464,376.368388046876
21.12,0.112313441954076,0.0148415935912361,3.08221636723945,-0.0550727098663149,0.0614345570700453,-0.0951860144217956,2.03823547249688,-2.31272283175184,-2.43706363157727,373.707348410517,370.914900532316,370.960678366464,374.819489107682
21.13,0.0829429150727648,0.0247294755605342,3.43413986376612,-0.173205604196326,-0.00297909087052584,0.086499706010206,-1.25808516601993,3.20008413956152,0.324186053272773,370.960678366464,373.707348410517,370.960678366464,376.024570808957
21.14,0.151454603192505,-0.121361049371511,2.96420468808303,0.764107281129582,0.135346698016868,-0.13909806781075,-0.475872458095762,-3.02389066825415,-3.04539761764183,373.707348410517,370.960678366464,370.960678366464,375.943220848265
21.15,0.102660055205565,-0.0719802633274834,3.25782619201465,0.290871133851998,-0.0058569991091602,0.125243526000104,1.98935480422691,2.59624825022268,-0.564767602206961,370.960678366464,373.707348410517,370.960678366464,370.976852724354
21.16,0.0834705293228435,-0.014294438067239,3.31472049063337,0.0609464746482701,-0.0561028858854627,-0.0634360025570381,-2.62173537348648,-2.02918457396228,2.2478566670564,373.707348410517,373.707348410517,370.960678366464,371.955555238977
21.17,0.0444466156952438,0.00507095923234925,3.489978391905,-0.0557772798034009,0.0440616189913102,0.00773239976730753,3.33110510537572,1.04249655051988,-1.28347487433964,370.960678366464,373.66614835991,370.960678366464,375.329580501357
21.18,0.0932997874878385,-0.0533183516946321,3.31436856713564,0.179079368982457,-0.097642866010413,-0.0448727945416912,-3.28561489831123,0.471002292146437,1.48239223359759,373.707348410517,370.960678366464,370.960678366464,377.379470930108
21.19,0.102718679010528,0.024143237501015,3.1981165054466,-0.170387324417945,0.0704761781331076,-0.0785310846127109,2.72138925897235,-1.68849682377024,-2.17934699430741,375.84364733367,365.772523838807,370.960678366464,376.691689035897
21.2,0.112313441950464,-0.024065072424926,3.31683203160624,0.0609464746437611,-0.0825755716957764,0.0798417930202779,-1.79792848902247,2.78792796661285,0.591152876986724,367.90882276196,370.960678366464,370.960678366464,377.132106008776
21.21,0.0153105840398115,0.150868365128323,3.66558821666227,-0.756824376427961,-0.143644875782133,-0.0485986341543544,1.55590229313199,-3.40418685813741,-2.91649327857207,370.960678366464,362.766446068202,370.960678366464,376.686151091799
21.22,0.0734653997420581,0.0342656146979738,3.49173800937405,-0.289929358654672,0.0532472321737835,0.0611230690960588,0.687082036594427,3.43572577981809,-0.280220822196476,367.90882276196,375.84364733367,370.960678366464,384.428304295839
21.23,0.102894550427776,0.0242018613131283,3.3147204906392,-0.0536635699971493,-0.0811619138446281,-0.0677182570643341,-1.94842365394979,-2.68214410025584,2.49715149275893,370.960678366464,371.001878417232,370.960678366464,377.748471110202
21.24,0.102484183790469,0.0049537116221463,3.20022804639671,-0.0557772798034009,0.0920812434806571,0.0452613718869631,2.77352745111796,1.5975343914237,-1.06564295477083,370.960678366464,370.960678366464,370.960678366464,379.753537189444
21.25,0.102894550427984,0.0343242385025893,3.31542433762132,-0.0557772798034009,-0.106027562260319,0.0228822616385225,-3.28950408804002,-0.417507482809649,1.68022043322414,370.960678366464,371.001878417178,370.960678366464,376.572134059809
21.26,0.0835291531277366,0.0147243459800612,3.31436856714314,-0.172501034257571,0.074402397999467,-0.0407211119532157,3.19478824821404,-0.898956981595834,-1.89708591542551,370.960678366464,367.876778278086,370.960678366464,375.750759365116
21.27,0.0636361415775491,-0.00493417034836672,3.4330840932894,-0.0543681399233883,-0.0533817717222524,0.0349898699582879,-2.75040569035197,2.05530796347286,0.913206631882623,373.707348410517,373.707348410517,370.960678366464,374.666999384872
21.28,0.0926549256242592,-0.0044651799031812,3.19987612291544,0.0609464746486873,0.0460709843320227,-0.0805129646496966,1.39941147780491,-2.8782927562297,-2.67000572303753,373.707348410517,370.960678366464,370.960678366464,374.733906193507
21.29,0.102542807593557,-0.00446517990286879,3.25853003900593,-0.0564818497454931,-0.0137713169040421,0.101711926790631,-0.352559295930233,3.23989354104542,0.0910598785002216,370.960678366464,373.707348410517,370.960678366464,372.506185321244
21.3,0.103129045651862,-0.0145289332904218,3.19670881146736,0.179783938925383,-0.0107395419655743,-0.103592240047172,-0.94448224426788,-3.05928468441093,2.89833039143006,373.707348410517,370.960678366464,370.960678366464,374.152569572964
21.31,0.0539827548303577,-0.0436649649480309,3.54968807847534,0.061651044589528,0.00460645159784026,0.0692787672138011,2.45580513945408,2.5638072124869,-0.74651919256528,370.960678366453,373.707348410517,370.960678366464,373.440726391651
21.32,0.0348518527559538,-0.0822785119331419,3.60658237708201,0.294393983539337,0.00249066598971049,-0.0893207800535942,-3.40277519100599,-1.23094486460475,1.99934419542986,373.707348410497,370.960678366464,370.960678366464,372.685854509009
21.33,0.0442707442780583,-0.0042893084834389,3.49103416238697,-0.0571864196957689,0.0440515124489508,0.00614501563539655,3.48555132309249,0.203768946698717,-1.52878122827799,370.960678366464,367.876778278223,370.960678366464,371.264930485015
21.34,0.0255502088320937,-0.0144116856786916,3.78008066094457,-0.0550727098692352,-0.029240644106535,-0.00234405368964991,-3.45344443177942,1.53810414576882,1.13722068269075,370.960678366464,373.707348410517,370.960678366464,376.78610349317
21.35,0.112665184786177,-0.00440655609943351,3.25641849804311,-0.0571864196734009,0.0768394359473858,-0.0825140150692503,2.16774071724721,-2.43072662053572,-2.43088150034267,367.90882276196,367.876778278021,370.960678366464,374.415966243019
21.36,0.0539827548303577,0.0246708517550509,3.60869391805813,-0.173205604196326,0.00477506384711515,0.0591606922766306,-1.39389475316148,3.33312606912244,0.348132224145154,367.90882276196,370.960678366464,370.960678366464,374.971201682789
21.37,0.141508097418626,-0.0333667163417729,3.1415741303106,0.0588327648411842,0.0161084854634218,-0.144493584945998,-0.436175001996633,-3.11170382235985,3.02105259963206,367.90882276196,365.80456832271,370.960678366464,377.219277164232
21.38,0.0444466156938553,-0.0042306846818728,3.54933615498573,-0.0578909896184134,0.0185760632016574,0.0405996331934505,1.725804107123,3.10205394724291,-0.524008488806416,367.90882276196,378.895502938174,370.960678366464,373.201680518029
21.39,0.0639292606054516,-0.0243581914537871,3.43238024630311,0.180488508860801,-0.0305065546652962,-0.0612341569298736,-2.64643795147695,-2.19321144124891,2.31535388157004,370.960678366591,371.001878417149,370.960678366464,375.877313643101
21.4,0.0251398422003058,-0.0434304697257158,3.54792846100941,0.176965659161186,0.0131438582392527,0.0484299118008595,3.47439247883735,0.740074396234175,-1.31108737119296,370.960678366464,370.960678366464,370.960678366464,375.09203486545
21.41,0.151278731774632,0.0244363565321457,3.08256829074177,-0.055072709862143,-0.147176567994255,0.0426784259473053,-3.06632918794272,0.320757823955556,1.44870498743258,370.960678366464,373.739392894345,370.960678366464,373.669125913701
21.42,0.151161484162242,0.0244949803375596,2.96631622905397,-0.172501034253817,0.113872060368193,-0.102386289235287,2.58797107809609,-1.45986104698557,-2.14248431101961,370.960678366464,367.876778278154,370.960678366464,376.253870595733
21.43,0.122787561980949,-0.0532597278886975,3.19600496447524,0.060946474645767,-0.117661590536744,0.0637897648872228,-1.92350096961641,2.5530973787944,0.664740181083198,373.707348410517,375.84364733367,370.960678366464,375.085357391345
21.44,0.0443879918899341,0.0538655072183498,3.5486323079882,-0.173205604196326,-0.035510227800541,-0.0600900192499938,1.37238724210825,-3.27709394072266,-2.79377107024982,373.707348410517,367.90882276196,370.960678366464,375.915797089009
21.45,0.0640465082193007,-0.00481692273856033,3.43167639930736,-0.055072709857634,0.00410914793337981,0.0640958100269886,0.421234457537636,3.4061704955444,-0.139090282723006,370.960678366464,373.707348410517,370.960678366464,380.254397922943
21.46,0.131913334473159,-0.208945015754844,3.08186444376182,1.11427854444627,0.128432120324122,-0.211102671441339,-2.36911886579144,-2.26423959069877,2.68049847182607,373.707348410517,370.960678366464,370.960678366464,374.761433455647
21.47,0.12190820489804,0.0244363565343673,3.20022804639046,-0.171796464327161,0.114694623209828,0.0479988473704596,2.55557086458243,1.93391600907506,-0.976623332990809,370.960678366204,373.707348410517,370.960678366464,369.493825663092
21.48,0.083177410295184,-0.0340115782008049,3.37478210069081,0.0623556145249452,-0.0742214485719247,-0.0506600987662675,-3.31314932654265,-0.645045726934,1.78155829665286,373.707348410517,370.960678366464,370.960678366464,377.246186885198
21.49,0.0442121204719221,-0.0143530618733471,3.49138608588341,-0.0557772798034009,0.046014380387808,0.00658777498780853,3.44957473677235,-0.541592135342142,-1.74250195391077,370.960678366464,367.90882276196,370.960678366464,374.979253397308
21.5,0.0832946579056646,0.00501233542728249,3.43273216979605,-0.172501034258406,-0.0631994976417264,0.054488044926302,-2.83440409740837,1.94410909389559,0.91938876311663,370.960678366464,373.707348410517,370.960678366464,380.283412478444
21.51,0.0152519602297234,0.0344414861134865,3.66558821668186,-0.173910174135081,-0.0230395297110235,-0.0297996363610265,1.89670413061273,-3.14154343657082,-2.64582944802397,370.960678366464,365.772523838807,370.960678366464,379.045481092149
21.52,0.102894550428158,-0.00458242751463379,3.25712234502732,-0.0557772798034009,-0.013920064161962,0.102051550519659,-0.351729637699679,3.23855574869141,0.0910598784954257,367.908822762079,371.001878417129,370.960678366464,380.086468011562
21.53,0.0740516377984532,-0.0341288258126393,3.4299167818459,0.0630601844712093,0.00810628050086929,-0.0811339018439518,-1.17845290516268,-3.22173159458812,2.80931076964101,370.960678366464,367.90882276196,370.960678366464,376.654620346789
21.54,0.0734653997414333,0.0146657221734324,3.37513402419187,-0.172501034254234,0.0605820035929362,0.0440689142900339,2.16108491131341,2.59826832605293,-0.744862442760957,367.90882276196,375.84364733367,370.960678366464,376.0586717204
21.55,0.0833532817115297,-0.0241823200371289,3.37372633021388,0.179079368982457,-0.059901695052511,-0.0628039895571591,-3.00653895396889,-1.54104584287463,2.09747594116837,373.707348410517,373.707348410517,370.960678366464,376.818260894012
21.56,0.0543344976661734,0.0150174650085538,3.43097255231887,-0.173910174140504,0.0549155649280155,-0.0127295962447934,3.42068385325073,0.317394674726556,-1.52891929076661,370.960678366464,367.954600595923,370.960678366464,376.063346364184
21.57,0.20007327975836,0.0150174650087488,2.79000255730721,-0.0557772798034009,-0.191126431034701,0.0610371107482439,-2.72678142687268,0.593201841522121,1.3365982502386,370.960678366464,375.84364733367,370.960678366464,376.868603891237
21.58,0.19983878453326,0.0050709592320435,2.73240441171208,-0.0557772798034009,0.1371232702434,-0.145459489855489,1.96372439823452,-1.90077128078694,-2.36031623059336,370.960678366464,367.90882276196,370.960678366464,377.866162082917
21.59,0.0732309045215481,-0.0141771904581468,3.37548594767043,-0.0571864196717321,-0.0444088926778607,0.0599300288457874,-1.50913520812227,3.0198818839685,0.44649407402487,373.707348410517,375.84364733367,370.960678366464,375.301557120777
21.6,0.0830601626848422,0.0248467231706677,3.37443017719954,-0.0564818497384009,-0.0138705154407751,-0.0855801325014133,0.493412105383814,-3.33863950051597,-3.0116029893511,373.707348410292,367.90882276196,370.960678366464,376.691779994423
21.61,0.0637533891887934,0.0439776252506832,3.43273216979605,-0.289224788716752,0.0634809350804005,0.0443700015445713,0.928372528150679,3.31744262602024,-0.356922202327704,370.960678366464,373.707348410517,370.960678366464,378.143411434719
21.62,0.102953174233294,-0.0440753315862752,3.25606657455018,0.181193078793715,-0.0318818566829325,-0.107357059169857,-2.21995297452555,-2.38885103357259,2.44841543581936,373.707348410517,370.914900532316,370.960678366464,377.372349134218
21.63,0.0348518527518697,-0.0141771904567583,3.60693430059554,0.0602419047128529,0.0271236859811227,0.0260758514392656,3.37279305678184,1.27979339427122,-1.19143321818776,367.90882276196,370.960678366464,370.960678366464,374.175899876578
21.64,0.112430689564313,-0.0241823200371289,3.25747426851983,-0.0557772798034009,-0.11297908107206,-0.0214749109054746,-3.25787421684455,0.0224789285915834,1.54677537206796,373.707348410517,370.91490053237,370.960678366464,374.066187164128
21.65,0.0345587337248002,0.0245536041437372,3.60763814757745,-0.173205604196326,0.0173351196253131,-0.0386869381146283,3.19723242943116,-1.68010653750731,-2.10259959335439,370.960678366356,367.90882276196,370.960678366464,374.509568926919
21.66,0.0443293680833747,0.00512958303817967,3.60834199456415,-0.0557772798034009,-0.0242343206128852,0.0374713650838716,-2.33789581360755,2.74908825238365,0.689284622720463,370.960678366464,373.739392894345,370.960678366464,373.855455759866
21.67,0.141683968832958,0.0246122279492205,3.08186444375569,-0.0557772798034009,0.0264372938512228,-0.141354795754184,1.12894200212405,-2.86818575243445,-2.78470496701091,367.90882276196,365.772523838807,370.960678366464,374.222554106808
21.68,0.0344414861134865,0.131502967832562,3.55004000197077,-0.640100621992994,0.135008026826462,0.0158770024533228,-0.14173337073285,3.60450058586334,-0.139090282727857,370.960678366464,371.033922900824,370.960678366464,377.33265592557
21.69,0.112606560980971,-0.0337184591715486,3.37372633021304,0.0609464746449326,-0.0318124139703572,-0.113159809041211,-1.85780387049628,-2.8167904790228,2.57659878232009,367.90882276196,367.90882276196,370.960678366464,378.792340432139
21.7,0.102484183785927,0.00501233542597675,3.14227797732907,-0.055072709857634,0.0813277743774408,0.0625613662534815,2.35838519688397,2.07724893869197,-0.866219366399418,367.90882276196,375.84364733367,370.960678366464,371.393143855914
21.71,0.0832946579056646,-0.0241823200371289,3.37372633021204,0.0623556145361292,-0.073452527003096,-0.0461249489415357,-3.2611639107964,-0.866445336273044,1.84896346951004,373.707348410517,373.707348410517,370.960678366464,375.834077612282
21.72,0.0345001099186574,0.00507095923300878,3.54968807848013,-0.0557772798034009,0.0329167185503334,-0.0115092072629011,3.49608342310963,-0.617087723183899,-1.76121709066155,370.960678366464,370.960678366464,370.960678366464,373.640433540337
21.73,0.0445052394981237,-0.0241823200371289,3.48997839191917,0.179079368982457,-0.0506224776323553,-0.00169283889521949,-3.04031764911953,1.72292982704176,1.10649410981113,373.707348410517,375.84364733367,370.960678366464,375.003715158512
21.74,-0.336725371896381,0.0343242385027976,2.1999441614864,-0.172501034259657,-0.202251953468287,0.271396898924463,1.27696457922998,-1.79968674603964,-2.60273861266907,370.960678366464,367.90882276196,264.756103329727,377.037190141766
21.75,-0.414714575347314,0.0827084198511787,2.25824615407958,-0.405243973230502,0.142257050600682,-0.398235851317002,-0.729985951881756,2.17509054531303,0.146238851359432,370.960678366464,367.90882276196,264.756103329727,374.717686176519
21.76,-0.307354845015209,-0.0633821050819074,1.73071283278439,0.41534515764582,0.165102679857734,0.266880866872715,-0.98457691341646,-1.48272951380611,2.79094845923197,367.90882276196,354.831621496698,264.756103329727,370.74695034559
21.77,-0.356325264418321,-0.0342460734236753,1.908082275018,0.297916833255398,-0.30157179381356,-0.192859899366867,1.6855376451978,0.942600262251098,-0.906012042426843,362.720668234422,346.896796924955,264.756103329727,353.881766856374
21.78,-0.23972251397963,0.0242604851152098,1.55827031945686,-0.0536635699808789,0.240311679894114,0.0174857471446905,-1.55916410748637,-0.0096671179523564,1.54257213644123,357.837699267096,336.82567343007,264.756103329727,355.584509584461
21.79,-0.249200029310128,0.00518820684397539,1.4982087093963,0.178374799040365,-0.189478239397771,0.161943103876472,0.999712672530455,-1.13005375014892,-2.29881706401115,354.785843662593,323.962102057103,264.756103329727,347.884088270107
21.8,-0.268565426609751,-0.0431959745012139,1.67452238115445,0.293689413603679,-0.00520636613823263,-0.271967230259129,0.0565823393449759,1.69914011062192,0.140332845100348,344.714720167804,323.962102057103,264.756103329727,341.574460066181
21.81,-0.220005373847628,0.151454603190839,1.55791839597309,-0.524081437486753,0.00924385640239339,0.266937094590356,-0.506145723102704,-1.56383745594432,2.50406995726141,341.968050123676,315.722091924942,264.756103329727,335.145751179677
21.82,-0.239077652116647,0.00507095923211293,1.7900705958539,0.179079368982457,-0.236129860573787,-0.037769396534053,1.79772810039552,0.0677925923994275,-1.43339539194525,333.728039991515,307.787267353232,264.756103329727,334.888433074486
21.83,-0.229248393952006,0.00477784020136262,1.96603234411557,0.063060184481896,0.159445027062407,-0.1647875518103,-1.29114232360795,1.48398492753927,0.748083900714777,325.793215419805,307.787267353232,264.756103329727,319.521817638207
21.84,-0.180395222161826,0.121497838262364,1.78971867236906,-0.40383483337719,-0.0857359153363709,0.19988375047181,0.0630905712270745,-1.83362893702556,2.95406161421788,320.910246452599,294.969473814315,264.756103329727,318.364174539652
21.85,-0.18062971738251,-0.0240064486215121,1.67381853415691,0.413231447833311,-0.159428267662993,-0.0882384941342493,1.59092039664703,0.664380166996316,-0.933164331004127,320.910246452599,297.716143858369,264.756103329727,315.234889932216
21.86,-0.111238672183403,-0.0142944380680721,1.78619943745221,0.178374799046205,0.0893064689410559,-0.0678434061209255,-1.4595271015102,1.04503906111044,1.0489373941617,307.787267353232,291.917618209812,264.756103329727,302.68117256795
21.87,-0.0924595129354199,-0.00481692273639346,1.73071283278689,0.0623556145266139,0.00653609931579309,0.0923539045337963,-0.0945410093919724,-1.72925334459105,3.12298873383222,305.95615399053,281.846494714949,264.756103329727,300.436991952218
21.88,-0.112235276874016,-0.0340115782010479,1.79112636633496,0.179783938920794,-0.111689993273713,-0.0357615747588248,1.57623087738813,0.869455085695871,-0.966682834116412,302.904298386026,284.898350319453,264.756103329727,294.851895750787
21.89,-0.131542050368815,-0.0340115782011173,2.25859807757002,0.179783938921629,0.0991102717852682,-0.0929368199026248,-1.89560991111546,1.24106833235643,1.07055184308937,294.969473814315,281.846494714949,264.756103329727,289.017712764738
21.9,-0.0534355993067789,-0.00481692273722655,1.90737842803109,0.17978393892288,0.00922242354210725,0.0528536935506028,-0.337010947811725,-1.8859582056525,3.05874365783778,289.781319286659,271.775371220086,264.756103329727,284.41026334929
21.91,-0.0729182442178544,0.0147829697851627,1.96603234411803,-0.055072709862143,-0.0639159672967046,-0.0380835352877105,1.83700225753745,0.702665558635206,-1.23346557449532,286.729463682155,271.729593386046,264.756103329727,279.153333344352
21.92,-0.0147048047078437,-0.0534355993066054,1.85048412941569,0.413936017768311,-0.0216004529783689,-0.0510393474280499,-1.19502795557393,1.47225769667611,0.90190084845539,286.729463682155,271.807415703891,264.756103329727,278.673029599819
21.93,-0.0239478248133907,0.0148415935906807,2.14129024538842,0.061651044589528,-0.00429449245309322,0.0278447220882901,-0.894125430469461,-1.94665468968751,2.73980397896765,276.963525747743,260.834468877847,264.756103329727,272.159769140636
21.94,-0.0436649649479962,0.0147243459786033,2.20029608497017,-0.172501034251731,-0.0440963267878837,-0.013377200462859,2.20455400808657,0.104886099090502,-1.60149413665169,276.963525747743,263.840546648375,264.756103329727,273.24032193756
21.95,0.0241432375001377,-0.00452380370805302,2.02785357166921,-0.0557772798034009,-0.0135483623245391,0.0204890847843446,-0.83924057872355,1.84688290481492,0.399015919724105,273.911670143239,266.018045622364,264.756103329727,271.267226150626
21.96,0.0343828623073156,0.0337966242456068,2.1423460158741,-0.052959000016996,-0.0482030845568376,0.000925024350447806,-1.51997656181845,-1.51066950685349,2.32840845645879,271.775371220086,260.788691043872,264.756103329727,269.971053832592
21.97,0.0343242385031447,-0.00452380370991415,1.90878612199658,0.0609464746549451,0.0329954029706811,-0.0104843469815226,1.70214237987874,-0.865962037805551,-2.00949945815668,268.723515615842,260.742913209664,264.756103329727,268.7514550712
21.98,-0.00376169424165114,0.0141381079284911,2.37273859833082,-0.0515498601908977,0.0137939984674155,-0.0048746328729736,0.137394649973746,2.36931816231025,-0.0796467131397934,265.976845571528,260.788691043872,264.756103329727,265.735607294598
21.99,0.0538655072196688,-0.0339529543955646,2.26000577154051,0.179079368982457,-0.0455192353560364,-0.0445229737643528,-2.24711621890522,-0.300273552822551,1.78270881735959,263.840546648375,255.905722076665,264.756103329727,265.895707789316
22,0.0440948728610249,0.0343828623080379,2.14304986285872,-0.0557772798034009,-0.00903205805847453,-0.0551811649057157,1.07643354685891,-1.85393220988195,-2.64156485128895,263.840546648375,255.933188777141,264.756103329727,259.687728585363
22.01,0.0346173575300406,0.00571582109335985,2.37625783323808,-0.0585955595584197,0.0274564434399615,0.0218443532008195,1.55021105358946,1.80191021389923,-0.735106027211915,260.788691043872,257.736835439367,264.756103329727,262.682658207654
22.02,0.0246122279494288,-0.0146461809011802,2.49462143589161,-0.0543681399233883,-0.0284933103236587,-0.00289890434896016,-2.28480664191425,1.00287118420721,1.13539518985679,260.788691043872,252.853866472162,264.756103329727,260.1911745826
22.03,0.0831774102942814,-0.00464105132025594,2.14269793936786,0.0623556145303686,0.00338661738354123,-0.0832379226273577,-0.0946498827448873,-2.14151443649842,3.1265169973254,260.788691043872,252.899644306212,264.756103329727,259.76956844556
22.04,0.121849581087246,0.0536310119955835,2.02750164816013,-0.288520218762978,0.132524920885047,-0.0126787697833668,1.83450573497639,0.910272244037911,-1.25155175992991,257.736835439367,260.742913209854,264.756103329727,260.90817773836
22.05,0.10230831236975,-0.00434793229093024,2.2624692360073,-0.0571864196892541,-0.057391164049587,0.0848065421072346,-1.235993125368,1.89587930114746,0.552464700838237,255.905722076665,257.736835439367,264.756103329727,264.440483935038
22.06,0.0640465082186397,0.00495371162027183,2.43420790232916,0.0623556145337061,-0.046984447395002,-0.0438058920329605,-1.69301695533195,-1.75012854481725,2.39839079570804,255.905722076665,252.853866472162,264.756103329727,259.96076894326
22.07,0.0636361415766599,0.00507095923211293,2.3186596876322,-0.0550727098580512,0.0606338238324152,-0.0199702916793443,2.26596261337421,-0.494600025487357,-1.80944691846417,257.736835439367,252.853866472162,264.756103329727,259.618818607145
22.08,0.044153496665786,0.0149588412027515,2.4946214358947,-0.173205604196326,0.0193358510755547,0.0424196070364717,0.0792833205020481,2.49937000959052,-0.101031057924813,255.905722076665,255.905722076665,264.756103329727,263.392749959162
22.09,0.112313441955291,0.00495371162277112,2.20275954941363,-0.0550727098692352,-0.110412150501085,-0.021166140990077,-2.13024999380384,-0.563220738080552,1.80427724544997,255.905722076665,252.821821988209,264.756103329727,259.795357920243
22.1,0.0539241310251521,0.0148415935914097,2.37731360371439,-0.172501034261326,0.01500225760006,-0.0538796536185209,1.37049627523891,-1.95015807994711,-2.60145002948289,255.905722076665,250.676367498227,264.756103329727,259.82376033622
22.11,0.112547937175662,-0.0141185666521428,2.2600057715403,0.0595373347807732,0.0686059793839316,0.0903304582052989,1.62286875884397,1.57399738665491,-0.774346453289973,252.853866472162,257.736835439367,264.756103329727,260.302925568257
22.12,0.0250812183927051,-0.0144703094840707,2.72642171230446,0.061651044589528,-0.0287084518615812,-0.00377917508705686,-2.49561877942199,1.09957405954326,1.17839398355562,255.905722076665,255.905722076665,264.756103329727,255.362379915668
22.13,0.0835291531275978,0.0340897432805867,2.37590590974598,-0.171091894381314,-0.0445127927366982,-0.0784719140962532,-0.134787054035081,-2.37824174094086,3.01309099637827,252.853866472162,248.012097555659,264.756103329727,259.259705108253
22.14,0.0541586262470159,0.0245536041439454,2.49356566541239,-0.173205604196326,0.0572778707621159,-0.0159775403106952,2.43769963816353,0.552711844586254,-1.41718072019736,252.853866472162,255.859944242571,264.756103329727,261.020137294064
22.15,0.0736998949641996,-0.0436063411426864,2.43455982583022,0.178374799042033,-0.0774389144999912,0.0365568328312158,-1.21785197046316,2.1155934610692,0.595463494537657,255.905722076665,257.709368738931,264.756103329727,259.06378684658
22.16,0.112665184786698,-0.0144116856786916,2.37660975672956,0.061651044589528,-0.0694623611875654,-0.0898672405572262,-1.7238674665076,-1.63717920369085,2.35634309911817,250.717567549009,250.717567549009,264.756103329727,257.384875536111
22.17,0.123432423844355,0.0247294755608813,2.13741908694967,-0.173910174138836,0.0942102960416849,-0.0834956905315883,1.93446726728134,-0.925549292983806,-2.09824295495965,252.853866472162,250.717567549009,264.756103329727,257.368042769004
22.18,0.0438017538303802,0.0151347126203535,2.61404080903958,-0.174614744083848,0.0225143378678708,0.0405062680962993,0.282184000959539,2.6046250881419,-0.174618362008836,252.853866472162,255.905722076665,264.756103329727,259.376461014042
22.19,0.073582647353233,-0.0436063411419922,2.55292342848563,0.178374799037861,-0.0690933904742635,-0.0504184725281617,-2.5583048996186,-0.0656630887948169,1.66621476122392,252.853866472162,252.899644306115,264.756103329727,259.454512728462
22.2,0.0150760888149197,0.0637533891887934,2.66917549017166,-0.290633928589255,-0.0509292211625365,-0.0412067654492626,1.41826817850064,-2.27979851119191,-2.69353770647641,255.905722076665,250.717567549009,264.756103329727,254.232146505885
22.21,0.0445638633089474,-0.0238892010062745,2.6101696505864,0.0602419046963256,0.0153640803019601,0.048172366292426,1.91585383142083,1.77373019046131,-0.800823769721606,252.853866472162,255.905722076665,264.756103329727,263.939362084012
22.22,0.131502967840963,0.0147243459811026,2.32147507555196,-0.172501034261743,-0.101185110306868,0.0852725651528056,-2.02640562132661,1.14572395937515,0.982038450406947,252.853866472162,255.905722076665,264.756103329727,258.944440047797
22.23,0.141801216445799,-0.0338357067850839,2.08404402327779,0.296507693375386,0.0193817039162713,-0.144488025775345,-0.504900897573058,-2.04358297771845,3.04070349322208,255.905722076665,252.853866472162,264.756103329727,262.046091186133
22.24,0.0440948728612332,-0.0440167077807225,2.553627275469,0.179783938919126,0.0388124855868956,0.0487382738622211,2.55752766594316,0.111295842904514,-1.45701941704319,252.853866472162,255.905722076665,264.756103329727,257.80369690111
22.25,0.0588289895311115,0.0048364640109367,2.59926002234214,-0.171796464320485,-0.01564065298612,0.0569175839925457,-1.05314553765905,2.38255139827201,0.350203161415371,252.853866472162,257.736835439367,3.82458331452374,259.121501722407
22.26,-0.981704487163828,0.0535137643862136,0.265420701078526,-0.0536635699871367,0.689077591225679,0.701269916912877,-0.159883526963248,-0.218552476788923,2.31050635434561,252.853866472314,250.717567549009,-0.144963141214248,262.932871004648
22.27,-1.03008866851103,-0.0143530618730694,0.321611152712425,0.179079368982457,-0.718406995162112,0.738363098131336,0.100868351699025,-0.35401797916164,-2.35595959221597,250.717567549009,244.919041900452,-0.144963141214248,257.743043424405
22.28,-0.991592369133647,0.121849581088183,-0.0861508719518744,-0.288520218766733,-0.616347545140131,-0.786268688512508,-0.264687185411203,0.143549932965388,-0.787109562942213,247.970897504955,226.913093833879,-0.144963141214248,189.602126299362
22.29,-1.00101126065752,-0.0533769755008444,-0.028904649841462,0.530659772219147,0.601555999127839,-0.801874694319554,0.4254831621106,0.318432648129082,0.696893399630169,239.730887372794,213.790114734511,-0.144963141214248,198.135157826318
22.3,-0.952568455506117,-0.0252375485427015,-0.438074368475001,0.653724656154655,0.781540049785788,0.545177720438557,-0.0355496371662003,0.786130588182806,2.20637656068118,237.899774010092,190.026841069977,-0.144963141214248,212.171256457932
22.31,-0.894882630251324,-0.00393756564862462,-0.726417019975084,0.527136922496171,-0.183815329856227,0.875809540287505,-0.66775188299244,0.599718637969729,-2.93031486714759,226.913093833879,174.758407480636,-0.144963141214248,206.210870370555
22.32,-0.942915068760419,-0.0145289332908251,-0.437018597985729,0.414640587713661,-0.869213112589865,0.365743737745262,-0.560282180346066,-0.221350288799451,-1.95367619369626,216.841970339015,174.726362996861,-0.144963141214248,202.760152331028
22.33,0,0,0,0,0,0,0,0,0,0,0,-0.144963141214248,175.5880794301
22.34,0,0,0,0,0,0,0,0,0,0,0,-0.144963141214248,181.767012996696
22.35,0,0,0,0,0,0,0,0,0,0,0,-0.144963141214248,167.730933478156
22.36,0,0,0,0,0,0,0,0,0,0,0,-0.144963141214248,174.157906246791
22.37,0,0,0,0,0,0,0,0,0,0,0,-0.144963141214248,163.223462389073
22.38,0,0,0,0,0,0,0,0,0,0,0,-0.144963141214248,167.364684861837
22.39,0,0,0,0,0,0,0,0,0,0,0,-0.144963141214248,158.543191536173
22.4,0,0,0,0,0,0,0,0,0,0,0,-0.144963141214248,161.192907848333
22.41,0,0,0,0,0,0,0,0,0,0,0,-0.144963141214248,153.974373587416
22.42,0,0,0,0,0,0,0,0,0,0,0,-0.144963141214248,155.930448569756
22.43,0,0,0,0,0,0,0,0,0,0,0,-0.144963141214248,149.688163276467
22.44,0,0,0,0,0,0,0,0,0,0,0,-0.144963141214248,151.270169428147
22.45,0,0,0,0,0,0,0,0,0,0,0,-0.144963141214248,145.606644268598
22.46,0,0,0,0,0,0,0,0,0,0,0,-0.144963141214248,146.943515979718
22.47,0,0,0,0,0,0,0,0,0,0,0,-0.144963141214248,141.668602818474
22.48,0,0,0,0,0,0,0,0,0,0,0,-0.144963141214248,142.831806605798
22.49,0,0,0,0,0,0,0,0,0,0,0,-0.144963141214248,137.84684310142
22.5,0,0,0,0,0,0,0,0,0,0,0,-0.144963141214248,138.885840502336
22.51,0,0,0,0,0,0,0,0,0,0,0,-0.144963141214248,134.12982109784
22.52,0,0,0,0,0,0,0,0,0,0,0,-0.144963141214248,135.081998754071
22.53,0,0,0,0,0,0,0,0,0,0,0,-0.144963141214248,130.511777322396
22.54,0,0,0,0,0,0,0,0,0,0,0,-0.144963141214248,131.406504783556
22.55,0,0,0,0,0,0,0,0,0,0,0,-0.144963141214248,126.989079920688
22.56,0,0,0,0,0,0,0,0,0,0,0,-0.144963141214248,127.849929179948
22.57,0,0,0,0,0,0,0,0,0,0,0,-0.144963141214248,123.558869732211
22.58,0,0,0,0,0,0,0,0,0,0,0,-0.144963141214248,124.405137592226
22.59,0,0,0,0,0,0,0,0,0,0,0,-0.144963141214248,120.218633882016
22.6,0,0,0,0,0,0,0,0,0,0,0,0,121.066347150256
22.61,0,0,0,0,0,0,0,0,0,0,0,0,116.965929460501
22.62,0,0,0,0,0,0,0,0,0,0,0,0,117.828680983692
22.63,0,0,0,0,0,0,0,0,0,0,0,0,113.798511352124
22.64,0,0,0,0,0,0,0,0,0,0,0,0,114.687880781621
22.65,0,0,0,0,0,0,0,0,0,0,0,0,110.714122628924
22.66,0,0,0,0,0,0,0,0,0,0,0,0,111.640338437421
22.67,0,0,0,0,0,0,0,0,0,0,0,0,107.710771377798
22.68,0,0,0,0,0,0,0,0,0,0,0,0,108.682686550373
22.69,0,0,0,0,0,0,0,0,0,0,0,0,104.786390431872
22.7,0,0,0,0,0,0,0,0,0,0,0,0,105.811851985672
22.71,0,0,0,0,0,0,0,0,0,0,0,0,101.93905323455
22.72,0,0,0,0,0,0,0,0,0,0,0,0,103.024959916004
22.73,0,0,0,0,0,0,0,0,0,0,0,0,99.1667803976998
22.74,0,0,0,0,0,0,0,0,0,0,0,0,100.319405533878
22.75,0,0,0,0,0,0,0,0,0,0,0,0,96.4678518095027
22.76,0,0,0,0,0,0,0,0,0,0,0,0,97.6927377213147
22.77,0,0,0,0,0,0,0,0,0,0,0,0,93.8405183428538
22.78,0,0,0,0,0,0,0,0,0,0,0,0,95.1425373556767
22.79,0,0,0,0,0,0,0,0,0,0,0,0,91.2831024408008
22.8,0,0,0,0,0,0,0,0,0,0,0,0,92.6666729740288
22.81,0,0,0,0,0,0,0,0,0,0,0,0,88.7940677349145
22.82,0,0,0,0,0,0,0,0,0,0,0,0,90.2629819472638
22.83,0,0,0,0,0,0,0,0,0,0,0,0,86.3718981736172
22.84,0,0,0,0,0,0,0,0,0,0,0,0,87.9294300138806
22.85,0,0,0,0,0,0,0,0,0,0,0,0,84.0153541719086
22.86,0,0,0,0,0,0,0,0,0,0,0,0,85.6640563743565
22.87,0,0,0,0,0,0,0,0,0,0,0,0,81.7229293649833
22.88,0,0,0,0,0,0,0,0,0,0,0,0,83.4650340471228
22.89,0,0,0,0,0,0,0,0,0,0,0,0,79.4935071932562
22.9,0,0,0,0,0,0,0,0,0,0,0,0,81.3303586769914
22.91,0,0,0,0,0,0,0,0,0,0,0,0,77.3257023714623
22.92,0,0,0,0,0,0,0,0,0,0,0,0,79.2581844863479
22.93,0,0,0,0,0,0,0,0,0,0,0,0,75.2185501084371
22.94,0,0,0,0,0,0,0,0,0,0,0,0,77.2467451967226
22.95,0,0,0,0,0,0,0,0,0,0,0,0,73.1708666106216
22.96,0,0,0,0,0,0,0,0,0,0,0,0,75.2943705605073
22.97,0,0,0,0,0,0,0,0,0,0,0,0,71.1817273717967
22.98,0,0,0,0,0,0,0,0,0,0,0,0,73.399067657628
22.99,0,0,0,0,0,0,0,0,0,0,0,0,69.2499991639545
23,0,0,0,0,0,0,0,0,0,0,0,0,71.5591281197414
23.01,0,0,0,0,0,0,0,0,0,0,0,0,67.3747758272989
23.02,0,0,0,0,0,0,0,0,0,0,0,0,69.7726713741186
23.03,0,0,0,0,0,0,0,0,0,0,0,0,65.5550110592434
23.04,0,0,0,0,0,0,0,0,0,0,0,0,68.037931725469
23.05,0,0,0,0,0,0,0,0,0,0,0,0,63.7897949448071
23.06,0,0,0,0,0,0,0,0,0,0,0,0,66.3529254784502
23.07,0,0,0,0,0,0,0,0,0,0,0,0,62.0780270281217
23.08,0,0,0,0,0,0,0,0,0,0,0,0,64.7157014223744
23.09,0,0,0,0,0,0,0,0,0,0,0,0,60.4186485165168
23.1,0,0,0,0,0,0,0,0,0,0,0,0,63.1243050043914
23.11,0,0,0,0,0,0,0,0,0,0,0,0,58.8107113939523
23.12,0,0,0,0,0,0,0,0,0,0,0,0,61.576580194479
23.13,0,0,0,0,0,0,0,0,0,0,0,0,57.2528128488061
23.14,0,0,0,0,0,0,0,0,0,0,0,0,60.0703746558079
23.15,0,0,0,0,0,0,0,0,0,0,0,0,55.7440205729097
23.16,0,0,0,0,0,0,0,0,0,0,0,0,58.603685971746
23.17,0,0,0,0,0,0,0,0,0,0,0,0,54.2829570122972
23.18,0,0,0,0,0,0,0,0,0,0,0,0,57.1743654227014
23.19,0,0,0,0,0,0,0,0,0,0,0,0,52.8684322178605
23.2,0,0,0,0,0,0,0,0,0,0,0,0,55.7797832711537
23.21,0,0,0,0,0,0,0,0,0,0,0,0,51.4986163423954
23.22,0,0,0,0,0,0,0,0,0,0,0,0,54.4177989235348
23.23,0,0,0,0,0,0,0,0,0,0,0,0,50.1723655834657
23.24,0,0,0,0,0,0,0,0,0,0,0,0,53.0860552629189
23.25,0,0,0,0,0,0,0,0,0,0,0,0,48.8879953025667
23.26,0,0,0,0,0,0,0,0,0,0,0,0,51.7822369331303
23.27,0,0,0,0,0,0,0,0,0,0,0,0,47.6435271814327
23.28,0,0,0,0,0,0,0,0,0,0,0,0,50.5038227992574
23.29,0,0,0,0,0,0,0,0,0,0,0,0,46.4373338012074
23.3,0,0,0,0,0,0,0,0,0,0,0,0,49.248814089759
23.31,0,0,0,0,0,0,0,0,0,0,0,0,45.2676562398803
23.32,0,0,0,0,0,0,0,0,0,0,0,0,48.0149012652455
23.33,0,0,0,0,0,0,0,0,0,0,0,0,44.1323613407029
23.34,0,0,0,0,0,0,0,0,0,0,0,0,46.8001560499215
23.35,0,0,0,0,0,0,0,0,0,0,0,0,43.0296660435462
23.36,0,0,0,0,0,0,0,0,0,0,0,0,45.6033616081817
23.37,0,0,0,0,0,0,0,0,0,0,0,0,41.9579236359968
23.38,0,0,0,0,0,0,0,0,0,0,0,0,44.4226569313147
23.39,0,0,0,0,0,0,0,0,0,0,0,0,40.9148215890171
23.4,0,0,0,0,0,0,0,0,0,0,0,0,43.2571866646219
23.41,0,0,0,0,0,0,0,0,0,0,0,0,39.8984790613122
23.42,0,0,0,0,0,0,0,0,0,0,0,0,42.1061637603444
23.43,0,0,0,0,0,0,0,0,0,0,0,0,38.9073258212701
23.44,0,0,0,0,0,0,0,0,0,0,0,0,40.9693587535925
23.45,0,0,0,0,0,0,0,0,0,0,0,0,37.9393690289594
23.46,0,0,0,0,0,0,0,0,0,0,0,0,39.8468109267547
23.47,0,0,0,0,0,0,0,0,0,0,0,0,36.9930174489074
23.48,0,0,0,0,0,0,0,0,0,0,0,0,38.7392062626912
23.49,0,0,0,0,0,0,0,0,0,0,0,0,36.0669817554374
23.5,0,0,0,0,0,0,0,0,0,0,0,0,37.6471885314455
23.51,0,0,0,0,0,0,0,0,0,0,0,0,35.1595726565688
23.52,0,0,0,0,0,0,0,0,0,0,0,0,36.5720574440474
23.53,0,0,0,0,0,0,0,0,0,0,0,0,34.2698158732764
23.54,0,0,0,0,0,0,0,0,0,0,0,0,35.5149507847351
23.55,0,0,0,0,0,0,0,0,0,0,0,0,33.396627250962
23.56,0,0,0,0,0,0,0,0,0,0,0,0,34.4773741837432
23.57,0,0,0,0,0,0,0,0,0,0,0,0,32.5391083181939
23.58,0,0,0,0,0,0,0,0,0,0,0,0,33.4607409074768
23.59,0,0,0,0,0,0,0,0,0,0,0,0,31.6966156483715
23.6,0,0,0,0,0,0,0,0,0,0,0,0,32.4662734428133
23.61,0,0,0,0,0,0,0,0,0,0,0,0,30.8684378012762
23.62,0,0,0,0,0,0,0,0,0,0,0,0,31.4952177684446
23.63,0,0,0,0,0,0,0,0,0,0,0,0,30.054242520847
23.64,0,0,0,0,0,0,0,0,0,0,0,0,30.5484376498492
23.65,0,0,0,0,0,0,0,0,0,0,0,0,29.2537590313531
23.66,0,0,0,0,0,0,0,0,0,0,0,0,29.6265567684377
23.67,0,0,0,0,0,0,0,0,0,0,0,0,28.4666618421153
23.68,0,0,0,0,0,0,0,0,0,0,0,0,28.7300985337373
23.69,0,0,0,0,0,0,0,0,0,0,0,0,27.6930383684056
23.7,0,0,0,0,0,0,0,0,0,0,0,0,27.8591099584887
23.71,0,0,0,0,0,0,0,0,0,0,0,0,26.9327002737273
23.72,0,0,0,0,0,0,0,0,0,0,0,0,27.0134805538106
23.73,0,0,0,0,0,0,0,0,0,0,0,0,26.1857409529802
23.74,0,0,0,0,0,0,0,0,0,0,0,0,26.1927932061803
23.75,0,0,0,0,0,0,0,0,0,0,0,0,25.4521374864345
23.76,0,0,0,0,0,0,0,0,0,0,0,0,25.3965678253941
23.77,0,0,0,0,0,0,0,0,0,0,0,0,24.7320500257977
23.78,0,0,0,0,0,0,0,0,0,0,0,0,24.6241752249325
23.79,0,0,0,0,0,0,0,0,0,0,0,0,24.0256518705919
23.8,0,0,0,0,0,0,0,0,0,0,0,0,23.8748045760426
23.81,0,0,0,0,0,0,0,0,0,0,0,0,23.3329899048733
23.82,0,0,0,0,0,0,0,0,0,0,0,0,23.1476136065512
23.83,0,0,0,0,0,0,0,0,0,0,0,0,22.6542035990168
23.84,0,0,0,0,0,0,0,0,0,0,0,0,22.4417181495675
23.85,0,0,0,0,0,0,0,0,0,0,0,0,21.9893844971679
23.86,0,0,0,0,0,0,0,0,0,0,0,0,21.7562584480284
23.87,0,0,0,0,0,0,0,0,0,0,0,0,21.338622563039
23.88,0,0,0,0,0,0,0,0,0,0,0,0,21.0903539651863
23.89,0,0,0,0,0,0,0,0,0,0,0,0,20.7019572512032
23.9,0,0,0,0,0,0,0,0,0,0,0,0,20.4431721518684
23.91,0,0,0,0,0,0,0,0,0,0,0,0,20.0794041170655
23.92,0,0,0,0,0,0,0,0,0,0,0,0,19.8139318670079
23.93,0,0,0,0,0,0,0,0,0,0,0,0,19.4709321626723
23.94,0,0,0,0,0,0,0,0,0,0,0,0,19.2018558137294
23.95,0,0,0,0,0,0,0,0,0,0,0,0,18.8764651183914
23.96,0,0,0,0,0,0,0,0,0,0,0,0,18.6062692933787
23.97,0,0,0,0,0,0,0,0,0,0,0,0,18.2959156026021
23.98,0,0,0,0,0,0,0,0,0,0,0,0,18.0265398187877
23.99,0,0,0,0,0,0,0,0,0,0,0,0,17.7291469834857
24,0,0,0,0,0,0,0,0,0,0,0,0,17.4620892119177
24.01,0,0,0,0,0,0,0,0,0,0,0,0,17.1760124278009
24.02,0,0,0,0,0,0,0,0,0,0,0,0,16.9123857067621
24.03,0,0,0,0,0,0,0,0,0,0,0,0,16.6363405766781
24.04,0,0,0,0,0,0,0,0,0,0,0,0,16.3769558899623
24.05,0,0,0,0,0,0,0,0,0,0,0,0,16.1099098619464
24.06,0,0,0,0,0,0,0,0,0,0,0,0,15.8553551677742
24.07,0,0,0,0,0,0,0,0,0,0,0,0,15.5965065976634
24.08,0,0,0,0,0,0,0,0,0,0,0,0,15.3471421625634
24.09,0,0,0,0,0,0,0,0,0,0,0,0,15.0958515274572
24.1,0,0,0,0,0,0,0,0,0,0,0,0,14.8519473308319
24.11,0,0,0,0,0,0,0,0,0,0,0,0,14.6077200836004
24.12,0,0,0,0,0,0,0,0,0,0,0,0,14.3693800549336
24.13,0,0,0,0,0,0,0,0,0,0,0,0,14.1318059154637
24.14,0,0,0,0,0,0,0,0,0,0,0,0,13.8991006456734
24.15,0,0,0,0,0,0,0,0,0,0,0,0,13.6678969936018
24.16,0,0,0,0,0,0,0,0,0,0,0,0,13.4408264805838
24.17,0,0,0,0,0,0,0,0,0,0,0,0,13.2157247336398
24.18,0,0,0,0,0,0,0,0,0,0,0,0,12.9942640633528
24.19,0,0,0,0,0,0,0,0,0,0,0,0,12.7750314594677
24.2,0,0,0,0,0,0,0,0,0,0,0,0,12.5590973597729
24.21,0,0,0,0,0,0,0,0,0,0,0,0,12.3455578658376
24.22,0,0,0,0,0,0,0,0,0,0,0,0,12.135057991971
24.23,0,0,0,0,0,0,0,0,0,0,0,0,11.9270516671042
24.24,0,0,0,0,0,0,0,0,0,0,0,0,11.7219027970295
24.25,0,0,0,0,0,0,0,0,0,0,0,0,11.519270647329
24.26,0,0,0,0,0,0,0,0,0,0,0,0,11.3193670675276
24.27,0,0,0,0,0,0,0,0,0,0,0,0,11.121967187861
24.28,0,0,0,0,0,0,0,0,0,0,0,0,10.9271946734659
24.29,0,0,0,0,0,0,0,0,0,0,0,0,10.7349074060538
24.3,0,0,0,0,0,0,0,0,0,0,0,0,10.5451609275115
24.31,0,0,0,0,0,0,0,0,0,0,0,0,10.3578615841145
24.32,0,0,0,0,0,0,0,0,0,0,0,0,10.1730236727877
24.33,0,0,0,0,0,0,0,0,0,0,0,0,9.99058356040814
24.34,0,0,0,0,0,0,0,0,0,0,0,0,9.81053853645708
24.35,0,0,0,0,0,0,0,0,0,0,0,0,9.63285426610193
24.36,0,0,0,0,0,0,0,0,0,0,0,0,9.45750528179252
24.37,0,0,0,0,0,0,0,0,0,0,0,0,9.28447172210997
24.38,0,0,0,0,0,0,0,0,0,0,0,0,9.11371670316983
24.39,0,0,0,0,0,0,0,0,0,0,0,0,8.9452398796011
24.4,0,0,0,0,0,0,0,0,0,0,0,0,8.77899886258376
24.41,0,0,0,0,0,0,0,0,0,0,0,0,8.61498187485263
24.42,0,0,0,0,0,0,0,0,0,0,0,0,8.45315363148741
24.43,0,0,0,0,0,0,0,0,0,0,0,0,8.29349723234071
24.44,0,0,0,0,0,0,0,0,0,0,0,0,8.13598318857615
24.45,0,0,0,0,0,0,0,0,0,0,0,0,7.98059233351792
24.46,0,0,0,0,0,0,0,0,0,0,0,0,7.82729890976436
24.47,0,0,0,0,0,0,0,0,0,0,0,0,7.67608283198595
24.48,0,0,0,0,0,0,0,0,0,0,0,0,7.52692066301226
24.49,0,0,0,0,0,0,0,0,0,0,0,0,7.37978784243362
24.5,0,0,0,0,0,0,0,0,0,0,0,0,7.23465494394494
24.51,0,0,0,0,0,0,0,0,0,0,0,0,7.09151218901556
24.52,0,0,0,0,0,0,0,0,0,0,0,0,6.95034393649766
24.53,0,0,0,0,0,0,0,0,0,0,0,0,6.81112933419582
24.54,0,0,0,0,0,0,0,0,0,0,0,0,6.67384967433607
24.55,0,0,0,0,0,0,0,0,0,0,0,0,6.53848024951859
24.56,0,0,0,0,0,0,0,0,0,0,0,0,6.40499898356818
24.57,0,0,0,0,0,0,0,0,0,0,0,0,6.27339713384544
24.58,0,0,0,0,0,0,0,0,0,0,0,0,6.14364641257793
24.59,0,0,0,0,0,0,0,0,0,0,0,0,6.01573065953356
24.6,0,0,0,0,0,0,0,0,0,0,0,0,5.88963796547502
24.61,0,0,0,0,0,0,0,0,0,0,0,0,5.76534704158476
24.62,0,0,0,0,0,0,0,0,0,0,0,0,5.64284319957301
24.63,0,0,0,0,0,0,0,0,0,0,0,0,5.52210665334933
24.64,0,0,0,0,0,0,0,0,0,0,0,0,5.4031189951742
24.65,0,0,0,0,0,0,0,0,0,0,0,0,5.28585975670071
24.66,0,0,0,0,0,0,0,0,0,0,0,0,5.17032127766787
24.67,0,0,0,0,0,0,0,0,0,0,0,0,5.05647983471883
24.68,0,0,0,0,0,0,0,0,0,0,0,0,4.94432156022079
24.69,0,0,0,0,0,0,0,0,0,0,0,0,4.83383515690109
24.7,0,0,0,0,0,0,0,0,0,0,0,0,4.72500301006968
24.71,0,0,0,0,0,0,0,0,0,0,0,0,4.61781195036178
24.72,0,0,0,0,0,0,0,0,0,0,0,0,4.51224343357397
24.73,0,0,0,0,0,0,0,0,0,0,0,0,4.40828160021032
24.74,0,0,0,0,0,0,0,0,0,0,0,0,4.30591536927264
24.75,0,0,0,0,0,0,0,0,0,0,0,0,4.20512570166868
24.76,0,0,0,0,0,0,0,0,0,0,0,0,4.10590672536887
24.77,0,0,0,0,0,0,0,0,0,0,0,0,4.00823982118872
24.78,0,0,0,0,0,0,0,0,0,0,0,0,3.91211507702315
24.79,0,0,0,0,0,0,0,0,0,0,0,0,3.8175149275507
24.8,0,0,0,0,0,0,0,0,0,0,0,0,3.7244260803286
24.81,0,0,0,0,0,0,0,0,0,0,0,0,3.63283882761743
24.82,0,0,0,0,0,0,0,0,0,0,0,0,3.54273847108583
24.83,0,0,0,0,0,0,0,0,0,0,0,0,3.45411396423225
24.84,0,0,0,0,0,0,0,0,0,0,0,0,3.36695047043692
24.85,0,0,0,0,0,0,0,0,0,0,0,0,3.2812350135722
24.86,0,0,0,0,0,0,0,0,0,0,0,0,3.1969586137715
24.87,0,0,0,0,0,0,0,0,0,0,0,0,3.11410653804474
24.88,0,0,0,0,0,0,0,0,0,0,0,0,3.03266631292366
24.89,0,0,0,0,0,0,0,0,0,0,0,0,2.95262747524785
24.9,0,0,0,0,0,0,0,0,0,0,0,0,2.8739796305248
24.91,0,0,0,0,0,0,0,0,0,0,0,0,2.79670988850827
24.92,0,0,0,0,0,0,0,0,0,0,0,0,2.7208106540397
24.93,0,0,0,0,0,0,0,0,0,0,0,0,2.64626892885868
24.94,0,0,0,0,0,0,0,0,0,0,0,0,2.57307526742716
24.95,0,0,0,0,0,0,0,0,0,0,0,0,2.50121773218401
24.96,0,0,0,0,0,0,0,0,0,0,0,0,2.43068605461266
24.97,0,0,0,0,0,0,0,0,0,0,0,0,2.36146902110749
24.98,0,0,0,0,0,0,0,0,0,0,0,0,2.29355617068224
24.99,0,0,0,0,0,0,0,0,0,0,0,0,2.22693675015683
